      0.000000 1.104854e-02
     16.000000 1.104854e-02
     32.000000 1.104854e-02
     48.000000 6.855272e-24
     64.000000 6.855272e-24
     80.000000 4.925151e-24
     96.000000 4.925151e-24
    112.000000 4.594435e-24
    128.000000 4.594435e-24
    144.000000 4.537947e-24
    160.000000 4.537947e-24
    176.000000 6.496868e-24
    192.000000 6.496868e-24
    208.000000 4.147276e-24
    224.000000 4.147276e-24
    240.000000 4.170935e-24
    256.000000 4.170935e-24
    272.000000 4.374028e-24
    288.000000 4.374028e-24
    304.000000 4.680338e-23
    320.000000 4.680338e-23
    336.000000 1.682740e-23
    352.000000 1.682740e-23
    368.000000 4.348416e-24
    384.000000 4.348416e-24
    400.000000 4.529002e-24
    416.000000 4.529002e-24
    432.000000 4.629108e-24
    448.000000 4.629108e-24
    464.000000 9.554094e-24
    480.000000 9.554094e-24
    496.000000 3.792511e-22
    512.000000 3.792511e-22
    528.000000 5.218657e-24
    544.000000 5.218657e-24
    560.000000 5.288299e-24
    576.000000 5.288299e-24
    592.000000 5.374438e-24
    608.000000 5.374438e-24
    624.000000 5.741466e-24
    640.000000 5.741466e-24
    656.000000 5.514501e-24
    672.000000 5.514501e-24
    688.000000 5.757858e-24
    704.000000 5.757858e-24
    720.000000 5.833500e-24
    736.000000 5.833500e-24
    752.000000 6.056557e-24
    768.000000 6.056557e-24
    784.000000 6.202704e-24
    800.000000 6.202704e-24
    816.000000 6.425070e-24
    832.000000 6.425070e-24
    848.000000 6.685616e-24
    864.000000 6.685616e-24
    880.000000 6.515992e-24
    896.000000 6.515992e-24
    912.000000 7.012215e-24
    928.000000 7.012215e-24
    944.000000 7.195193e-24
    960.000000 7.195193e-24
    976.000000 8.594326e-24
    992.000000 8.594326e-24
   1008.000000 4.758507e-23
   1024.000000 4.758507e-23
   1040.000000 7.447539e-24
   1056.000000 7.447539e-24
   1072.000000 1.290389e-23
   1088.000000 1.290389e-23
   1104.000000 8.141900e-24
   1120.000000 8.141900e-24
   1136.000000 8.000400e-24
   1152.000000 8.000400e-24
   1168.000000 8.486101e-24
   1184.000000 8.486101e-24
   1200.000000 8.514858e-24
   1216.000000 8.514858e-24
   1232.000000 8.873934e-24
   1248.000000 8.873934e-24
   1264.000000 9.126931e-24
   1280.000000 9.126931e-24
   1296.000000 9.315831e-24
   1312.000000 9.315831e-24
   1328.000000 9.469052e-24
   1344.000000 9.469052e-24
   1360.000000 9.862869e-24
   1376.000000 9.862869e-24
   1392.000000 9.904291e-24
   1408.000000 9.904291e-24
   1424.000000 1.975936e-23
   1440.000000 1.975936e-23
   1456.000000 2.999662e-22
   1472.000000 2.999662e-22
   1488.000000 9.594504e-22
   1504.000000 9.594504e-22
   1520.000000 1.602627e-22
   1536.000000 1.602627e-22
   1552.000000 1.069154e-23
   1568.000000 1.069154e-23
   1584.000000 1.093241e-23
   1600.000000 1.093241e-23
   1616.000000 1.110862e-23
   1632.000000 1.110862e-23
   1648.000000 1.131532e-23
   1664.000000 1.131532e-23
   1680.000000 1.142171e-23
   1696.000000 1.142171e-23
   1712.000000 1.181176e-23
   1728.000000 1.181176e-23
   1744.000000 1.168597e-23
   1760.000000 1.168597e-23
   1776.000000 1.217917e-23
   1792.000000 1.217917e-23
   1808.000000 1.239415e-23
   1824.000000 1.239415e-23
   1840.000000 1.257313e-23
   1856.000000 1.257313e-23
   1872.000000 1.277390e-23
   1888.000000 1.277390e-23
   1904.000000 2.223379e-23
   1920.000000 2.223379e-23
   1936.000000 3.925989e-23
   1952.000000 3.925989e-23
   1968.000000 2.183446e-22
   1984.000000 2.183446e-22
   2000.000000 6.037389e-23
   2016.000000 6.037389e-23
   2032.000000 1.406665e-23
   2048.000000 1.406665e-23
   2064.000000 1.377263e-23
   2080.000000 1.377263e-23
   2096.000000 1.402872e-23
   2112.000000 1.402872e-23
   2128.000000 1.419771e-23
   2144.000000 1.419771e-23
   2160.000000 1.451971e-23
   2176.000000 1.451971e-23
   2192.000000 1.704883e-23
   2208.000000 1.704883e-23
   2224.000000 4.850560e-23
   2240.000000 4.850560e-23
   2256.000000 4.160658e-23
   2272.000000 4.160658e-23
   2288.000000 2.113861e-23
   2304.000000 2.113861e-23
   2320.000000 2.017299e-23
   2336.000000 2.017299e-23
   2352.000000 4.566020e-23
   2368.000000 4.566020e-23
   2384.000000 2.865524e-23
   2400.000000 2.865524e-23
   2416.000000 3.920315e-23
   2432.000000 3.920315e-23
   2448.000000 6.256845e-23
   2464.000000 6.256845e-23
   2480.000000 1.731949e-23
   2496.000000 1.731949e-23
   2512.000000 1.685189e-23
   2528.000000 1.685189e-23
   2544.000000 1.694291e-23
   2560.000000 1.694291e-23
   2576.000000 1.798622e-23
   2592.000000 1.798622e-23
   2608.000000 1.836482e-23
   2624.000000 1.836482e-23
   2640.000000 1.818544e-23
   2656.000000 1.818544e-23
   2672.000000 1.758581e-23
   2688.000000 1.758581e-23
   2704.000000 1.807153e-23
   2720.000000 1.807153e-23
   2736.000000 1.882478e-23
   2752.000000 1.882478e-23
   2768.000000 1.816101e-23
   2784.000000 1.816101e-23
   2800.000000 1.882054e-23
   2816.000000 1.882054e-23
   2832.000000 2.251497e-23
   2848.000000 2.251497e-23
   2864.000000 2.275868e-23
   2880.000000 2.275868e-23
   2896.000000 2.273963e-23
   2912.000000 2.273963e-23
   2928.000000 2.757019e-23
   2944.000000 2.757019e-23
   2960.000000 1.990496e-23
   2976.000000 1.990496e-23
   2992.000000 2.061308e-23
   3008.000000 2.061308e-23
   3024.000000 1.972611e-23
   3040.000000 1.972611e-23
   3056.000000 2.088787e-23
   3072.000000 2.088787e-23
   3088.000000 2.082116e-23
   3104.000000 2.082116e-23
   3120.000000 2.216767e-23
   3136.000000 2.216767e-23
   3152.000000 2.148253e-23
   3168.000000 2.148253e-23
   3184.000000 2.149451e-23
   3200.000000 2.149451e-23
   3216.000000 2.144489e-23
   3232.000000 2.144489e-23
   3248.000000 2.184194e-23
   3264.000000 2.184194e-23
   3280.000000 2.297658e-23
   3296.000000 2.297658e-23
   3312.000000 2.405283e-23
   3328.000000 2.405283e-23
   3344.000000 2.473968e-23
   3360.000000 2.473968e-23
   3376.000000 2.638176e-23
   3392.000000 2.638176e-23
   3408.000000 2.293311e-23
   3424.000000 2.293311e-23
   3440.000000 2.312048e-23
   3456.000000 2.312048e-23
   3472.000000 2.257084e-23
   3488.000000 2.257084e-23
   3504.000000 2.382128e-23
   3520.000000 2.382128e-23
   3536.000000 2.369251e-23
   3552.000000 2.369251e-23
   3568.000000 2.466527e-23
   3584.000000 2.466527e-23
   3600.000000 1.537209e-22
   3616.000000 1.537209e-22
   3632.000000 6.705458e-23
   3648.000000 6.705458e-23
   3664.000000 2.485330e-23
   3680.000000 2.485330e-23
   3696.000000 2.729334e-23
   3712.000000 2.729334e-23
   3728.000000 2.676732e-23
   3744.000000 2.676732e-23
   3760.000000 2.755393e-23
   3776.000000 2.755393e-23
   3792.000000 2.773273e-23
   3808.000000 2.773273e-23
   3824.000000 2.746123e-23
   3840.000000 2.746123e-23
   3856.000000 2.760901e-23
   3872.000000 2.760901e-23
   3888.000000 2.658459e-23
   3904.000000 2.658459e-23
   3920.000000 2.629028e-23
   3936.000000 2.629028e-23
   3952.000000 2.714521e-23
   3968.000000 2.714521e-23
   3984.000000 2.820846e-23
   4000.000000 2.820846e-23
   4016.000000 2.768687e-23
   4032.000000 2.768687e-23
   4048.000000 2.727342e-23
   4064.000000 2.727342e-23
   4080.000000 1.104854e-02
