1164556494.738159 -2.972743e-02
1164556494.738281 -3.186970e-02
1164556494.738403 -3.272082e-02
1164556494.738525 -2.780832e-02
1164556494.738647 -1.456140e-02
1164556494.738770 -3.300610e-04
1164556494.738892 7.683338e-03
1164556494.739014 1.416849e-02
1164556494.739136 2.157743e-02
1164556494.739258 2.273175e-02
1164556494.739380 2.140498e-02
1164556494.739502 1.834475e-02
1164556494.739624 9.635378e-03
1164556494.739746 1.099812e-03
1164556494.739868 -7.443282e-03
1164556494.739990 -1.467510e-02
1164556494.740112 -2.019734e-02
1164556494.740234 -2.008367e-02
1164556494.740356 -1.693315e-02
1164556494.740479 -1.369453e-02
1164556494.740601 -6.291808e-03
1164556494.740723 -5.046801e-04
1164556494.740845 3.485378e-03
1164556494.740967 1.180772e-02
1164556494.741089 1.832006e-02
1164556494.741211 2.153012e-02
1164556494.741333 1.902418e-02
1164556494.741455 1.393372e-02
1164556494.741577 5.900687e-03
1164556494.741699 -2.976773e-03
1164556494.741821 -7.789824e-03
1164556494.741943 -1.346240e-02
1164556494.742065 -1.611505e-02
1164556494.742188 -1.620775e-02
1164556494.742310 -1.799601e-02
1164556494.742432 -1.366916e-02
1164556494.742554 -5.353232e-03
1164556494.742676 1.761360e-03
1164556494.742798 3.545943e-03
1164556494.742920 9.645629e-03
1164556494.743042 1.880254e-02
1164556494.743164 2.372190e-02
1164556494.743286 2.248121e-02
1164556494.743408 1.390222e-02
1164556494.743530 5.475191e-03
1164556494.743652 -1.503732e-03
1164556494.743774 -1.027138e-02
1164556494.743896 -1.780148e-02
1164556494.744019 -2.201124e-02
1164556494.744141 -2.105056e-02
1164556494.744263 -2.012038e-02
1164556494.744385 -1.719264e-02
1164556494.744507 -8.782325e-03
1164556494.744629 4.458637e-03
1164556494.744751 1.656648e-02
1164556494.744873 2.493381e-02
1164556494.744995 3.181415e-02
1164556494.745117 3.173589e-02
1164556494.745239 2.323122e-02
1164556494.745361 7.753305e-03
1164556494.745483 -1.130469e-02
1164556494.745605 -2.514836e-02
1164556494.745728 -2.853951e-02
1164556494.745850 -2.393931e-02
1164556494.745972 -2.045538e-02
1164556494.746094 -1.515095e-02
1164556494.746216 -5.936185e-03
1164556494.746338 3.665400e-03
1164556494.746460 1.010830e-02
1164556494.746582 1.536604e-02
1164556494.746704 1.818772e-02
1164556494.746826 1.953269e-02
1164556494.746948 1.831502e-02
1164556494.747070 1.255562e-02
1164556494.747192 6.503690e-03
1164556494.747314 9.567040e-04
1164556494.747437 -7.929041e-03
1164556494.747559 -1.672192e-02
1164556494.747681 -2.231507e-02
1164556494.747803 -2.196756e-02
1164556494.747925 -1.604462e-02
1164556494.748047 -1.068631e-02
1164556494.748169 -5.640023e-03
1164556494.748291 1.973022e-03
1164556494.748413 1.106406e-02
1164556494.748535 1.824986e-02
1164556494.748657 2.269812e-02
1164556494.748779 2.372697e-02
1164556494.748901 1.679017e-02
1164556494.749023 9.488649e-03
1164556494.749146 2.361439e-03
1164556494.749268 -8.498222e-03
1164556494.749390 -2.093318e-02
1164556494.749512 -2.624405e-02
1164556494.749634 -2.360377e-02
1164556494.749756 -1.656867e-02
1164556494.749878 -5.472990e-03
1164556494.750000 4.086248e-03
1164556494.750122 8.363720e-03
1164556494.750244 1.201973e-02
1164556494.750366 1.418621e-02
1164556494.750488 1.334139e-02
1164556494.750610 1.086255e-02
1164556494.750732 9.276774e-03
1164556494.750854 4.546880e-03
1164556494.750977 -1.394709e-03
1164556494.751099 -3.251512e-03
1164556494.751221 -4.602470e-03
1164556494.751343 -8.899762e-03
1164556494.751465 -1.134278e-02
1164556494.751587 -1.031523e-02
1164556494.751709 -1.117851e-02
1164556494.751831 -1.007917e-02
1164556494.751953 -1.954683e-03
1164556494.752075 3.689584e-03
1164556494.752197 6.972223e-03
1164556494.752319 1.095811e-02
1164556494.752441 1.189657e-02
1164556494.752563 8.742964e-03
1164556494.752686 9.183964e-03
1164556494.752808 9.129354e-03
1164556494.752930 2.391626e-03
1164556494.753052 -3.306791e-03
1164556494.753174 -5.506153e-03
1164556494.753296 -1.045852e-02
1164556494.753418 -1.204398e-02
1164556494.753540 -1.104761e-02
1164556494.753662 -1.103961e-02
1164556494.753784 -5.709049e-03
1164556494.753906 3.812434e-03
1164556494.754028 5.694764e-03
1164556494.754150 3.546063e-03
1164556494.754272 5.405686e-03
1164556494.754395 7.836303e-03
1164556494.754517 7.184894e-03
1164556494.754639 6.582978e-03
1164556494.754761 4.324991e-03
1164556494.754883 4.623568e-03
1164556494.755005 6.297176e-03
1164556494.755127 2.371004e-03
1164556494.755249 -5.361392e-03
1164556494.755371 -1.089811e-02
1164556494.755493 -1.403402e-02
1164556494.755615 -1.531514e-02
1164556494.755737 -1.376198e-02
1164556494.755859 -7.945452e-03
1164556494.755981 1.132806e-03
1164556494.756104 1.072280e-02
1164556494.756226 1.258695e-02
1164556494.756348 9.766093e-03
1164556494.756470 1.019472e-02
1164556494.756592 1.130004e-02
1164556494.756714 8.302530e-03
1164556494.756836 4.351895e-03
1164556494.756958 9.509352e-04
1164556494.757080 8.034838e-04
1164556494.757202 -1.722095e-03
1164556494.757324 -1.044057e-02
1164556494.757446 -1.990864e-02
1164556494.757568 -2.110790e-02
1164556494.757690 -1.788247e-02
1164556494.757812 -1.505450e-02
1164556494.757935 -4.766740e-03
1164556494.758057 1.114770e-02
1164556494.758179 2.315700e-02
1164556494.758301 2.828120e-02
1164556494.758423 2.392363e-02
1164556494.758545 1.765565e-02
1164556494.758667 1.038248e-02
1164556494.758789 1.656872e-04
1164556494.758911 -8.791162e-03
1164556494.759033 -1.499391e-02
1164556494.759155 -1.976269e-02
1164556494.759277 -2.718333e-02
1164556494.759399 -2.827302e-02
1164556494.759521 -1.688458e-02
1164556494.759644 -3.086648e-03
1164556494.759766 1.127161e-02
1164556494.759888 2.040165e-02
1164556494.760010 2.464183e-02
1164556494.760132 2.447502e-02
1164556494.760254 1.970045e-02
1164556494.760376 9.911326e-03
1164556494.760498 -2.088646e-03
1164556494.760620 -1.037464e-02
1164556494.760742 -1.324793e-02
1164556494.760864 -1.305439e-02
1164556494.760986 -7.333059e-03
1164556494.761108 -5.514298e-03
1164556494.761230 -8.807420e-03
1164556494.761353 -9.703685e-03
1164556494.761475 -9.142943e-03
1164556494.761597 -4.704829e-03
1164556494.761719 1.799947e-03
1164556494.761841 8.702052e-03
1164556494.761963 1.537824e-02
1164556494.762085 1.855253e-02
1164556494.762207 1.681633e-02
1164556494.762329 9.942387e-03
1164556494.762451 3.604908e-03
1164556494.762573 -3.197629e-03
1164556494.762695 -1.049813e-02
1164556494.762817 -1.322199e-02
1164556494.762939 -1.051758e-02
1164556494.763062 -6.472389e-03
1164556494.763184 -5.453471e-03
1164556494.763306 -8.601149e-03
1164556494.763428 -7.463166e-03
1164556494.763550 -2.554516e-03
1164556494.763672 2.043816e-03
1164556494.763794 3.542033e-03
1164556494.763916 7.221118e-03
1164556494.764038 1.324933e-02
1164556494.764160 1.505518e-02
1164556494.764282 1.132017e-02
1164556494.764404 1.089956e-02
1164556494.764526 8.212667e-03
1164556494.764648 8.577722e-05
1164556494.764771 -7.148850e-03
1164556494.764893 -1.349687e-02
1164556494.765015 -1.821744e-02
1164556494.765137 -2.062139e-02
1164556494.765259 -1.950742e-02
1164556494.765381 -1.558620e-02
1164556494.765503 -7.519289e-03
1164556494.765625 9.330846e-03
1164556494.765747 2.205029e-02
1164556494.765869 2.400283e-02
1164556494.765991 2.500553e-02
1164556494.766113 2.472696e-02
1164556494.766235 1.435473e-02
1164556494.766357 -1.703761e-03
1164556494.766479 -1.358691e-02
1164556494.766602 -2.068721e-02
1164556494.766724 -2.221948e-02
1164556494.766846 -1.656867e-02
1164556494.766968 -1.163047e-02
1164556494.767090 -6.368646e-03
1164556494.767212 6.425005e-04
1164556494.767334 2.422867e-03
1164556494.767456 -3.955966e-04
1164556494.767578 4.249974e-03
1164556494.767700 1.268760e-02
1164556494.767822 1.617938e-02
1164556494.767944 1.642830e-02
1164556494.768066 1.556927e-02
1164556494.768188 1.011866e-02
1164556494.768311 -1.349123e-03
1164556494.768433 -9.795838e-03
1164556494.768555 -1.391500e-02
1164556494.768677 -1.834711e-02
1164556494.768799 -1.509016e-02
1164556494.768921 -8.042200e-03
1164556494.769043 -5.102615e-03
1164556494.769165 -3.028884e-03
1164556494.769287 3.170465e-03
1164556494.769409 4.580413e-03
1164556494.769531 3.269820e-03
1164556494.769653 7.128994e-03
1164556494.769775 1.159026e-02
1164556494.769897 1.177372e-02
1164556494.770020 1.159083e-02
1164556494.770142 1.028155e-02
1164556494.770264 3.601338e-03
1164556494.770386 -3.932574e-03
1164556494.770508 -6.761921e-03
1164556494.770630 -1.081934e-02
1164556494.770752 -1.449234e-02
1164556494.770874 -1.235383e-02
1164556494.770996 -1.022042e-02
1164556494.771118 -1.143447e-02
1164556494.771240 -7.768248e-03
1164556494.771362 9.891071e-05
1164556494.771484 7.281631e-03
1164556494.771606 1.133820e-02
1164556494.771729 1.481553e-02
1164556494.771851 1.912537e-02
1164556494.771973 2.127957e-02
1164556494.772095 2.045650e-02
1164556494.772217 1.148076e-02
1164556494.772339 -4.197905e-03
1164556494.772461 -1.755552e-02
1164556494.772583 -3.059052e-02
1164556494.772705 -3.740513e-02
1164556494.772827 -2.683588e-02
1164556494.772949 -8.343558e-03
1164556494.773071 4.042103e-03
1164556494.773193 9.609217e-03
1164556494.773315 1.483186e-02
1164556494.773438 2.036615e-02
1164556494.773560 2.035849e-02
1164556494.773682 1.687296e-02
1164556494.773804 1.245587e-02
1164556494.773926 9.526861e-03
1164556494.774048 3.996556e-03
1164556494.774170 -7.601892e-03
1164556494.774292 -1.774960e-02
1164556494.774414 -2.256290e-02
1164556494.774536 -2.376782e-02
1164556494.774658 -1.590039e-02
1164556494.774780 -4.963483e-03
1164556494.774902 2.929144e-03
1164556494.775024 6.626926e-03
1164556494.775146 7.717289e-03
1164556494.775269 9.773920e-03
1164556494.775391 1.359909e-02
1164556494.775513 1.292003e-02
1164556494.775635 7.348395e-03
1164556494.775757 2.801472e-03
1164556494.775879 9.587280e-04
1164556494.776001 1.270103e-04
1164556494.776123 -1.689316e-03
1164556494.776245 -4.904786e-03
1164556494.776367 -4.311740e-03
1164556494.776489 -4.585874e-03
1164556494.776611 -1.144442e-02
1164556494.776733 -1.534705e-02
1164556494.776855 -1.031132e-02
1164556494.776978 -4.126241e-03
1164556494.777100 -1.349721e-03
1164556494.777222 9.222246e-04
1164556494.777344 6.471870e-03
1164556494.777466 1.224753e-02
1164556494.777588 1.934042e-02
1164556494.777710 2.214480e-02
1164556494.777832 1.615411e-02
1164556494.777954 8.969778e-03
1164556494.778076 6.462470e-04
1164556494.778198 -1.367725e-02
1164556494.778320 -2.490502e-02
1164556494.778442 -2.571637e-02
1164556494.778564 -1.622521e-02
1164556494.778687 -7.731855e-03
1164556494.778809 7.059999e-04
1164556494.778931 4.013189e-03
1164556494.779053 -3.938049e-04
1164556494.779175 -1.796938e-03
1164556494.779297 4.400357e-03
1164556494.779419 1.179512e-02
1164556494.779541 1.974987e-02
1164556494.779663 2.707564e-02
1164556494.779785 2.369668e-02
1164556494.779907 1.014724e-02
1164556494.780029 7.288733e-04
1164556494.780151 -1.168616e-02
1164556494.780273 -2.895922e-02
1164556494.780396 -3.451310e-02
1164556494.780518 -2.714725e-02
1164556494.780640 -1.860968e-02
1164556494.780762 -9.393121e-03
1164556494.780884 1.555237e-03
1164556494.781006 8.677487e-03
1164556494.781128 1.612986e-02
1164556494.781250 2.889426e-02
1164556494.781372 3.442036e-02
1164556494.781494 2.861385e-02
1164556494.781616 1.724209e-02
1164556494.781738 4.860726e-03
1164556494.781860 -9.078273e-03
1164556494.781982 -2.068092e-02
1164556494.782104 -2.995235e-02
1164556494.782227 -3.464531e-02
1164556494.782349 -2.791695e-02
1164556494.782471 -1.674345e-02
1164556494.782593 -6.487632e-03
1164556494.782715 7.075529e-03
1164556494.782837 2.128730e-02
1164556494.782959 3.110418e-02
1164556494.783081 2.918266e-02
1164556494.783203 2.122258e-02
1164556494.783325 9.757985e-03
1164556494.783447 -7.690062e-05
1164556494.783569 -8.632110e-03
1164556494.783691 -1.604488e-02
1164556494.783813 -1.700205e-02
1164556494.783936 -1.220987e-02
1164556494.784058 -8.175141e-03
1164556494.784180 -3.837646e-03
1164556494.784302 1.928103e-03
1164556494.784424 1.723350e-03
1164556494.784546 -8.719301e-04
1164556494.784668 2.425165e-03
1164556494.784790 2.140053e-03
1164556494.784912 -1.421173e-03
1164556494.785034 -2.835093e-03
1164556494.785156 -3.221707e-03
1164556494.785278 2.487787e-04
1164556494.785400 8.947982e-03
1164556494.785522 1.819390e-02
1164556494.785645 1.851071e-02
1164556494.785767 1.831227e-02
1164556494.785889 1.465417e-02
1164556494.786011 -3.020641e-03
1164556494.786133 -2.128328e-02
1164556494.786255 -3.220363e-02
1164556494.786377 -3.443340e-02
1164556494.786499 -2.879809e-02
1164556494.786621 -1.526661e-02
1164556494.786743 -1.435789e-03
1164556494.786865 1.063232e-02
1164556494.786987 2.474071e-02
1164556494.787109 3.549522e-02
1164556494.787231 3.337058e-02
1164556494.787354 2.390340e-02
1164556494.787476 1.574157e-02
1164556494.787598 7.495621e-03
1164556494.787720 -4.864456e-03
1164556494.787842 -1.734225e-02
1164556494.787964 -2.876840e-02
1164556494.788086 -3.585833e-02
1164556494.788208 -3.647271e-02
1164556494.788330 -3.127025e-02
1164556494.788452 -1.577273e-02
1164556494.788574 7.529050e-03
1164556494.788696 3.066790e-02
1164556494.788818 4.069550e-02
1164556494.788940 3.474666e-02
1164556494.789062 2.567748e-02
1164556494.789185 1.413843e-02
1164556494.789307 2.316034e-03
1164556494.789429 -7.054581e-03
1164556494.789551 -1.479988e-02
1164556494.789673 -1.607431e-02
1164556494.789795 -1.233519e-02
1164556494.789917 -1.176410e-02
1164556494.790039 -1.493143e-02
1164556494.790161 -1.928803e-02
1164556494.790283 -1.831628e-02
1164556494.790405 -8.627752e-03
1164556494.790527 5.421481e-03
1164556494.790649 1.544635e-02
1164556494.790771 2.137447e-02
1164556494.790894 2.416832e-02
1164556494.791016 2.292266e-02
1164556494.791138 1.684872e-02
1164556494.791260 8.418931e-03
1164556494.791382 1.579421e-03
1164556494.791504 -5.877158e-03
1164556494.791626 -1.299518e-02
1164556494.791748 -1.733404e-02
1164556494.791870 -2.235807e-02
1164556494.791992 -2.173295e-02
1164556494.792114 -1.553062e-02
1164556494.792236 -1.125687e-02
1164556494.792358 -7.403675e-03
1164556494.792480 1.293008e-03
1164556494.792603 1.570789e-02
1164556494.792725 2.684145e-02
1164556494.792847 2.790161e-02
1164556494.792969 2.292718e-02
1164556494.793091 1.246403e-02
1164556494.793213 5.343867e-03
1164556494.793335 9.150283e-04
1164556494.793457 -7.461344e-03
1164556494.793579 -1.498570e-02
1164556494.793701 -1.535762e-02
1164556494.793823 -1.662814e-02
1164556494.793945 -2.072070e-02
1164556494.794067 -2.198222e-02
1164556494.794189 -1.490168e-02
1164556494.794312 -4.580447e-03
1164556494.794434 6.689704e-03
1164556494.794556 1.595240e-02
1164556494.794678 2.099903e-02
1164556494.794800 2.320415e-02
1164556494.794922 2.429773e-02
1164556494.795044 2.223617e-02
1164556494.795166 1.248763e-02
1164556494.795288 2.582280e-03
1164556494.795410 -4.711144e-03
1164556494.795532 -1.332653e-02
1164556494.795654 -2.309351e-02
1164556494.795776 -3.121758e-02
1164556494.795898 -3.106441e-02
1164556494.796021 -2.618733e-02
1164556494.796143 -1.603077e-02
1164556494.796265 -3.884656e-03
1164556494.796387 9.281534e-03
1164556494.796509 2.712429e-02
1164556494.796631 4.014016e-02
1164556494.796753 4.141772e-02
1164556494.796875 3.561334e-02
1164556494.796997 2.217460e-02
1164556494.797119 3.407748e-03
1164556494.797241 -1.941760e-02
1164556494.797363 -3.379561e-02
1164556494.797485 -4.186666e-02
1164556494.797607 -3.834170e-02
1164556494.797729 -2.199918e-02
1164556494.797852 -2.147071e-03
1164556494.797974 1.100263e-02
1164556494.798096 1.126590e-02
1164556494.798218 4.858747e-03
1164556494.798340 4.417126e-03
1164556494.798462 1.330879e-02
1164556494.798584 1.894539e-02
1164556494.798706 1.831788e-02
1164556494.798828 2.083935e-02
1164556494.798950 1.737456e-02
1164556494.799072 7.105735e-03
1164556494.799194 -6.346256e-03
1164556494.799316 -2.133842e-02
1164556494.799438 -2.817194e-02
1164556494.799561 -2.255693e-02
1164556494.799683 -1.357389e-02
1164556494.799805 -1.085862e-02
1164556494.799927 -8.472987e-03
1164556494.800049 -4.710908e-03
1164556494.800171 -4.291514e-03
1164556494.800293 3.708898e-03
1164556494.800415 1.770015e-02
1164556494.800537 2.601038e-02
1164556494.800659 2.788072e-02
1164556494.800781 2.915907e-02
1164556494.800903 2.064442e-02
1164556494.801025 3.930880e-03
1164556494.801147 -6.432266e-03
1164556494.801270 -1.342114e-02
1164556494.801392 -2.486418e-02
1164556494.801514 -3.067807e-02
1164556494.801636 -3.075689e-02
1164556494.801758 -2.845375e-02
1164556494.801880 -2.036545e-02
1164556494.802002 -5.450554e-03
1164556494.802124 8.186832e-03
1164556494.802246 2.454417e-02
1164556494.802368 3.794720e-02
1164556494.802490 3.796281e-02
1164556494.802612 3.098075e-02
1164556494.802734 2.378163e-02
1164556494.802856 1.140089e-02
1164556494.802979 -6.683973e-03
1164556494.803101 -1.900756e-02
1164556494.803223 -2.778401e-02
1164556494.803345 -3.466117e-02
1164556494.803467 -3.159232e-02
1164556494.803589 -2.551222e-02
1164556494.803711 -1.533632e-02
1164556494.803833 -1.600281e-03
1164556494.803955 5.864259e-03
1164556494.804077 8.828138e-03
1164556494.804199 1.539123e-02
1164556494.804321 3.061987e-02
1164556494.804443 4.268183e-02
1164556494.804565 3.854989e-02
1164556494.804688 2.260265e-02
1164556494.804810 1.342332e-03
1164556494.804932 -1.508078e-02
1164556494.805054 -2.694396e-02
1164556494.805176 -3.665846e-02
1164556494.805298 -3.773156e-02
1164556494.805420 -2.384413e-02
1164556494.805542 -9.551454e-03
1164556494.805664 -5.884119e-03
1164556494.805786 -7.378397e-04
1164556494.805908 7.368777e-03
1164556494.806030 1.154121e-02
1164556494.806152 1.973324e-02
1164556494.806274 2.995177e-02
1164556494.806396 2.993593e-02
1164556494.806519 1.991719e-02
1164556494.806641 9.859758e-03
1164556494.806763 6.476470e-04
1164556494.806885 -7.171090e-03
1164556494.807007 -8.673835e-03
1164556494.807129 -1.450363e-02
1164556494.807251 -2.522160e-02
1164556494.807373 -2.501611e-02
1164556494.807495 -2.381799e-02
1164556494.807617 -2.563798e-02
1164556494.807739 -1.801648e-02
1164556494.807861 -2.000105e-03
1164556494.807983 1.120874e-02
1164556494.808105 1.835095e-02
1164556494.808228 3.001608e-02
1164556494.808350 4.618747e-02
1164556494.808472 5.025622e-02
1164556494.808594 3.913796e-02
1164556494.808716 1.778494e-02
1164556494.808838 -8.749352e-03
1164556494.808960 -3.311566e-02
1164556494.809082 -5.030069e-02
1164556494.809204 -5.916077e-02
1164556494.809326 -5.380755e-02
1164556494.809448 -3.343414e-02
1164556494.809570 -9.863903e-03
1164556494.809692 5.353315e-03
1164556494.809814 2.392216e-02
1164556494.809937 4.144097e-02
1164556494.810059 4.231926e-02
1164556494.810181 3.994805e-02
1164556494.810303 4.181348e-02
1164556494.810425 3.385021e-02
1164556494.810547 1.652771e-02
1164556494.810669 -1.338140e-03
1164556494.810791 -2.212982e-02
1164556494.810913 -4.615616e-02
1164556494.811035 -5.828908e-02
1164556494.811157 -5.825248e-02
1164556494.811279 -4.872300e-02
1164556494.811401 -2.923316e-02
1164556494.811523 1.054315e-03
1164556494.811646 2.772234e-02
1164556494.811768 4.332126e-02
1164556494.811890 5.308199e-02
1164556494.812012 5.575023e-02
1164556494.812134 4.601507e-02
1164556494.812256 3.055028e-02
1164556494.812378 1.164074e-02
1164556494.812500 -1.207114e-02
1164556494.812622 -3.123816e-02
1164556494.812744 -4.299885e-02
1164556494.812866 -5.018935e-02
1164556494.812988 -4.750926e-02
1164556494.813110 -3.494272e-02
1164556494.813232 -1.821639e-02
1164556494.813354 -3.980638e-03
1164556494.813477 1.360341e-02
1164556494.813599 3.169022e-02
1164556494.813721 3.963992e-02
1164556494.813843 3.825372e-02
1164556494.813965 3.344753e-02
1164556494.814087 2.873091e-02
1164556494.814209 2.341034e-02
1164556494.814331 1.076024e-02
1164556494.814453 -6.528675e-03
1164556494.814575 -2.358914e-02
1164556494.814697 -3.442172e-02
1164556494.814819 -4.448526e-02
1164556494.814941 -5.314776e-02
1164556494.815063 -4.836071e-02
1164556494.815186 -2.692438e-02
1164556494.815308 1.781588e-05
1164556494.815430 2.560547e-02
1164556494.815552 4.601425e-02
1164556494.815674 5.755089e-02
1164556494.815796 5.405677e-02
1164556494.815918 3.622658e-02
1164556494.816040 1.462663e-02
1164556494.816162 -6.507907e-04
1164556494.816284 -1.301339e-02
1164556494.816406 -2.464001e-02
1164556494.816528 -3.709172e-02
1164556494.816650 -3.737303e-02
1164556494.816772 -3.175913e-02
1164556494.816895 -2.649855e-02
1164556494.817017 -1.752320e-02
1164556494.817139 -8.104499e-03
1164556494.817261 5.710533e-03
1164556494.817383 2.580163e-02
1164556494.817505 3.661518e-02
1164556494.817627 3.495418e-02
1164556494.817749 2.954452e-02
1164556494.817871 2.341768e-02
1164556494.817993 9.664587e-03
1164556494.818115 -1.958556e-03
1164556494.818237 -3.814960e-03
1164556494.818359 -8.447159e-03
1164556494.818481 -2.114727e-02
1164556494.818604 -3.154246e-02
1164556494.818726 -3.127847e-02
1164556494.818848 -2.675433e-02
1164556494.818970 -2.162399e-02
1164556494.819092 -1.249912e-02
1164556494.819214 7.193344e-04
1164556494.819336 1.681018e-02
1164556494.819458 3.505689e-02
1164556494.819580 3.967162e-02
1164556494.819702 3.002722e-02
1164556494.819824 2.072565e-02
1164556494.819946 7.435997e-03
1164556494.820068 -8.145528e-04
1164556494.820190 -7.125716e-04
1164556494.820312 5.369478e-04
1164556494.820435 -9.455703e-03
1164556494.820557 -2.386274e-02
1164556494.820679 -3.098594e-02
1164556494.820801 -3.877337e-02
1164556494.820923 -4.166779e-02
1164556494.821045 -2.556632e-02
1164556494.821167 -4.929838e-03
1164556494.821289 1.506591e-02
1164556494.821411 3.468612e-02
1164556494.821533 4.718136e-02
1164556494.821655 5.089534e-02
1164556494.821777 4.495082e-02
1164556494.821899 3.095064e-02
1164556494.822021 6.792051e-03
1164556494.822144 -1.431435e-02
1164556494.822266 -2.645627e-02
1164556494.822388 -3.925625e-02
1164556494.822510 -4.581594e-02
1164556494.822632 -4.244721e-02
1164556494.822754 -3.155065e-02
1164556494.822876 -2.167127e-02
1164556494.822998 -1.532560e-02
1164556494.823120 4.469436e-03
1164556494.823242 3.152279e-02
1164556494.823364 4.457505e-02
1164556494.823486 4.750470e-02
1164556494.823608 4.816936e-02
1164556494.823730 4.470913e-02
1164556494.823853 2.411933e-02
1164556494.823975 3.840811e-04
1164556494.824097 -1.914652e-02
1164556494.824219 -3.619183e-02
1164556494.824341 -4.526744e-02
1164556494.824463 -5.209561e-02
1164556494.824585 -5.430258e-02
1164556494.824707 -4.008956e-02
1164556494.824829 -1.524847e-02
1164556494.824951 2.653932e-03
1164556494.825073 1.741963e-02
1164556494.825195 4.561049e-02
1164556494.825317 6.529381e-02
1164556494.825439 6.481745e-02
1164556494.825562 5.362106e-02
1164556494.825684 3.062021e-02
1164556494.825806 6.279073e-04
1164556494.825928 -2.354381e-02
1164556494.826050 -4.597604e-02
1164556494.826172 -6.269665e-02
1164556494.826294 -5.917971e-02
1164556494.826416 -3.827286e-02
1164556494.826538 -2.049684e-02
1164556494.826660 -7.304855e-03
1164556494.826782 7.215954e-03
1164556494.826904 2.260473e-02
1164556494.827026 3.360422e-02
1164556494.827148 3.438699e-02
1164556494.827271 3.242560e-02
1164556494.827393 3.325951e-02
1164556494.827515 2.841587e-02
1164556494.827637 1.882199e-02
1164556494.827759 4.926524e-03
1164556494.827881 -1.081011e-02
1164556494.828003 -2.364783e-02
1164556494.828125 -3.299210e-02
1164556494.828247 -4.417827e-02
1164556494.828369 -4.963190e-02
1164556494.828491 -3.690252e-02
1164556494.828613 -1.924588e-02
1164556494.828735 -5.820010e-03
1164556494.828857 1.238069e-02
1164556494.828979 2.804401e-02
1164556494.829102 3.765179e-02
1164556494.829224 5.310442e-02
1164556494.829346 6.276225e-02
1164556494.829468 4.807017e-02
1164556494.829590 2.272419e-02
1164556494.829712 -2.215320e-03
1164556494.829834 -3.059904e-02
1164556494.829956 -5.201797e-02
1164556494.830078 -5.790299e-02
1164556494.830200 -5.878043e-02
1164556494.830322 -4.894252e-02
1164556494.830444 -2.516618e-02
1164556494.830566 -1.989750e-03
1164556494.830688 1.637802e-02
1164556494.830811 3.050698e-02
1164556494.830933 3.762621e-02
1164556494.831055 4.292739e-02
1164556494.831177 5.004545e-02
1164556494.831299 5.098304e-02
1164556494.831421 3.588733e-02
1164556494.831543 1.613525e-02
1164556494.831665 -7.951875e-03
1164556494.831787 -3.558866e-02
1164556494.831909 -5.852569e-02
1164556494.832031 -6.879359e-02
1164556494.832153 -6.604274e-02
1164556494.832275 -5.215493e-02
1164556494.832397 -2.320353e-02
1164556494.832520 9.873766e-03
1164556494.832642 3.797224e-02
1164556494.832764 5.618076e-02
1164556494.832886 6.261512e-02
1164556494.833008 5.436012e-02
1164556494.833130 4.061907e-02
1164556494.833252 3.072742e-02
1164556494.833374 1.593659e-02
1164556494.833496 -4.886165e-03
1164556494.833618 -3.059298e-02
1164556494.833740 -5.915729e-02
1164556494.833862 -7.115102e-02
1164556494.833984 -5.881969e-02
1164556494.834106 -4.109687e-02
1164556494.834229 -2.259958e-02
1164556494.834351 5.415714e-04
1164556494.834473 2.998650e-02
1164556494.834595 4.918689e-02
1164556494.834717 5.643022e-02
1164556494.834839 5.255373e-02
1164556494.834961 3.886205e-02
1164556494.835083 2.759294e-02
1164556494.835205 1.383561e-02
1164556494.835327 -7.856148e-03
1164556494.835449 -2.850230e-02
1164556494.835571 -4.052230e-02
1164556494.835693 -5.119036e-02
1164556494.835815 -5.300739e-02
1164556494.835938 -3.736514e-02
1164556494.836060 -1.750488e-02
1164556494.836182 4.854557e-03
1164556494.836304 2.035622e-02
1164556494.836426 2.832688e-02
1164556494.836548 3.704830e-02
1164556494.836670 4.140614e-02
1164556494.836792 3.471314e-02
1164556494.836914 1.629773e-02
1164556494.837036 -2.056939e-03
1164556494.837158 -7.649405e-03
1164556494.837280 -4.518421e-03
1164556494.837402 -9.961390e-03
1164556494.837524 -2.465125e-02
1164556494.837646 -2.357527e-02
1164556494.837769 -1.753997e-02
1164556494.837891 -1.561734e-02
1164556494.838013 -1.637453e-02
1164556494.838135 -1.170348e-02
1164556494.838257 -3.697666e-03
1164556494.838379 2.464523e-03
1164556494.838501 9.241028e-03
1164556494.838623 1.839157e-02
1164556494.838745 3.406295e-02
1164556494.838867 4.053393e-02
1164556494.838989 3.107763e-02
1164556494.839111 1.501087e-02
1164556494.839233 1.286285e-03
1164556494.839355 -1.214029e-02
1164556494.839478 -2.967575e-02
1164556494.839600 -3.487034e-02
1164556494.839722 -3.059889e-02
1164556494.839844 -2.258300e-02
1164556494.839966 -1.555845e-02
1164556494.840088 -1.042346e-02
1164556494.840210 1.030387e-03
1164556494.840332 6.768514e-03
1164556494.840454 1.193722e-02
1164556494.840576 2.203873e-02
1164556494.840698 2.194892e-02
1164556494.840820 2.051251e-02
1164556494.840942 2.148935e-02
1164556494.841064 2.444109e-02
1164556494.841187 1.840179e-02
1164556494.841309 1.183419e-02
1164556494.841431 4.264849e-03
1164556494.841553 -2.097667e-02
1164556494.841675 -3.696790e-02
1164556494.841797 -4.867622e-02
1164556494.841919 -6.090691e-02
1164556494.842041 -5.232137e-02
1164556494.842163 -2.668050e-02
1164556494.842285 4.757273e-03
1164556494.842407 3.167746e-02
1164556494.842529 6.248715e-02
1164556494.842651 7.685389e-02
1164556494.842773 6.020136e-02
1164556494.842896 4.087326e-02
1164556494.843018 1.891586e-02
1164556494.843140 -4.370866e-03
1164556494.843262 -2.184564e-02
1164556494.843384 -4.161925e-02
1164556494.843506 -5.967238e-02
1164556494.843628 -6.374873e-02
1164556494.843750 -4.958985e-02
1164556494.843872 -3.643292e-02
1164556494.843994 -1.996388e-02
1164556494.844116 1.072652e-02
1164556494.844238 3.811216e-02
1164556494.844360 5.321611e-02
1164556494.844482 6.181754e-02
1164556494.844604 5.797148e-02
1164556494.844727 3.588205e-02
1164556494.844849 1.682868e-02
1164556494.844971 5.853893e-03
1164556494.845093 -7.619253e-03
1164556494.845215 -2.020837e-02
1164556494.845337 -3.612844e-02
1164556494.845459 -5.806724e-02
1164556494.845581 -6.999370e-02
1164556494.845703 -5.879787e-02
1164556494.845825 -3.764958e-02
1164556494.845947 -1.165066e-02
1164556494.846069 2.302203e-02
1164556494.846191 5.910948e-02
1164556494.846313 7.731849e-02
1164556494.846436 7.306306e-02
1164556494.846558 5.478156e-02
1164556494.846680 3.041647e-02
1164556494.846802 4.656585e-03
1164556494.846924 -2.161228e-02
1164556494.847046 -3.939410e-02
1164556494.847168 -4.137236e-02
1164556494.847290 -4.477817e-02
1164556494.847412 -5.613435e-02
1164556494.847534 -5.348169e-02
1164556494.847656 -2.972984e-02
1164556494.847778 -4.676877e-03
1164556494.847900 1.635043e-02
1164556494.848022 3.941181e-02
1164556494.848145 6.027620e-02
1164556494.848267 6.122218e-02
1164556494.848389 4.725788e-02
1164556494.848511 2.392991e-02
1164556494.848633 -5.174019e-03
1164556494.848755 -2.019145e-02
1164556494.848877 -2.337024e-02
1164556494.848999 -1.803743e-02
1164556494.849121 -4.547397e-03
1164556494.849243 -5.280841e-03
1164556494.849365 -2.830064e-02
1164556494.849487 -4.946468e-02
1164556494.849609 -4.806868e-02
1164556494.849731 -3.222612e-02
1164556494.849854 -7.402436e-03
1164556494.849976 2.387675e-02
1164556494.850098 4.372668e-02
1164556494.850220 5.553329e-02
1164556494.850342 6.158512e-02
1164556494.850464 4.815056e-02
1164556494.850586 2.622175e-02
1164556494.850708 1.057649e-02
1164556494.850830 -1.059415e-02
1164556494.850952 -3.781028e-02
1164556494.851074 -4.719305e-02
1164556494.851196 -4.428380e-02
1164556494.851318 -4.828876e-02
1164556494.851440 -4.343781e-02
1164556494.851562 -2.709246e-02
1164556494.851685 -9.063477e-03
1164556494.851807 1.585256e-02
1164556494.851929 3.091755e-02
1164556494.852051 4.285133e-02
1164556494.852173 5.329151e-02
1164556494.852295 5.003549e-02
1164556494.852417 3.435962e-02
1164556494.852539 2.207748e-02
1164556494.852661 1.631515e-02
1164556494.852783 -7.428324e-03
1164556494.852905 -3.255950e-02
1164556494.853027 -4.646273e-02
1164556494.853149 -5.611481e-02
1164556494.853271 -5.413811e-02
1164556494.853394 -4.313641e-02
1164556494.853516 -2.887613e-02
1164556494.853638 -1.095492e-02
1164556494.853760 1.648808e-02
1164556494.853882 3.680456e-02
1164556494.854004 4.547317e-02
1164556494.854126 5.725164e-02
1164556494.854248 6.650936e-02
1164556494.854370 5.870253e-02
1164556494.854492 3.420443e-02
1164556494.854614 -3.189826e-04
1164556494.854736 -3.539922e-02
1164556494.854858 -5.809410e-02
1164556494.854980 -6.738264e-02
1164556494.855103 -6.562102e-02
1164556494.855225 -5.622755e-02
1164556494.855347 -2.963751e-02
1164556494.855469 3.090132e-03
1164556494.855591 2.230853e-02
1164556494.855713 3.124723e-02
1164556494.855835 3.119297e-02
1164556494.855957 3.456234e-02
1164556494.856079 4.193018e-02
1164556494.856201 5.300480e-02
1164556494.856323 5.243617e-02
1164556494.856445 2.755778e-02
1164556494.856567 1.534719e-03
1164556494.856689 -2.745431e-02
1164556494.856812 -5.952801e-02
1164556494.856934 -6.912811e-02
1164556494.857056 -5.435950e-02
1164556494.857178 -4.286659e-02
1164556494.857300 -3.576069e-02
1164556494.857422 -1.110059e-02
1164556494.857544 1.316861e-02
1164556494.857666 2.200095e-02
1164556494.857788 3.400384e-02
1164556494.857910 5.314574e-02
1164556494.858032 6.501879e-02
1164556494.858154 6.566158e-02
1164556494.858276 4.742651e-02
1164556494.858398 8.093306e-03
1164556494.858521 -2.581205e-02
1164556494.858643 -3.772712e-02
1164556494.858765 -4.465274e-02
1164556494.858887 -4.695734e-02
1164556494.859009 -4.079722e-02
1164556494.859131 -4.050087e-02
1164556494.859253 -4.928632e-02
1164556494.859375 -4.087341e-02
1164556494.859497 -8.681838e-03
1164556494.859619 1.729663e-02
1164556494.859741 3.560811e-02
1164556494.859863 6.582263e-02
1164556494.859985 9.274546e-02
1164556494.860107 9.806343e-02
1164556494.860229 7.687128e-02
1164556494.860352 3.025901e-02
1164556494.860474 -2.974899e-02
1164556494.860596 -6.513865e-02
1164556494.860718 -8.318928e-02
1164556494.860840 -9.636630e-02
1164556494.860962 -8.123231e-02
1164556494.861084 -5.514257e-02
1164556494.861206 -4.201021e-02
1164556494.861328 -2.636535e-02
1164556494.861450 2.324533e-02
1164556494.861572 7.171348e-02
1164556494.861694 8.604903e-02
1164556494.861816 9.667623e-02
1164556494.861938 9.525030e-02
1164556494.862061 7.854056e-02
1164556494.862183 4.609376e-02
1164556494.862305 -6.231738e-03
1164556494.862427 -6.321831e-02
1164556494.862549 -1.003542e-01
1164556494.862671 -1.077502e-01
1164556494.862793 -1.024216e-01
1164556494.862915 -7.723856e-02
1164556494.863037 -2.876212e-02
1164556494.863159 1.662909e-03
1164556494.863281 1.827882e-02
1164556494.863403 5.236280e-02
1164556494.863525 9.035113e-02
1164556494.863647 1.003191e-01
1164556494.863770 7.982492e-02
1164556494.863892 5.373735e-02
1164556494.864014 2.890614e-02
1164556494.864136 9.286341e-03
1164556494.864258 -2.220195e-02
1164556494.864380 -6.193848e-02
1164556494.864502 -7.854217e-02
1164556494.864624 -7.687800e-02
1164556494.864746 -7.791014e-02
1164556494.864868 -7.191432e-02
1164556494.864990 -3.657815e-02
1164556494.865112 1.154645e-03
1164556494.865234 2.154694e-02
1164556494.865356 4.713796e-02
1164556494.865479 8.323059e-02
1164556494.865601 1.066598e-01
1164556494.865723 9.567921e-02
1164556494.865845 6.045271e-02
1164556494.865967 2.579609e-02
1164556494.866089 -1.683010e-03
1164556494.866211 -3.146224e-02
1164556494.866333 -7.058574e-02
1164556494.866455 -9.954100e-02
1164556494.866577 -1.002816e-01
1164556494.866699 -8.497230e-02
1164556494.866821 -6.216945e-02
1164556494.866943 -2.094580e-02
1164556494.867065 3.105178e-02
1164556494.867188 5.960222e-02
1164556494.867310 7.144768e-02
1164556494.867432 8.684654e-02
1164556494.867554 8.906278e-02
1164556494.867676 6.261369e-02
1164556494.867798 3.040883e-02
1164556494.867920 7.563187e-03
1164556494.868042 -6.308064e-03
1164556494.868164 -1.831239e-02
1164556494.868286 -4.634212e-02
1164556494.868408 -8.667627e-02
1164556494.868530 -1.086504e-01
1164556494.868652 -1.002986e-01
1164556494.868774 -7.654275e-02
1164556494.868896 -3.047113e-02
1164556494.869019 3.844115e-02
1164556494.869141 8.962440e-02
1164556494.869263 1.073445e-01
1164556494.869385 9.630269e-02
1164556494.869507 7.257460e-02
1164556494.869629 4.953454e-02
1164556494.869751 2.964510e-02
1164556494.869873 9.603598e-03
1164556494.869995 -1.961152e-02
1164556494.870117 -4.246036e-02
1164556494.870239 -6.127530e-02
1164556494.870361 -9.257227e-02
1164556494.870483 -1.175011e-01
1164556494.870605 -1.043822e-01
1164556494.870728 -4.603257e-02
1164556494.870850 1.157398e-02
1164556494.870972 5.526779e-02
1164556494.871094 9.344749e-02
1164556494.871216 1.085572e-01
1164556494.871338 9.174280e-02
1164556494.871460 5.684078e-02
1164556494.871582 2.501159e-02
1164556494.871704 3.490579e-03
1164556494.871826 -1.908946e-03
1164556494.871948 -2.986393e-03
1164556494.872070 -2.772363e-02
1164556494.872192 -6.326546e-02
1164556494.872314 -8.169172e-02
1164556494.872437 -9.746150e-02
1164556494.872559 -1.061635e-01
1164556494.872681 -6.602865e-02
1164556494.872803 3.205214e-03
1164556494.872925 5.839138e-02
1164556494.873047 9.109829e-02
1164556494.873169 1.043833e-01
1164556494.873291 8.768130e-02
1164556494.873413 6.404487e-02
1164556494.873535 4.855197e-02
1164556494.873657 2.164168e-02
1164556494.873779 3.537165e-03
1164556494.873901 1.234453e-03
1164556494.874023 -2.753329e-02
1164556494.874146 -9.335318e-02
1164556494.874268 -1.268537e-01
1164556494.874390 -1.213921e-01
1164556494.874512 -1.070211e-01
1164556494.874634 -5.765550e-02
1164556494.874756 2.374426e-02
1164556494.874878 8.331293e-02
1164556494.875000 1.033597e-01
1164556494.875122 1.168857e-01
1164556494.875244 1.049094e-01
1164556494.875366 7.639510e-02
1164556494.875488 5.475208e-02
1164556494.875610 2.092211e-02
1164556494.875732 -2.681885e-02
1164556494.875854 -4.568745e-02
1164556494.875977 -4.578269e-02
1164556494.876099 -9.001166e-02
1164556494.876221 -1.386039e-01
1164556494.876343 -1.236408e-01
1164556494.876465 -7.411585e-02
1164556494.876587 -3.101704e-02
1164556494.876709 2.212634e-02
1164556494.876831 7.787609e-02
1164556494.876953 1.075692e-01
1164556494.877075 1.179111e-01
1164556494.877197 1.041948e-01
1164556494.877319 8.450432e-02
1164556494.877441 7.411564e-02
1164556494.877563 4.486963e-02
1164556494.877686 -2.101626e-02
1164556494.877808 -8.149974e-02
1164556494.877930 -9.701702e-02
1164556494.878052 -1.124470e-01
1164556494.878174 -1.420470e-01
1164556494.878296 -1.360911e-01
1164556494.878418 -7.614345e-02
1164556494.878540 -3.317583e-03
1164556494.878662 5.066079e-02
1164556494.878784 9.208725e-02
1164556494.878906 1.244897e-01
1164556494.879028 1.343939e-01
1164556494.879150 1.231245e-01
1164556494.879272 9.615390e-02
1164556494.879395 5.005482e-02
1164556494.879517 8.489345e-03
1164556494.879639 -3.779599e-02
1164556494.879761 -8.747895e-02
1164556494.879883 -1.129977e-01
1164556494.880005 -1.129202e-01
1164556494.880127 -1.111027e-01
1164556494.880249 -1.335486e-01
1164556494.880371 -1.212797e-01
1164556494.880493 -5.048950e-02
1164556494.880615 4.285813e-02
1164556494.880737 1.233605e-01
1164556494.880859 1.787193e-01
1164556494.880981 2.131792e-01
1164556494.881104 1.885970e-01
1164556494.881226 1.137866e-01
1164556494.881348 2.524917e-02
1164556494.881470 -5.214791e-02
1164556494.881592 -1.114229e-01
1164556494.881714 -1.424320e-01
1164556494.881836 -1.474309e-01
1164556494.881958 -1.338951e-01
1164556494.882080 -1.082468e-01
1164556494.882202 -9.088089e-02
1164556494.882324 -7.562602e-02
1164556494.882446 -2.852726e-02
1164556494.882568 5.751346e-02
1164556494.882690 1.457952e-01
1164556494.882812 2.187573e-01
1164556494.882935 2.388629e-01
1164556494.883057 1.892875e-01
1164556494.883179 1.058549e-01
1164556494.883301 -3.309488e-03
1164556494.883423 -1.132253e-01
1164556494.883545 -1.738485e-01
1164556494.883667 -1.684464e-01
1164556494.883789 -1.459793e-01
1164556494.883911 -1.204317e-01
1164556494.884033 -9.491335e-02
1164556494.884155 -8.402864e-02
1164556494.884277 -5.492296e-02
1164556494.884399 7.071363e-03
1164556494.884521 8.829143e-02
1164556494.884644 1.630713e-01
1164556494.884766 2.298004e-01
1164556494.884888 2.529091e-01
1164556494.885010 1.897628e-01
1164556494.885132 8.273832e-02
1164556494.885254 -3.591488e-02
1164556494.885376 -1.395519e-01
1164556494.885498 -1.912659e-01
1164556494.885620 -1.855503e-01
1164556494.885742 -1.672295e-01
1164556494.885864 -1.358504e-01
1164556494.885986 -9.392845e-02
1164556494.886108 -7.700213e-02
1164556494.886230 -5.182660e-02
1164556494.886353 4.451528e-02
1164556494.886475 1.509293e-01
1164556494.886597 2.070613e-01
1164556494.886719 2.426911e-01
1164556494.886841 2.526861e-01
1164556494.886963 1.814783e-01
1164556494.887085 4.770929e-02
1164556494.887207 -6.824121e-02
1164556494.887329 -1.532933e-01
1164556494.887451 -2.179546e-01
1164556494.887573 -2.141854e-01
1164556494.887695 -1.728475e-01
1164556494.887817 -1.437236e-01
1164556494.887939 -1.156417e-01
1164556494.888062 -7.350459e-02
1164556494.888184 -3.005012e-02
1164556494.888306 5.905288e-02
1164556494.888428 1.990487e-01
1164556494.888550 2.855787e-01
1164556494.888672 2.760526e-01
1164556494.888794 2.336628e-01
1164556494.888916 1.741169e-01
1164556494.889038 6.255831e-02
1164556494.889160 -7.678656e-02
1164556494.889282 -1.851833e-01
1164556494.889404 -2.595097e-01
1164556494.889526 -2.798546e-01
1164556494.889648 -2.536585e-01
1164556494.889771 -2.138060e-01
1164556494.889893 -1.505066e-01
1164556494.890015 -3.311629e-02
1164556494.890137 7.612293e-02
1164556494.890259 1.641539e-01
1164556494.890381 2.860466e-01
1164556494.890503 3.743598e-01
1164556494.890625 3.309788e-01
1164556494.890747 2.066679e-01
1164556494.890869 9.328307e-02
1164556494.890991 -1.417542e-02
1164556494.891113 -1.499870e-01
1164556494.891235 -2.632090e-01
1164556494.891357 -3.236709e-01
1164556494.891479 -3.336137e-01
1164556494.891602 -2.720199e-01
1164556494.891724 -1.442398e-01
1164556494.891846 -4.139231e-02
1164556494.891968 4.408498e-02
1164556494.892090 1.406311e-01
1164556494.892212 2.097887e-01
1164556494.892334 2.463802e-01
1164556494.892456 2.967006e-01
1164556494.892578 2.839611e-01
1164556494.892700 1.708108e-01
1164556494.892822 5.904263e-02
1164556494.892944 1.436869e-01
1164556494.893066 3.230118e-02
1164556494.893188 -2.019013e-01
1164556494.893311 -3.923617e-01
1164556494.893433 -5.055975e-01
1164556494.893555 -4.835639e-01
1164556494.893677 -3.474234e-01
1164556494.893799 -1.521280e-01
1164556494.893921 2.978242e-02
1164556494.894043 2.131488e-01
1164556494.894165 3.694396e-01
1164556494.894287 4.803761e-01
1164556494.894409 5.492922e-01
1164556494.894531 5.450503e-01
1164556494.894653 4.077026e-01
1164556494.894775 1.744234e-01
1164556494.894897 -9.541498e-02
1164556494.895020 -3.761737e-01
1164556494.895142 -6.086598e-01
1164556494.895264 -7.332478e-01
1164556494.895386 -7.511298e-01
1164556494.895508 -6.480545e-01
1164556494.895630 -3.647608e-01
1164556494.895752 5.859548e-02
1164556494.895874 4.623590e-01
1164556494.895996 7.808436e-01
1164556494.896118 9.551979e-01
1164556494.896240 8.733450e-01
1164556494.896362 6.089012e-01
1164556494.896484 2.887062e-01
1164556494.896606 -5.776478e-02
1164556494.896729 -3.817358e-01
1164556494.896851 -6.435751e-01
1164556494.896973 -8.303152e-01
1164556494.897095 -8.676083e-01
1164556494.897217 -7.055822e-01
1164556494.897339 -4.356700e-01
1164556494.897461 -1.283340e-01
1164556494.897583 2.161309e-01
1164556494.897705 5.422381e-01
1164556494.897827 7.683648e-01
1164556494.897949 8.243115e-01
1164556494.898071 7.281626e-01
1164556494.898193 5.591242e-01
1164556494.898315 3.421275e-01
1164556494.898438 7.395337e-02
1164556494.898560 -2.648083e-01
1164556494.898682 -5.963464e-01
1164556494.898804 -8.146424e-01
1164556494.898926 -9.145214e-01
1164556494.899048 -8.944955e-01
1164556494.899170 -6.643981e-01
1164556494.899292 -2.185812e-01
1164556494.899414 2.319149e-01
1164556494.899536 5.741588e-01
1164556494.899658 8.314745e-01
1164556494.899780 9.750825e-01
1164556494.899902 9.199494e-01
1164556494.900024 6.655438e-01
1164556494.900146 3.362139e-01
1164556494.900269 1.328321e-02
1164556494.900391 -3.013591e-01
1164556494.900513 -6.112810e-01
1164556494.900635 -8.724399e-01
1164556494.900757 -9.786402e-01
1164556494.900879 -8.917939e-01
1164556494.901001 -6.940343e-01
1164556494.901123 -3.826036e-01
1164556494.901245 1.081161e-01
1164556494.901367 6.112925e-01
1164556494.901489 9.155408e-01
1164556494.901611 1.028086e+00
1164556494.901733 1.004294e+00
1164556494.901855 7.950876e-01
1164556494.901978 4.544568e-01
1164556494.902100 8.586574e-02
1164556494.902222 -2.813995e-01
1164556494.902344 -6.166953e-01
1164556494.902466 -8.793581e-01
1164556494.902588 -1.043168e+00
1164556494.902710 -1.089416e+00
1164556494.902832 -8.866595e-01
1164556494.902954 -4.876083e-01
1164556494.903076 -7.177897e-02
1164556494.903198 4.125367e-01
1164556494.903320 9.703868e-01
1164556494.903442 1.342250e+00
1164556494.903564 1.342336e+00
1164556494.903687 1.145050e+00
1164556494.903809 7.753297e-01
1164556494.903931 2.165553e-01
1164556494.904053 -3.682016e-01
1164556494.904175 -8.587594e-01
1164556494.904297 -1.235641e+00
1164556494.904419 -1.473772e+00
1164556494.904541 -1.462780e+00
1164556494.904663 -1.188289e+00
1164556494.904785 -6.305072e-01
1164556494.904907 1.554183e-01
1164556494.905029 8.804435e-01
1164556494.905151 1.380572e+00
1164556494.905273 1.752610e+00
1164556494.905396 1.873265e+00
1164556494.905518 1.474429e+00
1164556494.905640 7.424840e-01
1164556494.905762 -6.228283e-02
1164556494.905884 -9.271018e-01
1164556494.906006 -1.678060e+00
1164556494.906128 -1.960746e+00
1164556494.906250 -1.848006e+00
1164556494.906372 -1.522341e+00
1164556494.906494 -8.921246e-01
1164556494.906616 -2.446468e-02
1164556494.906738 8.401587e-01
1164556494.906860 1.601057e+00
1164556494.906982 2.135589e+00
1164556494.907104 2.111536e+00
1164556494.907227 1.625161e+00
1164556494.907349 1.015246e+00
1164556494.907471 1.534272e-01
1164556494.907593 -9.396665e-01
1164556494.907715 -1.817290e+00
1164556494.907837 -2.228225e+00
1164556494.907959 -2.326887e+00
1164556494.908081 -1.925280e+00
1164556494.908203 -9.003197e-01
1164556494.908325 2.883306e-01
1164556494.908447 1.253291e+00
1164556494.908569 1.974500e+00
1164556494.908691 2.382439e+00
1164556494.908813 2.261464e+00
1164556494.908936 1.635664e+00
1164556494.909058 5.989176e-01
1164556494.909180 -6.912144e-01
1164556494.909302 -1.707694e+00
1164556494.909424 -2.192559e+00
1164556494.909546 -2.313303e+00
1164556494.909668 -1.977411e+00
1164556494.909790 -9.842997e-01
1164556494.909912 2.179552e-01
1164556494.910034 1.212015e+00
1164556494.910156 2.032204e+00
1164556494.910278 2.464935e+00
1164556494.910400 2.013924e+00
1164556494.910522 8.769330e-01
1164556494.910645 -3.637943e-01
1164556494.910767 -1.397685e+00
1164556494.910889 -1.988720e+00
1164556494.911011 -1.938234e+00
1164556494.911133 -1.370656e+00
1164556494.911255 -4.631065e-01
1164556494.911377 7.885976e-01
1164556494.911499 1.801055e+00
1164556494.911621 1.898605e+00
1164556494.911743 1.391380e+00
1164556494.911865 5.660196e-01
1164556494.911987 -6.092434e-01
1164556494.912109 -1.705017e+00
1164556494.912231 -1.947752e+00
1164556494.912354 -1.439578e+00
1164556494.912476 -6.303646e-01
1164556494.912598 4.527422e-01
1164556494.912720 1.588568e+00
1164556494.912842 2.246271e+00
1164556494.912964 2.022322e+00
1164556494.913086 8.825361e-01
1164556494.913208 -7.575558e-01
1164556494.913330 -2.053207e+00
1164556494.913452 -2.295983e+00
1164556494.913574 -1.677625e+00
1164556494.913696 -4.026314e-01
1164556494.913818 1.221628e+00
1164556494.913940 2.165754e+00
1164556494.914062 1.553994e+00
1164556494.914185 1.180236e-02
1164556494.914307 -1.293945e+00
1164556494.914429 -1.474503e+00
1164556494.914551 -1.893008e-01
1164556494.914673 1.492339e+00
1164556494.914795 1.251780e+00
1164556494.914917 -6.181582e-01
1164556494.915039 -7.954543e-01
1164556494.915161 2.449569e-01
1164556494.915283 -2.889344e-01
1164556494.915405 -7.798728e-02
1164556494.915527 -3.047997e-01
1164556494.915649 -1.972449e-01
1164556494.915771 7.314318e-01
1164556494.915894 -2.209552e-01
1164556494.916016 -1.030479e+00
1164556494.916138 1.268241e-02
1164556494.916260 1.307287e+00
1164556494.916382 3.756260e-01
1164556494.916504 -4.138033e-01
1164556494.916626 3.232797e-01
1164556494.916748 -1.861858e-01
1164556494.916870 -2.054091e-01
1164556494.916992 4.615828e-01
1164556494.917114 -2.651218e-01
1164556494.917236 -5.026571e-01
1164556494.917358 1.356361e-01
1164556494.917480 1.016153e-01
1164556494.917603 -5.239209e-01
1164556494.917725 -1.651244e-02
1164556494.917847 1.305046e-01
1164556494.917969 -2.890693e-01
1164556494.918091 3.950135e-01
1164556494.918213 3.710802e-01
1164556494.918335 -1.463670e-01
1164556494.918457 1.868270e-01
1164556494.918579 4.603563e-01
1164556494.918701 -1.251067e-01
1164556494.918823 -4.185474e-01
1164556494.918945 2.085042e-01
1164556494.919067 1.584968e-01
1164556494.919189 -3.847730e-01
1164556494.919312 -2.232127e-01
1164556494.919434 3.050171e-02
1164556494.919556 -2.258514e-01
1164556494.919678 -2.334799e-01
1164556494.919800 1.342476e-01
1164556494.919922 6.150790e-02
1164556494.920044 -1.215844e-03
1164556494.920166 3.719239e-01
1164556494.920288 3.055645e-01
1164556494.920410 5.957648e-02
1164556494.920532 1.748258e-01
1164556494.920654 8.508860e-02
1164556494.920776 -2.890402e-01
1164556494.920898 -1.999468e-01
1164556494.921021 7.099100e-02
1164556494.921143 -1.394986e-01
1164556494.921265 -3.203699e-01
1164556494.921387 -1.226534e-01
1164556494.921509 -3.147962e-02
1164556494.921631 -1.899741e-02
1164556494.921753 7.280366e-02
1164556494.921875 1.256843e-01
1164556494.921997 1.254305e-01
1164556494.922119 1.900887e-01
1164556494.922241 2.181934e-01
1164556494.922363 1.709167e-01
1164556494.922485 7.719740e-02
1164556494.922607 -8.121825e-02
1164556494.922729 -2.029900e-01
1164556494.922852 -2.351731e-01
1164556494.922974 -1.588777e-01
1164556494.923096 -7.612763e-03
1164556494.923218 -4.111700e-02
1164556494.923340 -1.434890e-01
1164556494.923462 -3.322609e-02
1164556494.923584 1.187772e-01
1164556494.923706 3.235095e-02
1164556494.923828 4.119338e-02
1164556494.923950 1.885776e-01
1164556494.924072 1.543463e-01
1164556494.924194 5.704874e-02
1164556494.924316 1.306242e-01
1164556494.924438 9.556956e-02
1164556494.924561 -1.426841e-01
1164556494.924683 -1.957898e-01
1164556494.924805 -1.459756e-01
1164556494.924927 -1.667692e-01
1164556494.925049 -2.460314e-02
1164556494.925171 1.006120e-01
1164556494.925293 -1.964956e-02
1164556494.925415 -9.437454e-02
1164556494.925537 5.042309e-02
1164556494.925659 3.808433e-02
1164556494.925781 -1.014700e-02
1164556494.925903 1.321172e-01
1164556494.926025 1.985424e-01
1164556494.926147 7.983482e-02
1164556494.926270 4.096443e-02
1164556494.926392 4.075867e-02
1164556494.926514 -9.331727e-02
1164556494.926636 -1.922181e-01
1164556494.926758 -1.346511e-01
1164556494.926880 -9.950302e-02
1164556494.927002 -3.512553e-02
1164556494.927124 1.003367e-01
1164556494.927246 7.086003e-02
1164556494.927368 -6.824852e-02
1164556494.927490 6.027533e-04
1164556494.927612 6.520403e-02
1164556494.927734 -6.125724e-03
1164556494.927856 1.709461e-02
1164556494.927979 1.579749e-01
1164556494.928101 6.866666e-02
1164556494.928223 -7.327706e-02
1164556494.928345 -4.958189e-02
1164556494.928467 -1.171274e-02
1164556494.928589 -4.942887e-02
1164556494.928711 6.990693e-02
1164556494.928833 9.153607e-02
1164556494.928955 -4.267336e-02
1164556494.929077 -4.340643e-02
1164556494.929199 -1.881970e-01
1164556494.929321 -1.491505e-01
1164556494.929443 -1.647488e-02
1164556494.929565 -2.139104e-02
1164556494.929688 1.708361e-02
1164556494.929810 1.812060e-01
1164556494.929932 1.969177e-01
1164556494.930054 1.326191e-01
1164556494.930176 1.206472e-01
1164556494.930298 1.289392e-02
1164556494.930420 -1.548460e-01
1164556494.930542 -1.025095e-01
1164556494.930664 -3.967331e-02
1164556494.930786 -1.351852e-01
1164556494.930908 -1.084433e-01
1164556494.931030 3.924002e-02
1164556494.931152 -6.568794e-03
1164556494.931274 -9.189745e-02
1164556494.931396 8.123371e-03
1164556494.931519 8.976271e-02
1164556494.931641 5.630094e-02
1164556494.931763 8.567964e-02
1164556494.931885 1.400167e-01
1164556494.932007 7.825335e-02
1164556494.932129 3.176646e-02
1164556494.932251 6.021035e-03
1164556494.932373 -1.062784e-01
1164556494.932495 -1.327704e-01
1164556494.932617 -1.571283e-02
1164556494.932739 -8.495875e-03
1164556494.932861 -9.831449e-02
1164556494.932983 -3.356212e-02
1164556494.933105 1.404351e-02
1164556494.933228 -7.235933e-02
1164556494.933350 -4.897150e-02
1164556494.933472 8.004876e-02
1164556494.933594 9.770451e-02
1164556494.933716 6.052232e-02
1164556494.933838 1.174109e-01
1164556494.933960 1.162483e-01
1164556494.934082 3.094347e-02
1164556494.934204 7.582267e-03
1164556494.934326 -3.792818e-02
1164556494.934448 -1.458996e-01
1164556494.934570 -1.349575e-01
1164556494.934692 -3.367392e-02
1164556494.934814 -4.414384e-02
1164556494.934937 -7.428120e-02
1164556494.935059 -1.851910e-03
1164556494.935181 3.418672e-02
1164556494.935303 7.674357e-03
1164556494.935425 5.810047e-02
1164556494.935547 1.106330e-01
1164556494.935669 6.319754e-02
1164556494.935791 4.190265e-02
1164556494.935913 7.374899e-02
1164556494.936035 4.482340e-02
1164556494.936157 -1.451904e-02
1164556494.936279 -2.004103e-02
1164556494.936401 -8.021826e-02
1164556494.936523 -1.532318e-01
1164556494.936646 -8.704510e-02
1164556494.936768 -1.529621e-02
1164556494.936890 -3.957996e-02
1164556494.937012 -2.859714e-02
1164556494.937134 2.831540e-02
1164556494.937256 2.504245e-02
1164556494.937378 4.434159e-02
1164556494.937500 1.156959e-01
1164556494.937622 1.022579e-01
1164556494.937744 4.715719e-02
1164556494.937866 5.636431e-02
1164556494.937988 5.259036e-02
1164556494.938110 -3.437400e-02
1164556494.938232 -7.333028e-02
1164556494.938354 -6.857769e-02
1164556494.938477 -1.314185e-01
1164556494.938599 -1.543889e-01
1164556494.938721 -4.874909e-02
1164556494.938843 3.805756e-02
1164556494.938965 3.340691e-02
1164556494.939087 4.271709e-02
1164556494.939209 5.788473e-02
1164556494.939331 4.290562e-02
1164556494.939453 6.001028e-02
1164556494.939575 7.819379e-02
1164556494.939697 5.721377e-02
1164556494.939819 4.143137e-02
1164556494.939941 4.129327e-02
1164556494.940063 -2.111350e-02
1164556494.940186 -1.003342e-01
1164556494.940308 -1.140741e-01
1164556494.940430 -1.080973e-01
1164556494.940552 -1.081805e-01
1164556494.940674 -4.385690e-02
1164556494.940796 5.356538e-02
1164556494.940918 7.585051e-02
1164556494.941040 5.061420e-02
1164556494.941162 2.253607e-02
1164556494.941284 8.564555e-03
1164556494.941406 4.208163e-02
1164556494.941528 9.162129e-02
1164556494.941650 8.818657e-02
1164556494.941772 4.931906e-02
1164556494.941895 2.555514e-02
1164556494.942017 -2.952908e-02
1164556494.942139 -1.192981e-01
1164556494.942261 -1.597895e-01
1164556494.942383 -1.155555e-01
1164556494.942505 -5.890508e-02
1164556494.942627 -1.962393e-02
1164556494.942749 3.897076e-02
1164556494.942871 8.656082e-02
1164556494.942993 7.388163e-02
1164556494.943115 3.723222e-02
1164556494.943237 2.203265e-02
1164556494.943359 3.829085e-02
1164556494.943481 7.388663e-02
1164556494.943604 8.311610e-02
1164556494.943726 4.040745e-02
1164556494.943848 -1.737419e-02
1164556494.943970 -8.023500e-02
1164556494.944092 -1.298195e-01
1164556494.944214 -1.376075e-01
1164556494.944336 -1.011963e-01
1164556494.944458 -3.484426e-02
1164556494.944580 3.940765e-02
1164556494.944702 8.287565e-02
1164556494.944824 7.778166e-02
1164556494.944946 5.763102e-02
1164556494.945068 3.780939e-02
1164556494.945190 8.993287e-03
1164556494.945312 2.148426e-03
1164556494.945435 3.889625e-02
1164556494.945557 6.728397e-02
1164556494.945679 3.300854e-02
1164556494.945801 -2.029022e-02
1164556494.945923 -5.713602e-02
1164556494.946045 -9.586621e-02
1164556494.946167 -1.248725e-01
1164556494.946289 -8.944011e-02
1164556494.946411 -2.757978e-02
1164556494.946533 2.528292e-02
1164556494.946655 6.178786e-02
1164556494.946777 7.530471e-02
1164556494.946899 6.705417e-02
1164556494.947021 5.113075e-02
1164556494.947144 4.240102e-02
1164556494.947266 2.101632e-02
1164556494.947388 1.309388e-03
1164556494.947510 4.268092e-04
1164556494.947632 -9.471728e-03
1164556494.947754 -2.626013e-02
1164556494.947876 -4.014975e-02
1164556494.947998 -5.627936e-02
1164556494.948120 -7.319838e-02
1164556494.948242 -5.008227e-02
1164556494.948364 -1.494421e-02
1164556494.948486 -3.631977e-03
1164556494.948608 2.162004e-02
1164556494.948730 5.888210e-02
1164556494.948853 5.579797e-02
1164556494.948975 3.762809e-02
1164556494.949097 5.629084e-02
1164556494.949219 5.846257e-02
1164556494.949341 1.654118e-02
1164556494.949463 -9.134609e-03
1164556494.949585 -2.773677e-02
1164556494.949707 -5.999183e-02
1164556494.949829 -5.738025e-02
1164556494.949951 -3.069777e-02
1164556494.950073 -4.917238e-02
1164556494.950195 -6.023831e-02
1164556494.950317 -1.532587e-02
1164556494.950439 2.088572e-02
1164556494.950562 2.113265e-02
1164556494.950684 5.327968e-02
1164556494.950806 8.331128e-02
1164556494.950928 6.256799e-02
1164556494.951050 2.848668e-02
1164556494.951172 9.083449e-03
1164556494.951294 -4.901935e-03
1164556494.951416 -2.759212e-02
1164556494.951538 -3.752163e-02
1164556494.951660 -3.429773e-02
1164556494.951782 -2.908605e-02
1164556494.951904 -1.097770e-02
1164556494.952026 -2.242090e-02
1164556494.952148 -5.198593e-02
1164556494.952271 -4.078496e-02
1164556494.952393 1.360106e-02
1164556494.952515 4.239816e-02
1164556494.952637 4.036520e-02
1164556494.952759 5.633564e-02
1164556494.952881 5.605905e-02
1164556494.953003 1.535054e-02
1164556494.953125 -1.146706e-02
1164556494.953247 -9.142050e-03
1164556494.953369 -1.942613e-03
1164556494.953491 1.124204e-03
1164556494.953613 -4.648224e-03
1164556494.953735 -2.147298e-02
1164556494.953857 -3.245661e-02
1164556494.953979 -3.512844e-02
1164556494.954102 -5.423924e-02
1164556494.954224 -7.117470e-02
1164556494.954346 -2.037792e-02
1164556494.954468 5.401166e-02
1164556494.954590 7.267715e-02
1164556494.954712 5.704034e-02
1164556494.954834 5.727882e-02
1164556494.954956 4.201851e-02
1164556494.955078 -6.006054e-03
1164556494.955200 -2.401024e-02
1164556494.955322 -6.096599e-03
1164556494.955444 3.932667e-03
1164556494.955566 -2.920296e-03
1164556494.955688 -2.055396e-02
1164556494.955811 -5.142764e-02
1164556494.955933 -7.093714e-02
1164556494.956055 -5.602276e-02
1164556494.956177 -4.115703e-02
1164556494.956299 -1.250306e-02
1164556494.956421 4.723672e-02
1164556494.956543 8.787349e-02
1164556494.956665 7.213766e-02
1164556494.956787 5.155198e-02
1164556494.956909 3.950063e-02
1164556494.957031 1.081068e-02
1164556494.957153 -1.008442e-02
1164556494.957275 -1.019618e-02
1164556494.957397 -1.696002e-02
1164556494.957520 -3.258337e-02
1164556494.957642 -4.722393e-02
1164556494.957764 -6.755193e-02
1164556494.957886 -7.837213e-02
1164556494.958008 -5.142275e-02
1164556494.958130 -8.259112e-03
1164556494.958252 2.600109e-02
1164556494.958374 6.930359e-02
1164556494.958496 1.091501e-01
1164556494.958618 9.715560e-02
1164556494.958740 4.952290e-02
1164556494.958862 7.810010e-03
1164556494.958984 -2.415014e-02
1164556494.959106 -4.519271e-02
1164556494.959229 -5.014223e-02
1164556494.959351 -4.721049e-02
1164556494.959473 -3.589348e-02
1164556494.959595 -1.988644e-02
1164556494.959717 -1.925344e-02
1164556494.959839 -2.987390e-02
1164556494.959961 -1.318035e-02
1164556494.960083 1.704993e-02
1164556494.960205 3.492420e-02
1164556494.960327 4.466379e-02
1164556494.960449 4.489642e-02
1164556494.960571 3.023619e-02
1164556494.960693 2.170169e-02
1164556494.960815 1.548907e-02
1164556494.960938 -3.256229e-04
1164556494.961060 -8.761967e-03
1164556494.961182 -6.039343e-03
1164556494.961304 -2.472988e-02
1164556494.961426 -5.486293e-02
1164556494.961548 -4.960418e-02
1164556494.961670 -2.626965e-02
1164556494.961792 -1.878611e-02
1164556494.961914 -9.429048e-03
1164556494.962036 6.097484e-03
1164556494.962158 2.392943e-02
1164556494.962280 3.979432e-02
1164556494.962402 5.106795e-02
1164556494.962524 3.818995e-02
1164556494.962646 2.180239e-02
1164556494.962769 2.644083e-02
1164556494.962891 1.895127e-02
1164556494.963013 -9.071369e-03
1164556494.963135 -3.191133e-02
1164556494.963257 -4.266188e-02
1164556494.963379 -5.107881e-02
1164556494.963501 -5.485185e-02
1164556494.963623 -3.527957e-02
1164556494.963745 -8.985625e-03
1164556494.963867 7.503050e-03
1164556494.963989 1.503010e-02
1164556494.964111 2.769902e-02
1164556494.964233 4.216296e-02
1164556494.964355 5.047200e-02
1164556494.964478 4.567388e-02
1164556494.964600 2.583624e-02
1164556494.964722 7.667383e-03
1164556494.964844 4.492478e-03
1164556494.964966 -1.527767e-02
1164556494.965088 -4.715087e-02
1164556494.965210 -5.123447e-02
1164556494.965332 -3.672813e-02
1164556494.965454 -3.795240e-02
1164556494.965576 -2.650004e-02
1164556494.965698 7.966511e-03
1164556494.965820 2.139481e-02
1164556494.965942 4.310057e-03
1164556494.966064 5.922970e-03
1164556494.966187 2.991194e-02
1164556494.966309 5.015014e-02
1164556494.966431 5.633103e-02
1164556494.966553 4.102799e-02
1164556494.966675 1.239711e-02
1164556494.966797 -7.288765e-03
1164556494.966919 -2.594540e-02
1164556494.967041 -5.460236e-02
1164556494.967163 -6.827517e-02
1164556494.967285 -4.570587e-02
1164556494.967407 -2.217099e-02
1164556494.967529 -1.079569e-02
1164556494.967651 1.449786e-02
1164556494.967773 4.176518e-02
1164556494.967896 2.783948e-02
1164556494.968018 5.133232e-03
1164556494.968140 1.203586e-02
1164556494.968262 2.785481e-02
1164556494.968384 3.115271e-02
1164556494.968506 3.171702e-02
1164556494.968628 1.422822e-02
1164556494.968750 -1.290189e-02
1164556494.968872 -2.295451e-02
1164556494.968994 -2.356956e-02
1164556494.969116 -4.065378e-02
1164556494.969238 -4.162150e-02
1164556494.969360 -1.946298e-02
1164556494.969482 -1.922398e-02
1164556494.969604 -1.364659e-02
1164556494.969727 1.659759e-02
1164556494.969849 3.031186e-02
1164556494.969971 1.677487e-02
1164556494.970093 1.664290e-02
1164556494.970215 4.167941e-02
1164556494.970337 4.195143e-02
1164556494.970459 2.939336e-02
1164556494.970581 7.710760e-03
1164556494.970703 -2.390580e-02
1164556494.970825 -3.583346e-02
1164556494.970947 -2.681833e-02
1164556494.971069 -2.339067e-02
1164556494.971191 -2.200890e-02
1164556494.971313 -8.774235e-03
1164556494.971436 -9.919685e-03
1164556494.971558 -3.008305e-02
1164556494.971680 -2.118888e-02
1164556494.971802 7.421295e-04
1164556494.971924 1.235035e-02
1164556494.972046 3.265676e-02
1164556494.972168 6.192839e-02
1164556494.972290 6.734780e-02
1164556494.972412 4.579269e-02
1164556494.972534 1.999608e-02
1164556494.972656 -1.070723e-02
1164556494.972778 -3.404664e-02
1164556494.972900 -3.899661e-02
1164556494.973022 -4.953303e-02
1164556494.973145 -6.079945e-02
1164556494.973267 -5.437834e-02
1164556494.973389 -3.695058e-02
1164556494.973511 -1.870925e-02
1164556494.973633 9.910885e-03
1164556494.973755 4.833268e-02
1164556494.973877 6.848027e-02
1164556494.973999 6.746455e-02
1164556494.974121 6.316144e-02
1164556494.974243 4.947659e-02
1164556494.974365 2.126813e-02
1164556494.974487 -1.301109e-02
1164556494.974609 -4.119490e-02
1164556494.974731 -6.008197e-02
1164556494.974854 -5.841564e-02
1164556494.974976 -5.400689e-02
1164556494.975098 -4.989742e-02
1164556494.975220 -3.097269e-02
1164556494.975342 -5.893950e-03
1164556494.975464 1.317053e-02
1164556494.975586 2.841735e-02
1164556494.975708 5.115294e-02
1164556494.975830 6.172939e-02
1164556494.975952 5.815649e-02
1164556494.976074 5.183903e-02
1164556494.976196 3.027382e-02
1164556494.976318 7.215867e-03
1164556494.976440 -1.169048e-02
1164556494.976562 -3.223683e-02
1164556494.976685 -6.176579e-02
1164556494.976807 -8.191943e-02
1164556494.976929 -7.975365e-02
1164556494.977051 -5.982197e-02
1164556494.977173 -2.402628e-02
1164556494.977295 1.715596e-02
1164556494.977417 5.251720e-02
1164556494.977539 7.874014e-02
1164556494.977661 8.456625e-02
1164556494.977783 6.762604e-02
1164556494.977905 3.749762e-02
1164556494.978027 1.041978e-02
1164556494.978149 -1.175937e-02
1164556494.978271 -3.068423e-02
1164556494.978394 -4.449090e-02
1164556494.978516 -5.097734e-02
1164556494.978638 -5.031074e-02
1164556494.978760 -4.566680e-02
1164556494.978882 -4.301784e-02
1164556494.979004 -2.643805e-02
1164556494.979126 3.340692e-03
1164556494.979248 3.844041e-02
1164556494.979370 6.769413e-02
1164556494.979492 6.893109e-02
1164556494.979614 4.924516e-02
1164556494.979736 2.642071e-02
1164556494.979858 -1.531002e-04
1164556494.979980 -1.743792e-02
1164556494.980103 -1.426780e-02
1164556494.980225 -6.741525e-03
1164556494.980347 -2.163504e-02
1164556494.980469 -3.444599e-02
1164556494.980591 -3.392832e-02
1164556494.980713 -3.854788e-02
1164556494.980835 -3.801838e-02
1164556494.980957 -2.009746e-02
1164556494.981079 5.145470e-03
1164556494.981201 2.915969e-02
1164556494.981323 5.081031e-02
1164556494.981445 5.897729e-02
1164556494.981567 4.742701e-02
1164556494.981689 3.284712e-02
1164556494.981812 5.993047e-03
1164556494.981934 -2.097409e-02
1164556494.982056 -2.593867e-02
1164556494.982178 -2.511554e-02
1164556494.982300 -3.002276e-02
1164556494.982422 -2.943606e-02
1164556494.982544 -2.534301e-02
1164556494.982666 -1.552614e-02
1164556494.982788 -8.270803e-03
1164556494.982910 1.338436e-03
1164556494.983032 1.035252e-02
1164556494.983154 2.053650e-02
1164556494.983276 2.762380e-02
1164556494.983398 2.247067e-02
1164556494.983521 1.532287e-02
1164556494.983643 1.002358e-02
1164556494.983765 5.934951e-03
1164556494.983887 6.727895e-03
1164556494.984009 8.241246e-03
1164556494.984131 1.152289e-02
1164556494.984253 2.343557e-03
1164556494.984375 -2.443719e-02
1164556494.984497 -4.873041e-02
1164556494.984619 -4.659699e-02
1164556494.984741 -3.572643e-02
1164556494.984863 -2.817294e-02
1164556494.984985 -7.255958e-03
1164556494.985107 2.519705e-02
1164556494.985229 4.549126e-02
1164556494.985352 5.025955e-02
1164556494.985474 4.829780e-02
1164556494.985596 3.781358e-02
1164556494.985718 1.705896e-02
1164556494.985840 2.427429e-04
1164556494.985962 -1.052607e-02
1164556494.986084 -2.486299e-02
1164556494.986206 -3.735865e-02
1164556494.986328 -4.202904e-02
1164556494.986450 -4.523621e-02
1164556494.986572 -3.566623e-02
1164556494.986694 -1.458951e-02
1164556494.986816 2.492124e-03
1164556494.986938 1.401804e-02
1164556494.987061 2.992714e-02
1164556494.987183 4.081534e-02
1164556494.987305 3.902814e-02
1164556494.987427 3.656872e-02
1164556494.987549 3.326733e-02
1164556494.987671 1.701283e-02
1164556494.987793 1.214849e-03
1164556494.987915 -1.432531e-02
1164556494.988037 -3.731714e-02
1164556494.988159 -4.939184e-02
1164556494.988281 -4.511771e-02
1164556494.988403 -4.320651e-02
1164556494.988525 -3.242008e-02
1164556494.988647 -4.221163e-03
1164556494.988770 2.298463e-02
1164556494.988892 3.086146e-02
1164556494.989014 3.477104e-02
1164556494.989136 4.239366e-02
1164556494.989258 3.595373e-02
1164556494.989380 2.729522e-02
1164556494.989502 1.918474e-02
1164556494.989624 8.426845e-04
1164556494.989746 -1.389387e-02
1164556494.989868 -2.624995e-02
1164556494.989990 -3.493818e-02
1164556494.990112 -4.039101e-02
1164556494.990234 -3.335330e-02
1164556494.990356 -2.148514e-02
1164556494.990479 -1.290959e-02
1164556494.990601 3.271386e-03
1164556494.990723 1.280409e-02
1164556494.990845 1.538526e-02
1164556494.990967 2.784437e-02
1164556494.991089 3.631010e-02
1164556494.991211 3.783105e-02
1164556494.991333 2.781912e-02
1164556494.991455 1.515050e-02
1164556494.991577 -1.709311e-03
1164556494.991699 -1.871981e-02
1164556494.991821 -2.370598e-02
1164556494.991943 -3.031971e-02
1164556494.992065 -3.018534e-02
1164556494.992188 -2.525457e-02
1164556494.992310 -2.665517e-02
1164556494.992432 -1.618139e-02
1164556494.992554 9.277398e-04
1164556494.992676 1.362431e-02
1164556494.992798 1.196827e-02
1164556494.992920 1.973722e-02
1164556494.993042 3.532601e-02
1164556494.993164 4.236488e-02
1164556494.993286 3.756979e-02
1164556494.993408 1.806904e-02
1164556494.993530 1.187302e-03
1164556494.993652 -1.014488e-02
1164556494.993774 -2.471307e-02
1164556494.993896 -3.689272e-02
1164556494.994019 -4.192707e-02
1164556494.994141 -3.568618e-02
1164556494.994263 -3.231696e-02
1164556494.994385 -2.735985e-02
1164556494.994507 -1.135473e-02
1164556494.994629 1.427407e-02
1164556494.994751 3.647775e-02
1164556494.994873 5.052026e-02
1164556494.994995 6.245231e-02
1164556494.995117 6.001821e-02
1164556494.995239 4.091929e-02
1164556494.995361 8.649420e-03
1164556494.995483 -3.052255e-02
1164556494.995605 -5.729687e-02
1164556494.995728 -6.060072e-02
1164556494.995850 -4.694359e-02
1164556494.995972 -3.730606e-02
1164556494.996094 -2.491968e-02
1164556494.996216 -5.089414e-03
1164556494.996338 1.409316e-02
1164556494.996460 2.536819e-02
1164556494.996582 3.379157e-02
1164556494.996704 3.696412e-02
1164556494.996826 3.759766e-02
1164556494.996948 3.336812e-02
1164556494.997070 1.997508e-02
1164556494.997192 7.486758e-03
1164556494.997314 -2.420101e-03
1164556494.997437 -1.909245e-02
1164556494.997559 -3.531411e-02
1164556494.997681 -4.476150e-02
1164556494.997803 -4.207135e-02
1164556494.997925 -2.830859e-02
1164556494.998047 -1.693404e-02
1164556494.998169 -7.334557e-03
1164556494.998291 7.096698e-03
1164556494.998413 2.399207e-02
1164556494.998535 3.676435e-02
1164556494.998657 4.440512e-02
1164556494.998779 4.566368e-02
1164556494.998901 3.061850e-02
1164556494.999023 1.564446e-02
1164556494.999146 1.957351e-03
1164556494.999268 -1.909755e-02
1164556494.999390 -4.319783e-02
1164556494.999512 -5.212171e-02
1164556494.999634 -4.539365e-02
1164556494.999756 -3.087633e-02
1164556494.999878 -8.211706e-03
1164556495.000000 1.088780e-02
1164556495.000122 1.824062e-02
1164556495.000244 2.450612e-02
1164556495.000366 2.801136e-02
1164556495.000488 2.536811e-02
1164556495.000610 1.986940e-02
1164556495.000732 1.713869e-02
1164556495.000854 8.118546e-03
1164556495.000977 -3.782509e-03
1164556495.001099 -7.134585e-03
1164556495.001221 -9.518575e-03
1164556495.001343 -1.805535e-02
1164556495.001465 -2.226650e-02
1164556495.001587 -1.930918e-02
1164556495.001709 -2.086427e-02
1164556495.001831 -1.877686e-02
1164556495.001953 -2.530239e-03
1164556495.002075 8.072436e-03
1164556495.002197 1.367023e-02
1164556495.002319 2.130567e-02
1164556495.002441 2.293051e-02
1164556495.002563 1.611721e-02
1164556495.002686 1.717521e-02
1164556495.002808 1.746569e-02
1164556495.002930 3.788371e-03
1164556495.003052 -7.251986e-03
1164556495.003174 -1.099320e-02
1164556495.003296 -2.051942e-02
1164556495.003418 -2.321785e-02
1164556495.003540 -2.053959e-02
1164556495.003662 -2.037790e-02
1164556495.003784 -1.044100e-02
1164556495.003906 8.151212e-03
1164556495.004028 1.198886e-02
1164556495.004150 7.427483e-03
1164556495.004272 1.060111e-02
1164556495.004395 1.497590e-02
1164556495.004517 1.316631e-02
1164556495.004639 1.151559e-02
1164556495.004761 7.030148e-03
1164556495.004883 7.311958e-03
1164556495.005005 1.018563e-02
1164556495.005127 3.139590e-03
1164556495.005249 -1.058049e-02
1164556495.005371 -1.997970e-02
1164556495.005493 -2.477724e-02
1164556495.005615 -2.638635e-02
1164556495.005737 -2.305727e-02
1164556495.005859 -1.251543e-02
1164556495.005981 3.525170e-03
1164556495.006104 2.023971e-02
1164556495.006226 2.251440e-02
1164556495.006348 1.611338e-02
1164556495.006470 1.628821e-02
1164556495.006592 1.822556e-02
1164556495.006714 1.279865e-02
1164556495.006836 6.045246e-03
1164556495.006958 5.267801e-04
1164556495.007080 1.269733e-03
1164556495.007202 -1.723041e-03
1164556495.007324 -1.597184e-02
1164556495.007446 -3.219488e-02
1164556495.007568 -3.405325e-02
1164556495.007690 -2.884678e-02
1164556495.007812 -2.540150e-02
1164556495.007935 -8.969830e-03
1164556495.008057 1.759619e-02
1164556495.008179 3.741096e-02
1164556495.008301 4.565326e-02
1164556495.008423 3.803218e-02
1164556495.008545 2.813868e-02
1164556495.008667 1.697091e-02
1164556495.008789 8.754498e-04
1164556495.008911 -1.298944e-02
1164556495.009033 -2.269145e-02
1164556495.009155 -3.026655e-02
1164556495.009277 -4.282916e-02
1164556495.009399 -4.530313e-02
1164556495.009521 -2.748785e-02
1164556495.009644 -5.866732e-03
1164556495.009766 1.699256e-02
1164556495.009888 3.113138e-02
1164556495.010010 3.785378e-02
1164556495.010132 3.783499e-02
1164556495.010254 3.048613e-02
1164556495.010376 1.533188e-02
1164556495.010498 -2.931496e-03
1164556495.010620 -1.528705e-02
1164556495.010742 -1.951545e-02
1164556495.010864 -1.896435e-02
1164556495.010986 -9.574085e-03
1164556495.011108 -7.187030e-03
1164556495.011230 -1.316121e-02
1164556495.011353 -1.514097e-02
1164556495.011475 -1.517420e-02
1164556495.011597 -8.818537e-03
1164556495.011719 1.036665e-03
1164556495.011841 1.176266e-02
1164556495.011963 2.237866e-02
1164556495.012085 2.769703e-02
1164556495.012207 2.545416e-02
1164556495.012329 1.540043e-02
1164556495.012451 6.435780e-03
1164556495.012573 -3.547814e-03
1164556495.012695 -1.463782e-02
1164556495.012817 -1.880900e-02
1164556495.012939 -1.466415e-02
1164556495.013062 -8.663943e-03
1164556495.013184 -7.406623e-03
1164556495.013306 -1.310954e-02
1164556495.013428 -1.200965e-02
1164556495.013550 -4.752897e-03
1164556495.013672 1.992562e-03
1164556495.013794 3.612466e-03
1164556495.013916 8.987474e-03
1164556495.014038 1.853555e-02
1164556495.014160 2.131318e-02
1164556495.014282 1.581309e-02
1164556495.014404 1.632491e-02
1164556495.014526 1.350337e-02
1164556495.014648 1.969828e-03
1164556495.014771 -8.136910e-03
1164556495.014893 -1.725881e-02
1164556495.015015 -2.466484e-02
1164556495.015137 -2.875338e-02
1164556495.015259 -2.783412e-02
1164556495.015381 -2.365018e-02
1164556495.015503 -1.333676e-02
1164556495.015625 1.107124e-02
1164556495.015747 2.934225e-02
1164556495.015869 3.165033e-02
1164556495.015991 3.378672e-02
1164556495.016113 3.486821e-02
1164556495.016235 2.082938e-02
1164556495.016357 -1.248537e-03
1164556495.016479 -1.697670e-02
1164556495.016602 -2.653564e-02
1164556495.016724 -2.845147e-02
1164556495.016846 -2.033314e-02
1164556495.016968 -1.465862e-02
1164556495.017090 -8.679159e-03
1164556495.017212 3.498065e-04
1164556495.017334 1.522967e-03
1164556495.017456 -4.039360e-03
1164556495.017578 2.324885e-03
1164556495.017700 1.495268e-02
1164556495.017822 2.035090e-02
1164556495.017944 2.163110e-02
1164556495.018066 2.209809e-02
1164556495.018188 1.563004e-02
1164556495.018311 1.515568e-04
1164556495.018433 -1.073056e-02
1164556495.018555 -1.599383e-02
1164556495.018677 -2.303497e-02
1164556495.018799 -1.920857e-02
1164556495.018921 -1.015013e-02
1164556495.019043 -7.517231e-03
1164556495.019165 -5.773910e-03
1164556495.019287 2.722311e-03
1164556495.019409 4.276692e-03
1164556495.019531 1.911999e-03
1164556495.019653 7.768503e-03
1164556495.019775 1.464277e-02
1164556495.019897 1.487671e-02
1164556495.020020 1.515944e-02
1164556495.020142 1.443929e-02
1164556495.020264 5.836174e-03
1164556495.020386 -3.914424e-03
1164556495.020508 -6.698222e-03
1164556495.020630 -1.183827e-02
1164556495.020752 -1.710024e-02
1164556495.020874 -1.439316e-02
1164556495.020996 -1.230689e-02
1164556495.021118 -1.553958e-02
1164556495.021240 -1.170613e-02
1164556495.021362 -1.861165e-03
1164556495.021484 6.721717e-03
1164556495.021606 1.150623e-02
1164556495.021729 1.631914e-02
1164556495.021851 2.263898e-02
1164556495.021973 2.645968e-02
1164556495.022095 2.714550e-02
1164556495.022217 1.726805e-02
1164556495.022339 -2.190683e-03
1164556495.022461 -1.879594e-02
1164556495.022583 -3.562748e-02
1164556495.022705 -4.550469e-02
1164556495.022827 -3.298610e-02
1164556495.022949 -9.984161e-03
1164556495.023071 4.504407e-03
1164556495.023193 9.561503e-03
1164556495.023315 1.495376e-02
1164556495.023438 2.182006e-02
1164556495.023560 2.191508e-02
1164556495.023682 1.827864e-02
1164556495.023804 1.442668e-02
1164556495.023926 1.270415e-02
1164556495.024048 7.177069e-03
1164556495.024170 -6.393640e-03
1164556495.024292 -1.843021e-02
1164556495.024414 -2.450116e-02
1164556495.024536 -2.667176e-02
1164556495.024658 -1.755230e-02
1164556495.024780 -5.321357e-03
1164556495.024902 2.777640e-03
1164556495.025024 6.171047e-03
1164556495.025146 6.390335e-03
1164556495.025269 8.302449e-03
1164556495.025391 1.343481e-02
1164556495.025513 1.349439e-02
1164556495.025635 7.349298e-03
1164556495.025757 2.901469e-03
1164556495.025879 2.076497e-03
1164556495.026001 1.956605e-03
1164556495.026123 2.488887e-04
1164556495.026245 -3.231958e-03
1164556495.026367 -2.252930e-03
1164556495.026489 -2.785187e-03
1164556495.026611 -1.189402e-02
1164556495.026733 -1.767507e-02
1164556495.026855 -1.272528e-02
1164556495.026978 -6.253033e-03
1164556495.027100 -3.724479e-03
1164556495.027222 -1.876094e-03
1164556495.027344 4.317180e-03
1164556495.027466 1.152809e-02
1164556495.027588 2.097686e-02
1164556495.027710 2.539932e-02
1164556495.027832 1.925287e-02
1164556495.027954 1.187768e-02
1164556495.028076 3.103554e-03
1164556495.028198 -1.345731e-02
1164556495.028320 -2.637790e-02
1164556495.028442 -2.708993e-02
1164556495.028564 -1.619152e-02
1164556495.028687 -7.185482e-03
1164556495.028809 1.534175e-03
1164556495.028931 3.884373e-03
1164556495.029053 -3.090596e-03
1164556495.029175 -5.873051e-03
1164556495.029297 1.034972e-03
1164556495.029419 9.596539e-03
1164556495.029541 1.942669e-02
1164556495.029663 2.967096e-02
1164556495.029785 2.739809e-02
1164556495.029907 1.279705e-02
1164556495.030029 3.632130e-03
1164556495.030151 -9.109721e-03
1164556495.030273 -2.857836e-02
1164556495.030396 -3.502012e-02
1164556495.030518 -2.698352e-02
1164556495.030640 -1.890795e-02
1164556495.030762 -1.075599e-02
1164556495.030884 -3.341036e-04
1164556495.031006 5.686228e-03
1164556495.031128 1.248138e-02
1164556495.031250 2.678257e-02
1164556495.031372 3.390653e-02
1164556495.031494 2.897786e-02
1164556495.031616 1.842015e-02
1164556495.031738 7.140264e-03
1164556495.031860 -6.383567e-03
1164556495.031982 -1.809182e-02
1164556495.032104 -2.781750e-02
1164556495.032227 -3.349980e-02
1164556495.032349 -2.719160e-02
1164556495.032471 -1.635874e-02
1164556495.032593 -7.286322e-03
1164556495.032715 5.202930e-03
1164556495.032837 1.929797e-02
1164556495.032959 2.959041e-02
1164556495.033081 2.724020e-02
1164556495.033203 1.908766e-02
1164556495.033325 7.978609e-03
1164556495.033447 -9.550897e-04
1164556495.033569 -8.714267e-03
1164556495.033691 -1.541644e-02
1164556495.033813 -1.522510e-02
1164556495.033936 -9.450251e-03
1164556495.034058 -5.141287e-03
1164556495.034180 -6.891498e-04
1164556495.034302 4.641096e-03
1164556495.034424 2.854036e-03
1164556495.034546 -1.244004e-03
1164556495.034668 1.364719e-03
1164556495.034790 -1.123222e-04
1164556495.034912 -4.537028e-03
1164556495.035034 -5.953236e-03
1164556495.035156 -6.556794e-03
1164556495.035278 -2.891002e-03
1164556495.035400 7.374872e-03
1164556495.035522 1.836504e-02
1164556495.035645 1.953935e-02
1164556495.035767 2.079409e-02
1164556495.035889 1.855454e-02
1164556495.036011 6.800871e-04
1164556495.036133 -1.796594e-02
1164556495.036255 -2.921195e-02
1164556495.036377 -3.242297e-02
1164556495.036499 -2.831303e-02
1164556495.036621 -1.614736e-02
1164556495.036743 -3.894598e-03
1164556495.036865 6.483860e-03
1164556495.036987 2.021308e-02
1164556495.037109 3.135982e-02
1164556495.037231 2.947123e-02
1164556495.037354 2.103548e-02
1164556495.037476 1.501539e-02
1164556495.037598 8.940951e-03
1164556495.037720 -1.676062e-03
1164556495.037842 -1.246990e-02
1164556495.037964 -2.292237e-02
1164556495.038086 -3.029274e-02
1164556495.038208 -3.194281e-02
1164556495.038330 -2.873654e-02
1164556495.038452 -1.597579e-02
1164556495.038574 4.829871e-03
1164556495.038696 2.627347e-02
1164556495.038818 3.486759e-02
1164556495.038940 2.839984e-02
1164556495.039062 2.025451e-02
1164556495.039185 1.038410e-02
1164556495.039307 6.708431e-04
1164556495.039429 -6.163925e-03
1164556495.039551 -1.157270e-02
1164556495.039673 -1.121156e-02
1164556495.039795 -6.739912e-03
1164556495.039917 -6.172320e-03
1164556495.040039 -9.902420e-03
1164556495.040161 -1.558304e-02
1164556495.040283 -1.652189e-02
1164556495.040405 -9.082082e-03
1164556495.040527 2.555155e-03
1164556495.040649 1.054599e-02
1164556495.040771 1.523330e-02
1164556495.040894 1.791701e-02
1164556495.041016 1.751267e-02
1164556495.041138 1.304274e-02
1164556495.041260 6.852209e-03
1164556495.041382 2.462742e-03
1164556495.041504 -2.867145e-03
1164556495.041626 -8.129826e-03
1164556495.041748 -1.129461e-02
1164556495.041870 -1.609385e-02
1164556495.041992 -1.618326e-02
1164556495.042114 -1.128884e-02
1164556495.042236 -8.951737e-03
1164556495.042358 -7.581017e-03
1164556495.042480 -1.489512e-03
1164556495.042603 1.034213e-02
1164556495.042725 1.962105e-02
1164556495.042847 2.039420e-02
1164556495.042969 1.636586e-02
1164556495.043091 7.859056e-03
1164556495.043213 3.478403e-03
1164556495.043335 1.989287e-03
1164556495.043457 -3.658289e-03
1164556495.043579 -9.006877e-03
1164556495.043701 -8.206467e-03
1164556495.043823 -9.373860e-03
1164556495.043945 -1.431161e-02
1164556495.044067 -1.690392e-02
1164556495.044189 -1.233742e-02
1164556495.044312 -5.285215e-03
1164556495.044434 2.839318e-03
1164556495.044556 9.554507e-03
1164556495.044678 1.290754e-02
1164556495.044800 1.480439e-02
1164556495.044922 1.683957e-02
1164556495.045044 1.662510e-02
1164556495.045166 9.854715e-03
1164556495.045288 3.681111e-03
1164556495.045410 -1.695012e-04
1164556495.045532 -6.161775e-03
1164556495.045654 -1.404108e-02
1164556495.045776 -2.138697e-02
1164556495.045898 -2.239076e-02
1164556495.046021 -2.000728e-02
1164556495.046143 -1.344486e-02
1164556495.046265 -5.431070e-03
1164556495.046387 3.515958e-03
1164556495.046509 1.742186e-02
1164556495.046631 2.818444e-02
1164556495.046753 2.966129e-02
1164556495.046875 2.620936e-02
1164556495.046997 1.697140e-02
1164556495.047119 3.560753e-03
1164556495.047241 -1.369955e-02
1164556495.047363 -2.400751e-02
1164556495.047485 -2.973311e-02
1164556495.047607 -2.671333e-02
1164556495.047729 -1.363745e-02
1164556495.047852 1.773457e-03
1164556495.047974 1.103232e-02
1164556495.048096 8.916857e-03
1164556495.048218 1.338423e-03
1164556495.048340 -6.192647e-04
1164556495.048462 5.872105e-03
1164556495.048584 1.023218e-02
1164556495.048706 1.012933e-02
1164556495.048828 1.367407e-02
1164556495.048950 1.270760e-02
1164556495.049072 6.346632e-03
1164556495.049194 -2.703438e-03
1164556495.049316 -1.353888e-02
1164556495.049438 -1.801412e-02
1164556495.049561 -1.288227e-02
1164556495.049683 -5.964992e-03
1164556495.049805 -5.102185e-03
1164556495.049927 -4.819229e-03
1164556495.050049 -3.820240e-03
1164556495.050171 -5.893678e-03
1164556495.050293 -1.230202e-03
1164556495.050415 8.900492e-03
1164556495.050537 1.496732e-02
1164556495.050659 1.682888e-02
1164556495.050781 1.935816e-02
1164556495.050903 1.427200e-02
1164556495.051025 2.854519e-03
1164556495.051147 -2.605594e-03
1164556495.051270 -5.651513e-03
1164556495.051392 -1.348278e-02
1164556495.051514 -1.773939e-02
1164556495.051636 -1.843214e-02
1164556495.051758 -1.832658e-02
1164556495.051880 -1.419914e-02
1164556495.052002 -4.859303e-03
1164556495.052124 3.245211e-03
1164556495.052246 1.392557e-02
1164556495.052368 2.335519e-02
1164556495.052490 2.294424e-02
1164556495.052612 1.800136e-02
1164556495.052734 1.432349e-02
1164556495.052856 7.337831e-03
1164556495.052979 -4.201092e-03
1164556495.053101 -1.113555e-02
1164556495.053223 -1.567643e-02
1164556495.053345 -1.983527e-02
1164556495.053467 -1.740518e-02
1164556495.053589 -1.372603e-02
1164556495.053711 -7.897879e-03
1164556495.053833 1.136459e-04
1164556495.053955 3.066419e-03
1164556495.054077 2.701571e-03
1164556495.054199 5.549990e-03
1164556495.054321 1.619469e-02
1164556495.054443 2.561233e-02
1164556495.054565 2.359360e-02
1164556495.054688 1.339694e-02
1164556495.054810 -2.532886e-04
1164556495.054932 -9.756329e-03
1164556495.055054 -1.591690e-02
1164556495.055176 -2.137342e-02
1164556495.055298 -2.115479e-02
1164556495.055420 -1.057886e-02
1164556495.055542 -1.118707e-03
1164556495.055664 -8.622116e-04
1164556495.055786 2.272671e-04
1164556495.055908 3.469066e-03
1164556495.056030 3.908662e-03
1164556495.056152 8.117307e-03
1164556495.056274 1.493283e-02
1164556495.056396 1.501758e-02
1164556495.056519 8.814804e-03
1164556495.056641 3.720606e-03
1164556495.056763 -4.047073e-04
1164556495.056885 -3.442330e-03
1164556495.057007 -1.687353e-03
1164556495.057129 -3.929352e-03
1164556495.057251 -1.083910e-02
1164556495.057373 -1.050177e-02
1164556495.057495 -1.075641e-02
1164556495.057617 -1.464807e-02
1164556495.057739 -1.211129e-02
1164556495.057861 -3.536178e-03
1164556495.057983 2.893696e-03
1164556495.058105 5.628841e-03
1164556495.058228 1.293139e-02
1164556495.058350 2.465865e-02
1164556495.058472 2.899037e-02
1164556495.058594 2.395431e-02
1164556495.058716 1.229607e-02
1164556495.058838 -3.128513e-03
1164556495.058960 -1.705478e-02
1164556495.059082 -2.677433e-02
1164556495.059204 -3.224568e-02
1164556495.059326 -2.931867e-02
1164556495.059448 -1.695437e-02
1164556495.059570 -3.755144e-03
1164556495.059692 2.743116e-03
1164556495.059814 1.215226e-02
1164556495.059937 2.160577e-02
1164556495.060059 2.022740e-02
1164556495.060181 1.822528e-02
1164556495.060303 2.094264e-02
1164556495.060425 1.783943e-02
1164556495.060547 9.139649e-03
1164556495.060669 7.387646e-04
1164556495.060791 -1.003240e-02
1164556495.060913 -2.396773e-02
1164556495.061035 -3.058388e-02
1164556495.061157 -3.029131e-02
1164556495.061279 -2.531960e-02
1164556495.061401 -1.489644e-02
1164556495.061523 2.184042e-03
1164556495.061646 1.633951e-02
1164556495.061768 2.316549e-02
1164556495.061890 2.735362e-02
1164556495.062012 2.820977e-02
1164556495.062134 2.204898e-02
1164556495.062256 1.338283e-02
1164556495.062378 3.732833e-03
1164556495.062500 -8.545277e-03
1164556495.062622 -1.780117e-02
1164556495.062744 -2.237271e-02
1164556495.062866 -2.503786e-02
1164556495.062988 -2.262549e-02
1164556495.063110 -1.473852e-02
1164556495.063232 -5.274432e-03
1164556495.063354 1.015683e-03
1164556495.063477 8.972298e-03
1164556495.063599 1.761358e-02
1164556495.063721 1.977368e-02
1164556495.063843 1.668869e-02
1164556495.063965 1.292711e-02
1164556495.064087 1.056259e-02
1164556495.064209 8.807148e-03
1164556495.064331 3.483289e-03
1164556495.064453 -4.051977e-03
1164556495.064575 -1.164032e-02
1164556495.064697 -1.569057e-02
1164556495.064819 -2.002362e-02
1164556495.064941 -2.504893e-02
1164556495.065063 -2.303451e-02
1164556495.065186 -1.127606e-02
1164556495.065308 3.103992e-03
1164556495.065430 1.548393e-02
1164556495.065552 2.480425e-02
1164556495.065674 2.954271e-02
1164556495.065796 2.574396e-02
1164556495.065918 1.425257e-02
1164556495.066040 1.892096e-03
1164556495.066162 -5.394156e-03
1164556495.066284 -1.023138e-02
1164556495.066406 -1.419428e-02
1164556495.066528 -1.900607e-02
1164556495.066650 -1.692938e-02
1164556495.066772 -1.204365e-02
1164556495.066895 -8.541247e-03
1164556495.067017 -3.941992e-03
1164556495.067139 -1.871413e-04
1164556495.067261 5.617181e-03
1164556495.067383 1.493925e-02
1164556495.067505 1.860122e-02
1164556495.067627 1.532936e-02
1164556495.067749 1.075237e-02
1164556495.067871 6.779660e-03
1164556495.067993 -7.276519e-04
1164556495.068115 -6.038935e-03
1164556495.068237 -4.721268e-03
1164556495.068359 -4.592674e-03
1164556495.068481 -9.225918e-03
1164556495.068604 -1.325841e-02
1164556495.068726 -1.176395e-02
1164556495.068848 -8.650670e-03
1164556495.068970 -6.219067e-03
1164556495.069092 -2.305378e-03
1164556495.069214 3.135667e-03
1164556495.069336 9.911594e-03
1164556495.069458 1.791839e-02
1164556495.069580 1.806319e-02
1164556495.069702 1.070418e-02
1164556495.069824 4.675334e-03
1164556495.069946 -2.824724e-03
1164556495.070068 -6.367314e-03
1164556495.070190 -3.905108e-03
1164556495.070312 -1.324919e-04
1164556495.070435 -2.907907e-03
1164556495.070557 -8.466619e-03
1164556495.070679 -1.033827e-02
1164556495.070801 -1.396854e-02
1164556495.070923 -1.606239e-02
1164556495.071045 -8.088389e-03
1164556495.071167 1.211975e-03
1164556495.071289 9.086076e-03
1164556495.071411 1.669596e-02
1164556495.071533 2.073027e-02
1164556495.071655 2.054786e-02
1164556495.071777 1.617398e-02
1164556495.071899 9.016502e-03
1164556495.072021 -2.687769e-03
1164556495.072144 -1.176961e-02
1164556495.072266 -1.491445e-02
1164556495.072388 -1.830799e-02
1164556495.072510 -1.900312e-02
1164556495.072632 -1.514379e-02
1164556495.072754 -8.192848e-03
1164556495.072876 -3.313679e-03
1164556495.072998 -1.946318e-03
1164556495.073120 6.073994e-03
1164556495.073242 1.748245e-02
1164556495.073364 2.074160e-02
1164556495.073486 1.899492e-02
1164556495.073608 1.733878e-02
1164556495.073730 1.476056e-02
1164556495.073853 4.321254e-03
1164556495.073975 -6.332303e-03
1164556495.074097 -1.373143e-02
1164556495.074219 -1.929448e-02
1164556495.074341 -2.031711e-02
1164556495.074463 -2.096045e-02
1164556495.074585 -2.044446e-02
1164556495.074707 -1.218628e-02
1164556495.074829 5.855997e-04
1164556495.074951 7.958649e-03
1164556495.075073 1.262826e-02
1164556495.075195 2.436291e-02
1164556495.075317 3.121459e-02
1164556495.075439 2.757182e-02
1164556495.075562 1.981781e-02
1164556495.075684 7.104205e-03
1164556495.075806 -8.303694e-03
1164556495.075928 -1.920479e-02
1164556495.076050 -2.809546e-02
1164556495.076172 -3.387593e-02
1164556495.076294 -2.896168e-02
1164556495.076416 -1.494191e-02
1164556495.076538 -3.468227e-03
1164556495.076660 4.545514e-03
1164556495.076782 1.277392e-02
1164556495.076904 2.057895e-02
1164556495.077026 2.479542e-02
1164556495.077148 2.300744e-02
1164556495.077271 1.948223e-02
1164556495.077393 1.690568e-02
1164556495.077515 1.157004e-02
1164556495.077637 4.682424e-03
