1164556494.729004 3.826130e-02
1164556494.729126 4.505915e-02
1164556494.729248 4.728490e-02
1164556494.729370 4.064138e-02
1164556494.729492 3.228962e-02
1164556494.729614 1.926374e-02
1164556494.729736 9.608990e-04
1164556494.729858 -1.413638e-02
1164556494.729980 -2.537039e-02
1164556494.730103 -3.782066e-02
1164556494.730225 -4.295695e-02
1164556494.730347 -3.312578e-02
1164556494.730469 -1.985513e-02
1164556494.730591 -9.820922e-03
1164556494.730713 1.046705e-02
1164556494.730835 2.546311e-02
1164556494.730957 3.209495e-02
1164556494.731079 3.557846e-02
1164556494.731201 2.935540e-02
1164556494.731323 1.763364e-02
1164556494.731445 1.122063e-02
1164556494.731567 4.446763e-03
1164556494.731689 -1.458567e-02
1164556494.731812 -2.914694e-02
1164556494.731934 -2.870696e-02
1164556494.732056 -2.946554e-02
1164556494.732178 -2.453226e-02
1164556494.732300 -9.171172e-03
1164556494.732422 1.218301e-03
1164556494.732544 2.073617e-03
1164556494.732666 8.799457e-03
1164556494.732788 1.483327e-02
1164556494.732910 1.860515e-02
1164556494.733032 2.467972e-02
1164556494.733154 2.766397e-02
1164556494.733276 2.465110e-02
1164556494.733398 1.799471e-02
1164556494.733521 2.550089e-03
1164556494.733643 -1.770536e-02
1164556494.733765 -3.380356e-02
1164556494.733887 -4.097905e-02
1164556494.734009 -4.173161e-02
1164556494.734131 -2.729353e-02
1164556494.734253 -9.721233e-03
1164556494.734375 -5.809953e-04
1164556494.734497 1.374042e-02
1164556494.734619 3.177936e-02
1164556494.734741 3.981683e-02
1164556494.734863 4.152988e-02
1164556494.734985 3.493721e-02
1164556494.735107 1.783258e-02
1164556494.735229 -7.320880e-04
1164556494.735352 -1.115810e-02
1164556494.735474 -2.733542e-02
1164556494.735596 -4.385668e-02
1164556494.735718 -4.557589e-02
1164556494.735840 -3.522985e-02
1164556494.735962 -1.845550e-02
1164556494.736084 5.849290e-03
1164556494.736206 2.381871e-02
1164556494.736328 2.743205e-02
1164556494.736450 2.714023e-02
1164556494.736572 2.446039e-02
1164556494.736694 1.475303e-02
1164556494.736816 9.886536e-03
1164556494.736938 1.044370e-02
1164556494.737061 4.828642e-03
1164556494.737183 -1.174387e-02
1164556494.737305 -1.523257e-02
1164556494.737427 -1.185639e-02
1164556494.737549 -1.647665e-02
1164556494.737671 -2.335261e-02
1164556494.737793 -2.207242e-02
1164556494.737915 -1.184662e-02
1164556494.738037 1.266828e-03
1164556494.738159 1.079336e-02
1164556494.738281 7.689783e-03
1164556494.738403 2.637739e-03
1164556494.738525 1.463423e-02
1164556494.738647 2.416650e-02
1164556494.738770 2.156914e-02
1164556494.738892 2.017189e-02
1164556494.739014 2.272839e-02
1164556494.739136 1.244149e-02
1164556494.739258 -7.363200e-03
1164556494.739380 -2.381070e-02
1164556494.739502 -3.668019e-02
1164556494.739624 -4.402962e-02
1164556494.739746 -4.282957e-02
1164556494.739868 -3.095128e-02
1164556494.739990 -9.237656e-03
1164556494.740112 1.865502e-02
1164556494.740234 3.937490e-02
1164556494.740356 4.016807e-02
1164556494.740479 3.387135e-02
1164556494.740601 3.462626e-02
1164556494.740723 3.357772e-02
1164556494.740845 1.675452e-02
1164556494.740967 -3.643444e-03
1164556494.741089 -2.127344e-02
1164556494.741211 -3.570436e-02
1164556494.741333 -4.502353e-02
1164556494.741455 -4.238612e-02
1164556494.741577 -3.916635e-02
1164556494.741699 -2.945710e-02
1164556494.741821 -9.442923e-03
1164556494.741943 1.513477e-02
1164556494.742065 3.978608e-02
1164556494.742188 5.738085e-02
1164556494.742310 5.751159e-02
1164556494.742432 4.011729e-02
1164556494.742554 1.336707e-02
1164556494.742676 -7.631910e-03
1164556494.742798 -2.046138e-02
1164556494.742920 -2.610717e-02
1164556494.743042 -2.782531e-02
1164556494.743164 -2.738206e-02
1164556494.743286 -2.641618e-02
1164556494.743408 -2.423652e-02
1164556494.743530 -1.422348e-02
1164556494.743652 -3.982504e-03
1164556494.743774 -2.871723e-04
1164556494.743896 1.213067e-02
1164556494.744019 2.892111e-02
1164556494.744141 3.549527e-02
1164556494.744263 3.470854e-02
1164556494.744385 2.876111e-02
1164556494.744507 1.433840e-02
1164556494.744629 1.476761e-04
1164556494.744751 -7.432486e-03
1164556494.744873 -1.746603e-02
1164556494.744995 -2.996323e-02
1164556494.745117 -3.193177e-02
1164556494.745239 -2.863421e-02
1164556494.745361 -1.927006e-02
1164556494.745483 -8.091777e-03
1164556494.745605 -3.221414e-03
1164556494.745728 -1.163325e-03
1164556494.745850 7.442378e-03
1164556494.745972 1.669177e-02
1164556494.746094 2.405510e-02
1164556494.746216 3.338166e-02
1164556494.746338 4.440347e-02
1164556494.746460 3.801803e-02
1164556494.746582 1.559350e-02
1164556494.746704 -8.419195e-03
1164556494.746826 -2.960393e-02
1164556494.746948 -4.154076e-02
1164556494.747070 -4.370485e-02
1164556494.747192 -4.035831e-02
1164556494.747314 -3.144351e-02
1164556494.747437 -1.971644e-02
1164556494.747559 -5.114991e-03
1164556494.747681 8.196908e-03
1164556494.747803 2.842500e-02
1164556494.747925 4.666462e-02
1164556494.748047 5.341689e-02
1164556494.748169 5.506266e-02
1164556494.748291 4.206980e-02
1164556494.748413 7.913282e-03
1164556494.748535 -2.511017e-02
1164556494.748657 -4.331866e-02
1164556494.748779 -4.901727e-02
1164556494.748901 -4.813152e-02
1164556494.749023 -3.166641e-02
1164556494.749146 -1.295064e-02
1164556494.749268 -1.270086e-03
1164556494.749390 5.042729e-03
1164556494.749512 5.719240e-03
1164556494.749634 5.762950e-03
1164556494.749756 1.990512e-02
1164556494.749878 3.683001e-02
1164556494.750000 4.291594e-02
1164556494.750122 3.492420e-02
1164556494.750244 2.511707e-02
1164556494.750366 7.969297e-03
1164556494.750488 -1.508430e-02
1164556494.750610 -3.273396e-02
1164556494.750732 -4.381963e-02
1164556494.750854 -4.264050e-02
1164556494.750977 -2.948597e-02
1164556494.751099 -1.723660e-02
1164556494.751221 -7.314368e-03
1164556494.751343 4.152840e-03
1164556494.751465 1.632006e-02
1164556494.751587 1.565582e-02
1164556494.751709 1.592142e-02
1164556494.751831 3.046947e-02
1164556494.751953 4.112337e-02
1164556494.752075 3.414338e-02
1164556494.752197 1.635291e-02
1164556494.752319 -3.453744e-03
1164556494.752441 -2.027600e-02
1164556494.752563 -2.396742e-02
1164556494.752686 -2.058678e-02
1164556494.752808 -2.740744e-02
1164556494.752930 -2.804289e-02
1164556494.753052 -2.371679e-02
1164556494.753174 -2.264671e-02
1164556494.753296 -1.634464e-02
1164556494.753418 2.019931e-03
1164556494.753540 1.281001e-02
1164556494.753662 2.448517e-02
1164556494.753784 4.777392e-02
1164556494.753906 5.855728e-02
1164556494.754028 4.702808e-02
1164556494.754150 2.782509e-02
1164556494.754272 3.566128e-03
1164556494.754395 -2.241002e-02
1164556494.754517 -3.933219e-02
1164556494.754639 -5.275412e-02
1164556494.754761 -5.852420e-02
1164556494.754883 -4.302206e-02
1164556494.755005 -2.488427e-02
1164556494.755127 -5.262313e-03
1164556494.755249 1.381902e-02
1164556494.755371 2.889027e-02
1164556494.755493 3.305543e-02
1164556494.755615 3.067819e-02
1164556494.755737 3.459502e-02
1164556494.755859 3.835157e-02
1164556494.755981 3.969989e-02
1164556494.756104 2.502365e-02
1164556494.756226 -2.620479e-03
1164556494.756348 -1.964612e-02
1164556494.756470 -4.260806e-02
1164556494.756592 -6.003338e-02
1164556494.756714 -6.312130e-02
1164556494.756836 -5.221409e-02
1164556494.756958 -2.884551e-02
1164556494.757080 -3.186940e-04
1164556494.757202 2.935076e-02
1164556494.757324 4.521286e-02
1164556494.757446 5.239881e-02
1164556494.757568 4.861309e-02
1164556494.757690 3.240317e-02
1164556494.757812 3.090446e-02
1164556494.757935 2.687700e-02
1164556494.758057 8.336773e-03
1164556494.758179 -1.363860e-02
1164556494.758301 -3.895095e-02
1164556494.758423 -5.942848e-02
1164556494.758545 -6.752646e-02
1164556494.758667 -6.117868e-02
1164556494.758789 -4.098383e-02
1164556494.758911 -1.972132e-03
1164556494.759033 3.887220e-02
1164556494.759155 5.038197e-02
1164556494.759277 4.566917e-02
1164556494.759399 4.179881e-02
1164556494.759521 3.839858e-02
1164556494.759644 2.785386e-02
1164556494.759766 1.848766e-02
1164556494.759888 5.273763e-03
1164556494.760010 -1.718769e-02
1164556494.760132 -3.846226e-02
1164556494.760254 -5.310311e-02
1164556494.760376 -5.120555e-02
1164556494.760498 -3.431530e-02
1164556494.760620 -1.121602e-02
1164556494.760742 4.813185e-03
1164556494.760864 1.172532e-02
1164556494.760986 2.362048e-02
1164556494.761108 2.597371e-02
1164556494.761230 2.204829e-02
1164556494.761353 2.021303e-02
1164556494.761475 1.755094e-02
1164556494.761597 1.207847e-02
1164556494.761719 7.971143e-03
1164556494.761841 4.962366e-04
1164556494.761963 -8.134415e-03
1164556494.762085 -8.539886e-03
1164556494.762207 -5.788631e-03
1164556494.762329 -1.221942e-02
1164556494.762451 -1.926645e-02
1164556494.762573 -2.346571e-02
1164556494.762695 -2.836342e-02
1164556494.762817 -2.600990e-02
1164556494.762939 -1.116979e-02
1164556494.763062 8.070774e-03
1164556494.763184 1.905385e-02
1164556494.763306 2.196018e-02
1164556494.763428 2.782049e-02
1164556494.763550 3.086797e-02
1164556494.763672 3.740958e-02
1164556494.763794 4.148964e-02
1164556494.763916 2.905186e-02
1164556494.764038 -8.145011e-05
1164556494.764160 -2.622273e-02
1164556494.764282 -4.243432e-02
1164556494.764404 -6.410639e-02
1164556494.764526 -7.533231e-02
1164556494.764648 -5.808722e-02
1164556494.764771 -3.335698e-02
1164556494.764893 2.613062e-03
1164556494.765015 4.022697e-02
1164556494.765137 6.380304e-02
1164556494.765259 7.567902e-02
1164556494.765381 7.390355e-02
1164556494.765503 4.753439e-02
1164556494.765625 1.644283e-02
1164556494.765747 -3.387440e-03
1164556494.765869 -2.424169e-02
1164556494.765991 -4.239945e-02
1164556494.766113 -4.894678e-02
1164556494.766235 -5.392464e-02
1164556494.766357 -5.479572e-02
1164556494.766479 -5.188510e-02
1164556494.766602 -3.091459e-02
1164556494.766724 5.433078e-03
1164556494.766846 4.093404e-02
1164556494.766968 6.504065e-02
1164556494.767090 7.007444e-02
1164556494.767212 5.910973e-02
1164556494.767334 2.885627e-02
1164556494.767456 -4.331756e-03
1164556494.767578 -1.386807e-02
1164556494.767700 -1.686952e-02
1164556494.767822 -1.146116e-02
1164556494.767944 -8.450949e-03
1164556494.768066 -2.285589e-02
1164556494.768188 -3.605310e-02
1164556494.768311 -3.762129e-02
1164556494.768433 -3.532318e-02
1164556494.768555 -3.329521e-02
1164556494.768677 -1.742630e-02
1164556494.768799 1.013675e-02
1164556494.768921 2.946761e-02
1164556494.769043 5.023221e-02
1164556494.769165 6.013309e-02
1164556494.769287 4.878710e-02
1164556494.769409 3.508875e-02
1164556494.769531 2.260898e-02
1164556494.769653 9.439558e-03
1164556494.769775 -4.714776e-03
1164556494.769897 -2.559451e-02
1164556494.770020 -4.897742e-02
1164556494.770142 -6.582143e-02
1164556494.770264 -7.092592e-02
1164556494.770386 -6.543833e-02
1164556494.770508 -4.331814e-02
1164556494.770630 -1.030421e-02
1164556494.770752 2.375699e-02
1164556494.770874 6.370906e-02
1164556494.770996 9.441093e-02
1164556494.771118 9.623951e-02
1164556494.771240 8.354464e-02
1164556494.771362 5.106537e-02
1164556494.771484 4.845321e-03
1164556494.771606 -3.225629e-02
1164556494.771729 -5.518949e-02
1164556494.771851 -8.197145e-02
1164556494.771973 -9.804171e-02
1164556494.772095 -8.931479e-02
1164556494.772217 -6.591952e-02
1164556494.772339 -2.460684e-02
1164556494.772461 2.410840e-02
1164556494.772583 5.348881e-02
1164556494.772705 7.534976e-02
1164556494.772827 9.572382e-02
1164556494.772949 8.868016e-02
1164556494.773071 5.647020e-02
1164556494.773193 2.893181e-02
1164556494.773315 2.692505e-03
1164556494.773438 -3.313201e-02
1164556494.773560 -6.478318e-02
1164556494.773682 -7.899213e-02
1164556494.773804 -7.633022e-02
1164556494.773926 -6.196575e-02
1164556494.774048 -4.067138e-02
1164556494.774170 -1.674660e-02
1164556494.774292 1.410503e-02
1164556494.774414 4.253008e-02
1164556494.774536 5.249236e-02
1164556494.774658 5.810579e-02
1164556494.774780 6.278367e-02
1164556494.774902 6.280653e-02
1164556494.775024 4.484597e-02
1164556494.775146 8.182866e-03
1164556494.775269 -2.952772e-02
1164556494.775391 -5.351170e-02
1164556494.775513 -6.130758e-02
1164556494.775635 -5.755978e-02
1164556494.775757 -5.142297e-02
1164556494.775879 -3.334451e-02
1164556494.776001 -6.544774e-03
1164556494.776123 1.650366e-02
1164556494.776245 2.637500e-02
1164556494.776367 2.573218e-02
1164556494.776489 2.433212e-02
1164556494.776611 3.070147e-02
1164556494.776733 3.845257e-02
1164556494.776855 3.885631e-02
1164556494.776978 2.739915e-02
1164556494.777100 6.729023e-03
1164556494.777222 -1.616933e-02
1164556494.777344 -3.574297e-02
1164556494.777466 -4.746965e-02
1164556494.777588 -3.968031e-02
1164556494.777710 -2.494359e-02
1164556494.777832 -9.497433e-03
1164556494.777954 -1.162534e-03
1164556494.778076 1.300275e-03
1164556494.778198 8.296495e-03
1164556494.778320 1.033804e-02
1164556494.778442 4.797292e-03
1164556494.778564 -3.380139e-03
1164556494.778687 1.191859e-02
1164556494.778809 3.840579e-02
1164556494.778931 3.981059e-02
1164556494.779053 3.578780e-02
1164556494.779175 2.527778e-02
1164556494.779297 4.834302e-03
1164556494.779419 -2.271730e-02
1164556494.779541 -3.998257e-02
1164556494.779663 -4.734068e-02
1164556494.779785 -4.957828e-02
1164556494.779907 -3.368488e-02
1164556494.780029 -2.918240e-02
1164556494.780151 -2.079076e-02
1164556494.780273 9.186751e-03
1164556494.780396 2.681879e-02
1164556494.780518 3.489671e-02
1164556494.780640 4.430090e-02
1164556494.780762 5.703991e-02
1164556494.780884 5.384334e-02
1164556494.781006 3.872535e-02
1164556494.781128 2.005022e-02
1164556494.781250 -1.301870e-02
1164556494.781372 -3.571954e-02
1164556494.781494 -4.876841e-02
1164556494.781616 -6.541296e-02
1164556494.781738 -7.003639e-02
1164556494.781860 -5.913140e-02
1164556494.781982 -3.507591e-02
1164556494.782104 -1.098804e-02
1164556494.782227 1.913794e-02
1164556494.782349 5.148420e-02
1164556494.782471 7.253369e-02
1164556494.782593 8.978458e-02
1164556494.782715 8.236448e-02
1164556494.782837 5.446442e-02
1164556494.782959 2.398469e-02
1164556494.783081 -1.822741e-02
1164556494.783203 -6.566095e-02
1164556494.783325 -8.882718e-02
1164556494.783447 -8.338214e-02
1164556494.783569 -6.985246e-02
1164556494.783691 -4.541148e-02
1164556494.783813 -1.344580e-02
1164556494.783936 1.323012e-02
1164556494.784058 3.497646e-02
1164556494.784180 5.215286e-02
1164556494.784302 5.212511e-02
1164556494.784424 5.207077e-02
1164556494.784546 5.808170e-02
1164556494.784668 4.695381e-02
1164556494.784790 2.076938e-02
1164556494.784912 -3.851032e-03
1164556494.785034 -3.375608e-02
1164556494.785156 -5.767991e-02
1164556494.785278 -6.327677e-02
1164556494.785400 -5.461805e-02
1164556494.785522 -4.185919e-02
1164556494.785645 -1.855826e-02
1164556494.785767 3.306074e-03
1164556494.785889 5.874105e-03
1164556494.786011 1.549103e-02
1164556494.786133 2.994568e-02
1164556494.786255 2.740605e-02
1164556494.786377 2.687625e-02
1164556494.786499 3.218782e-02
1164556494.786621 4.764748e-02
1164556494.786743 5.475010e-02
1164556494.786865 4.301618e-02
1164556494.786987 3.471013e-03
1164556494.787109 -4.246566e-02
1164556494.787231 -5.987802e-02
1164556494.787354 -7.713649e-02
1164556494.787476 -8.485955e-02
1164556494.787598 -6.414272e-02
1164556494.787720 -3.742770e-02
1164556494.787842 -1.129804e-02
1164556494.787964 1.877487e-02
1164556494.788086 6.127619e-02
1164556494.788208 8.493013e-02
1164556494.788330 9.641052e-02
1164556494.788452 8.775354e-02
1164556494.788574 5.412871e-02
1164556494.788696 3.028836e-02
1164556494.788818 -5.485052e-03
1164556494.788940 -5.824326e-02
1164556494.789062 -9.633974e-02
1164556494.789185 -1.079600e-01
1164556494.789307 -9.245178e-02
1164556494.789429 -6.707870e-02
1164556494.789551 -2.922541e-02
1164556494.789673 6.385139e-03
1164556494.789795 4.229256e-02
1164556494.789917 8.087855e-02
1164556494.790039 9.802306e-02
1164556494.790161 9.110388e-02
1164556494.790283 6.907115e-02
1164556494.790405 3.759392e-02
1164556494.790527 1.575733e-03
1164556494.790649 -3.483563e-02
1164556494.790771 -6.315545e-02
1164556494.790894 -7.618304e-02
1164556494.791016 -6.833357e-02
1164556494.791138 -5.459227e-02
1164556494.791260 -4.015118e-02
1164556494.791382 -1.947794e-02
1164556494.791504 1.003276e-02
1164556494.791626 3.806907e-02
1164556494.791748 4.788860e-02
1164556494.791870 5.050038e-02
1164556494.791992 4.757118e-02
1164556494.792114 3.157718e-02
1164556494.792236 1.314091e-02
1164556494.792358 -2.087596e-03
1164556494.792480 -3.662483e-03
1164556494.792603 4.928402e-03
1164556494.792725 9.163476e-03
1164556494.792847 -1.089127e-02
1164556494.792969 -4.070426e-02
1164556494.793091 -4.905017e-02
1164556494.793213 -4.496145e-02
1164556494.793335 -4.876665e-02
1164556494.793457 -4.031559e-02
1164556494.793579 -9.781843e-03
1164556494.793701 2.471867e-02
1164556494.793823 4.696651e-02
1164556494.793945 6.089476e-02
1164556494.794067 5.672894e-02
1164556494.794189 4.375483e-02
1164556494.794312 3.417495e-02
1164556494.794434 2.140224e-02
1164556494.794556 8.780532e-03
1164556494.794678 -2.002728e-04
1164556494.794800 -2.453155e-02
1164556494.794922 -6.237330e-02
1164556494.795044 -8.038577e-02
1164556494.795166 -8.172204e-02
1164556494.795288 -7.130811e-02
1164556494.795410 -3.595448e-02
1164556494.795532 1.006045e-02
1164556494.795654 4.732060e-02
1164556494.795776 8.127826e-02
1164556494.795898 9.846786e-02
1164556494.796021 7.614817e-02
1164556494.796143 4.562874e-02
1164556494.796265 2.267660e-02
1164556494.796387 -3.121822e-03
1164556494.796509 -1.325635e-02
1164556494.796631 -2.183765e-02
1164556494.796753 -4.963580e-02
1164556494.796875 -7.443649e-02
1164556494.796997 -8.643446e-02
1164556494.797119 -8.426253e-02
1164556494.797241 -5.692082e-02
1164556494.797363 -2.601950e-03
1164556494.797485 4.099649e-02
1164556494.797607 7.121964e-02
1164556494.797729 9.480317e-02
1164556494.797852 8.528321e-02
1164556494.797974 5.956803e-02
1164556494.798096 4.528270e-02
1164556494.798218 1.967796e-02
1164556494.798340 -1.309298e-02
1164556494.798462 -3.895145e-02
1164556494.798584 -5.595184e-02
1164556494.798706 -6.582441e-02
1164556494.798828 -7.220924e-02
1164556494.798950 -6.999598e-02
1164556494.799072 -5.909965e-02
1164556494.799194 -2.731755e-02
1164556494.799316 1.614738e-02
1164556494.799438 4.123386e-02
1164556494.799561 6.751699e-02
1164556494.799683 8.960613e-02
1164556494.799805 9.007102e-02
1164556494.799927 7.292960e-02
1164556494.800049 3.877883e-02
1164556494.800171 -1.785432e-03
1164556494.800293 -3.642312e-02
1164556494.800415 -6.347666e-02
1164556494.800537 -7.275946e-02
1164556494.800659 -6.803266e-02
1164556494.800781 -6.288741e-02
1164556494.800903 -5.971542e-02
1164556494.801025 -3.695245e-02
1164556494.801147 1.012657e-03
1164556494.801270 3.842348e-02
1164556494.801392 6.664675e-02
1164556494.801514 7.081652e-02
1164556494.801636 6.748215e-02
1164556494.801758 6.710733e-02
1164556494.801880 4.963979e-02
1164556494.802002 1.601322e-02
1164556494.802124 -1.251303e-02
1164556494.802246 -3.265196e-02
1164556494.802368 -6.704517e-02
1164556494.802490 -8.117922e-02
1164556494.802612 -6.447704e-02
1164556494.802734 -4.679456e-02
1164556494.802856 -2.019455e-02
1164556494.802979 1.578012e-03
1164556494.803101 1.272444e-02
1164556494.803223 2.250293e-02
1164556494.803345 3.346451e-02
1164556494.803467 4.486133e-02
1164556494.803589 5.506751e-02
1164556494.803711 6.429043e-02
1164556494.803833 5.398870e-02
1164556494.803955 3.225960e-02
1164556494.804077 -8.603469e-03
1164556494.804199 -5.244069e-02
1164556494.804321 -6.499153e-02
1164556494.804443 -5.687469e-02
1164556494.804565 -4.510371e-02
1164556494.804688 -3.575955e-02
1164556494.804810 -3.332750e-02
1164556494.804932 -3.119412e-02
1164556494.805054 -2.090393e-02
1164556494.805176 7.848258e-03
1164556494.805298 5.068237e-02
1164556494.805420 8.680905e-02
1164556494.805542 1.014532e-01
1164556494.805664 8.404711e-02
1164556494.805786 4.613762e-02
1164556494.805908 2.914659e-03
1164556494.806030 -4.213116e-02
1164556494.806152 -7.166493e-02
1164556494.806274 -8.396549e-02
1164556494.806396 -6.726525e-02
1164556494.806519 -3.999778e-02
1164556494.806641 -3.170972e-02
1164556494.806763 -2.163317e-02
1164556494.806885 -7.497444e-04
1164556494.807007 2.134520e-02
1164556494.807129 3.805169e-02
1164556494.807251 4.886888e-02
1164556494.807373 5.770637e-02
1164556494.807495 6.063866e-02
1164556494.807617 6.167535e-02
1164556494.807739 4.123519e-02
1164556494.807861 -8.442463e-04
1164556494.807983 -3.521058e-02
1164556494.808105 -5.729426e-02
1164556494.808228 -8.205778e-02
1164556494.808350 -8.264296e-02
1164556494.808472 -4.746921e-02
1164556494.808594 -1.773490e-02
1164556494.808716 -1.853711e-03
1164556494.808838 2.090779e-02
1164556494.808960 4.277445e-02
1164556494.809082 4.878632e-02
1164556494.809204 4.505965e-02
1164556494.809326 3.996577e-02
1164556494.809448 1.700426e-02
1164556494.809570 1.094703e-02
1164556494.809692 2.071761e-02
1164556494.809814 4.473088e-03
1164556494.809937 -1.301993e-02
1164556494.810059 -2.005753e-02
1164556494.810181 -3.220772e-02
1164556494.810303 -4.716685e-02
1164556494.810425 -4.071253e-02
1164556494.810547 -2.422512e-02
1164556494.810669 -3.031946e-02
1164556494.810791 -1.993825e-02
1164556494.810913 -4.420677e-03
1164556494.811035 8.394482e-03
1164556494.811157 3.508374e-02
1164556494.811279 4.737365e-02
1164556494.811401 6.053799e-02
1164556494.811523 7.962884e-02
1164556494.811646 8.263783e-02
1164556494.811768 4.597015e-02
1164556494.811890 -2.067250e-02
1164556494.812012 -7.234520e-02
1164556494.812134 -1.060525e-01
1164556494.812256 -1.030091e-01
1164556494.812378 -7.796545e-02
1164556494.812500 -4.047582e-02
1164556494.812622 1.043678e-03
1164556494.812744 2.026369e-02
1164556494.812866 3.819664e-02
1164556494.812988 5.944218e-02
1164556494.813110 6.486714e-02
1164556494.813232 5.981466e-02
1164556494.813354 5.867156e-02
1164556494.813477 4.979160e-02
1164556494.813599 2.284932e-02
1164556494.813721 -3.664401e-03
1164556494.813843 -4.052035e-02
1164556494.813965 -7.755598e-02
1164556494.814087 -8.804910e-02
1164556494.814209 -8.302130e-02
1164556494.814331 -6.217279e-02
1164556494.814453 -1.326271e-02
1164556494.814575 3.267249e-02
1164556494.814697 4.173400e-02
1164556494.814819 3.642505e-02
1164556494.814941 4.122104e-02
1164556494.815063 4.516336e-02
1164556494.815186 4.368573e-02
1164556494.815308 3.718543e-02
1164556494.815430 2.652506e-02
1164556494.815552 1.279578e-02
1164556494.815674 -1.787334e-03
1164556494.815796 -3.295643e-02
1164556494.815918 -5.637729e-02
1164556494.816040 -5.321776e-02
1164556494.816162 -3.769266e-02
1164556494.816284 -2.591844e-02
1164556494.816406 -2.331781e-02
1164556494.816528 -1.871230e-02
1164556494.816650 -1.657126e-02
1164556494.816772 -7.120537e-03
1164556494.816895 1.148201e-02
1164556494.817017 3.569632e-02
1164556494.817139 7.184359e-02
1164556494.817261 9.869082e-02
1164556494.817383 9.232552e-02
1164556494.817505 5.632394e-02
1164556494.817627 1.161419e-02
1164556494.817749 -2.933976e-02
1164556494.817871 -7.388759e-02
1164556494.817993 -1.031879e-01
1164556494.818115 -1.079705e-01
1164556494.818237 -9.930477e-02
1164556494.818359 -7.042019e-02
1164556494.818481 -2.734082e-02
1164556494.818604 1.841192e-02
1164556494.818726 6.403712e-02
1164556494.818848 1.026104e-01
1164556494.818970 1.187856e-01
1164556494.819092 1.033565e-01
1164556494.819214 8.253006e-02
1164556494.819336 5.202793e-02
1164556494.819458 6.634557e-03
1164556494.819580 -2.860634e-02
1164556494.819702 -7.404617e-02
1164556494.819824 -1.276584e-01
1164556494.819946 -1.481217e-01
1164556494.820068 -1.192359e-01
1164556494.820190 -6.939563e-02
1164556494.820312 -1.841997e-02
1164556494.820435 4.395008e-02
1164556494.820557 9.494475e-02
1164556494.820679 1.208877e-01
1164556494.820801 1.182345e-01
1164556494.820923 8.488779e-02
1164556494.821045 4.310154e-02
1164556494.821167 1.526462e-02
1164556494.821289 -4.129602e-03
1164556494.821411 -2.322162e-02
1164556494.821533 -4.317833e-02
1164556494.821655 -6.164061e-02
1164556494.821777 -8.754293e-02
1164556494.821899 -1.001360e-01
1164556494.822021 -7.986238e-02
1164556494.822144 -4.941560e-02
1164556494.822266 -1.355820e-02
1164556494.822388 2.931538e-02
1164556494.822510 6.477199e-02
1164556494.822632 8.507963e-02
1164556494.822754 1.024907e-01
1164556494.822876 1.090855e-01
1164556494.822998 8.254598e-02
1164556494.823120 3.438722e-02
1164556494.823242 -9.728202e-03
1164556494.823364 -4.807271e-02
1164556494.823486 -6.629441e-02
1164556494.823608 -7.664887e-02
1164556494.823730 -9.597424e-02
1164556494.823853 -1.061366e-01
1164556494.823975 -9.361951e-02
1164556494.824097 -5.762371e-02
1164556494.824219 4.923962e-03
1164556494.824341 6.555199e-02
1164556494.824463 1.034457e-01
1164556494.824585 1.205241e-01
1164556494.824707 1.246103e-01
1164556494.824829 1.063487e-01
1164556494.824951 5.594991e-02
1164556494.825073 -3.254458e-03
1164556494.825195 -5.720655e-02
1164556494.825317 -8.342625e-02
1164556494.825439 -9.384388e-02
1164556494.825562 -9.459987e-02
1164556494.825684 -7.818797e-02
1164556494.825806 -5.516493e-02
1164556494.825928 -4.015253e-02
1164556494.826050 -2.128766e-02
1164556494.826172 1.821750e-02
1164556494.826294 6.304980e-02
1164556494.826416 9.539924e-02
1164556494.826538 1.005977e-01
1164556494.826660 8.674441e-02
1164556494.826782 7.212697e-02
1164556494.826904 5.655671e-02
1164556494.827026 1.529853e-02
1164556494.827148 -4.585777e-02
1164556494.827271 -8.282803e-02
1164556494.827393 -8.598950e-02
1164556494.827515 -8.495123e-02
1164556494.827637 -9.438248e-02
1164556494.827759 -9.530004e-02
1164556494.827881 -6.427783e-02
1164556494.828003 -1.023713e-02
1164556494.828125 5.161892e-02
1164556494.828247 1.008097e-01
1164556494.828369 1.327252e-01
1164556494.828491 1.391601e-01
1164556494.828613 1.134417e-01
1164556494.828735 5.436836e-02
1164556494.828857 -6.099416e-03
1164556494.828979 -4.646221e-02
1164556494.829102 -9.074733e-02
1164556494.829224 -1.234788e-01
1164556494.829346 -1.203822e-01
1164556494.829468 -8.106046e-02
1164556494.829590 -3.485154e-02
1164556494.829712 -4.358375e-03
1164556494.829834 1.719105e-02
1164556494.829956 3.743198e-02
1164556494.830078 6.859981e-02
1164556494.830200 8.674016e-02
1164556494.830322 7.803205e-02
1164556494.830444 5.522675e-02
1164556494.830566 2.495065e-02
1164556494.830688 -7.199278e-05
1164556494.830811 -2.132616e-02
1164556494.830933 -3.698878e-02
1164556494.831055 -3.934831e-02
1164556494.831177 -3.351240e-02
1164556494.831299 -2.709791e-02
1164556494.831421 -2.748206e-02
1164556494.831543 -3.460536e-02
1164556494.831665 -3.697000e-02
1164556494.831787 -2.973885e-02
1164556494.831909 -1.592191e-02
1164556494.832031 9.129668e-03
1164556494.832153 3.640776e-02
1164556494.832275 4.880429e-02
1164556494.832397 5.432090e-02
1164556494.832520 6.009670e-02
1164556494.832642 5.887511e-02
1164556494.832764 4.757758e-02
1164556494.832886 3.493112e-02
1164556494.833008 4.102091e-03
1164556494.833130 -4.545428e-02
1164556494.833252 -6.823089e-02
1164556494.833374 -7.991653e-02
1164556494.833496 -9.988594e-02
1164556494.833618 -8.860253e-02
1164556494.833740 -6.136682e-02
1164556494.833862 -4.320339e-02
1164556494.833984 -4.284841e-03
1164556494.834106 6.708060e-02
1164556494.834229 1.127207e-01
1164556494.834351 1.335136e-01
1164556494.834473 1.567299e-01
1164556494.834595 1.368170e-01
1164556494.834717 5.915143e-02
1164556494.834839 -2.209114e-02
1164556494.834961 -9.117130e-02
1164556494.835083 -1.534270e-01
1164556494.835205 -1.643382e-01
1164556494.835327 -1.347969e-01
1164556494.835449 -9.677883e-02
1164556494.835571 -3.887619e-02
1164556494.835693 1.403225e-02
1164556494.835815 3.702119e-02
1164556494.835938 7.034604e-02
1164556494.836060 1.190730e-01
1164556494.836182 1.351857e-01
1164556494.836304 1.191179e-01
1164556494.836426 1.058097e-01
1164556494.836548 6.765753e-02
1164556494.836670 -5.044301e-03
1164556494.836792 -7.104991e-02
1164556494.836914 -1.197243e-01
1164556494.837036 -1.415639e-01
1164556494.837158 -1.312051e-01
1164556494.837280 -9.577438e-02
1164556494.837402 -6.326605e-02
1164556494.837524 -3.025801e-02
1164556494.837646 7.778674e-03
1164556494.837769 4.552154e-02
1164556494.837891 9.875927e-02
1164556494.838013 1.387183e-01
1164556494.838135 1.501018e-01
1164556494.838257 1.333036e-01
1164556494.838379 7.753373e-02
1164556494.838501 1.319137e-02
1164556494.838623 -4.892547e-02
1164556494.838745 -1.089341e-01
1164556494.838867 -1.497638e-01
1164556494.838989 -1.384145e-01
1164556494.839111 -9.455295e-02
1164556494.839233 -5.876637e-02
1164556494.839355 -1.674454e-02
1164556494.839478 2.117683e-02
1164556494.839600 2.309437e-02
1164556494.839722 2.921765e-02
1164556494.839844 7.063285e-02
1164556494.839966 1.184700e-01
1164556494.840088 1.300530e-01
1164556494.840210 1.088460e-01
1164556494.840332 6.252237e-02
1164556494.840454 1.239525e-03
1164556494.840576 -3.916511e-02
1164556494.840698 -7.776092e-02
1164556494.840820 -1.131423e-01
1164556494.840942 -1.200400e-01
1164556494.841064 -1.048291e-01
1164556494.841187 -8.757670e-02
1164556494.841309 -6.257704e-02
1164556494.841431 -7.541554e-04
1164556494.841553 5.012511e-02
1164556494.841675 6.805446e-02
1164556494.841797 9.064727e-02
1164556494.841919 1.140627e-01
1164556494.842041 1.242772e-01
1164556494.842163 1.103349e-01
1164556494.842285 6.841257e-02
1164556494.842407 9.227046e-03
1164556494.842529 -4.331262e-02
1164556494.842651 -8.031825e-02
1164556494.842773 -1.232189e-01
1164556494.842896 -1.451492e-01
1164556494.843018 -1.291140e-01
1164556494.843140 -9.377383e-02
1164556494.843262 -6.079447e-02
1164556494.843384 -1.338420e-02
1164556494.843506 4.489643e-02
1164556494.843628 8.611447e-02
1164556494.843750 1.163398e-01
1164556494.843872 1.531171e-01
1164556494.843994 1.774281e-01
1164556494.844116 1.540292e-01
1164556494.844238 7.391469e-02
1164556494.844360 -1.285139e-02
1164556494.844482 -8.410165e-02
1164556494.844604 -1.509254e-01
1164556494.844727 -1.977911e-01
1164556494.844849 -1.993072e-01
1164556494.844971 -1.603150e-01
1164556494.845093 -9.521085e-02
1164556494.845215 -1.681194e-02
1164556494.845337 6.680908e-02
1164556494.845459 1.330205e-01
1164556494.845581 1.786206e-01
1164556494.845703 1.976513e-01
1164556494.845825 1.729856e-01
1164556494.845947 1.053571e-01
1164556494.846069 3.395545e-02
1164556494.846191 -3.073167e-02
1164556494.846313 -8.727951e-02
1164556494.846436 -1.215966e-01
1164556494.846558 -1.378911e-01
1164556494.846680 -1.531768e-01
1164556494.846802 -1.545460e-01
1164556494.846924 -1.078084e-01
1164556494.847046 -3.768049e-02
1164556494.847168 2.566273e-02
1164556494.847290 9.966209e-02
1164556494.847412 1.408407e-01
1164556494.847534 1.486967e-01
1164556494.847656 1.466542e-01
1164556494.847778 1.169730e-01
1164556494.847900 5.651223e-02
1164556494.848022 1.222688e-02
1164556494.848145 -6.433832e-03
1164556494.848267 -5.034058e-02
1164556494.848389 -1.005143e-01
1164556494.848511 -1.284397e-01
1164556494.848633 -1.508400e-01
1164556494.848755 -1.606890e-01
1164556494.848877 -1.217532e-01
1164556494.848999 -6.224214e-02
1164556494.849121 6.296273e-03
1164556494.849243 1.100305e-01
1164556494.849365 1.897268e-01
1164556494.849487 2.031848e-01
1164556494.849609 1.649822e-01
1164556494.849731 1.312561e-01
1164556494.849854 7.034263e-02
1164556494.849976 -2.395821e-02
1164556494.850098 -9.854692e-02
1164556494.850220 -1.208207e-01
1164556494.850342 -1.109904e-01
1164556494.850464 -1.299081e-01
1164556494.850586 -1.532478e-01
1164556494.850708 -1.471572e-01
1164556494.850830 -8.629802e-02
1164556494.850952 2.364884e-02
1164556494.851074 1.102944e-01
1164556494.851196 1.654671e-01
1164556494.851318 1.693659e-01
1164556494.851440 1.311809e-01
1164556494.851562 7.516237e-02
1164556494.851685 2.476477e-02
1164556494.851807 9.738361e-03
1164556494.851929 -3.348313e-03
1164556494.852051 -3.637348e-02
1164556494.852173 -5.930164e-02
1164556494.852295 -6.775953e-02
1164556494.852417 -8.652960e-02
1164556494.852539 -1.266352e-01
1164556494.852661 -1.454179e-01
1164556494.852783 -1.194176e-01
1164556494.852905 -4.815336e-02
1164556494.853027 5.838066e-02
1164556494.853149 1.359813e-01
1164556494.853271 1.529693e-01
1164556494.853394 1.488530e-01
1164556494.853516 1.339767e-01
1164556494.853638 8.926728e-02
1164556494.853760 5.422608e-02
1164556494.853882 4.619728e-02
1164556494.854004 -1.373751e-02
1164556494.854126 -1.062615e-01
1164556494.854248 -1.604898e-01
1164556494.854370 -1.830128e-01
1164556494.854492 -1.935862e-01
1164556494.854614 -1.736646e-01
1164556494.854736 -8.483910e-02
1164556494.854858 3.123279e-02
1164556494.854980 1.356828e-01
1164556494.855103 2.067533e-01
1164556494.855225 2.029298e-01
1164556494.855347 1.571747e-01
1164556494.855469 1.009289e-01
1164556494.855591 4.287547e-02
1164556494.855713 -2.408675e-03
1164556494.855835 -1.444216e-02
1164556494.855957 -3.955287e-02
1164556494.856079 -1.125450e-01
1164556494.856201 -1.710428e-01
1164556494.856323 -1.553910e-01
1164556494.856445 -1.174900e-01
1164556494.856567 -1.008714e-01
1164556494.856689 -7.537640e-02
1164556494.856812 -1.352084e-02
1164556494.856934 6.525948e-02
1164556494.857056 1.476088e-01
1164556494.857178 2.005061e-01
1164556494.857300 1.987082e-01
1164556494.857422 1.698173e-01
1164556494.857544 1.188051e-01
1164556494.857666 4.459622e-02
1164556494.857788 -3.093398e-02
1164556494.857910 -9.172578e-02
1164556494.858032 -1.667658e-01
1164556494.858154 -2.411190e-01
1164556494.858276 -2.317132e-01
1164556494.858398 -1.658019e-01
1164556494.858521 -9.849213e-02
1164556494.858643 -3.090131e-02
1164556494.858765 5.542672e-02
1164556494.858887 1.472404e-01
1164556494.859009 2.208336e-01
1164556494.859131 2.547513e-01
1164556494.859253 2.328002e-01
1164556494.859375 1.747146e-01
1164556494.859497 7.983913e-02
1164556494.859619 -6.316800e-02
1164556494.859741 -1.629101e-01
1164556494.859863 -1.842337e-01
1164556494.859985 -1.980497e-01
1164556494.860107 -2.140794e-01
1164556494.860229 -1.696829e-01
1164556494.860352 -7.944572e-02
1164556494.860474 -1.312586e-02
1164556494.860596 2.545781e-02
1164556494.860718 5.822066e-02
1164556494.860840 1.209983e-01
1164556494.860962 2.146035e-01
1164556494.861084 2.480598e-01
1164556494.861206 2.086149e-01
1164556494.861328 1.410924e-01
1164556494.861450 5.657596e-02
1164556494.861572 -7.552320e-02
1164556494.861694 -1.953898e-01
1164556494.861816 -2.322150e-01
1164556494.861938 -2.056781e-01
1164556494.862061 -1.577864e-01
1164556494.862183 -1.036471e-01
1164556494.862305 -6.456418e-02
1164556494.862427 -2.915125e-02
1164556494.862549 2.983151e-02
1164556494.862671 8.429509e-02
1164556494.862793 1.245670e-01
1164556494.862915 1.925917e-01
1164556494.863037 2.636436e-01
1164556494.863159 2.468956e-01
1164556494.863281 1.183578e-01
1164556494.863403 -8.521837e-03
1164556494.863525 -1.094837e-01
1164556494.863647 -2.009821e-01
1164556494.863770 -2.396648e-01
1164556494.863892 -2.018119e-01
1164556494.864014 -1.404968e-01
1164556494.864136 -8.092888e-02
1164556494.864258 -2.538302e-02
1164556494.864380 -1.214577e-02
1164556494.864502 -5.011103e-03
1164556494.864624 5.865993e-02
1164556494.864746 1.446252e-01
1164556494.864868 2.084915e-01
1164556494.864990 2.593471e-01
1164556494.865112 2.678736e-01
1164556494.865234 1.527556e-01
1164556494.865356 -1.795212e-02
1164556494.865479 -1.548604e-01
1164556494.865601 -2.316308e-01
1164556494.865723 -2.498681e-01
1164556494.865845 -2.082025e-01
1164556494.865967 -1.491119e-01
1164556494.866089 -8.890799e-02
1164556494.866211 -2.086588e-02
1164556494.866333 4.077653e-03
1164556494.866455 -7.609940e-03
1164556494.866577 4.326713e-02
1164556494.866699 1.862753e-01
1164556494.866821 2.885513e-01
1164556494.866943 2.884687e-01
1164556494.867065 2.508367e-01
1164556494.867188 1.474462e-01
1164556494.867310 -2.556896e-02
1164556494.867432 -1.882739e-01
1164556494.867554 -2.680318e-01
1164556494.867676 -2.897963e-01
1164556494.867798 -2.557440e-01
1164556494.867920 -1.806874e-01
1164556494.868042 -1.234595e-01
1164556494.868164 -4.433970e-02
1164556494.868286 7.308332e-02
1164556494.868408 1.360151e-01
1164556494.868530 1.462251e-01
1164556494.868652 2.066874e-01
1164556494.868774 2.974604e-01
1164556494.868896 2.820614e-01
1164556494.869019 1.567987e-01
1164556494.869141 3.431329e-02
1164556494.869263 -7.341396e-02
1164556494.869385 -1.880796e-01
1164556494.869507 -2.526520e-01
1164556494.869629 -2.691358e-01
1164556494.869751 -2.321922e-01
1164556494.869873 -1.762096e-01
1164556494.869995 -1.133234e-01
1164556494.870117 -4.387003e-02
1164556494.870239 5.429105e-02
1164556494.870361 1.638290e-01
1164556494.870483 1.997308e-01
1164556494.870605 2.082769e-01
1164556494.870728 2.623401e-01
1164556494.870850 2.911967e-01
1164556494.870972 2.009855e-01
1164556494.871094 5.348077e-02
1164556494.871216 -6.622992e-02
1164556494.871338 -1.982020e-01
1164556494.871460 -3.058042e-01
1164556494.871582 -3.451024e-01
1164556494.871704 -3.173054e-01
1164556494.871826 -2.378168e-01
1164556494.871948 -1.084657e-01
1164556494.872070 1.185631e-02
1164556494.872192 1.264982e-01
1164556494.872314 2.435000e-01
1164556494.872437 3.049636e-01
1164556494.872559 2.764245e-01
1164556494.872681 2.302529e-01
1164556494.872803 2.399532e-01
1164556494.872925 2.025958e-01
1164556494.873047 5.108605e-02
1164556494.873169 -1.399665e-01
1164556494.873291 -2.766408e-01
1164556494.873413 -3.624731e-01
1164556494.873535 -4.184841e-01
1164556494.873657 -3.736156e-01
1164556494.873779 -2.370111e-01
1164556494.873901 -3.381815e-02
1164556494.874023 1.453064e-01
1164556494.874146 2.647450e-01
1164556494.874268 3.241482e-01
1164556494.874390 3.099150e-01
1164556494.874512 2.508148e-01
1164556494.874634 1.865001e-01
1164556494.874756 1.494264e-01
1164556494.874878 1.090742e-01
1164556494.875000 2.380080e-02
1164556494.875122 -1.041274e-01
1164556494.875244 -2.624865e-01
1164556494.875366 -3.999402e-01
1164556494.875488 -4.437254e-01
1164556494.875610 -3.713449e-01
1164556494.875732 -2.259871e-01
1164556494.875854 -1.265920e-02
1164556494.875977 1.935203e-01
1164556494.876099 3.081209e-01
1164556494.876221 3.269129e-01
1164556494.876343 3.015881e-01
1164556494.876465 2.445199e-01
1164556494.876587 2.128882e-01
1164556494.876709 2.137593e-01
1164556494.876831 1.552463e-01
1164556494.876953 1.914512e-02
1164556494.877075 -1.550886e-01
1164556494.877197 -3.327981e-01
1164556494.877319 -4.974516e-01
1164556494.877441 -5.719361e-01
1164556494.877563 -4.583930e-01
1164556494.877686 -2.327973e-01
1164556494.877808 3.565045e-02
1164556494.877930 2.913358e-01
1164556494.878052 4.494172e-01
1164556494.878174 4.640894e-01
1164556494.878296 4.276862e-01
1164556494.878418 3.384033e-01
1164556494.878540 2.008569e-01
1164556494.878662 1.128319e-01
1164556494.878784 4.391494e-02
1164556494.878906 -1.436372e-01
1164556494.879028 -3.527403e-01
1164556494.879150 -4.458954e-01
1164556494.879272 -4.908773e-01
1164556494.879395 -5.074332e-01
1164556494.879517 -3.687215e-01
1164556494.879639 -9.130933e-02
1164556494.879761 1.501544e-01
1164556494.879883 3.363711e-01
1164556494.880005 5.012358e-01
1164556494.880127 4.926104e-01
1164556494.880249 3.865670e-01
1164556494.880371 2.901583e-01
1164556494.880493 1.839732e-01
1164556494.880615 6.932641e-02
1164556494.880737 -5.663700e-03
1164556494.880859 -1.512638e-01
1164556494.880981 -4.085706e-01
1164556494.881104 -5.687475e-01
1164556494.881226 -5.323186e-01
1164556494.881348 -4.206729e-01
1164556494.881470 -3.017448e-01
1164556494.881592 -9.903343e-02
1164556494.881714 1.880622e-01
1164556494.881836 4.009473e-01
1164556494.881958 5.163941e-01
1164556494.882080 5.200781e-01
1164556494.882202 4.305077e-01
1164556494.882324 3.284935e-01
1164556494.882446 2.420893e-01
1164556494.882568 7.078388e-02
1164556494.882690 -9.802964e-02
1164556494.882812 -2.313186e-01
1164556494.882935 -4.602264e-01
1164556494.883057 -6.923420e-01
1164556494.883179 -6.603387e-01
1164556494.883301 -4.368466e-01
1164556494.883423 -2.309261e-01
1164556494.883545 -4.355384e-02
1164556494.883667 2.318966e-01
1164556494.883789 4.684173e-01
1164556494.883911 5.976165e-01
1164556494.884033 6.459822e-01
1164556494.884155 5.762620e-01
1164556494.884277 3.506213e-01
1164556494.884399 1.535223e-01
1164556494.884521 -8.259215e-03
1164556494.884644 -2.102801e-01
1164556494.884766 -3.969767e-01
1164556494.884888 -4.942880e-01
1164556494.885010 -6.106954e-01
1164556494.885132 -5.927908e-01
1164556494.885254 -4.008053e-01
1164556494.885376 -1.640951e-01
1164556494.885498 -3.580845e-01
1164556494.885620 -1.944163e-01
1164556494.885742 3.389301e-01
1164556494.885864 7.777958e-01
1164556494.885986 1.048139e+00
1164556494.886108 1.062405e+00
1164556494.886230 8.241591e-01
1164556494.886353 4.311119e-01
1164556494.886475 5.131912e-02
1164556494.886597 -3.456101e-01
1164556494.886719 -7.147114e-01
1164556494.886841 -1.016606e+00
1164556494.886963 -1.208907e+00
1164556494.887085 -1.253617e+00
1164556494.887207 -1.001189e+00
1164556494.887329 -4.959310e-01
1164556494.887451 1.075402e-01
1164556494.887573 7.497968e-01
1164556494.887695 1.293425e+00
1164556494.887817 1.620507e+00
1164556494.887939 1.697362e+00
1164556494.888062 1.483795e+00
1164556494.888184 8.877755e-01
1164556494.888306 -4.132924e-02
1164556494.888428 -9.559690e-01
1164556494.888550 -1.667696e+00
1164556494.888672 -2.073917e+00
1164556494.888794 -1.939008e+00
1164556494.888916 -1.366955e+00
1164556494.889038 -6.690007e-01
1164556494.889160 5.414666e-02
1164556494.889282 7.456408e-01
1164556494.889404 1.336984e+00
1164556494.889526 1.774934e+00
1164556494.889648 1.900164e+00
1164556494.889771 1.589886e+00
1164556494.889893 1.002419e+00
1164556494.890015 3.406387e-01
1164556494.890137 -4.087583e-01
1164556494.890259 -1.164083e+00
1164556494.890381 -1.659126e+00
1164556494.890503 -1.755484e+00
1164556494.890625 -1.559720e+00
1164556494.890747 -1.217503e+00
1164556494.890869 -7.580193e-01
1164556494.890991 -2.064276e-01
1164556494.891113 4.845242e-01
1164556494.891235 1.206290e+00
1164556494.891357 1.692349e+00
1164556494.891479 1.926739e+00
1164556494.891602 1.941906e+00
1164556494.891724 1.502878e+00
1164556494.891846 5.679821e-01
1164556494.891968 -3.857545e-01
1164556494.892090 -1.144925e+00
1164556494.892212 -1.744560e+00
1164556494.892334 -2.077695e+00
1164556494.892456 -1.996461e+00
1164556494.892578 -1.501861e+00
1164556494.892700 -8.248890e-01
1164556494.892822 -1.322687e-01
1164556494.892944 5.535671e-01
1164556494.893066 1.246367e+00
1164556494.893188 1.867802e+00
1164556494.893311 2.155494e+00
1164556494.893433 1.985428e+00
1164556494.893555 1.550212e+00
1164556494.893677 9.074563e-01
1164556494.893799 -1.340172e-01
1164556494.893921 -1.260095e+00
1164556494.894043 -1.964783e+00
1164556494.894165 -2.215673e+00
1164556494.894287 -2.188655e+00
1164556494.894409 -1.779977e+00
1164556494.894531 -1.064731e+00
1164556494.894653 -2.673417e-01
1164556494.894775 5.581205e-01
1164556494.894897 1.315963e+00
1164556494.895020 1.890317e+00
1164556494.895142 2.257097e+00
1164556494.895264 2.389978e+00
1164556494.895386 1.981953e+00
1164556494.895508 1.082220e+00
1164556494.895630 1.640312e-01
1164556494.895752 -8.458315e-01
1164556494.895874 -2.029375e+00
1164556494.895996 -2.868076e+00
1164556494.896118 -2.906327e+00
1164556494.896240 -2.494800e+00
1164556494.896362 -1.723281e+00
1164556494.896484 -5.212369e-01
1164556494.896606 7.416695e-01
1164556494.896729 1.808091e+00
1164556494.896851 2.667013e+00
1164556494.896973 3.192223e+00
1164556494.897095 3.124425e+00
1164556494.897217 2.507020e+00
1164556494.897339 1.358169e+00
1164556494.897461 -2.772219e-01
1164556494.897583 -1.812704e+00
1164556494.897705 -2.880502e+00
1164556494.897827 -3.665223e+00
1164556494.897949 -3.945423e+00
1164556494.898071 -3.149392e+00
1164556494.898193 -1.655274e+00
1164556494.898315 3.209926e-03
1164556494.898438 1.823711e+00
1164556494.898560 3.449596e+00
1164556494.898682 4.124668e+00
1164556494.898804 3.946171e+00
1164556494.898926 3.305604e+00
1164556494.899048 2.037760e+00
1164556494.899170 1.979830e-01
1164556494.899292 -1.677475e+00
1164556494.899414 -3.313657e+00
1164556494.899536 -4.481597e+00
1164556494.899658 -4.508950e+00
1164556494.899780 -3.519551e+00
1164556494.899902 -2.259171e+00
1164556494.900024 -4.990097e-01
1164556494.900146 1.813181e+00
1164556494.900269 3.760470e+00
1164556494.900391 4.687589e+00
1164556494.900513 4.935280e+00
1164556494.900635 4.201157e+00
1164556494.900757 2.120437e+00
1164556494.900879 -4.314665e-01
1164556494.901001 -2.527152e+00
1164556494.901123 -4.076311e+00
1164556494.901245 -4.994228e+00
1164556494.901367 -4.845960e+00
1164556494.901489 -3.628292e+00
1164556494.901611 -1.520571e+00
1164556494.901733 1.220781e+00
1164556494.901855 3.485555e+00
1164556494.901978 4.605425e+00
1164556494.902100 4.916572e+00
1164556494.902222 4.337223e+00
1164556494.902344 2.342601e+00
1164556494.902466 -2.369474e-01
1164556494.902588 -2.412808e+00
1164556494.902710 -4.189104e+00
1164556494.902832 -5.215714e+00
1164556494.902954 -4.426619e+00
1164556494.903076 -2.114170e+00
1164556494.903198 5.126424e-01
1164556494.903320 2.765126e+00
1164556494.903442 4.142509e+00
1164556494.903564 4.172910e+00
1164556494.903687 3.068351e+00
1164556494.903809 1.209977e+00
1164556494.903931 -1.405823e+00
1164556494.904053 -3.668742e+00
1164556494.904175 -4.044210e+00
1164556494.904297 -3.053524e+00
1164556494.904419 -1.365673e+00
1164556494.904541 1.053890e+00
1164556494.904663 3.436098e+00
1164556494.904785 4.105615e+00
1164556494.904907 3.117782e+00
1164556494.905029 1.450005e+00
1164556494.905151 -7.682150e-01
1164556494.905273 -3.190859e+00
1164556494.905396 -4.686978e+00
1164556494.905518 -4.354234e+00
1164556494.905640 -2.046528e+00
1164556494.905762 1.392983e+00
1164556494.905884 4.261761e+00
1164556494.906006 4.932739e+00
1164556494.906128 3.695580e+00
1164556494.906250 1.038549e+00
1164556494.906372 -2.427530e+00
1164556494.906494 -4.643827e+00
1164556494.906616 -3.561759e+00
1164556494.906738 -3.047641e-01
1164556494.906860 2.641229e+00
1164556494.906982 3.260589e+00
1164556494.907104 7.631967e-01
1164556494.907227 -2.911551e+00
1164556494.907349 -2.831057e+00
1164556494.907471 1.048765e+00
1164556494.907593 1.872603e+00
1164556494.907715 -4.715108e-01
1164556494.907837 4.826181e-01
1164556494.907959 1.807881e-01
1164556494.908081 4.678146e-01
1164556494.908203 5.255871e-01
1164556494.908325 -1.540482e+00
1164556494.908447 2.501276e-01
1164556494.908569 2.200593e+00
1164556494.908691 2.857457e-01
1164556494.908813 -2.637735e+00
1164556494.908936 -1.024932e+00
1164556494.909058 9.359192e-01
1164556494.909180 -5.896537e-01
1164556494.909302 2.643864e-01
1164556494.909424 5.534765e-01
1164556494.909546 -1.007514e+00
1164556494.909668 3.650166e-01
1164556494.909790 1.081045e+00
1164556494.909912 -2.087481e-01
1164556494.910034 -3.128549e-01
1164556494.910156 1.072858e+00
1164556494.910278 1.764968e-01
1164556494.910400 -3.493281e-01
1164556494.910522 6.472913e-01
1164556494.910645 -6.943504e-01
1164556494.910767 -8.693401e-01
1164556494.910889 2.970112e-01
1164556494.911011 -3.039319e-01
1164556494.911133 -1.004595e+00
1164556494.911255 1.345805e-01
1164556494.911377 9.490392e-01
1164556494.911499 -3.221681e-01
1164556494.911621 -4.169891e-01
1164556494.911743 7.493017e-01
1164556494.911865 4.978994e-01
1164556494.911987 -1.261025e-01
1164556494.912109 3.718142e-01
1164556494.912231 5.009087e-01
1164556494.912354 -2.387727e-01
1164556494.912476 -1.294607e-01
1164556494.912598 1.238135e-01
1164556494.912720 -6.532606e-01
1164556494.912842 -6.408802e-01
1164556494.912964 -1.043831e-01
1164556494.913086 -3.329594e-01
1164556494.913208 -2.597777e-01
1164556494.913330 4.943038e-01
1164556494.913452 3.865460e-01
1164556494.913574 -2.302565e-01
1164556494.913696 1.794866e-01
1164556494.913818 6.829813e-01
1164556494.913940 3.270073e-01
1164556494.914062 1.077910e-01
1164556494.914185 1.180822e-01
1164556494.914307 -6.655720e-02
1164556494.914429 -2.396285e-01
1164556494.914551 -2.368816e-01
1164556494.914673 -3.271344e-01
1164556494.914795 -4.162253e-01
1164556494.914917 -3.888124e-01
1164556494.915039 -2.704191e-01
1164556494.915161 2.154033e-02
1164556494.915283 3.102812e-01
1164556494.915405 4.351440e-01
1164556494.915527 3.277942e-01
1164556494.915649 4.542642e-02
1164556494.915771 1.387603e-01
1164556494.915894 4.212407e-01
1164556494.916016 2.155638e-01
1164556494.916138 -1.603160e-01
1164556494.916260 -4.238177e-02
1164556494.916382 -7.473581e-02
1164556494.916504 -4.481020e-01
1164556494.916626 -4.377001e-01
1164556494.916748 -2.130326e-01
1164556494.916870 -3.290291e-01
1164556494.916992 -2.803212e-01
1164556494.917114 2.206426e-01
1164556494.917236 4.169814e-01
1164556494.917358 3.743887e-01
1164556494.917480 4.731735e-01
1164556494.917603 2.043155e-01
1164556494.917725 -1.546542e-01
1164556494.917847 2.924468e-02
1164556494.917969 1.929168e-01
1164556494.918091 -1.281743e-01
1164556494.918213 -1.845314e-01
1164556494.918335 -4.993130e-02
1164556494.918457 -2.874451e-01
1164556494.918579 -4.368935e-01
1164556494.918701 -1.837281e-01
1164556494.918823 -7.152216e-02
1164556494.918945 -8.575715e-02
1164556494.919067 2.099849e-01
1164556494.919189 4.567011e-01
1164556494.919312 3.429996e-01
1164556494.919434 2.394807e-01
1164556494.919556 1.234910e-01
1164556494.919678 -2.130061e-01
1164556494.919800 -2.230616e-01
1164556494.919922 6.689622e-02
1164556494.920044 -2.683160e-02
1164556494.920166 -1.760557e-01
1164556494.920288 6.075413e-04
1164556494.920410 -2.542572e-02
1164556494.920532 -3.016238e-01
1164556494.920654 -1.341759e-01
1164556494.920776 2.140798e-01
1164556494.920898 1.669707e-01
1164556494.921021 1.075618e-01
1164556494.921143 1.447317e-01
1164556494.921265 -7.824673e-02
1164556494.921387 -4.244885e-01
1164556494.921509 -1.808863e-01
1164556494.921631 6.874003e-02
1164556494.921753 4.080764e-01
1164556494.921875 4.558664e-01
1164556494.921997 1.201051e-01
1164556494.922119 1.065591e-01
1164556494.922241 3.082329e-02
1164556494.922363 -3.196232e-01
1164556494.922485 -4.479171e-01
1164556494.922607 -3.076351e-01
1164556494.922729 -2.825825e-01
1164556494.922852 -7.456661e-02
1164556494.922974 2.740062e-01
1164556494.923096 1.987440e-01
1164556494.923218 1.205699e-02
1164556494.923340 2.221268e-01
1164556494.923462 2.284271e-01
1164556494.923584 -4.870074e-02
1164556494.923706 4.382958e-02
1164556494.923828 2.932453e-01
1164556494.923950 1.198638e-01
1164556494.924072 -9.299913e-02
1164556494.924194 -9.832300e-02
1164556494.924316 -2.217860e-01
1164556494.924438 -3.973210e-01
1164556494.924561 -2.775517e-01
1164556494.924683 -1.684550e-01
1164556494.924805 -8.918932e-02
1164556494.924927 1.974537e-01
1164556494.925049 3.254558e-01
1164556494.925171 9.209967e-02
1164556494.925293 7.422507e-02
1164556494.925415 2.924022e-01
1164556494.925537 1.864106e-01
1164556494.925659 -7.717660e-03
1164556494.925781 1.069289e-01
1164556494.925903 8.133563e-02
1164556494.926025 -1.966355e-01
1164556494.926147 -2.788221e-01
1164556494.926270 -1.827657e-01
1164556494.926392 -2.642423e-01
1164556494.926514 -2.577061e-01
1164556494.926636 -6.294088e-02
1164556494.926758 6.751994e-03
1164556494.926880 7.707800e-02
1164556494.927002 3.352097e-01
1164556494.927124 3.406024e-01
1164556494.927246 9.033504e-02
1164556494.927368 9.165781e-02
1164556494.927490 1.810938e-01
1164556494.927612 6.040514e-03
1164556494.927734 -9.490414e-02
1164556494.927856 -3.295196e-02
1164556494.927979 -1.353853e-01
1164556494.928101 -2.683614e-01
1164556494.928223 -1.603585e-01
1164556494.928345 -1.012822e-01
1164556494.928467 -1.534281e-01
1164556494.928589 -6.864229e-02
1164556494.928711 5.886021e-02
1164556494.928833 5.429599e-02
1164556494.928955 1.782362e-01
1164556494.929077 3.365258e-01
1164556494.929199 2.012319e-01
1164556494.929321 2.118831e-02
1164556494.929443 5.495665e-02
1164556494.929565 2.947277e-02
1164556494.929688 -8.588803e-02
1164556494.929810 -5.505101e-02
1164556494.929932 -5.129759e-02
1164556494.930054 -2.055415e-01
1164556494.930176 -1.889900e-01
1164556494.930298 -8.907260e-02
1164556494.930420 -1.405858e-01
1164556494.930542 -1.652015e-01
1164556494.930664 1.855412e-02
1164556494.930786 1.506799e-01
1164556494.930908 1.579447e-01
1164556494.931030 2.881789e-01
1164556494.931152 3.566702e-01
1164556494.931274 1.302947e-01
1164556494.931396 -5.596640e-02
1164556494.931519 -5.977099e-02
1164556494.931641 -7.717015e-02
1164556494.931763 -1.281835e-01
1164556494.931885 -1.181486e-01
1164556494.932007 -1.690426e-01
1164556494.932129 -2.140521e-01
1164556494.932251 -1.426544e-01
1164556494.932373 -6.729069e-02
1164556494.932495 -4.102224e-02
1164556494.932617 8.545261e-02
1164556494.932739 2.407475e-01
1164556494.932861 2.568967e-01
1164556494.932983 1.998809e-01
1164556494.933105 1.793797e-01
1164556494.933228 6.837611e-02
1164556494.933350 -1.222971e-01
1164556494.933472 -1.603290e-01
1164556494.933594 -7.948635e-02
1164556494.933716 -3.363319e-02
1164556494.933838 -1.526768e-02
1164556494.933960 -7.964762e-02
1164556494.934082 -1.782438e-01
1164556494.934204 -1.815967e-01
1164556494.934326 -8.715122e-02
1164556494.934448 -4.747387e-02
1164556494.934570 3.584986e-02
1164556494.934692 2.149959e-01
1164556494.934814 3.043795e-01
1164556494.934937 2.167135e-01
1164556494.935059 1.049558e-01
1164556494.935181 5.438296e-02
1164556494.935303 -3.749851e-02
1164556494.935425 -1.424754e-01
1164556494.935547 -1.273559e-01
1164556494.935669 -5.352033e-02
1164556494.935791 -3.292207e-02
1164556494.935913 -8.649744e-02
1164556494.936035 -1.546902e-01
1164556494.936157 -1.940521e-01
1164556494.936279 -1.307108e-01
1164556494.936401 -1.079048e-02
1164556494.936523 1.315264e-01
1164556494.936646 2.413993e-01
1164556494.936768 2.809605e-01
1164556494.936890 2.474561e-01
1164556494.937012 1.280883e-01
1164556494.937134 -2.348782e-02
1164556494.937256 -1.173366e-01
1164556494.937378 -1.426611e-01
1164556494.937500 -1.290167e-01
1164556494.937622 -1.048922e-01
1164556494.937744 -6.458348e-02
1164556494.937866 -5.665852e-02
1164556494.937988 -1.047961e-01
1164556494.938110 -1.488854e-01
1164556494.938232 -6.829582e-02
1164556494.938354 6.293754e-02
1164556494.938477 1.428890e-01
1164556494.938599 2.055771e-01
1164556494.938721 2.548683e-01
1164556494.938843 1.824766e-01
1164556494.938965 5.280264e-02
1164556494.939087 -5.161192e-02
1164556494.939209 -1.153850e-01
1164556494.939331 -1.318692e-01
1164556494.939453 -1.066036e-01
1164556494.939575 -8.160506e-02
1164556494.939697 -7.785939e-02
1164556494.939819 -6.231700e-02
1164556494.939941 -5.126466e-02
1164556494.940063 -6.039319e-02
1164556494.940186 -1.486673e-02
1164556494.940308 4.250930e-02
1164556494.940430 8.042250e-02
1164556494.940552 1.278166e-01
1164556494.940674 1.833267e-01
1164556494.940796 1.430869e-01
1164556494.940918 6.432416e-02
1164556494.941040 2.977649e-02
1164556494.941162 -3.461060e-02
1164556494.941284 -1.165877e-01
1164556494.941406 -1.181263e-01
1164556494.941528 -9.275000e-02
1164556494.941650 -1.215030e-01
1164556494.941772 -1.248139e-01
1164556494.941895 -5.640675e-02
1164556494.942017 -1.372735e-02
1164556494.942139 1.100492e-02
1164556494.942261 7.039807e-02
1164556494.942383 1.022194e-01
1164556494.942505 8.553744e-02
1164556494.942627 1.499504e-01
1164556494.942749 1.799058e-01
1164556494.942871 7.883238e-02
1164556494.942993 -9.258353e-03
1164556494.943115 -1.039620e-02
1164556494.943237 -7.520565e-02
1164556494.943359 -1.777432e-01
1164556494.943481 -1.546474e-01
1164556494.943604 -9.851891e-02
1164556494.943726 -9.605548e-02
1164556494.943848 -7.340480e-02
1164556494.943970 -1.518944e-02
1164556494.944092 3.176662e-02
1164556494.944214 7.149126e-02
1164556494.944336 1.186423e-01
1164556494.944458 1.158869e-01
1164556494.944580 1.371413e-01
1164556494.944702 1.998608e-01
1164556494.944824 1.621717e-01
1164556494.944946 -2.454587e-03
1164556494.945068 -1.121559e-01
1164556494.945190 -1.561609e-01
1164556494.945312 -2.204848e-01
1164556494.945435 -2.261502e-01
1164556494.945557 -1.088325e-01
1164556494.945679 -1.477147e-02
1164556494.945801 1.108988e-02
1164556494.945923 4.774073e-02
1164556494.946045 7.559684e-02
1164556494.946167 7.055662e-02
1164556494.946289 9.436992e-02
1164556494.946411 1.285572e-01
1164556494.946533 1.276718e-01
1164556494.946655 1.381992e-01
1164556494.946777 1.496483e-01
1164556494.946899 6.277166e-03
1164556494.947021 -1.840548e-01
1164556494.947144 -2.347180e-01
1164556494.947266 -2.066675e-01
1164556494.947388 -1.852330e-01
1164556494.947510 -9.956880e-02
1164556494.947632 4.245541e-02
1164556494.947754 1.051981e-01
1164556494.947876 7.698924e-02
1164556494.947998 6.312501e-02
1164556494.948120 5.925311e-02
1164556494.948242 7.508075e-02
1164556494.948364 1.110526e-01
1164556494.948486 1.225931e-01
1164556494.948608 9.651985e-02
1164556494.948730 6.479874e-02
1164556494.948853 -7.825871e-03
1164556494.948975 -1.500427e-01
1164556494.949097 -2.446384e-01
1164556494.949219 -1.873781e-01
1164556494.949341 -1.072615e-01
1164556494.949463 -6.224460e-02
1164556494.949585 7.538833e-03
1164556494.949707 7.646296e-02
1164556494.949829 8.663511e-02
1164556494.949951 7.745119e-02
1164556494.950073 8.636836e-02
1164556494.950195 9.270505e-02
1164556494.950317 1.104169e-01
1164556494.950439 1.312487e-01
1164556494.950562 7.884228e-02
1164556494.950684 -1.209523e-02
1164556494.950806 -8.730995e-02
1164556494.950928 -1.530319e-01
1164556494.951050 -2.204757e-01
1164556494.951172 -2.046711e-01
1164556494.951294 -9.933688e-02
1164556494.951416 7.082669e-03
1164556494.951538 7.160496e-02
1164556494.951660 1.126203e-01
1164556494.951782 1.289966e-01
1164556494.951904 1.129707e-01
1164556494.952026 7.855228e-02
1164556494.952148 4.749585e-02
1164556494.952271 2.493755e-02
1164556494.952393 2.575915e-02
1164556494.952515 4.154430e-03
1164556494.952637 -4.520899e-02
1164556494.952759 -8.493513e-02
1164556494.952881 -9.374661e-02
1164556494.953003 -8.900218e-02
1164556494.953125 -6.623226e-02
1164556494.953247 -4.093492e-02
1164556494.953369 -7.988676e-03
1164556494.953491 2.717405e-02
1164556494.953613 3.536536e-02
1164556494.953735 2.011331e-02
1164556494.953857 3.659180e-02
1164556494.953979 8.557338e-02
1164556494.954102 9.118659e-02
1164556494.954224 5.098216e-02
1164556494.954346 4.914753e-02
1164556494.954468 5.058162e-02
1164556494.954590 7.376413e-03
1164556494.954712 -6.037232e-02
1164556494.954834 -1.146308e-01
1164556494.954956 -1.386067e-01
1164556494.955078 -1.047420e-01
1164556494.955200 -6.549958e-02
1164556494.955322 -5.355143e-02
1164556494.955444 -1.582684e-02
1164556494.955566 7.431430e-02
1164556494.955688 1.283465e-01
1164556494.955811 1.214726e-01
1164556494.955933 1.070452e-01
1164556494.956055 8.915056e-02
1164556494.956177 1.988498e-02
1164556494.956299 -4.886744e-02
1164556494.956421 -5.906488e-02
1164556494.956543 -3.623552e-02
1164556494.956665 -3.277618e-02
1164556494.956787 -4.356088e-02
1164556494.956909 -6.636086e-02
1164556494.957031 -7.016070e-02
1164556494.957153 -3.422567e-02
1164556494.957275 -1.487433e-02
1164556494.957397 -3.246451e-02
1164556494.957520 -5.397128e-03
1164556494.957642 6.856839e-02
1164556494.957764 9.488281e-02
1164556494.957886 8.236895e-02
1164556494.958008 9.552581e-02
1164556494.958130 5.700218e-02
1164556494.958252 -1.094419e-02
1164556494.958374 -1.497769e-02
1164556494.958496 1.666213e-02
1164556494.958618 -8.631348e-03
1164556494.958740 -6.002880e-02
1164556494.958862 -1.018287e-01
1164556494.958984 -1.508006e-01
1164556494.959106 -1.461966e-01
1164556494.959229 -6.946093e-02
1164556494.959351 -3.233213e-04
1164556494.959473 7.416280e-02
1164556494.959595 1.633463e-01
1164556494.959717 1.859431e-01
1164556494.959839 1.322198e-01
1164556494.959961 8.222765e-02
1164556494.960083 3.426399e-02
1164556494.960205 -4.808040e-02
1164556494.960327 -1.048239e-01
1164556494.960449 -8.261534e-02
1164556494.960571 -6.409174e-02
1164556494.960693 -7.867887e-02
1164556494.960815 -9.456002e-02
1164556494.960938 -8.819529e-02
1164556494.961060 -5.612060e-02
1164556494.961182 2.800805e-02
1164556494.961304 9.985330e-02
1164556494.961426 1.168059e-01
1164556494.961548 1.085967e-01
1164556494.961670 8.987144e-02
1164556494.961792 4.589165e-02
1164556494.961914 -9.812081e-03
1164556494.962036 -2.996680e-02
1164556494.962158 -3.418852e-02
1164556494.962280 -5.659362e-02
1164556494.962402 -4.079778e-02
1164556494.962524 -3.676861e-03
1164556494.962646 -7.853008e-03
1164556494.962769 -5.879966e-02
1164556494.962891 -8.484952e-02
1164556494.963013 -6.143469e-02
1164556494.963135 -1.196136e-02
1164556494.963257 4.447068e-02
1164556494.963379 7.986403e-02
1164556494.963501 7.694223e-02
1164556494.963623 5.685596e-02
1164556494.963745 3.737846e-02
1164556494.963867 2.371510e-02
1164556494.963989 2.720151e-02
1164556494.964111 3.367117e-02
1164556494.964233 2.751042e-03
1164556494.964355 -4.057167e-02
1164556494.964478 -6.474116e-02
1164556494.964600 -7.530491e-02
1164556494.964722 -8.597616e-02
1164556494.964844 -8.634912e-02
1164556494.964966 -5.880477e-02
1164556494.965088 1.680961e-03
1164556494.965210 4.546049e-02
1164556494.965332 7.266964e-02
1164556494.965454 8.246120e-02
1164556494.965576 8.722741e-02
1164556494.965698 7.988980e-02
1164556494.965820 4.488545e-02
1164556494.965942 1.480765e-02
1164556494.966064 -1.615282e-03
1164556494.966187 -4.305958e-03
1164556494.966309 -3.323654e-02
1164556494.966431 -8.799285e-02
1164556494.966553 -9.934911e-02
1164556494.966675 -8.841565e-02
1164556494.966797 -7.864975e-02
1164556494.966919 -7.876901e-02
1164556494.967041 -2.350379e-02
1164556494.967163 5.490149e-02
1164556494.967285 1.001507e-01
1164556494.967407 1.201919e-01
1164556494.967529 1.200972e-01
1164556494.967651 1.132138e-01
1164556494.967773 8.833413e-02
1164556494.967896 4.364571e-02
1164556494.968018 -1.797076e-02
1164556494.968140 -9.811177e-02
1164556494.968262 -1.442222e-01
1164556494.968384 -1.529043e-01
1164556494.968506 -1.348294e-01
1164556494.968628 -9.072208e-02
1164556494.968750 -3.433082e-02
1164556494.968872 2.130515e-02
1164556494.968994 7.471197e-02
1164556494.969116 1.080913e-01
1164556494.969238 1.252153e-01
1164556494.969360 1.313857e-01
1164556494.969482 1.202241e-01
1164556494.969604 7.758171e-02
1164556494.969727 1.813239e-02
1164556494.969849 -4.893468e-02
1164556494.969971 -1.151888e-01
1164556494.970093 -1.508217e-01
1164556494.970215 -1.371980e-01
1164556494.970337 -1.059792e-01
1164556494.970459 -5.888368e-02
1164556494.970581 -1.219601e-02
1164556494.970703 2.832166e-02
1164556494.970825 7.111626e-02
1164556494.970947 1.047354e-01
1164556494.971069 1.049555e-01
1164556494.971191 9.598857e-02
1164556494.971313 8.431173e-02
1164556494.971436 5.105823e-02
1164556494.971558 3.011216e-03
1164556494.971680 -4.057422e-02
1164556494.971802 -9.086599e-02
1164556494.971924 -1.191684e-01
1164556494.972046 -1.015716e-01
1164556494.972168 -6.592005e-02
1164556494.972290 -4.019110e-02
1164556494.972412 9.771739e-03
1164556494.972534 5.825669e-02
1164556494.972656 5.843772e-02
1164556494.972778 4.324845e-02
1164556494.972900 4.759627e-02
1164556494.973022 2.995660e-02
1164556494.973145 -1.671236e-03
1164556494.973267 -2.999334e-03
1164556494.973389 2.858126e-02
1164556494.973511 3.990008e-02
1164556494.973633 2.977311e-02
1164556494.973755 4.400050e-03
1164556494.973877 -3.883201e-02
1164556494.973999 -8.050961e-02
1164556494.974121 -8.328536e-02
1164556494.974243 -6.366856e-02
1164556494.974365 -2.917956e-02
1164556494.974487 1.105670e-02
1164556494.974609 1.996604e-02
1164556494.974731 3.144028e-03
1164556494.974854 2.591006e-02
1164556494.974976 6.274308e-02
1164556494.975098 7.158997e-02
1164556494.975220 5.888316e-02
1164556494.975342 5.685111e-02
1164556494.975464 3.372493e-02
1164556494.975586 -1.313762e-02
1164556494.975708 -4.565805e-02
1164556494.975830 -7.424701e-02
1164556494.975952 -9.313115e-02
1164556494.976074 -7.335616e-02
1164556494.976196 -3.713476e-02
1164556494.976318 -1.173761e-02
1164556494.976440 9.513607e-03
1164556494.976562 3.472712e-02
1164556494.976685 2.875361e-02
1164556494.976807 2.376143e-02
1164556494.976929 5.279830e-02
1164556494.977051 7.830798e-02
1164556494.977173 6.501243e-02
1164556494.977295 3.721614e-02
1164556494.977417 9.461370e-03
1164556494.977539 -3.430937e-02
1164556494.977661 -7.652292e-02
1164556494.977783 -8.157597e-02
1164556494.977905 -7.162384e-02
1164556494.978027 -4.181869e-02
1164556494.978149 -8.198406e-03
1164556494.978271 1.881967e-02
1164556494.978394 3.159223e-02
1164556494.978516 2.400142e-02
1164556494.978638 1.460732e-02
1164556494.978760 1.603661e-02
1164556494.978882 2.490508e-02
1164556494.979004 3.611479e-02
1164556494.979126 3.333513e-02
1164556494.979248 2.784858e-02
1164556494.979370 1.073420e-02
1164556494.979492 3.293568e-04
1164556494.979614 -1.385086e-02
1164556494.979736 -3.456603e-02
1164556494.979858 -4.223717e-02
1164556494.979980 -4.261836e-02
1164556494.980103 -5.331385e-02
1164556494.980225 -5.165102e-02
1164556494.980347 -2.054326e-02
1164556494.980469 8.045169e-03
1164556494.980591 2.026365e-02
1164556494.980713 5.549198e-02
1164556494.980835 7.150133e-02
1164556494.980957 6.538122e-02
1164556494.981079 5.728237e-02
1164556494.981201 2.939768e-02
1164556494.981323 -6.747440e-03
1164556494.981445 -1.916215e-02
1164556494.981567 -2.458846e-02
1164556494.981689 -5.863750e-02
1164556494.981812 -7.813816e-02
1164556494.981934 -5.741491e-02
1164556494.982056 -4.528663e-02
1164556494.982178 -2.517546e-02
1164556494.982300 1.718664e-02
1164556494.982422 4.114634e-02
1164556494.982544 3.456824e-02
1164556494.982666 3.960581e-02
1164556494.982788 4.076110e-02
1164556494.982910 3.449965e-02
1164556494.983032 3.658564e-02
1164556494.983154 3.613026e-02
1164556494.983276 2.494150e-02
1164556494.983398 1.086980e-02
1164556494.983521 -1.868400e-02
1164556494.983643 -5.612060e-02
1164556494.983765 -8.177874e-02
1164556494.983887 -8.577600e-02
1164556494.984009 -7.776533e-02
1164556494.984131 -3.832270e-02
1164556494.984253 4.758783e-03
1164556494.984375 2.364155e-02
1164556494.984497 5.077191e-02
1164556494.984619 8.422477e-02
1164556494.984741 9.254523e-02
1164556494.984863 8.670621e-02
1164556494.984985 6.342649e-02
1164556494.985107 1.947357e-02
1164556494.985229 -2.393335e-02
1164556494.985352 -4.504968e-02
1164556494.985474 -7.704316e-02
1164556494.985596 -1.071897e-01
1164556494.985718 -1.025832e-01
1164556494.985840 -7.188375e-02
1164556494.985962 -2.874477e-02
1164556494.986084 3.019768e-02
1164556494.986206 7.127386e-02
1164556494.986328 7.646487e-02
1164556494.986450 7.228214e-02
1164556494.986572 6.201681e-02
1164556494.986694 3.270480e-02
1164556494.986816 1.546469e-02
1164556494.986938 1.343905e-02
1164556494.987061 -2.053912e-03
1164556494.987183 -4.204914e-02
1164556494.987305 -4.879130e-02
1164556494.987427 -3.695674e-02
1164556494.987549 -4.186313e-02
1164556494.987671 -5.053564e-02
1164556494.987793 -4.095970e-02
1164556494.987915 -1.495762e-02
1164556494.988037 1.561618e-02
1164556494.988159 3.712287e-02
1164556494.988281 2.791797e-02
1164556494.988403 1.228442e-02
1164556494.988525 3.510572e-02
1164556494.988647 5.100452e-02
1164556494.988770 3.867976e-02
1164556494.988892 3.170181e-02
1164556494.989014 3.747635e-02
1164556494.989136 1.636895e-02
1164556494.989258 -2.392801e-02
1164556494.989380 -5.437739e-02
1164556494.989502 -7.736014e-02
1164556494.989624 -8.893491e-02
1164556494.989746 -8.247591e-02
1164556494.989868 -5.638389e-02
1164556494.989990 -1.184236e-02
1164556494.990112 4.538601e-02
1164556494.990234 8.676342e-02
1164556494.990356 8.378239e-02
1164556494.990479 6.688853e-02
1164556494.990601 6.713687e-02
1164556494.990723 6.447865e-02
1164556494.990845 2.928866e-02
1164556494.990967 -1.128482e-02
1164556494.991089 -4.502872e-02
1164556494.991211 -7.325571e-02
1164556494.991333 -9.126792e-02
1164556494.991455 -8.374500e-02
1164556494.991577 -7.693372e-02
1164556494.991699 -5.772783e-02
1164556494.991821 -1.732665e-02
1164556494.991943 3.137720e-02
1164556494.992065 7.882042e-02
1164556494.992188 1.135394e-01
1164556494.992310 1.148134e-01
1164556494.992432 7.983101e-02
1164556494.992554 2.583487e-02
1164556494.992676 -1.475706e-02
1164556494.992798 -3.946289e-02
1164556494.992920 -5.072229e-02
1164556494.993042 -5.369138e-02
1164556494.993164 -5.245941e-02
1164556494.993286 -5.190511e-02
1164556494.993408 -4.895658e-02
1164556494.993530 -2.902289e-02
1164556494.993652 -8.819307e-03
1164556494.993774 -2.824124e-03
1164556494.993896 2.185739e-02
1164556494.994019 5.588541e-02
1164556494.994141 6.836204e-02
1164556494.994263 6.690856e-02
1164556494.994385 5.681755e-02
1164556494.994507 2.851582e-02
1164556494.994629 1.146915e-03
1164556494.994751 -1.177542e-02
1164556494.994873 -3.097101e-02
1164556494.994995 -5.626912e-02
1164556494.995117 -6.021695e-02
1164556494.995239 -5.468822e-02
1164556494.995361 -3.823088e-02
1164556494.995483 -1.640805e-02
1164556494.995605 -6.015415e-03
1164556494.995728 -2.857823e-03
1164556494.995850 1.297437e-02
1164556494.995972 3.027525e-02
1164556494.996094 4.254747e-02
1164556494.996216 5.892024e-02
1164556494.996338 8.129626e-02
1164556494.996460 7.078699e-02
1164556494.996582 2.955186e-02
1164556494.996704 -1.350969e-02
1164556494.996826 -5.079439e-02
1164556494.996948 -7.229215e-02
1164556494.997070 -7.616435e-02
1164556494.997192 -7.046305e-02
1164556494.997314 -5.581012e-02
1164556494.997437 -3.662430e-02
1164556494.997559 -1.156568e-02
1164556494.997681 1.073077e-02
1164556494.997803 4.638288e-02
1164556494.997925 7.898311e-02
1164556494.998047 9.099663e-02
1164556494.998169 9.527310e-02
1164556494.998291 7.446157e-02
1164556494.998413 1.522076e-02
1164556494.998535 -4.151605e-02
1164556494.998657 -7.131190e-02
1164556494.998779 -7.983035e-02
1164556494.998901 -7.856033e-02
1164556494.999023 -5.015114e-02
1164556494.999146 -1.944107e-02
1164556494.999268 -2.483305e-03
1164556494.999390 5.674106e-03
1164556494.999512 4.663607e-03
1164556494.999634 2.916580e-03
1164556494.999756 2.737365e-02
1164556494.999878 5.770429e-02
1164556495.000000 6.935878e-02
1164556495.000122 5.725691e-02
1164556495.000244 4.393533e-02
1164556495.000366 1.780786e-02
1164556495.000488 -1.949080e-02
1164556495.000610 -4.820930e-02
1164556495.000732 -6.670081e-02
1164556495.000854 -6.573782e-02
1164556495.000977 -4.515711e-02
1164556495.001099 -2.772248e-02
1164556495.001221 -1.507312e-02
1164556495.001343 1.132095e-03
1164556495.001465 2.054762e-02
1164556495.001587 1.845064e-02
1164556495.001709 1.918117e-02
1164556495.001831 4.564198e-02
1164556495.001953 6.585192e-02
1164556495.002075 5.678970e-02
1164556495.002197 2.992960e-02
1164556495.002319 -1.212041e-03
1164556495.002441 -2.846819e-02
1164556495.002563 -3.361027e-02
1164556495.002686 -2.721191e-02
1164556495.002808 -3.960099e-02
1164556495.002930 -4.170526e-02
1164556495.003052 -3.621430e-02
1164556495.003174 -3.785734e-02
1164556495.003296 -3.081377e-02
1164556495.003418 -2.382557e-03
1164556495.003540 1.390856e-02
1164556495.003662 3.166885e-02
1164556495.003784 7.009555e-02
1164556495.003906 8.914582e-02
1164556495.004028 7.239962e-02
1164556495.004150 4.480975e-02
1164556495.004272 9.953737e-03
1164556495.004395 -2.875113e-02
1164556495.004517 -5.418327e-02
1164556495.004639 -7.467117e-02
1164556495.004761 -8.435721e-02
1164556495.004883 -6.118081e-02
1164556495.005005 -3.585881e-02
1164556495.005127 -9.540332e-03
1164556495.005249 1.602537e-02
1164556495.005371 3.649748e-02
1164556495.005493 4.104722e-02
1164556495.005615 3.696235e-02
1164556495.005737 4.439422e-02
1164556495.005859 5.313971e-02
1164556495.005981 5.971297e-02
1164556495.006104 4.196125e-02
1164556495.006226 3.001260e-03
1164556495.006348 -1.930999e-02
1164556495.006470 -5.301552e-02
1164556495.006592 -8.086108e-02
1164556495.006714 -8.771987e-02
1164556495.006836 -7.440852e-02
1164556495.006958 -4.371175e-02
1164556495.007080 -5.829502e-03
1164556495.007202 3.532838e-02
1164556495.007324 5.648973e-02
1164556495.007446 6.623246e-02
1164556495.007568 6.225090e-02
1164556495.007690 4.062985e-02
1164556495.007812 4.327765e-02
1164556495.007935 4.278733e-02
1164556495.008057 1.961370e-02
1164556495.008179 -9.833985e-03
1164556495.008301 -4.597640e-02
1164556495.008423 -7.651037e-02
1164556495.008545 -9.055908e-02
1164556495.008667 -8.458160e-02
1164556495.008789 -5.916455e-02
1164556495.008911 -6.206157e-03
1164556495.009033 5.018852e-02
1164556495.009155 6.332692e-02
1164556495.009277 5.430036e-02
1164556495.009399 4.941093e-02
1164556495.009521 4.802039e-02
1164556495.009644 3.673622e-02
1164556495.009766 2.730303e-02
1164556495.009888 1.254416e-02
1164556495.010010 -1.630224e-02
1164556495.010132 -4.567193e-02
1164556495.010254 -6.702697e-02
1164556495.010376 -6.519033e-02
1164556495.010498 -4.301140e-02
1164556495.010620 -1.316319e-02
1164556495.010742 6.431214e-03
1164556495.010864 1.249460e-02
1164556495.010986 2.682013e-02
1164556495.011108 2.874330e-02
1164556495.011230 2.300721e-02
1164556495.011353 2.158569e-02
1164556495.011475 1.986195e-02
1164556495.011597 1.446837e-02
1164556495.011719 1.095426e-02
1164556495.011841 2.858966e-03
1164556495.011963 -7.185487e-03
1164556495.012085 -6.177205e-03
1164556495.012207 -1.043910e-03
1164556495.012329 -1.018467e-02
1164556495.012451 -2.079765e-02
1164556495.012573 -2.779911e-02
1164556495.012695 -3.668531e-02
1164556495.012817 -3.608044e-02
1164556495.012939 -1.812801e-02
1164556495.013062 6.124038e-03
1164556495.013184 1.919429e-02
1164556495.013306 2.154992e-02
1164556495.013428 2.955620e-02
1164556495.013550 3.447392e-02
1164556495.013672 4.566523e-02
1164556495.013794 5.490235e-02
1164556495.013916 4.218370e-02
1164556495.014038 6.687737e-03
1164556495.014160 -2.535327e-02
1164556495.014282 -4.505899e-02
1164556495.014404 -7.480678e-02
1164556495.014526 -9.237245e-02
1164556495.014648 -7.240873e-02
1164556495.014771 -4.443646e-02
1164556495.014893 -1.841702e-03
1164556495.015015 4.349446e-02
1164556495.015137 7.160738e-02
1164556495.015259 8.656309e-02
1164556495.015381 8.611460e-02
1164556495.015503 5.475401e-02
1164556495.015625 1.811135e-02
1164556495.015747 -2.207998e-03
1164556495.015869 -2.415302e-02
1164556495.015991 -4.381578e-02
1164556495.016113 -4.972859e-02
1164556495.016235 -5.595808e-02
1164556495.016357 -5.954446e-02
1164556495.016479 -6.087400e-02
1164556495.016602 -3.925163e-02
1164556495.016724 2.484345e-03
1164556495.016846 4.314674e-02
1164556495.016968 7.052625e-02
1164556495.017090 7.591633e-02
1164556495.017212 6.299704e-02
1164556495.017334 2.731246e-02
1164556495.017456 -1.015108e-02
1164556495.017578 -1.645024e-02
1164556495.017700 -1.578665e-02
1164556495.017822 -5.032894e-03
1164556495.017944 1.796236e-03
1164556495.018066 -1.612683e-02
1164556495.018188 -3.453531e-02
1164556495.018311 -3.903268e-02
1164556495.018433 -3.985049e-02
1164556495.018555 -4.223400e-02
1164556495.018677 -2.677149e-02
1164556495.018799 4.107871e-03
1164556495.018921 2.457450e-02
1164556495.019043 4.928810e-02
1164556495.019165 6.301920e-02
1164556495.019287 5.146450e-02
1164556495.019409 3.830600e-02
1164556495.019531 2.812187e-02
1164556495.019653 1.684022e-02
1164556495.019775 3.216931e-03
1164556495.019897 -1.892994e-02
1164556495.020020 -4.553843e-02
1164556495.020142 -6.737254e-02
1164556495.020264 -7.659019e-02
1164556495.020386 -7.412893e-02
1164556495.020508 -5.283089e-02
1164556495.020630 -1.852467e-02
1164556495.020752 1.785303e-02
1164556495.020874 6.224477e-02
1164556495.020996 9.717927e-02
1164556495.021118 1.008503e-01
1164556495.021240 9.023376e-02
1164556495.021362 5.670878e-02
1164556495.021484 7.717070e-03
1164556495.021606 -2.952212e-02
1164556495.021729 -5.143482e-02
1164556495.021851 -8.050414e-02
1164556495.021973 -9.883914e-02
1164556495.022095 -9.064519e-02
1164556495.022217 -6.890723e-02
1164556495.022339 -2.743321e-02
1164556495.022461 2.302276e-02
1164556495.022583 5.048927e-02
1164556495.022705 7.117312e-02
1164556495.022827 9.365110e-02
1164556495.022949 8.670530e-02
1164556495.023071 5.300744e-02
1164556495.023193 2.807175e-02
1164556495.023315 5.527443e-03
1164556495.023438 -2.928553e-02
1164556495.023560 -6.059398e-02
1164556495.023682 -7.384791e-02
1164556495.023804 -7.047541e-02
1164556495.023926 -5.660546e-02
1164556495.024048 -3.763286e-02
1164556495.024170 -1.738063e-02
1164556495.024292 1.109593e-02
1164556495.024414 3.807107e-02
1164556495.024536 4.537141e-02
1164556495.024658 4.988971e-02
1164556495.024780 5.594112e-02
1164556495.024902 5.927530e-02
1164556495.025024 4.416049e-02
1164556495.025146 9.246693e-03
1164556495.025269 -2.657376e-02
1164556495.025391 -4.838911e-02
1164556495.025513 -5.450464e-02
1164556495.025635 -4.982928e-02
1164556495.025757 -4.505898e-02
1164556495.025879 -2.933890e-02
1164556495.026001 -4.490805e-03
1164556495.026123 1.636715e-02
1164556495.026245 2.291155e-02
1164556495.026367 1.911817e-02
1164556495.026489 1.615731e-02
1164556495.026611 2.296002e-02
1164556495.026733 3.247817e-02
1164556495.026855 3.516544e-02
1164556495.026978 2.634318e-02
1164556495.027100 8.093494e-03
1164556495.027222 -1.297777e-02
1164556495.027344 -3.093817e-02
1164556495.027466 -4.169833e-02
1164556495.027588 -3.307186e-02
1164556495.027710 -1.826088e-02
1164556495.027832 -3.484092e-03
1164556495.027954 2.521368e-03
1164556495.028076 1.223829e-03
1164556495.028198 5.640853e-03
1164556495.028320 5.781109e-03
1164556495.028442 -2.218531e-03
1164556495.028564 -1.244908e-02
1164556495.028687 3.719192e-03
1164556495.028809 3.255670e-02
1164556495.028931 3.549089e-02
1164556495.029053 3.468683e-02
1164556495.029175 2.784093e-02
1164556495.029297 1.054821e-02
1164556495.029419 -1.485405e-02
1164556495.029541 -3.091455e-02
1164556495.029663 -3.839939e-02
1164556495.029785 -4.200423e-02
1164556495.029907 -2.765051e-02
1164556495.030029 -2.723065e-02
1164556495.030151 -2.364203e-02
1164556495.030273 3.484875e-03
1164556495.030396 1.789838e-02
1164556495.030518 2.347482e-02
1164556495.030640 3.276164e-02
1164556495.030762 4.763035e-02
1164556495.030884 4.747008e-02
1164556495.031006 3.675110e-02
1164556495.031128 2.334496e-02
1164556495.031250 -5.680181e-03
1164556495.031372 -2.477620e-02
1164556495.031494 -3.533101e-02
1164556495.031616 -5.206308e-02
1164556495.031738 -5.912302e-02
1164556495.031860 -5.204229e-02
1164556495.031982 -3.320348e-02
1164556495.032104 -1.577095e-02
1164556495.032227 8.711674e-03
1164556495.032349 3.757204e-02
1164556495.032471 5.691708e-02
1164556495.032593 7.497305e-02
1164556495.032715 7.088600e-02
1164556495.032837 4.813921e-02
1164556495.032959 2.418358e-02
1164556495.033081 -1.099716e-02
1164556495.033203 -5.242983e-02
1164556495.033325 -7.211269e-02
1164556495.033447 -6.608462e-02
1164556495.033569 -5.511912e-02
1164556495.033691 -3.557876e-02
1164556495.033813 -9.597142e-03
1164556495.033936 1.009286e-02
1164556495.034058 2.552079e-02
1164556495.034180 3.819304e-02
1164556495.034302 3.563236e-02
1164556495.034424 3.554394e-02
1164556495.034546 4.427807e-02
1164556495.034668 3.776945e-02
1164556495.034790 1.733795e-02
1164556495.034912 -1.493349e-04
1164556495.035034 -2.310424e-02
1164556495.035156 -4.239070e-02
1164556495.035278 -4.607570e-02
1164556495.035400 -3.828629e-02
1164556495.035522 -2.911662e-02
1164556495.035645 -1.137069e-02
1164556495.035767 4.571917e-03
1164556495.035889 1.680787e-03
1164556495.036011 6.095511e-03
1164556495.036133 1.671822e-02
1164556495.036255 1.275108e-02
1164556495.036377 1.262153e-02
1164556495.036499 1.979709e-02
1164556495.036621 3.722079e-02
1164556495.036743 4.766840e-02
1164556495.036865 4.178511e-02
1164556495.036987 1.064561e-02
1164556495.037109 -2.737408e-02
1164556495.037231 -4.024544e-02
1164556495.037354 -5.544412e-02
1164556495.037476 -6.506194e-02
1164556495.037598 -5.030315e-02
1164556495.037720 -3.150689e-02
1164556495.037842 -1.456937e-02
1164556495.037964 6.508759e-03
1164556495.038086 4.100888e-02
1164556495.038208 6.031799e-02
1164556495.038330 7.112423e-02
1164556495.038452 6.694686e-02
1164556495.038574 4.170781e-02
1164556495.038696 2.643440e-02
1164556495.038818 1.305911e-03
1164556495.038940 -3.982191e-02
1164556495.039062 -6.951163e-02
1164556495.039185 -7.807765e-02
1164556495.039307 -6.578435e-02
1164556495.039429 -4.810947e-02
1164556495.039551 -2.085779e-02
1164556495.039673 3.547816e-03
1164556495.039795 2.775177e-02
1164556495.039917 5.600767e-02
1164556495.040039 6.791492e-02
1164556495.040161 6.213393e-02
1164556495.040283 4.646428e-02
1164556495.040405 2.477600e-02
1164556495.040527 5.361993e-05
1164556495.040649 -2.517662e-02
1164556495.040771 -4.400533e-02
1164556495.040894 -5.114596e-02
1164556495.041016 -4.246187e-02
1164556495.041138 -3.180981e-02
1164556495.041260 -2.316173e-02
1164556495.041382 -1.075638e-02
1164556495.041504 8.617533e-03
1164556495.041626 2.692928e-02
1164556495.041748 3.019217e-02
1164556495.041870 2.918086e-02
1164556495.041992 2.589290e-02
1164556495.042114 1.362363e-02
1164556495.042236 1.283920e-03
1164556495.042358 -6.787811e-03
1164556495.042480 -3.169233e-03
1164556495.042603 8.685911e-03
1164556495.042725 1.672103e-02
1164556495.042847 2.975903e-03
1164556495.042969 -2.075731e-02
1164556495.043091 -2.779425e-02
1164556495.043213 -2.657637e-02
1164556495.043335 -3.390370e-02
1164556495.043457 -3.197182e-02
1164556495.043579 -1.203501e-02
1164556495.043701 1.107057e-02
1164556495.043823 2.552639e-02
1164556495.043945 3.538124e-02
1164556495.044067 3.251067e-02
1164556495.044189 2.488796e-02
1164556495.044312 2.171964e-02
1164556495.044434 1.629040e-02
1164556495.044556 1.114682e-02
1164556495.044678 8.991953e-03
1164556495.044800 -6.595340e-03
1164556495.044922 -3.501262e-02
1164556495.045044 -4.949130e-02
1164556495.045166 -5.296982e-02
1164556495.045288 -4.960337e-02
1164556495.045410 -2.765246e-02
1164556495.045532 2.367407e-03
1164556495.045654 2.573786e-02
1164556495.045776 4.850098e-02
1164556495.045898 6.080548e-02
1164556495.046021 4.448646e-02
1164556495.046143 2.447530e-02
1164556495.046265 1.256054e-02
1164556495.046387 -1.346606e-03
1164556495.046509 -3.090474e-03
1164556495.046631 -4.173609e-03
1164556495.046753 -2.241513e-02
1164556495.046875 -4.079925e-02
1164556495.046997 -5.142520e-02
1164556495.047119 -5.406440e-02
1164556495.047241 -3.932518e-02
1164556495.047363 -4.291041e-03
1164556495.047485 2.229891e-02
1164556495.047607 3.987177e-02
1164556495.047729 5.508948e-02
1164556495.047852 4.749578e-02
1164556495.047974 3.033334e-02
1164556495.048096 2.506492e-02
1164556495.048218 1.266599e-02
1164556495.048340 -5.351105e-03
1164556495.048462 -1.881144e-02
1164556495.048584 -2.700871e-02
1164556495.048706 -3.239962e-02
1164556495.048828 -3.748773e-02
1164556495.048950 -3.863477e-02
1164556495.049072 -3.590159e-02
1164556495.049194 -1.893893e-02
1164556495.049316 6.765083e-03
1164556495.049438 1.926786e-02
1164556495.049561 3.402695e-02
1164556495.049683 4.862415e-02
1164556495.049805 5.005742e-02
1164556495.049927 4.080251e-02
1164556495.050049 2.158182e-02
1164556495.050171 -1.069469e-03
1164556495.050293 -1.983737e-02
1164556495.050415 -3.411124e-02
1164556495.050537 -3.717856e-02
1164556495.050659 -3.277378e-02
1164556495.050781 -3.040875e-02
1164556495.050903 -3.128104e-02
1164556495.051025 -2.056090e-02
1164556495.051147 -9.064328e-05
1164556495.051270 2.058796e-02
1164556495.051392 3.576744e-02
1164556495.051514 3.501696e-02
1164556495.051636 3.151478e-02
1164556495.051758 3.277962e-02
1164556495.051880 2.378509e-02
1164556495.052002 5.207554e-03
1164556495.052124 -7.975790e-03
1164556495.052246 -1.496822e-02
1164556495.052368 -3.385831e-02
1164556495.052490 -4.078400e-02
1164556495.052612 -2.850472e-02
1164556495.052734 -1.825467e-02
1164556495.052856 -3.856836e-03
1164556495.052979 5.869947e-03
1164556495.053101 7.095971e-03
1164556495.053223 7.543365e-03
1164556495.053345 1.022066e-02
1164556495.053467 1.513309e-02
1164556495.053589 2.125660e-02
1164556495.053711 2.936548e-02
1164556495.053833 2.634634e-02
1164556495.053955 1.748066e-02
1164556495.054077 -3.385507e-03
1164556495.054199 -2.681776e-02
1164556495.054321 -3.005799e-02
1164556495.054443 -2.177329e-02
1164556495.054565 -1.377430e-02
1164556495.054688 -9.850328e-03
1164556495.054810 -1.285657e-02
1164556495.054932 -1.760373e-02
1164556495.055054 -1.730167e-02
1164556495.055176 -4.232451e-03
1164556495.055298 1.948047e-02
1164556495.055420 4.113084e-02
1164556495.055542 5.121113e-02
1164556495.055664 4.175769e-02
1164556495.055786 2.117262e-02
1164556495.055908 -8.600217e-04
1164556495.056030 -2.359486e-02
1164556495.056152 -3.692152e-02
1164556495.056274 -4.032465e-02
1164556495.056396 -2.719847e-02
1164556495.056519 -1.014191e-02
1164556495.056641 -7.838565e-03
1164556495.056763 -5.878440e-03
1164556495.056885 1.841311e-03
1164556495.057007 9.488591e-03
1164556495.057129 1.442823e-02
1164556495.057251 1.738198e-02
1164556495.057373 2.081352e-02
1164556495.057495 2.286847e-02
1164556495.057617 2.657296e-02
1164556495.057739 1.799155e-02
1164556495.057861 -3.197432e-03
1164556495.057983 -1.789639e-02
1164556495.058105 -2.544073e-02
1164556495.058228 -3.708314e-02
1164556495.058350 -3.557977e-02
1164556495.058472 -1.382426e-02
1164556495.058594 1.489433e-03
1164556495.058716 6.276192e-03
1164556495.058838 1.443825e-02
1164556495.058960 2.152399e-02
1164556495.059082 1.962974e-02
1164556495.059204 1.380329e-02
1164556495.059326 9.296764e-03
1164556495.059448 -4.335597e-03
1164556495.059570 -5.409768e-03
1164556495.059692 5.128170e-03
1164556495.059814 5.011908e-04
1164556495.059937 -4.217980e-03
1164556495.060059 -2.695719e-03
1164556495.060181 -5.930210e-03
1164556495.060303 -1.319823e-02
1164556495.060425 -9.238513e-03
1164556495.060547 -1.170911e-03
1164556495.060669 -9.156308e-03
1164556495.060791 -8.399825e-03
1164556495.060913 -5.485174e-03
1164556495.061035 -4.629730e-03
1164556495.061157 6.284350e-03
1164556495.061279 1.101447e-02
1164556495.061401 1.853123e-02
1164556495.061523 3.210396e-02
1164556495.061646 3.896890e-02
1164556495.061768 2.396060e-02
1164556495.061890 -8.479872e-03
1164556495.062012 -3.161456e-02
1164556495.062134 -4.570483e-02
1164556495.062256 -4.124384e-02
1164556495.062378 -2.699785e-02
1164556495.062500 -8.315992e-03
1164556495.062622 1.037751e-02
1164556495.062744 1.373395e-02
1164556495.062866 1.638923e-02
1164556495.062988 2.219254e-02
1164556495.063110 2.029024e-02
1164556495.063232 1.506422e-02
1164556495.063354 1.543587e-02
1164556495.063477 1.386553e-02
1164556495.063599 3.844042e-03
1164556495.063721 -3.946143e-03
1164556495.063843 -1.704491e-02
1164556495.063965 -3.154516e-02
1164556495.064087 -3.265239e-02
1164556495.064209 -2.758752e-02
1164556495.064331 -1.681075e-02
1164556495.064453 7.074414e-03
1164556495.064575 2.742157e-02
1164556495.064697 2.549337e-02
1164556495.064819 1.486736e-02
1164556495.064941 1.111170e-02
1164556495.065063 8.521981e-03
1164556495.065186 5.028675e-03
1164556495.065308 1.832931e-03
1164556495.065430 -1.003582e-03
1164556495.065552 -3.539368e-03
1164556495.065674 -4.829498e-03
1164556495.065796 -1.417157e-02
1164556495.065918 -1.959085e-02
1164556495.066040 -1.193621e-02
1164556495.066162 3.951383e-04
1164556495.066284 7.353340e-03
1164556495.066406 5.570812e-03
1164556495.066528 2.566385e-03
1164556495.066650 -3.692476e-03
1164556495.066772 -7.511293e-03
1164556495.066895 -6.269970e-03
1164556495.067017 -1.409363e-04
1164556495.067139 1.501920e-02
1164556495.067261 2.844069e-02
1164556495.067383 2.798769e-02
1164556495.067505 1.522811e-02
1164556495.067627 3.933092e-04
1164556495.067749 -1.084623e-02
1164556495.067871 -2.410039e-02
1164556495.067993 -3.139779e-02
1164556495.068115 -2.960113e-02
1164556495.068237 -2.505726e-02
1164556495.068359 -1.428830e-02
1164556495.068481 2.263126e-04
1164556495.068604 1.386779e-02
1164556495.068726 2.655994e-02
1164556495.068848 3.616179e-02
1164556495.068970 3.660907e-02
1164556495.069092 2.432396e-02
1164556495.069214 1.400603e-02
1164556495.069336 3.178832e-03
1164556495.069458 -1.157127e-02
1164556495.069580 -1.840252e-02
1164556495.069702 -2.978874e-02
1164556495.069824 -4.661008e-02
1164556495.069946 -4.917407e-02
1164556495.070068 -3.022628e-02
1164556495.070190 -5.299264e-03
1164556495.070312 1.520752e-02
1164556495.070435 3.805884e-02
1164556495.070557 5.302652e-02
1164556495.070679 5.453609e-02
1164556495.070801 4.225242e-02
1164556495.070923 1.664653e-02
1164556495.071045 -9.484299e-03
1164556495.071167 -2.474494e-02
1164556495.071289 -3.226225e-02
1164556495.071411 -3.589654e-02
1164556495.071533 -3.661944e-02
1164556495.071655 -3.452444e-02
1164556495.071777 -3.548434e-02
1164556495.071899 -3.080597e-02
