1164556494.751709 -2.361291e-01
1164556494.751831 -1.568975e-01
1164556494.751953 -1.693261e-02
1164556494.752075 1.217615e-01
1164556494.752197 2.412121e-01
1164556494.752319 3.772140e-01
1164556494.752441 4.543751e-01
1164556494.752563 4.307954e-01
1164556494.752686 3.421846e-01
1164556494.752808 2.083179e-01
1164556494.752930 1.320199e-02
1164556494.753052 -2.170094e-01
1164556494.753174 -3.642449e-01
1164556494.753296 -4.623583e-01
1164556494.753418 -4.989567e-01
1164556494.753540 -4.343417e-01
1164556494.753662 -2.474069e-01
1164556494.753784 -3.042611e-02
1164556494.753906 1.383027e-01
1164556494.754028 2.994956e-01
1164556494.754150 3.893071e-01
1164556494.754272 3.450911e-01
1164556494.754395 3.038535e-01
1164556494.754517 2.783251e-01
1164556494.754639 1.934853e-01
1164556494.754761 4.430138e-02
1164556494.754883 -5.334129e-02
1164556494.755005 -1.892559e-01
1164556494.755127 -3.400874e-01
1164556494.755249 -3.288738e-01
1164556494.755371 -2.804037e-01
1164556494.755493 -2.694635e-01
1164556494.755615 -1.865775e-01
1164556494.755737 -7.432555e-02
1164556494.755859 8.371265e-03
1164556494.755981 1.204033e-01
1164556494.756104 2.640456e-01
1164556494.756226 3.360108e-01
1164556494.756348 3.488376e-01
1164556494.756470 3.569806e-01
1164556494.756592 2.537575e-01
1164556494.756714 7.468816e-02
1164556494.756836 -5.387268e-02
1164556494.756958 -1.562559e-01
1164556494.757080 -3.076070e-01
1164556494.757202 -4.248825e-01
1164556494.757324 -4.070388e-01
1164556494.757446 -2.904251e-01
1164556494.757568 -1.370984e-01
1164556494.757690 -1.308833e-02
1164556494.757812 9.703968e-02
1164556494.757935 1.751894e-01
1164556494.758057 2.659167e-01
1164556494.758179 3.490872e-01
1164556494.758301 3.209321e-01
1164556494.758423 2.190956e-01
1164556494.758545 1.644770e-01
1164556494.758667 9.024353e-02
1164556494.758789 -8.135414e-02
1164556494.758911 -1.969485e-01
1164556494.759033 -2.229684e-01
1164556494.759155 -2.790126e-01
1164556494.759277 -2.849591e-01
1164556494.759399 -2.324887e-01
1164556494.759521 -1.975832e-01
1164556494.759644 -1.424647e-01
1164556494.759766 1.317328e-02
1164556494.759888 1.189603e-01
1164556494.760010 1.956184e-01
1164556494.760132 3.247955e-01
1164556494.760254 3.699051e-01
1164556494.760376 3.256746e-01
1164556494.760498 2.841117e-01
1164556494.760620 1.532021e-01
1164556494.760742 -3.146841e-02
1164556494.760864 -1.833669e-01
1164556494.760986 -2.948288e-01
1164556494.761108 -3.941603e-01
1164556494.761230 -4.184756e-01
1164556494.761353 -3.754415e-01
1164556494.761475 -2.512372e-01
1164556494.761597 -7.676404e-02
1164556494.761719 1.004381e-01
1164556494.761841 2.645334e-01
1164556494.761963 4.221285e-01
1164556494.762085 4.817970e-01
1164556494.762207 3.915728e-01
1164556494.762329 2.443309e-01
1164556494.762451 5.441119e-02
1164556494.762573 -1.117082e-01
1164556494.762695 -1.705122e-01
1164556494.762817 -2.431734e-01
1164556494.762939 -2.863000e-01
1164556494.763062 -2.526511e-01
1164556494.763184 -2.173399e-01
1164556494.763306 -1.887266e-01
1164556494.763428 -1.238320e-01
1164556494.763550 -3.986866e-03
1164556494.763672 7.544430e-02
1164556494.763794 1.433322e-01
1164556494.763916 2.373859e-01
1164556494.764038 2.565141e-01
1164556494.764160 2.713020e-01
1164556494.764282 2.441447e-01
1164556494.764404 1.298791e-01
1164556494.764526 9.199934e-03
1164556494.764648 -5.325336e-02
1164556494.764771 -9.743607e-02
1164556494.764893 -1.693028e-01
1164556494.765015 -2.399103e-01
1164556494.765137 -2.913997e-01
1164556494.765259 -3.243350e-01
1164556494.765381 -2.620585e-01
1164556494.765503 -1.255258e-01
1164556494.765625 4.491850e-02
1164556494.765747 1.939747e-01
1164556494.765869 3.377683e-01
1164556494.765991 4.163475e-01
1164556494.766113 3.514702e-01
1164556494.766235 2.125775e-01
1164556494.766357 8.162306e-02
1164556494.766479 -3.142513e-02
1164556494.766602 -1.097029e-01
1164556494.766724 -1.611704e-01
1164556494.766846 -2.105025e-01
1164556494.766968 -2.777420e-01
1164556494.767090 -2.548186e-01
1164556494.767212 -1.901615e-01
1164556494.767334 -1.502280e-01
1164556494.767456 -6.415936e-02
1164556494.767578 5.165130e-02
1164556494.767700 1.274767e-01
1164556494.767822 2.077483e-01
1164556494.767944 2.699494e-01
1164556494.768066 2.699718e-01
1164556494.768188 2.250394e-01
1164556494.768311 1.691452e-01
1164556494.768433 6.858636e-02
1164556494.768555 -1.020928e-02
1164556494.768677 -8.136027e-02
1164556494.768799 -1.630565e-01
1164556494.768921 -2.481989e-01
1164556494.769043 -3.262053e-01
1164556494.769165 -3.474023e-01
1164556494.769287 -2.743531e-01
1164556494.769409 -1.364788e-01
1164556494.769531 4.626183e-02
1164556494.769653 1.759048e-01
1164556494.769775 2.780728e-01
1164556494.769897 3.419015e-01
1164556494.770020 3.637479e-01
1164556494.770142 3.197601e-01
1164556494.770264 1.809047e-01
1164556494.770386 5.327469e-02
1164556494.770508 -6.656667e-02
1164556494.770630 -2.106321e-01
1164556494.770752 -2.966167e-01
1164556494.770874 -3.427793e-01
1164556494.770996 -3.089251e-01
1164556494.771118 -2.164212e-01
1164556494.771240 -1.194813e-01
1164556494.771362 -2.651415e-02
1164556494.771484 6.180871e-02
1164556494.771606 1.624753e-01
1164556494.771729 1.901202e-01
1164556494.771851 1.869897e-01
1164556494.771973 2.416550e-01
1164556494.772095 2.386315e-01
1164556494.772217 2.337801e-01
1164556494.772339 2.043561e-01
1164556494.772461 8.412735e-02
1164556494.772583 -6.159326e-02
1164556494.772705 -1.837377e-01
1164556494.772827 -3.472087e-01
1164556494.772949 -4.608687e-01
1164556494.773071 -4.194098e-01
1164556494.773193 -3.253363e-01
1164556494.773315 -1.964832e-01
1164556494.773438 2.473154e-02
1164556494.773560 1.930643e-01
1164556494.773682 3.368431e-01
1164556494.773804 4.844421e-01
1164556494.773926 5.585920e-01
1164556494.774048 4.527458e-01
1164556494.774170 2.681155e-01
1164556494.774292 7.657452e-03
1164556494.774414 -2.260382e-01
1164556494.774536 -3.416227e-01
1164556494.774658 -4.380837e-01
1164556494.774780 -5.080088e-01
1164556494.774902 -4.230473e-01
1164556494.775024 -2.390182e-01
1164556494.775146 -5.539343e-02
1164556494.775269 1.099670e-01
1164556494.775391 2.340775e-01
1164556494.775513 2.902519e-01
1164556494.775635 3.485225e-01
1164556494.775757 3.099639e-01
1164556494.775879 2.211196e-01
1164556494.776001 1.840420e-01
1164556494.776123 1.538948e-01
1164556494.776245 1.944835e-02
1164556494.776367 -1.483760e-01
1164556494.776489 -2.681201e-01
1164556494.776611 -3.307852e-01
1164556494.776733 -3.006445e-01
1164556494.776855 -2.161359e-01
1164556494.776978 -2.002706e-01
1164556494.777100 -1.510407e-01
1164556494.777222 -3.768440e-02
1164556494.777344 4.414582e-02
1164556494.777466 1.523744e-01
1164556494.777588 2.963109e-01
1164556494.777710 3.788413e-01
1164556494.777832 3.935596e-01
1164556494.777954 3.369820e-01
1164556494.778076 1.969914e-01
1164556494.778198 2.542825e-02
1164556494.778320 -1.555560e-01
1164556494.778442 -3.185537e-01
1164556494.778564 -4.356716e-01
1164556494.778687 -4.746044e-01
1164556494.778809 -3.968010e-01
1164556494.778931 -2.269767e-01
1164556494.779053 -3.502570e-03
1164556494.779175 1.607177e-01
1164556494.779297 2.856935e-01
1164556494.779419 3.381692e-01
1164556494.779541 3.238007e-01
1164556494.779663 3.017681e-01
1164556494.779785 2.325760e-01
1164556494.779907 1.066022e-01
1164556494.780029 -1.491942e-02
1164556494.780151 -1.457583e-01
1164556494.780273 -2.530775e-01
1164556494.780396 -2.786441e-01
1164556494.780518 -1.792244e-01
1164556494.780640 -1.356590e-01
1164556494.780762 -1.099187e-01
1164556494.780884 -4.300139e-02
1164556494.781006 -5.659392e-02
1164556494.781128 -8.558683e-02
1164556494.781250 8.126569e-03
1164556494.781372 1.325335e-01
1164556494.781494 2.176977e-01
1164556494.781616 2.624157e-01
1164556494.781738 2.533539e-01
1164556494.781860 1.657317e-01
1164556494.781982 1.303862e-01
1164556494.782104 7.205789e-02
1164556494.782227 -9.464921e-02
1164556494.782349 -2.114132e-01
1164556494.782471 -2.287034e-01
1164556494.782593 -2.435506e-01
1164556494.782715 -2.678037e-01
1164556494.782837 -2.308554e-01
1164556494.782959 -1.268623e-01
1164556494.783081 -2.849791e-03
1164556494.783203 1.556916e-01
1164556494.783325 2.175160e-01
1164556494.783447 2.263835e-01
1164556494.783569 2.184406e-01
1164556494.783691 2.171666e-01
1164556494.783813 1.906785e-01
1164556494.783936 7.678171e-02
1164556494.784058 -3.127445e-02
1164556494.784180 -6.423718e-02
1164556494.784302 -1.167228e-01
1164556494.784424 -1.692097e-01
1164556494.784546 -1.842592e-01
1164556494.784668 -1.977584e-01
1164556494.784790 -2.406978e-01
1164556494.784912 -1.693375e-01
1164556494.785034 -8.420676e-02
1164556494.785156 -3.468193e-02
1164556494.785278 1.177003e-01
1164556494.785400 2.439997e-01
1164556494.785522 2.616992e-01
1164556494.785645 2.786319e-01
1164556494.785767 3.025120e-01
1164556494.785889 2.231924e-01
1164556494.786011 7.813604e-02
1164556494.786133 -2.089691e-02
1164556494.786255 -1.397781e-01
1164556494.786377 -2.922039e-01
1164556494.786499 -3.947055e-01
1164556494.786621 -3.628631e-01
1164556494.786743 -2.550618e-01
1164556494.786865 -1.550600e-01
1164556494.786987 -1.908884e-02
1164556494.787109 1.212410e-01
1164556494.787231 1.960760e-01
1164556494.787354 2.537984e-01
1164556494.787476 3.033666e-01
1164556494.787598 3.165545e-01
1164556494.787720 2.669432e-01
1164556494.787842 2.166520e-01
1164556494.787964 4.336936e-02
1164556494.788086 -1.591216e-01
1164556494.788208 -2.129506e-01
1164556494.788330 -2.663630e-01
1164556494.788452 -3.654600e-01
1164556494.788574 -3.472794e-01
1164556494.788696 -2.521082e-01
1164556494.788818 -1.681315e-01
1164556494.788940 -1.964320e-02
1164556494.789062 1.988197e-01
1164556494.789185 2.984347e-01
1164556494.789307 3.334656e-01
1164556494.789429 3.447044e-01
1164556494.789551 3.019022e-01
1164556494.789673 1.415715e-01
1164556494.789795 -1.374642e-02
1164556494.789917 -8.154236e-02
1164556494.790039 -1.507231e-01
1164556494.790161 -1.662854e-01
1164556494.790283 -1.406708e-01
1164556494.790405 -1.854377e-01
1164556494.790527 -2.861415e-01
1164556494.790649 -2.881974e-01
1164556494.790771 -1.300894e-01
1164556494.790894 -2.057802e-02
1164556494.791016 1.125709e-01
1164556494.791138 2.396030e-01
1164556494.791260 2.454854e-01
1164556494.791382 2.627357e-01
1164556494.791504 2.939218e-01
1164556494.791626 2.126794e-01
1164556494.791748 4.359879e-02
1164556494.791870 -2.077803e-02
1164556494.791992 -4.231622e-02
1164556494.792114 -1.929198e-01
1164556494.792236 -2.552895e-01
1164556494.792358 -2.232710e-01
1164556494.792480 -1.974582e-01
1164556494.792603 -2.241208e-01
1164556494.792725 -1.902675e-01
1164556494.792847 -8.445524e-02
1164556494.792969 3.238674e-02
1164556494.793091 1.984629e-01
1164556494.793213 3.559902e-01
1164556494.793335 3.516929e-01
1164556494.793457 3.062261e-01
1164556494.793579 2.425675e-01
1164556494.793701 5.592591e-02
1164556494.793823 -1.341817e-01
1164556494.793945 -1.637894e-01
1164556494.794067 -1.981987e-01
1164556494.794189 -2.670371e-01
1164556494.794312 -2.359204e-01
1164556494.794434 -1.333041e-01
1164556494.794556 -1.038752e-01
1164556494.794678 -1.662168e-02
1164556494.794800 7.135666e-02
1164556494.794922 7.132826e-02
1164556494.795044 5.122550e-02
1164556494.795166 9.140624e-02
1164556494.795288 1.046933e-01
1164556494.795410 8.745409e-02
1164556494.795532 1.416404e-01
1164556494.795654 2.153543e-01
1164556494.795776 1.600912e-01
1164556494.795898 5.068752e-02
1164556494.796021 1.604247e-03
1164556494.796143 -1.551510e-02
1164556494.796265 -1.252973e-01
1164556494.796387 -2.475008e-01
1164556494.796509 -3.649845e-01
1164556494.796631 -4.304201e-01
1164556494.796753 -3.149238e-01
1164556494.796875 -9.350179e-02
1164556494.796997 9.449204e-02
1164556494.797119 2.829010e-01
1164556494.797241 4.516105e-01
1164556494.797363 4.403824e-01
1164556494.797485 2.879849e-01
1164556494.797607 2.494406e-01
1164556494.797729 1.907222e-01
1164556494.797852 -7.654836e-03
1164556494.797974 -1.924564e-01
1164556494.798096 -2.533468e-01
1164556494.798218 -3.393971e-01
1164556494.798340 -4.099688e-01
1164556494.798462 -3.554978e-01
1164556494.798584 -2.722047e-01
1164556494.798706 -1.512389e-01
1164556494.798828 2.196356e-02
1164556494.798950 1.392426e-01
1164556494.799072 2.360846e-01
1164556494.799194 4.179650e-01
1164556494.799316 5.457738e-01
1164556494.799438 3.803886e-01
1164556494.799561 2.438881e-01
1164556494.799683 1.697036e-01
1164556494.799805 -5.227387e-02
1164556494.799927 -2.577100e-01
1164556494.800049 -3.609898e-01
1164556494.800171 -4.158010e-01
1164556494.800293 -4.850342e-01
1164556494.800415 -4.655081e-01
1164556494.800537 -2.839290e-01
1164556494.800659 -1.038964e-01
1164556494.800781 1.723571e-01
1164556494.800903 3.973935e-01
1164556494.801025 4.804600e-01
1164556494.801147 5.164970e-01
1164556494.801270 4.161281e-01
1164556494.801392 2.064354e-01
1164556494.801514 4.921155e-02
1164556494.801636 5.749217e-03
1164556494.801758 -8.973175e-02
1164556494.801880 -2.779325e-01
1164556494.802002 -3.639665e-01
1164556494.802124 -4.148157e-01
1164556494.802246 -3.726716e-01
1164556494.802368 -2.860435e-01
1164556494.802490 -1.790592e-01
1164556494.802612 -1.026978e-02
1164556494.802734 1.948051e-01
1164556494.802856 3.052656e-01
1164556494.802979 3.391114e-01
1164556494.803101 3.824950e-01
1164556494.803223 3.707445e-01
1164556494.803345 2.629790e-01
1164556494.803467 1.296545e-01
1164556494.803589 -5.220252e-02
1164556494.803711 -1.856494e-01
1164556494.803833 -2.401288e-01
1164556494.803955 -2.392026e-01
1164556494.804077 -3.115854e-01
1164556494.804199 -3.507742e-01
1164556494.804321 -2.869539e-01
1164556494.804443 -2.055559e-01
1164556494.804565 -5.408637e-02
1164556494.804688 1.243814e-01
1164556494.804810 2.316972e-01
1164556494.804932 3.024557e-01
1164556494.805054 3.633103e-01
1164556494.805176 3.771549e-01
1164556494.805298 2.473829e-01
1164556494.805420 2.144954e-01
1164556494.805542 1.856976e-01
1164556494.805664 -2.117806e-02
1164556494.805786 -2.443108e-01
1164556494.805908 -3.962048e-01
1164556494.806030 -4.822404e-01
1164556494.806152 -4.857694e-01
1164556494.806274 -4.207749e-01
1164556494.806396 -2.670651e-01
1164556494.806519 -4.038700e-02
1164556494.806641 2.648672e-01
1164556494.806763 3.925011e-01
1164556494.806885 4.417587e-01
1164556494.807007 5.043812e-01
1164556494.807129 4.328713e-01
1164556494.807251 2.994640e-01
1164556494.807373 1.377028e-01
1164556494.807495 -8.637887e-02
1164556494.807617 -2.628438e-01
1164556494.807739 -3.615531e-01
1164556494.807861 -4.347305e-01
1164556494.807983 -4.720820e-01
1164556494.808105 -3.615921e-01
1164556494.808228 -2.341158e-01
1164556494.808350 -3.137840e-02
1164556494.808472 1.449583e-01
1164556494.808594 2.030152e-01
1164556494.808716 3.245187e-01
1164556494.808838 4.179970e-01
1164556494.808960 3.186087e-01
1164556494.809082 2.398876e-01
1164556494.809204 2.080717e-01
1164556494.809326 1.205801e-01
1164556494.809448 -3.186716e-02
1164556494.809570 -1.656293e-01
1164556494.809692 -2.785003e-01
1164556494.809814 -3.403135e-01
1164556494.809937 -3.490066e-01
1164556494.810059 -3.494254e-01
1164556494.810181 -3.172039e-01
1164556494.810303 -7.362728e-02
1164556494.810425 9.892139e-02
1164556494.810547 1.477525e-01
1164556494.810669 2.910630e-01
1164556494.810791 3.934184e-01
1164556494.810913 3.535716e-01
1164556494.811035 2.869733e-01
1164556494.811157 1.760543e-01
1164556494.811279 5.888443e-02
1164556494.811401 -4.943517e-02
1164556494.811523 -8.433707e-02
1164556494.811646 -1.546848e-01
1164556494.811768 -2.790267e-01
1164556494.811890 -3.311504e-01
1164556494.812012 -3.532494e-01
1164556494.812134 -3.903803e-01
1164556494.812256 -2.558069e-01
1164556494.812378 3.411675e-02
1164556494.812500 2.148213e-01
1164556494.812622 2.508877e-01
1164556494.812744 3.371675e-01
1164556494.812866 4.220404e-01
1164556494.812988 3.843356e-01
1164556494.813110 3.237694e-01
1164556494.813232 2.270687e-01
1164556494.813354 -2.564878e-02
1164556494.813477 -2.159300e-01
1164556494.813599 -3.332013e-01
1164556494.813721 -4.735953e-01
1164556494.813843 -5.073943e-01
1164556494.813965 -3.103248e-01
1164556494.814087 -1.696567e-01
1164556494.814209 -8.923860e-02
1164556494.814331 9.004718e-02
1164556494.814453 2.458436e-01
1164556494.814575 2.413067e-01
1164556494.814697 3.186568e-01
1164556494.814819 4.113748e-01
1164556494.814941 3.106161e-01
1164556494.815063 1.717437e-01
1164556494.815186 1.390019e-01
1164556494.815308 6.612977e-03
1164556494.815430 -2.104763e-01
1164556494.815552 -2.787932e-01
1164556494.815674 -2.785848e-01
1164556494.815796 -3.575501e-01
1164556494.815918 -3.392338e-01
1164556494.816040 -2.894647e-01
1164556494.816162 -2.199701e-01
1164556494.816284 -2.439113e-02
1164556494.816406 2.664867e-01
1164556494.816528 3.711136e-01
1164556494.816650 3.705786e-01
1164556494.816772 4.088057e-01
1164556494.816895 3.489155e-01
1164556494.817017 1.373915e-01
1164556494.817139 2.918518e-02
1164556494.817261 -8.243789e-02
1164556494.817383 -1.988073e-01
1164556494.817505 -2.641338e-01
1164556494.817627 -2.265857e-01
1164556494.817749 -2.058451e-01
1164556494.817871 -2.451510e-01
1164556494.817993 -2.059057e-01
1164556494.818115 -1.585655e-01
1164556494.818237 -1.061473e-01
1164556494.818359 1.785308e-02
1164556494.818481 1.281090e-01
1164556494.818604 2.535219e-01
1164556494.818726 3.322464e-01
1164556494.818848 4.046033e-01
1164556494.818970 3.834993e-01
1164556494.819092 2.741428e-01
1164556494.819214 1.600993e-01
1164556494.819336 -3.152800e-02
1164556494.819458 -2.662151e-01
1164556494.819580 -4.221961e-01
1164556494.819702 -4.622474e-01
1164556494.819824 -4.675625e-01
1164556494.819946 -4.106186e-01
1164556494.820068 -1.782318e-01
1164556494.820190 -6.057026e-02
1164556494.820312 6.628756e-02
1164556494.820435 3.103386e-01
1164556494.820557 4.746641e-01
1164556494.820679 4.880974e-01
1164556494.820801 4.517855e-01
1164556494.820923 3.575908e-01
1164556494.821045 1.925699e-01
1164556494.821167 3.410812e-02
1164556494.821289 -1.284781e-01
1164556494.821411 -3.641475e-01
1164556494.821533 -4.459030e-01
1164556494.821655 -4.590066e-01
1164556494.821777 -4.319607e-01
1164556494.821899 -3.381943e-01
1164556494.822021 -2.250271e-01
1164556494.822144 -6.583649e-02
1164556494.822266 1.274075e-01
1164556494.822388 3.183659e-01
1164556494.822510 4.636205e-01
1164556494.822632 5.595074e-01
1164556494.822754 6.027623e-01
1164556494.822876 4.122450e-01
1164556494.822998 1.623464e-01
1164556494.823120 -1.189084e-01
1164556494.823242 -3.223927e-01
1164556494.823364 -3.588433e-01
1164556494.823486 -4.291896e-01
1164556494.823608 -5.028705e-01
1164556494.823730 -4.287755e-01
1164556494.823853 -3.407139e-01
1164556494.823975 -2.048006e-01
1164556494.824097 3.539984e-02
1164556494.824219 2.864009e-01
1164556494.824341 3.906505e-01
1164556494.824463 5.374660e-01
1164556494.824585 5.757954e-01
1164556494.824707 3.708271e-01
1164556494.824829 1.649284e-01
1164556494.824951 7.129687e-02
1164556494.825073 -6.056543e-02
1164556494.825195 -1.879886e-01
1164556494.825317 -2.744927e-01
1164556494.825439 -3.689421e-01
1164556494.825562 -4.398881e-01
1164556494.825684 -4.627457e-01
1164556494.825806 -4.293482e-01
1164556494.825928 -2.366711e-01
1164556494.826050 4.858807e-02
1164556494.826172 3.124162e-01
1164556494.826294 4.104720e-01
1164556494.826416 4.861024e-01
1164556494.826538 4.945123e-01
1164556494.826660 3.934025e-01
1164556494.826782 2.443016e-01
1164556494.826904 1.209773e-01
1164556494.827026 -7.018765e-03
1164556494.827148 -1.853629e-01
1164556494.827271 -3.647762e-01
1164556494.827393 -4.141766e-01
1164556494.827515 -4.625838e-01
1164556494.827637 -4.522958e-01
1164556494.827759 -3.766906e-01
1164556494.827881 -2.308828e-01
1164556494.828003 -4.712227e-02
1164556494.828125 2.787612e-01
1164556494.828247 5.342443e-01
1164556494.828369 5.492036e-01
1164556494.828491 4.495646e-01
1164556494.828613 3.571597e-01
1164556494.828735 2.151759e-01
1164556494.828857 1.210362e-01
1164556494.828979 8.412804e-02
1164556494.829102 -6.087964e-02
1164556494.829224 -3.653525e-01
1164556494.829346 -5.573420e-01
1164556494.829468 -6.018384e-01
1164556494.829590 -5.393194e-01
1164556494.829712 -3.820040e-01
1164556494.829834 -1.489540e-01
1164556494.829956 7.134837e-02
1164556494.830078 3.175971e-01
1164556494.830200 5.089206e-01
1164556494.830322 5.731008e-01
1164556494.830444 4.857674e-01
1164556494.830566 4.483056e-01
1164556494.830688 2.993289e-01
1164556494.830811 3.442739e-02
1164556494.830933 -1.428302e-01
1164556494.831055 -2.664675e-01
1164556494.831177 -4.699900e-01
1164556494.831299 -5.055702e-01
1164556494.831421 -4.180415e-01
1164556494.831543 -3.305415e-01
1164556494.831665 -1.891835e-01
1164556494.831787 -2.625293e-03
1164556494.831909 8.996864e-02
1164556494.832031 1.105250e-01
1164556494.832153 2.010200e-01
1164556494.832275 3.447978e-01
1164556494.832397 4.020349e-01
1164556494.832520 4.414172e-01
1164556494.832642 3.813482e-01
1164556494.832764 2.621407e-01
1164556494.832886 8.502132e-02
1164556494.833008 -1.400333e-01
1164556494.833130 -3.313505e-01
1164556494.833252 -4.422740e-01
1164556494.833374 -5.117264e-01
1164556494.833496 -5.096840e-01
1164556494.833618 -4.815465e-01
1164556494.833740 -2.923548e-01
1164556494.833862 -4.356832e-02
1164556494.833984 1.735151e-01
1164556494.834106 3.441840e-01
1164556494.834229 5.002445e-01
1164556494.834351 5.986220e-01
1164556494.834473 6.381191e-01
1164556494.834595 5.535136e-01
1164556494.834717 3.514499e-01
1164556494.834839 3.859604e-02
1164556494.834961 -2.578838e-01
1164556494.835083 -5.420084e-01
1164556494.835205 -7.317479e-01
1164556494.835327 -7.734356e-01
1164556494.835449 -6.901449e-01
1164556494.835571 -4.386035e-01
1164556494.835693 -4.159867e-02
1164556494.835815 2.369024e-01
1164556494.835938 4.254961e-01
1164556494.836060 5.753574e-01
1164556494.836182 6.213781e-01
1164556494.836304 5.054170e-01
1164556494.836426 4.013487e-01
1164556494.836548 2.845610e-01
1164556494.836670 9.320999e-02
1164556494.836792 -7.292117e-02
1164556494.836914 -2.400358e-01
1164556494.837036 -4.530707e-01
1164556494.837158 -5.283024e-01
1164556494.837280 -5.582320e-01
1164556494.837402 -5.278313e-01
1164556494.837524 -3.584232e-01
1164556494.837646 -6.888443e-02
1164556494.837769 5.384850e-02
1164556494.837891 1.210993e-01
1164556494.838013 4.012809e-01
1164556494.838135 6.346601e-01
1164556494.838257 6.071861e-01
1164556494.838379 5.185433e-01
1164556494.838501 4.246726e-01
1164556494.838623 2.422004e-01
1164556494.838745 -3.836428e-02
1164556494.838867 -2.581467e-01
1164556494.838989 -5.243931e-01
1164556494.839111 -6.484490e-01
1164556494.839233 -6.157871e-01
1164556494.839355 -5.644129e-01
1164556494.839478 -4.182385e-01
1164556494.839600 -1.414715e-01
1164556494.839722 8.544332e-02
1164556494.839844 2.768235e-01
1164556494.839966 4.911036e-01
1164556494.840088 6.377592e-01
1164556494.840210 5.722512e-01
1164556494.840332 5.123850e-01
1164556494.840454 4.102148e-01
1164556494.840576 1.803333e-01
1164556494.840698 -4.924202e-02
1164556494.840820 -1.654097e-01
1164556494.840942 -3.823787e-01
1164556494.841064 -6.244170e-01
1164556494.841187 -7.305662e-01
1164556494.841309 -6.112619e-01
1164556494.841431 -4.422267e-01
1164556494.841553 -2.768393e-01
1164556494.841675 -7.137879e-02
1164556494.841797 1.974524e-01
1164556494.841919 5.380502e-01
1164556494.842041 7.909782e-01
1164556494.842163 7.737540e-01
1164556494.842285 6.845734e-01
1164556494.842407 5.333958e-01
1164556494.842529 2.495603e-01
1164556494.842651 -1.646569e-01
1164556494.842773 -4.179505e-01
1164556494.842896 -5.379365e-01
1164556494.843018 -6.484151e-01
1164556494.843140 -6.838106e-01
1164556494.843262 -6.249211e-01
1164556494.843384 -4.844359e-01
1164556494.843506 -2.731158e-01
1164556494.843628 -9.530075e-02
1164556494.843750 1.922935e-01
1164556494.843872 5.607575e-01
1164556494.843994 8.582369e-01
1164556494.844116 8.906182e-01
1164556494.844238 8.248521e-01
1164556494.844360 6.057654e-01
1164556494.844482 3.339284e-01
1164556494.844604 -1.592169e-02
1164556494.844727 -4.852141e-01
1164556494.844849 -8.085511e-01
1164556494.844971 -9.404406e-01
1164556494.845093 -1.004267e+00
1164556494.845215 -8.587746e-01
1164556494.845337 -4.932130e-01
1164556494.845459 -5.606717e-02
1164556494.845581 2.597318e-01
1164556494.845703 6.121947e-01
1164556494.845825 8.481147e-01
1164556494.845947 9.000063e-01
1164556494.846069 8.543623e-01
1164556494.846191 6.891431e-01
1164556494.846313 3.510459e-01
1164556494.846436 2.865733e-02
1164556494.846558 -3.413811e-01
1164556494.846680 -6.861238e-01
1164556494.846802 -7.813299e-01
1164556494.846924 -6.561111e-01
1164556494.847046 -6.394619e-01
1164556494.847168 -5.931960e-01
1164556494.847290 -4.089400e-01
1164556494.847412 -1.024869e-01
1164556494.847534 1.901111e-01
1164556494.847656 4.553901e-01
1164556494.847778 6.568000e-01
1164556494.847900 8.152821e-01
1164556494.848022 8.123821e-01
1164556494.848145 7.068450e-01
1164556494.848267 4.141321e-01
1164556494.848389 7.009542e-02
1164556494.848511 -1.435271e-01
1164556494.848633 -4.782082e-01
1164556494.848755 -8.160990e-01
1164556494.848877 -8.684498e-01
1164556494.848999 -8.154435e-01
1164556494.849121 -6.412825e-01
1164556494.849243 -3.883250e-01
1164556494.849365 -6.912277e-02
1164556494.849487 1.845808e-01
1164556494.849609 5.081707e-01
1164556494.849731 8.023269e-01
1164556494.849854 8.012191e-01
1164556494.849976 7.434548e-01
1164556494.850098 7.192708e-01
1164556494.850220 4.332873e-01
1164556494.850342 6.137161e-02
1164556494.850464 -2.357888e-01
1164556494.850586 -4.575791e-01
1164556494.850708 -7.067699e-01
1164556494.850830 -7.580754e-01
1164556494.850952 -8.002861e-01
1164556494.851074 -7.892247e-01
1164556494.851196 -5.036680e-01
1164556494.851318 -1.648210e-01
1164556494.851440 1.139330e-01
1164556494.851562 4.548927e-01
1164556494.851685 8.103223e-01
1164556494.851807 1.038561e+00
1164556494.851929 9.366484e-01
1164556494.852051 7.402265e-01
1164556494.852173 4.887144e-01
1164556494.852295 1.309081e-01
1164556494.852417 -2.697829e-01
1164556494.852539 -6.010421e-01
1164556494.852661 -8.613704e-01
1164556494.852783 -9.253342e-01
1164556494.852905 -8.313632e-01
1164556494.853027 -6.817217e-01
1164556494.853149 -5.193097e-01
1164556494.853271 -1.441452e-01
1164556494.853394 2.411695e-01
1164556494.853516 5.300951e-01
1164556494.853638 7.403188e-01
1164556494.853760 9.319648e-01
1164556494.853882 9.713916e-01
1164556494.854004 8.376631e-01
1164556494.854126 5.470300e-01
1164556494.854248 1.703337e-01
1164556494.854370 -2.715036e-01
1164556494.854492 -5.878295e-01
1164556494.854614 -8.276846e-01
1164556494.854736 -9.778774e-01
1164556494.854858 -9.590701e-01
1164556494.854980 -7.614493e-01
1164556494.855103 -5.703147e-01
1164556494.855225 -3.088127e-01
1164556494.855347 1.031224e-01
1164556494.855469 6.176692e-01
1164556494.855591 9.565375e-01
1164556494.855713 1.150926e+00
1164556494.855835 1.143502e+00
1164556494.855957 8.895684e-01
1164556494.856079 5.027297e-01
1164556494.856201 1.060305e-01
1164556494.856323 -2.849379e-01
1164556494.856445 -6.342731e-01
1164556494.856567 -9.148863e-01
1164556494.856689 -1.042316e+00
1164556494.856812 -1.113026e+00
1164556494.856934 -9.401418e-01
1164556494.857056 -6.163819e-01
1164556494.857178 -1.800155e-01
1164556494.857300 2.055681e-01
1164556494.857422 7.133497e-01
1164556494.857544 1.149653e+00
1164556494.857666 1.230903e+00
1164556494.857788 1.108348e+00
1164556494.857910 8.850665e-01
1164556494.858032 4.413644e-01
1164556494.858154 1.981866e-02
1164556494.858276 -3.160649e-01
1164556494.858398 -6.066816e-01
1164556494.858521 -9.395364e-01
1164556494.858643 -9.880596e-01
1164556494.858765 -9.661514e-01
1164556494.858887 -1.003550e+00
1164556494.859009 -8.010983e-01
1164556494.859131 -3.197448e-01
1164556494.859253 1.255897e-01
1164556494.859375 5.994923e-01
1164556494.859497 1.066419e+00
1164556494.859619 1.346024e+00
1164556494.859741 1.339139e+00
1164556494.859863 1.126020e+00
1164556494.859985 7.057437e-01
1164556494.860107 2.346430e-01
1164556494.860229 -2.673937e-01
1164556494.860352 -6.633394e-01
1164556494.860474 -1.110152e+00
1164556494.860596 -1.396157e+00
1164556494.860718 -1.367553e+00
1164556494.860840 -1.095027e+00
1164556494.860962 -8.215584e-01
1164556494.861084 -4.147073e-01
1164556494.861206 1.889235e-01
1164556494.861328 7.527606e-01
1164556494.861450 1.160192e+00
1164556494.861572 1.576872e+00
1164556494.861694 1.631174e+00
1164556494.861816 1.402291e+00
1164556494.861938 9.833800e-01
1164556494.862061 3.642325e-01
1164556494.862183 -4.350043e-01
1164556494.862305 -1.067140e+00
1164556494.862427 -1.470192e+00
1164556494.862549 -1.703786e+00
1164556494.862671 -1.721945e+00
1164556494.862793 -1.340878e+00
1164556494.862915 -8.015514e-01
1164556494.863037 -1.806621e-01
1164556494.863159 4.848071e-01
1164556494.863281 1.175721e+00
1164556494.863403 1.543667e+00
1164556494.863525 1.717009e+00
1164556494.863647 1.703743e+00
1164556494.863770 1.392329e+00
1164556494.863892 7.346326e-01
1164556494.864014 8.191820e-02
1164556494.864136 -5.788736e-01
1164556494.864258 -1.143280e+00
1164556494.864380 -1.523740e+00
1164556494.864502 -1.678542e+00
1164556494.864624 -1.741678e+00
1164556494.864746 -1.353505e+00
1164556494.864868 -7.692159e-01
1164556494.864990 -2.747728e-01
1164556494.865112 2.832960e-01
1164556494.865234 1.078521e+00
1164556494.865356 1.711489e+00
1164556494.865479 2.031980e+00
1164556494.865601 1.953407e+00
1164556494.865723 1.561634e+00
1164556494.865845 9.045369e-01
1164556494.865967 1.899752e-01
1164556494.866089 -5.967789e-01
1164556494.866211 -1.224021e+00
1164556494.866333 -1.634257e+00
1164556494.866455 -1.919840e+00
1164556494.866577 -2.116087e+00
1164556494.866699 -1.777994e+00
1164556494.866821 -1.182367e+00
1164556494.866943 -3.605124e-01
1164556494.867065 5.205093e-01
1164556494.867188 1.385915e+00
1164556494.867310 1.953751e+00
1164556494.867432 2.332682e+00
1164556494.867554 2.322636e+00
1164556494.867676 1.925151e+00
1164556494.867798 1.185346e+00
1164556494.867920 4.134089e-01
1164556494.868042 -6.338183e-01
1164556494.868164 -1.538665e+00
1164556494.868286 -2.290023e+00
1164556494.868408 -2.579752e+00
1164556494.868530 -2.624344e+00
1164556494.868652 -1.751462e+00
1164556494.868774 -7.575636e-01
1164556494.868896 5.080694e-01
1164556494.869019 1.773271e-01
1164556494.869141 -6.188905e-01
1164556494.869263 1.324859e+00
1164556494.869385 2.765430e+00
1164556494.869507 3.721741e+00
1164556494.869629 3.610031e+00
1164556494.869751 2.836722e+00
1164556494.869873 1.456494e+00
1164556494.869995 -2.847702e-01
1164556494.870117 -2.108370e+00
1164556494.870239 -3.404670e+00
1164556494.870361 -4.194747e+00
1164556494.870483 -4.514112e+00
1164556494.870605 -4.052360e+00
1164556494.870728 -2.690955e+00
1164556494.870850 -9.980430e-01
1164556494.870972 9.748818e-01
1164556494.871094 2.941826e+00
1164556494.871216 4.595179e+00
1164556494.871338 5.649232e+00
1164556494.871460 5.782187e+00
1164556494.871582 4.970067e+00
1164556494.871704 3.166278e+00
1164556494.871826 6.509517e-01
1164556494.871948 -2.468490e+00
1164556494.872070 -5.869112e+00
1164556494.872192 -8.471086e+00
1164556494.872314 -8.699939e+00
1164556494.872437 -6.261759e+00
1164556494.872559 -2.896995e+00
1164556494.872681 5.278675e-01
1164556494.872803 3.520076e+00
1164556494.872925 5.692133e+00
1164556494.873047 6.997208e+00
1164556494.873169 7.136888e+00
1164556494.873291 6.143103e+00
1164556494.873413 4.305995e+00
1164556494.873535 1.684529e+00
1164556494.873657 -1.246570e+00
1164556494.873779 -3.974713e+00
1164556494.873901 -6.112186e+00
1164556494.874023 -7.287154e+00
1164556494.874146 -7.207166e+00
1164556494.874268 -5.837996e+00
1164556494.874390 -3.683511e+00
1164556494.874512 -8.291348e-01
1164556494.874634 2.216042e+00
1164556494.874756 4.837251e+00
1164556494.874878 6.895624e+00
1164556494.875000 7.879848e+00
1164556494.875122 7.415859e+00
1164556494.875244 5.766201e+00
1164556494.875366 3.126023e+00
1164556494.875488 -1.869066e-01
1164556494.875610 -3.610609e+00
1164556494.875732 -6.301298e+00
1164556494.875854 -8.075633e+00
1164556494.875977 -8.540766e+00
1164556494.876099 -7.407578e+00
1164556494.876221 -5.016614e+00
1164556494.876343 -1.788426e+00
1164556494.876465 1.830441e+00
1164556494.876587 5.127569e+00
1164556494.876709 7.511344e+00
1164556494.876831 8.645088e+00
1164556494.876953 8.467493e+00
1164556494.877075 6.845755e+00
1164556494.877197 4.093650e+00
1164556494.877319 5.892146e-01
1164556494.877441 -3.052949e+00
1164556494.877563 -6.208756e+00
1164556494.877686 -8.356350e+00
1164556494.877808 -9.172683e+00
1164556494.877930 -8.539543e+00
1164556494.878052 -6.599006e+00
1164556494.878174 -3.428271e+00
1164556494.878296 3.569922e-01
1164556494.878418 4.180226e+00
1164556494.878540 7.581945e+00
1164556494.878662 9.832923e+00
1164556494.878784 1.030854e+01
1164556494.878906 9.111541e+00
1164556494.879028 6.417155e+00
1164556494.879150 2.497156e+00
1164556494.879272 -2.004628e+00
1164556494.879395 -6.301669e+00
1164556494.879517 -9.892540e+00
1164556494.879639 -1.191247e+01
1164556494.879761 -1.180343e+01
1164556494.879883 -9.596816e+00
1164556494.880005 -5.581677e+00
1164556494.880127 -2.486425e-01
1164556494.880249 5.292434e+00
1164556494.880371 1.007615e+01
1164556494.880493 1.322924e+01
1164556494.880615 1.412865e+01
1164556494.880737 1.233110e+01
1164556494.880859 8.244360e+00
1164556494.880981 2.419910e+00
1164556494.881104 -4.139392e+00
1164556494.881226 -1.015672e+01
1164556494.881348 -1.440507e+01
1164556494.881470 -1.608122e+01
1164556494.881592 -1.466283e+01
1164556494.881714 -1.036012e+01
1164556494.881836 -3.920095e+00
1164556494.881958 3.340651e+00
1164556494.882080 1.014674e+01
1164556494.882202 1.509953e+01
1164556494.882324 1.723258e+01
1164556494.882446 1.615362e+01
1164556494.882568 1.193222e+01
1164556494.882690 5.197910e+00
1164556494.882812 -2.588642e+00
1164556494.882935 -1.003082e+01
1164556494.883057 -1.567714e+01
1164556494.883179 -1.836320e+01
1164556494.883301 -1.732098e+01
1164556494.883423 -1.282200e+01
1164556494.883545 -5.672473e+00
1164556494.883667 2.702242e+00
1164556494.883789 1.060563e+01
1164556494.883911 1.643381e+01
1164556494.884033 1.914072e+01
1164556494.884155 1.782368e+01
1164556494.884277 1.270293e+01
1164556494.884399 4.793215e+00
1164556494.884521 -4.128498e+00
1164556494.884644 -1.229348e+01
1164556494.884766 -1.787044e+01
1164556494.884888 -1.965225e+01
1164556494.885010 -1.700791e+01
1164556494.885132 -1.045488e+01
1164556494.885254 -1.366265e+00
1164556494.885376 8.011642e+00
1164556494.885498 1.558796e+01
1164556494.885620 1.933018e+01
1164556494.885742 1.830369e+01
1164556494.885864 1.259940e+01
1164556494.885986 3.811884e+00
1164556494.886108 -5.849817e+00
1164556494.886230 -1.375814e+01
1164556494.886353 -1.795777e+01
1164556494.886475 -1.707772e+01
1164556494.886597 -1.149562e+01
1164556494.886719 -2.652965e+00
1164556494.886841 6.769621e+00
1164556494.886963 1.403751e+01
1164556494.887085 1.688122e+01
1164556494.887207 1.447666e+01
1164556494.887329 7.366723e+00
1164556494.887451 -2.118514e+00
1164556494.887573 -1.104165e+01
1164556494.887695 -1.626816e+01
1164556494.887817 -1.608464e+01
1164556494.887939 -1.015384e+01
1164556494.888062 -5.357039e-01
1164556494.888184 9.821256e+00
1164556494.888306 1.708506e+01
1164556494.888428 1.848638e+01
1164556494.888550 1.307464e+01
1164556494.888672 2.590624e+00
1164556494.888794 -9.614499e+00
1164556494.888916 -1.861435e+01
1164556494.889038 -2.080101e+01
1164556494.889160 -1.467188e+01
1164556494.889282 -2.452859e+00
1164556494.889404 1.133824e+01
1164556494.889526 2.023089e+01
1164556494.889648 2.003134e+01
1164556494.889771 9.892653e+00
1164556494.889893 -5.284417e+00
1164556494.890015 -1.768865e+01
1164556494.890137 -1.922123e+01
1164556494.890259 -7.883667e+00
1164556494.890381 1.016691e+01
1164556494.890503 2.085496e+01
1164556494.890625 1.334294e+01
1164556494.890747 -8.976093e+00
1164556494.890869 -2.105264e+01
1164556494.890991 -6.315001e+00
1164556494.891113 1.190879e+01
1164556494.891235 1.677366e+00
1164556494.891357 -3.495993e+00
1164556494.891479 1.048119e+00
1164556494.891602 -2.217448e-01
1164556494.891724 7.826778e+00
1164556494.891846 -5.610223e+00
1164556494.891968 -7.187212e+00
1164556494.892090 1.143103e+01
1164556494.892212 1.063977e+01
1164556494.892334 -8.504734e+00
1164556494.892456 -9.913732e+00
1164556494.892578 7.274103e+00
1164556494.892700 2.338277e-02
1164556494.892822 -6.443187e+00
1164556494.892944 3.574588e+00
1164556494.893066 -4.002388e+00
1164556494.893188 -3.276321e+00
1164556494.893311 6.563238e+00
1164556494.893433 7.537807e-01
1164556494.893555 -5.565299e+00
1164556494.893677 3.991873e+00
1164556494.893799 6.395497e+00
1164556494.893921 -4.698275e+00
1164556494.894043 2.275765e+00
1164556494.894165 3.963136e+00
1164556494.894287 -5.829049e+00
1164556494.894409 -2.064660e-01
1164556494.894531 4.198129e+00
1164556494.894653 -3.303790e+00
1164556494.894775 -5.907698e+00
1164556494.894897 2.715225e+00
1164556494.895020 1.496393e+00
1164556494.895142 -4.826092e+00
1164556494.895264 1.648237e+00
1164556494.895386 4.497500e+00
1164556494.895508 -2.671700e+00
1164556494.895630 -1.331684e+00
1164556494.895752 5.291116e+00
1164556494.895874 1.232473e+00
1164556494.895996 -3.360486e+00
1164556494.896118 3.058221e+00
1164556494.896240 1.918620e+00
1164556494.896362 -4.613466e+00
1164556494.896484 -5.484702e-01
1164556494.896606 2.313331e+00
1164556494.896729 -2.955222e+00
1164556494.896851 -3.042471e+00
1164556494.896973 2.110804e+00
1164556494.897095 -1.158239e-01
1164556494.897217 -2.526035e+00
1164556494.897339 2.411920e+00
1164556494.897461 2.693273e+00
1164556494.897583 -1.323400e+00
1164556494.897705 2.678460e-01
1164556494.897827 2.920976e+00
1164556494.897949 -1.327526e-01
1164556494.898071 -1.584154e+00
1164556494.898193 1.379618e+00
1164556494.898315 4.355707e-01
1164556494.898438 -2.611886e+00
1164556494.898560 -8.183350e-01
1164556494.898682 1.016121e+00
1164556494.898804 -1.480853e+00
1164556494.898926 -1.828001e+00
1164556494.899048 1.396636e+00
1164556494.899170 4.498157e-01
1164556494.899292 -1.580407e+00
1164556494.899414 1.382714e+00
1164556494.899536 2.052503e+00
1164556494.899658 -1.073009e+00
1164556494.899780 5.020894e-01
1164556494.899902 2.700997e+00
1164556494.900024 -6.420244e-01
1164556494.900146 -1.554058e+00
1164556494.900269 1.680636e+00
1164556494.900391 -1.840001e-01
1164556494.900513 -2.973444e+00
1164556494.900635 2.524853e-01
1164556494.900757 8.414603e-01
1164556494.900879 -2.617797e+00
1164556494.901001 -7.416983e-01
1164556494.901123 2.073019e+00
1164556494.901245 -6.104960e-01
1164556494.901367 -7.878436e-01
1164556494.901489 2.696723e+00
1164556494.901611 1.006739e+00
1164556494.901733 -1.325653e+00
1164556494.901855 1.445123e+00
1164556494.901978 1.350167e+00
1164556494.902100 -1.813551e+00
1164556494.902222 -2.349079e-01
1164556494.902344 1.380814e+00
1164556494.902466 -1.663232e+00
1164556494.902588 -1.756009e+00
1164556494.902710 1.131751e+00
1164556494.902832 -3.979421e-01
1164556494.902954 -1.906868e+00
1164556494.903076 1.015454e+00
1164556494.903198 1.149909e+00
1164556494.903320 -1.321222e+00
1164556494.903442 3.111101e-01
1164556494.903564 1.933894e+00
1164556494.903687 -5.800855e-01
1164556494.903809 -5.045004e-01
1164556494.903931 1.800205e+00
1164556494.904053 2.154302e-01
1164556494.904175 -1.028704e+00
1164556494.904297 1.553041e+00
1164556494.904419 1.094036e+00
1164556494.904541 -1.413531e+00
1164556494.904663 -5.685309e-01
1164556494.904785 -2.603849e-01
1164556494.904907 -3.842359e+00
1164556494.905029 -2.982480e+00
1164556494.905151 1.073955e+00
1164556494.905273 1.654519e+00
1164556494.905396 1.999284e+00
1164556494.905518 1.684952e+00
1164556494.905640 1.504814e+00
1164556494.905762 9.506361e-01
1164556494.905884 3.628628e-01
1164556494.906006 -2.389983e-01
1164556494.906128 -5.725937e-01
1164556494.906250 -1.019080e+00
1164556494.906372 -1.091371e+00
1164556494.906494 -1.055390e+00
1164556494.906616 -9.566439e-01
1164556494.906738 -8.189030e-01
1164556494.906860 -3.825427e-01
1164556494.906982 -3.547314e-03
1164556494.907104 4.682763e-01
1164556494.907227 8.719383e-01
1164556494.907349 1.113721e+00
1164556494.907471 1.079399e+00
1164556494.907593 9.898113e-01
1164556494.907715 6.498126e-01
1164556494.907837 2.719362e-01
1164556494.907959 -1.562957e-01
1164556494.908081 -5.317697e-01
1164556494.908203 -8.046480e-01
1164556494.908325 -9.448068e-01
1164556494.908447 -1.028719e+00
1164556494.908569 -8.669989e-01
1164556494.908691 -6.420533e-01
1164556494.908813 -1.941270e-01
1164556494.908936 2.327882e-01
1164556494.909058 5.437637e-01
1164556494.909180 7.439136e-01
1164556494.909302 9.101736e-01
1164556494.909424 9.309845e-01
1164556494.909546 7.673681e-01
1164556494.909668 5.317642e-01
1164556494.909790 2.241544e-01
1164556494.909912 -2.555446e-01
1164556494.910034 -5.151782e-01
1164556494.910156 -7.481227e-01
1164556494.910278 -8.947626e-01
1164556494.910400 -8.847954e-01
1164556494.910522 -6.654631e-01
1164556494.910645 -4.360474e-01
1164556494.910767 -1.077691e-01
1164556494.910889 2.672665e-01
1164556494.911011 4.887471e-01
1164556494.911133 6.512025e-01
1164556494.911255 8.468146e-01
1164556494.911377 7.084661e-01
1164556494.911499 5.363207e-01
1164556494.911621 3.356838e-01
1164556494.911743 1.306382e-01
1164556494.911865 -8.292918e-02
1164556494.911987 -3.232686e-01
1164556494.912109 -5.422460e-01
1164556494.912231 -7.475423e-01
1164556494.912354 -7.522106e-01
1164556494.912476 -6.044016e-01
1164556494.912598 -5.503902e-01
1164556494.912720 -2.176745e-01
1164556494.912842 1.668001e-01
1164556494.912964 3.889150e-01
1164556494.913086 4.983926e-01
1164556494.913208 6.761421e-01
1164556494.913330 8.588521e-01
1164556494.913452 7.906996e-01
1164556494.913574 5.467446e-01
1164556494.913696 2.085063e-01
1164556494.913818 -1.955564e-01
1164556494.913940 -4.694236e-01
1164556494.914062 -7.524351e-01
1164556494.914185 -8.906972e-01
1164556494.914307 -8.158426e-01
1164556494.914429 -4.948300e-01
1164556494.914551 -2.641280e-01
1164556494.914673 -8.025213e-02
1164556494.914795 1.918293e-01
1164556494.914917 3.489505e-01
1164556494.915039 5.071346e-01
1164556494.915161 7.470236e-01
1164556494.915283 8.291582e-01
1164556494.915405 6.907981e-01
1164556494.915527 3.736553e-01
1164556494.915649 4.709374e-02
1164556494.915771 -3.181556e-01
1164556494.915894 -5.105431e-01
1164556494.916016 -5.888257e-01
1164556494.916138 -6.462418e-01
1164556494.916260 -6.437848e-01
1164556494.916382 -5.176633e-01
1164556494.916504 -3.823143e-01
1164556494.916626 -1.410257e-01
1164556494.916748 2.484944e-01
1164556494.916870 5.034259e-01
1164556494.916992 5.999111e-01
1164556494.917114 7.062214e-01
1164556494.917236 6.674085e-01
1164556494.917358 5.091714e-01
1164556494.917480 2.229432e-01
1164556494.917603 -6.381908e-02
1164556494.917725 -2.886047e-01
1164556494.917847 -3.535961e-01
1164556494.917969 -4.449582e-01
1164556494.918091 -6.115856e-01
1164556494.918213 -5.844274e-01
1164556494.918335 -3.640309e-01
1164556494.918457 -3.088335e-01
1164556494.918579 -2.071605e-01
1164556494.918701 7.440567e-02
1164556494.918823 3.856933e-01
1164556494.918945 5.568951e-01
1164556494.919067 7.173856e-01
1164556494.919189 7.097828e-01
1164556494.919312 5.253167e-01
1164556494.919434 3.218767e-01
1164556494.919556 2.285996e-02
1164556494.919678 -4.011315e-01
1164556494.919800 -5.539768e-01
1164556494.919922 -5.445521e-01
1164556494.920044 -6.086897e-01
1164556494.920166 -5.197000e-01
1164556494.920288 -2.595235e-01
1164556494.920410 -1.349665e-01
1164556494.920532 2.681086e-02
1164556494.920654 2.707675e-01
1164556494.920776 3.469233e-01
1164556494.920898 3.141147e-01
1164556494.921021 4.252384e-01
1164556494.921143 4.983544e-01
1164556494.921265 4.325828e-01
1164556494.921387 2.919769e-01
1164556494.921509 8.140690e-02
1164556494.921631 -2.379806e-01
1164556494.921753 -4.272205e-01
1164556494.921875 -4.442981e-01
1164556494.921997 -4.659454e-01
1164556494.922119 -4.447730e-01
1164556494.922241 -2.563134e-01
1164556494.922363 -9.081046e-02
1164556494.922485 -2.489397e-02
1164556494.922607 1.120761e-02
1164556494.922729 1.564776e-01
1164556494.922852 2.802847e-01
1164556494.922974 3.913943e-01
1164556494.923096 5.019005e-01
1164556494.923218 4.458007e-01
1164556494.923340 3.602221e-01
1164556494.923462 2.275461e-01
1164556494.923584 -7.205660e-02
1164556494.923706 -3.189900e-01
1164556494.923828 -4.426157e-01
1164556494.923950 -4.503915e-01
1164556494.924072 -4.813442e-01
1164556494.924194 -4.446244e-01
1164556494.924316 -3.285992e-01
1164556494.924438 -1.484325e-01
1164556494.924561 7.011536e-02
1164556494.924683 2.105393e-01
1164556494.924805 3.392646e-01
1164556494.924927 5.509894e-01
1164556494.925049 6.204270e-01
1164556494.925171 5.329071e-01
1164556494.925293 3.700343e-01
1164556494.925415 1.163964e-01
1164556494.925537 -1.892390e-01
1164556494.925659 -3.291541e-01
1164556494.925781 -4.497273e-01
1164556494.925903 -5.261680e-01
1164556494.926025 -4.889462e-01
1164556494.926147 -4.274262e-01
1164556494.926270 -3.729134e-01
1164556494.926392 -2.231300e-01
1164556494.926514 7.513190e-02
1164556494.926636 3.494368e-01
1164556494.926758 5.749009e-01
1164556494.926880 6.769699e-01
1164556494.927002 6.267814e-01
1164556494.927124 4.865553e-01
1164556494.927246 2.231233e-01
1164556494.927368 -2.901909e-02
1164556494.927490 -2.789768e-01
1164556494.927612 -4.731333e-01
1164556494.927734 -5.510428e-01
1164556494.927856 -5.269708e-01
1164556494.927979 -4.519327e-01
1164556494.928101 -3.000616e-01
1164556494.928223 -4.560142e-02
1164556494.928345 1.013975e-01
1164556494.928467 1.620546e-01
1164556494.928589 3.229770e-01
1164556494.928711 3.960211e-01
1164556494.928833 3.629184e-01
1164556494.928955 3.118530e-01
1164556494.929077 2.884304e-01
1164556494.929199 2.017120e-01
1164556494.929321 6.629551e-02
1164556494.929443 -6.316721e-02
1164556494.929565 -2.265023e-01
1164556494.929688 -3.539293e-01
1164556494.929810 -3.736583e-01
1164556494.929932 -3.975697e-01
1164556494.930054 -4.231967e-01
1164556494.930176 -3.358235e-01
1164556494.930298 -8.644061e-02
1164556494.930420 8.570387e-02
1164556494.930542 1.995482e-01
1164556494.930664 4.228820e-01
1164556494.930786 5.753728e-01
1164556494.930908 5.602256e-01
1164556494.931030 4.180885e-01
1164556494.931152 1.847399e-01
1164556494.931274 -4.551218e-02
1164556494.931396 -2.138646e-01
1164556494.931519 -3.051459e-01
1164556494.931641 -4.254379e-01
1164556494.931763 -4.689996e-01
1164556494.931885 -3.330185e-01
1164556494.932007 -2.035039e-01
1164556494.932129 -1.999555e-01
1164556494.932251 -8.139540e-02
1164556494.932373 1.221294e-01
1164556494.932495 2.469084e-01
1164556494.932617 2.692964e-01
1164556494.932739 3.390934e-01
1164556494.932861 3.966106e-01
1164556494.932983 3.631232e-01
1164556494.933105 3.205499e-01
1164556494.933228 1.748780e-01
1164556494.933350 -8.652142e-02
1164556494.933472 -2.491800e-01
1164556494.933594 -3.277695e-01
1164556494.933716 -4.503338e-01
1164556494.933838 -5.211345e-01
1164556494.933960 -3.896930e-01
1164556494.934082 -2.839760e-01
1164556494.934204 -1.837287e-01
1164556494.934326 4.236229e-02
1164556494.934448 2.739534e-01
1164556494.934570 5.372805e-01
1164556494.934692 6.325100e-01
1164556494.934814 5.043366e-01
1164556494.934937 3.587176e-01
1164556494.935059 1.316137e-01
1164556494.935181 1.041257e-02
1164556494.935303 -1.208098e-01
1164556494.935425 -3.228437e-01
1164556494.935547 -4.483403e-01
1164556494.935669 -4.274090e-01
1164556494.935791 -3.934059e-01
1164556494.935913 -4.377860e-01
1164556494.936035 -2.953715e-01
1164556494.936157 -1.273548e-03
1164556494.936279 1.697741e-01
1164556494.936401 3.163636e-01
1164556494.936523 4.518006e-01
1164556494.936646 5.361916e-01
1164556494.936768 5.339752e-01
1164556494.936890 4.672569e-01
1164556494.937012 1.888381e-01
1164556494.937134 -1.917364e-01
1164556494.937256 -3.353206e-01
1164556494.937378 -4.324791e-01
1164556494.937500 -5.363112e-01
1164556494.937622 -4.388549e-01
1164556494.937744 -2.477579e-01
1164556494.937866 -1.549306e-01
1164556494.937988 -7.387999e-02
1164556494.938110 1.504285e-01
1164556494.938232 3.107173e-01
1164556494.938354 2.433242e-01
1164556494.938477 2.366929e-01
1164556494.938599 3.420337e-01
1164556494.938721 2.412542e-01
1164556494.938843 1.268216e-01
1164556494.938965 8.168524e-02
1164556494.939087 -4.672903e-02
1164556494.939209 -9.933590e-02
1164556494.939331 -4.118819e-02
1164556494.939453 -1.511194e-01
1164556494.939575 -3.400581e-01
1164556494.939697 -3.050684e-01
1164556494.939819 -2.810609e-01
1164556494.939941 -3.455964e-01
1164556494.940063 -1.584523e-01
1164556494.940186 1.233719e-01
1164556494.940308 2.092464e-01
1164556494.940430 2.479709e-01
1164556494.940552 3.884976e-01
1164556494.940674 4.860802e-01
1164556494.940796 4.385256e-01
1164556494.940918 2.803394e-01
1164556494.941040 6.939654e-03
1164556494.941162 -1.835036e-01
1164556494.941284 -2.866881e-01
1164556494.941406 -4.107825e-01
1164556494.941528 -4.985258e-01
1164556494.941650 -4.575838e-01
1164556494.941772 -2.315230e-01
1164556494.941895 -7.636122e-02
1164556494.942017 3.435818e-02
1164556494.942139 2.055077e-01
1164556494.942261 3.687438e-01
1164556494.942383 3.697181e-01
1164556494.942505 2.659632e-01
1164556494.942627 2.684100e-01
1164556494.942749 2.019861e-01
1164556494.942871 5.765320e-02
1164556494.942993 -1.722535e-02
1164556494.943115 -1.010539e-01
1164556494.943237 -1.644268e-01
1164556494.943359 -2.224567e-01
1164556494.943481 -2.735172e-01
1164556494.943604 -3.398388e-01
1164556494.943726 -3.294294e-01
1164556494.943848 -1.647208e-01
1164556494.943970 1.759965e-02
1164556494.944092 1.393690e-01
1164556494.944214 2.119343e-01
1164556494.944336 2.374298e-01
1164556494.944458 2.332660e-01
1164556494.944580 2.624931e-01
1164556494.944702 2.417802e-01
1164556494.944824 1.410973e-01
1164556494.944946 1.122998e-01
1164556494.945068 1.268612e-01
1164556494.945190 -5.181323e-02
1164556494.945312 -3.188979e-01
1164556494.945435 -3.832719e-01
1164556494.945557 -3.697085e-01
1164556494.945679 -3.821435e-01
1164556494.945801 -3.166869e-01
1164556494.945923 -1.328341e-01
1164556494.946045 7.119126e-02
1164556494.946167 2.506085e-01
1164556494.946289 3.817956e-01
1164556494.946411 3.862847e-01
1164556494.946533 3.825407e-01
1164556494.946655 3.453811e-01
1164556494.946777 1.615905e-01
1164556494.946899 4.856284e-02
1164556494.947021 -9.907868e-03
1164556494.947144 -1.796269e-01
1164556494.947266 -3.685178e-01
1164556494.947388 -3.671506e-01
1164556494.947510 -3.228945e-01
1164556494.947632 -3.864323e-01
1164556494.947754 -3.070072e-01
1164556494.947876 -1.277483e-01
1164556494.947998 2.329116e-02
1164556494.948120 2.290616e-01
1164556494.948242 4.348896e-01
1164556494.948364 4.990648e-01
1164556494.948486 4.328310e-01
1164556494.948608 4.006076e-01
1164556494.948730 2.404899e-01
1164556494.948853 6.716985e-03
1164556494.948975 -1.167102e-01
1164556494.949097 -2.919534e-01
1164556494.949219 -4.520179e-01
1164556494.949341 -4.520644e-01
1164556494.949463 -4.626629e-01
1164556494.949585 -4.074591e-01
1164556494.949707 -1.693473e-01
1164556494.949829 1.145631e-01
1164556494.949951 2.528139e-01
1164556494.950073 3.156937e-01
1164556494.950195 3.880725e-01
1164556494.950317 3.787382e-01
1164556494.950439 3.365478e-01
1164556494.950562 2.891977e-01
1164556494.950684 1.560717e-01
1164556494.950806 3.721112e-03
1164556494.950928 -1.506883e-01
1164556494.951050 -3.294511e-01
1164556494.951172 -4.252952e-01
1164556494.951294 -4.376602e-01
1164556494.951416 -3.705593e-01
1164556494.951538 -2.528818e-01
1164556494.951660 -9.307285e-02
1164556494.951782 1.523364e-01
1164556494.951904 2.717130e-01
1164556494.952026 2.487611e-01
1164556494.952148 2.285469e-01
1164556494.952271 2.346947e-01
1164556494.952393 2.652373e-01
1164556494.952515 3.414351e-01
1164556494.952637 3.033180e-01
1164556494.952759 5.747231e-02
1164556494.952881 -2.170598e-01
1164556494.953003 -3.612215e-01
1164556494.953125 -4.177259e-01
1164556494.953247 -3.949032e-01
1164556494.953369 -2.916702e-01
1164556494.953491 -2.028851e-01
1164556494.953613 -7.650049e-02
1164556494.953735 6.251601e-02
1164556494.953857 1.345067e-01
1164556494.953979 2.123193e-01
1164556494.954102 3.071369e-01
1164556494.954224 3.027188e-01
1164556494.954346 2.749780e-01
1164556494.954468 2.931487e-01
1164556494.954590 2.286189e-01
1164556494.954712 7.559769e-02
1164556494.954834 -9.682420e-02
1164556494.954956 -2.835213e-01
1164556494.955078 -4.232046e-01
1164556494.955200 -4.439097e-01
1164556494.955322 -3.878504e-01
1164556494.955444 -2.645420e-01
1164556494.955566 -8.752617e-02
1164556494.955688 2.675281e-02
1164556494.955811 9.904322e-02
1164556494.955933 2.520777e-01
1164556494.956055 4.195603e-01
1164556494.956177 4.630817e-01
1164556494.956299 4.375863e-01
1164556494.956421 3.436436e-01
1164556494.956543 1.228075e-01
1164556494.956665 -1.312588e-01
1164556494.956787 -3.197285e-01
1164556494.956909 -4.476441e-01
1164556494.957031 -4.697588e-01
1164556494.957153 -3.526534e-01
1164556494.957275 -1.854654e-01
1164556494.957397 -1.422213e-01
1164556494.957520 -6.863700e-03
1164556494.957642 1.405748e-01
1164556494.957764 1.558031e-01
1164556494.957886 2.289916e-01
1164556494.958008 3.616501e-01
1164556494.958130 4.103110e-01
1164556494.958252 3.051940e-01
1164556494.958374 1.322438e-01
1164556494.958496 -4.089214e-02
1164556494.958618 -1.502340e-01
1164556494.958740 -1.596291e-01
1164556494.958862 -2.421224e-01
1164556494.958984 -3.132964e-01
1164556494.959106 -2.833816e-01
1164556494.959229 -2.531186e-01
1164556494.959351 -2.094726e-01
1164556494.959473 -7.976204e-02
1164556494.959595 1.021676e-01
1164556494.959717 2.481686e-01
1164556494.959839 3.290529e-01
1164556494.959961 3.448168e-01
1164556494.960083 2.943816e-01
1164556494.960205 1.949209e-01
1164556494.960327 7.317702e-02
1164556494.960449 -2.848229e-02
1164556494.960571 -1.582656e-01
1164556494.960693 -2.523297e-01
1164556494.960815 -2.221375e-01
1164556494.960938 -1.122363e-01
1164556494.961060 -1.367627e-01
1164556494.961182 -1.643402e-01
1164556494.961304 -7.538566e-02
1164556494.961426 -6.837763e-02
1164556494.961548 -3.991539e-02
1164556494.961670 5.111322e-02
1164556494.961792 8.545429e-02
1164556494.961914 1.481949e-01
1164556494.962036 2.762610e-01
1164556494.962158 3.223329e-01
1164556494.962280 2.463877e-01
1164556494.962402 1.953321e-01
1164556494.962524 5.974614e-02
1164556494.962646 -1.455741e-01
1164556494.962769 -2.646870e-01
1164556494.962891 -3.731893e-01
1164556494.963013 -3.786893e-01
1164556494.963135 -2.479387e-01
1164556494.963257 -1.418544e-01
1164556494.963379 -4.998468e-02
1164556494.963501 5.752141e-02
1164556494.963623 1.919960e-01
1164556494.963745 2.596213e-01
1164556494.963867 2.863583e-01
1164556494.963989 2.595938e-01
1164556494.964111 1.822261e-01
1164556494.964233 1.452238e-01
1164556494.964355 4.223028e-02
1164556494.964478 -6.549422e-02
1164556494.964600 -1.327089e-01
1164556494.964722 -2.462455e-01
1164556494.964844 -2.810617e-01
1164556494.964966 -2.040373e-01
1164556494.965088 -1.301785e-01
1164556494.965210 -1.339155e-01
1164556494.965332 -5.462496e-02
1164556494.965454 6.514447e-02
1164556494.965576 6.834606e-02
1164556494.965698 1.785261e-01
1164556494.965820 2.640928e-01
1164556494.965942 2.326084e-01
1164556494.966064 1.548103e-01
1164556494.966187 7.702267e-02
1164556494.966309 2.037242e-02
1164556494.966431 -6.203337e-02
1164556494.966553 -8.411963e-02
1164556494.966675 -9.279902e-02
1164556494.966797 -1.079046e-01
1164556494.966919 -1.147296e-01
1164556494.967041 -1.609277e-01
1164556494.967163 -1.737591e-01
1164556494.967285 -1.175606e-01
1164556494.967407 -3.397979e-02
1164556494.967529 1.997462e-02
1164556494.967651 -2.135286e-03
1164556494.967773 8.679025e-02
1164556494.967896 1.759780e-01
1164556494.968018 1.898211e-01
1164556494.968140 2.267367e-01
1164556494.968262 2.913260e-01
1164556494.968384 2.631429e-01
1164556494.968506 8.874387e-02
1164556494.968628 -8.451491e-02
1164556494.968750 -2.860112e-01
1164556494.968872 -4.458831e-01
1164556494.968994 -3.875153e-01
1164556494.969116 -2.623867e-01
1164556494.969238 -1.817084e-01
1164556494.969360 -9.765133e-02
1164556494.969482 5.002551e-02
1164556494.969604 1.714791e-01
1164556494.969727 2.864927e-01
1164556494.969849 4.077176e-01
1164556494.969971 3.878325e-01
1164556494.970093 2.550788e-01
1164556494.970215 2.021540e-01
1164556494.970337 5.811138e-02
1164556494.970459 -1.712705e-01
1164556494.970581 -2.806537e-01
1164556494.970703 -2.813592e-01
1164556494.970825 -3.378326e-01
1164556494.970947 -3.707463e-01
1164556494.971069 -2.512495e-01
1164556494.971191 -1.018015e-01
1164556494.971313 9.205133e-04
1164556494.971436 1.554266e-01
1164556494.971558 2.450691e-01
1164556494.971680 2.736635e-01
1164556494.971802 3.589972e-01
1164556494.971924 3.326035e-01
1164556494.972046 1.957108e-01
1164556494.972168 1.212143e-01
1164556494.972290 4.369226e-02
1164556494.972412 -1.407851e-01
1164556494.972534 -3.322649e-01
1164556494.972656 -3.682029e-01
1164556494.972778 -3.423817e-01
1164556494.972900 -3.152371e-01
1164556494.973022 -1.591988e-01
1164556494.973145 -1.048927e-02
1164556494.973267 7.045734e-02
1164556494.973389 2.383783e-01
1164556494.973511 2.818498e-01
1164556494.973633 2.249127e-01
1164556494.973755 2.198217e-01
1164556494.973877 2.311717e-01
1164556494.973999 1.463298e-01
1164556494.974121 -5.110401e-03
1164556494.974243 -5.003170e-02
1164556494.974365 -6.053521e-02
1164556494.974487 -1.966204e-01
1164556494.974609 -2.715351e-01
1164556494.974731 -2.253120e-01
1164556494.974854 -2.004124e-01
1164556494.974976 -1.576560e-01
1164556494.975098 -3.025188e-02
1164556494.975220 1.549342e-02
1164556494.975342 6.294442e-02
1164556494.975464 2.023801e-01
1164556494.975586 2.081551e-01
1164556494.975708 1.196566e-01
1164556494.975830 1.994661e-01
1164556494.975952 2.511416e-01
1164556494.976074 1.172912e-01
1164556494.976196 2.841814e-02
1164556494.976318 -4.490493e-02
1164556494.976440 -2.180866e-01
1164556494.976562 -2.536704e-01
1164556494.976685 -1.459664e-01
1164556494.976807 -1.783262e-01
1164556494.976929 -2.079750e-01
1164556494.977051 -6.637829e-02
1164556494.977173 -5.847730e-02
1164556494.977295 -9.553483e-02
1164556494.977417 2.518003e-02
1164556494.977539 1.950050e-01
1164556494.977661 3.007375e-01
1164556494.977783 3.052634e-01
1164556494.977905 2.959090e-01
1164556494.978027 2.659358e-01
1164556494.978149 1.495384e-01
1164556494.978271 -1.152356e-02
1164556494.978394 -2.059463e-01
1164556494.978516 -3.515188e-01
1164556494.978638 -4.288058e-01
1164556494.978760 -3.716021e-01
1164556494.978882 -2.720226e-01
1164556494.979004 -1.660197e-01
1164556494.979126 7.858498e-02
1164556494.979248 2.121439e-01
1164556494.979370 2.108594e-01
1164556494.979492 2.608071e-01
1164556494.979614 2.819886e-01
1164556494.979736 2.494719e-01
1164556494.979858 2.078404e-01
1164556494.979980 1.650989e-01
1164556494.980103 -1.574546e-02
1164556494.980225 -1.952764e-01
1164556494.980347 -1.612520e-01
1164556494.980469 -1.493443e-01
1164556494.980591 -2.202079e-01
1164556494.980713 -2.239354e-01
1164556494.980835 -1.850460e-01
1164556494.980957 -1.947230e-01
1164556494.981079 -2.086057e-01
1164556494.981201 -8.339881e-02
1164556494.981323 5.040489e-02
1164556494.981445 2.578826e-01
1164556494.981567 4.726044e-01
1164556494.981689 4.820642e-01
1164556494.981812 3.579450e-01
1164556494.981934 2.945666e-01
1164556494.982056 1.527928e-01
1164556494.982178 -1.398495e-01
1164556494.982300 -3.411408e-01
1164556494.982422 -4.314724e-01
1164556494.982544 -5.072220e-01
1164556494.982666 -4.775663e-01
1164556494.982788 -3.217073e-01
1164556494.982910 -9.650128e-02
1164556494.983032 8.804321e-02
1164556494.983154 2.665675e-01
1164556494.983276 3.475910e-01
1164556494.983398 3.762703e-01
1164556494.983521 4.371842e-01
1164556494.983643 3.337976e-01
1164556494.983765 1.965732e-01
1164556494.983887 1.186347e-01
1164556494.984009 -7.243758e-02
1164556494.984131 -3.053070e-01
1164556494.984253 -4.326263e-01
1164556494.984375 -3.444136e-01
1164556494.984497 -2.675053e-01
1164556494.984619 -2.379090e-01
1164556494.984741 -1.735911e-01
1164556494.984863 -1.020924e-01
1164556494.984985 6.125533e-02
1164556494.985107 2.002618e-01
1164556494.985229 2.894782e-01
1164556494.985352 3.969115e-01
1164556494.985474 4.125014e-01
1164556494.985596 2.808988e-01
1164556494.985718 9.380143e-02
1164556494.985840 1.044827e-02
1164556494.985962 -9.583673e-02
1164556494.986084 -2.400043e-01
1164556494.986206 -3.128810e-01
1164556494.986328 -3.382159e-01
1164556494.986450 -2.785583e-01
1164556494.986572 -1.922315e-01
1164556494.986694 -1.137961e-01
1164556494.986816 -2.363824e-02
1164556494.986938 9.660493e-02
1164556494.987061 1.898467e-01
1164556494.987183 1.872668e-01
1164556494.987305 2.636905e-01
1164556494.987427 3.476675e-01
1164556494.987549 3.033773e-01
1164556494.987671 1.742113e-01
1164556494.987793 9.862232e-03
1164556494.987915 -1.538116e-01
1164556494.988037 -2.671578e-01
1164556494.988159 -2.900452e-01
1164556494.988281 -2.951699e-01
1164556494.988403 -2.476320e-01
1164556494.988525 -1.119828e-01
1164556494.988647 -3.350591e-02
1164556494.988770 4.268742e-04
1164556494.988892 6.338447e-02
1164556494.989014 1.392084e-01
1164556494.989136 1.570109e-01
1164556494.989258 2.053003e-01
1164556494.989380 2.213774e-01
1164556494.989502 1.757407e-01
1164556494.989624 1.584366e-01
1164556494.989746 1.193270e-01
1164556494.989868 2.660816e-03
1164556494.989990 -1.457394e-01
1164556494.990112 -2.447543e-01
1164556494.990234 -2.926566e-01
1164556494.990356 -3.122418e-01
1164556494.990479 -2.089912e-01
1164556494.990601 -4.157240e-02
1164556494.990723 6.363888e-02
1164556494.990845 5.034850e-02
1164556494.990967 4.701020e-02
1164556494.991089 1.215651e-01
1164556494.991211 2.046581e-01
1164556494.991333 2.275150e-01
1164556494.991455 1.959393e-01
1164556494.991577 1.206086e-01
1164556494.991699 1.038059e-01
1164556494.991821 7.117702e-02
1164556494.991943 -5.875570e-02
1164556494.992065 -1.690897e-01
1164556494.992188 -1.987399e-01
1164556494.992310 -2.372975e-01
1164556494.992432 -2.787761e-01
1164556494.992554 -2.524632e-01
1164556494.992676 -1.586972e-01
1164556494.992798 -7.704494e-02
1164556494.992920 8.556680e-02
1164556494.993042 2.579543e-01
1164556494.993164 3.411688e-01
1164556494.993286 3.439524e-01
1164556494.993408 2.766364e-01
1164556494.993530 1.936958e-01
1164556494.993652 5.328233e-02
1164556494.993774 -5.359257e-02
1164556494.993896 -1.122092e-01
1164556494.994019 -2.294663e-01
1164556494.994141 -2.889476e-01
1164556494.994263 -2.874253e-01
1164556494.994385 -2.389518e-01
1164556494.994507 -1.711131e-01
1164556494.994629 -4.296297e-02
1164556494.994751 6.161583e-02
1164556494.994873 8.959298e-02
1164556494.994995 1.569692e-01
1164556494.995117 2.170062e-01
1164556494.995239 2.112801e-01
1164556494.995361 2.376761e-01
1164556494.995483 2.539637e-01
1164556494.995605 1.738408e-01
1164556494.995728 3.165105e-02
1164556494.995850 -3.969028e-02
1164556494.995972 -1.558482e-01
1164556494.996094 -3.017393e-01
1164556494.996216 -3.512856e-01
1164556494.996338 -3.203375e-01
1164556494.996460 -2.753356e-01
1164556494.996582 -2.170544e-01
1164556494.996704 -7.636934e-02
1164556494.996826 1.177897e-01
1164556494.996948 2.827095e-01
1164556494.997070 4.359566e-01
1164556494.997192 4.681551e-01
1164556494.997314 3.641260e-01
1164556494.997437 2.520916e-01
1164556494.997559 1.197028e-01
1164556494.997681 -1.290465e-01
1164556494.997803 -3.177823e-01
1164556494.997925 -3.525795e-01
1164556494.998047 -4.132420e-01
1164556494.998169 -3.852282e-01
1164556494.998291 -1.873012e-01
1164556494.998413 -4.739333e-02
1164556494.998535 3.082457e-03
1164556494.998657 1.204760e-01
1164556494.998779 2.422938e-01
1164556494.998901 2.464842e-01
1164556494.999023 2.411503e-01
1164556494.999146 2.367729e-01
1164556494.999268 1.747848e-01
1164556494.999390 1.175480e-01
1164556494.999512 5.682439e-02
1164556494.999634 -4.588965e-02
1164556494.999756 -1.727782e-01
1164556494.999878 -2.119303e-01
1164556495.000000 -1.532585e-01
1164556495.000122 -1.755768e-01
1164556495.000244 -2.353838e-01
1164556495.000366 -2.368948e-01
1164556495.000488 -1.694957e-01
1164556495.000610 -9.113288e-02
1164556495.000732 8.037776e-02
1164556495.000854 2.619931e-01
1164556495.000977 3.166299e-01
1164556495.001099 3.824925e-01
1164556495.001221 3.845224e-01
1164556495.001343 1.995935e-01
1164556495.001465 4.282650e-02
1164556495.001587 2.472053e-03
1164556495.001709 -1.101264e-01
1164556495.001831 -3.012952e-01
1164556495.001953 -3.839436e-01
1164556495.002075 -4.080779e-01
1164556495.002197 -3.744683e-01
1164556495.002319 -2.086990e-01
1164556495.002441 -1.133363e-02
1164556495.002563 1.411767e-01
1164556495.002686 2.725080e-01
1164556495.002808 3.738417e-01
1164556495.002930 3.744567e-01
1164556495.003052 2.720851e-01
1164556495.003174 1.967236e-01
1164556495.003296 8.069781e-02
1164556495.003418 -6.884701e-02
1164556495.003540 -1.728886e-01
1164556495.003662 -1.784999e-01
1164556495.003784 -1.706060e-01
1164556495.003906 -2.013761e-01
1164556495.004028 -1.751650e-01
1164556495.004150 -1.556408e-01
1164556495.004272 -2.063540e-01
1164556495.004395 -1.501374e-01
1164556495.004517 6.085592e-03
1164556495.004639 1.343729e-01
1164556495.004761 2.018395e-01
1164556495.004883 3.132977e-01
1164556495.005005 3.099661e-01
1164556495.005127 2.033790e-01
1164556495.005249 2.072580e-01
1164556495.005371 1.597560e-01
1164556495.005493 -1.351096e-02
1164556495.005615 -1.399120e-01
1164556495.005737 -2.428811e-01
1164556495.005859 -3.643291e-01
1164556495.005981 -3.902302e-01
1164556495.006104 -2.897335e-01
1164556495.006226 -1.884024e-01
1164556495.006348 -6.886741e-02
1164556495.006470 1.263505e-01
1164556495.006592 2.309130e-01
1164556495.006714 2.509982e-01
1164556495.006836 3.111022e-01
1164556495.006958 3.472005e-01
1164556495.007080 2.369583e-01
1164556495.007202 7.699363e-02
1164556495.007324 -7.867106e-03
1164556495.007446 -5.455796e-02
1164556495.007568 -1.041729e-01
1164556495.007690 -1.891816e-01
1164556495.007812 -2.629975e-01
1164556495.007935 -3.214282e-01
1164556495.008057 -2.836856e-01
1164556495.008179 -1.614882e-01
1164556495.008301 -8.667774e-02
1164556495.008423 -2.519156e-02
1164556495.008545 1.411123e-01
1164556495.008667 2.883445e-01
1164556495.008789 2.892799e-01
1164556495.008911 3.008970e-01
1164556495.009033 3.344107e-01
1164556495.009155 2.375277e-01
1164556495.009277 1.160006e-01
1164556495.009399 -1.369647e-03
1164556495.009521 -1.843469e-01
1164556495.009644 -3.508520e-01
1164556495.009766 -3.701911e-01
1164556495.009888 -3.896480e-01
1164556495.010010 -3.641534e-01
1164556495.010132 -1.855986e-01
1164556495.010254 -1.789530e-02
1164556495.010376 1.112278e-01
1164556495.010498 2.853172e-01
1164556495.010620 3.680725e-01
1164556495.010742 3.567156e-01
1164556495.010864 3.224845e-01
1164556495.010986 2.561484e-01
1164556495.011108 1.130198e-01
1164556495.011230 -3.508519e-02
1164556495.011353 -1.721691e-01
1164556495.011475 -2.564547e-01
1164556495.011597 -2.921023e-01
1164556495.011719 -2.946207e-01
1164556495.011841 -2.451897e-01
1164556495.011963 -1.235420e-01
1164556495.012085 -2.054770e-02
1164556495.012207 8.603990e-03
1164556495.012329 4.326658e-02
1164556495.012451 6.186973e-02
1164556495.012573 1.065187e-01
1164556495.012695 2.318375e-01
1164556495.012817 2.738383e-01
1164556495.012939 2.661524e-01
1164556495.013062 2.566006e-01
1164556495.013184 1.657309e-01
1164556495.013306 4.775781e-03
1164556495.013428 -1.472942e-01
1164556495.013550 -2.380432e-01
1164556495.013672 -3.364632e-01
1164556495.013794 -3.818107e-01
1164556495.013916 -3.173566e-01
1164556495.014038 -2.475119e-01
1164556495.014160 -1.010807e-01
1164556495.014282 6.309972e-02
1164556495.014404 1.632250e-01
1164556495.014526 2.493856e-01
1164556495.014648 3.623052e-01
1164556495.014771 4.321455e-01
1164556495.014893 3.881920e-01
1164556495.015015 2.616726e-01
1164556495.015137 7.928966e-02
1164556495.015259 -1.457525e-01
1164556495.015381 -3.035091e-01
1164556495.015503 -3.779063e-01
1164556495.015625 -3.820254e-01
1164556495.015747 -3.454228e-01
1164556495.015869 -2.282766e-01
1164556495.015991 -8.957145e-02
1164556495.016113 -1.899004e-02
1164556495.016235 4.046208e-02
1164556495.016357 1.383872e-01
1164556495.016479 2.431515e-01
1164556495.016602 3.406601e-01
1164556495.016724 3.987448e-01
1164556495.016846 3.714743e-01
1164556495.016968 2.339948e-01
1164556495.017090 1.061622e-01
1164556495.017212 -4.095383e-02
1164556495.017334 -2.449627e-01
1164556495.017456 -3.946797e-01
1164556495.017578 -4.718432e-01
1164556495.017700 -5.201998e-01
