      0.000000 1.104854e-02
     16.000000 1.104854e-02
     32.000000 1.104854e-02
     48.000000 6.787515e-24
     64.000000 6.787515e-24
     80.000000 5.039125e-24
     96.000000 5.039125e-24
    112.000000 4.555779e-24
    128.000000 4.555779e-24
    144.000000 4.616364e-24
    160.000000 4.616364e-24
    176.000000 6.459675e-24
    192.000000 6.459675e-24
    208.000000 4.354471e-24
    224.000000 4.354471e-24
    240.000000 4.198993e-24
    256.000000 4.198993e-24
    272.000000 4.365447e-24
    288.000000 4.365447e-24
    304.000000 4.267889e-23
    320.000000 4.267889e-23
    336.000000 1.525949e-23
    352.000000 1.525949e-23
    368.000000 4.346302e-24
    384.000000 4.346302e-24
    400.000000 4.611561e-24
    416.000000 4.611561e-24
    432.000000 4.592422e-24
    448.000000 4.592422e-24
    464.000000 9.673650e-24
    480.000000 9.673650e-24
    496.000000 3.888970e-22
    512.000000 3.888970e-22
    528.000000 5.218773e-24
    544.000000 5.218773e-24
    560.000000 5.214196e-24
    576.000000 5.214196e-24
    592.000000 5.391270e-24
    608.000000 5.391270e-24
    624.000000 5.531107e-24
    640.000000 5.531107e-24
    656.000000 5.518053e-24
    672.000000 5.518053e-24
    688.000000 5.698777e-24
    704.000000 5.698777e-24
    720.000000 5.763898e-24
    736.000000 5.763898e-24
    752.000000 5.971344e-24
    768.000000 5.971344e-24
    784.000000 6.148876e-24
    800.000000 6.148876e-24
    816.000000 6.369649e-24
    832.000000 6.369649e-24
    848.000000 6.607050e-24
    864.000000 6.607050e-24
    880.000000 6.680770e-24
    896.000000 6.680770e-24
    912.000000 6.944235e-24
    928.000000 6.944235e-24
    944.000000 7.071965e-24
    960.000000 7.071965e-24
    976.000000 8.548814e-24
    992.000000 8.548814e-24
   1008.000000 4.477130e-23
   1024.000000 4.477130e-23
   1040.000000 7.615554e-24
   1056.000000 7.615554e-24
   1072.000000 1.278382e-23
   1088.000000 1.278382e-23
   1104.000000 7.640895e-24
   1120.000000 7.640895e-24
   1136.000000 8.281184e-24
   1152.000000 8.281184e-24
   1168.000000 8.402793e-24
   1184.000000 8.402793e-24
   1200.000000 8.611567e-24
   1216.000000 8.611567e-24
   1232.000000 9.020330e-24
   1248.000000 9.020330e-24
   1264.000000 8.840794e-24
   1280.000000 8.840794e-24
   1296.000000 9.200295e-24
   1312.000000 9.200295e-24
   1328.000000 9.372204e-24
   1344.000000 9.372204e-24
   1360.000000 9.801210e-24
   1376.000000 9.801210e-24
   1392.000000 9.908755e-24
   1408.000000 9.908755e-24
   1424.000000 1.867035e-23
   1440.000000 1.867035e-23
   1456.000000 2.933703e-22
   1472.000000 2.933703e-22
   1488.000000 9.310642e-22
   1504.000000 9.310642e-22
   1520.000000 1.596355e-22
   1536.000000 1.596355e-22
   1552.000000 1.074743e-23
   1568.000000 1.074743e-23
   1584.000000 1.105144e-23
   1600.000000 1.105144e-23
   1616.000000 1.111688e-23
   1632.000000 1.111688e-23
   1648.000000 1.105339e-23
   1664.000000 1.105339e-23
   1680.000000 1.138438e-23
   1696.000000 1.138438e-23
   1712.000000 1.152823e-23
   1728.000000 1.152823e-23
   1744.000000 1.211609e-23
   1760.000000 1.211609e-23
   1776.000000 1.183824e-23
   1792.000000 1.183824e-23
   1808.000000 1.227747e-23
   1824.000000 1.227747e-23
   1840.000000 1.307824e-23
   1856.000000 1.307824e-23
   1872.000000 1.274478e-23
   1888.000000 1.274478e-23
   1904.000000 2.182021e-23
   1920.000000 2.182021e-23
   1936.000000 3.926532e-23
   1952.000000 3.926532e-23
   1968.000000 2.222299e-22
   1984.000000 2.222299e-22
   2000.000000 6.285491e-23
   2016.000000 6.285491e-23
   2032.000000 1.398570e-23
   2048.000000 1.398570e-23
   2064.000000 1.387587e-23
   2080.000000 1.387587e-23
   2096.000000 1.386697e-23
   2112.000000 1.386697e-23
   2128.000000 1.488496e-23
   2144.000000 1.488496e-23
   2160.000000 1.470291e-23
   2176.000000 1.470291e-23
   2192.000000 1.698597e-23
   2208.000000 1.698597e-23
   2224.000000 4.820870e-23
   2240.000000 4.820870e-23
   2256.000000 4.149168e-23
   2272.000000 4.149168e-23
   2288.000000 2.088758e-23
   2304.000000 2.088758e-23
   2320.000000 1.965390e-23
   2336.000000 1.965390e-23
   2352.000000 4.610025e-23
   2368.000000 4.610025e-23
   2384.000000 2.930367e-23
   2400.000000 2.930367e-23
   2416.000000 3.738387e-23
   2432.000000 3.738387e-23
   2448.000000 6.131242e-23
   2464.000000 6.131242e-23
   2480.000000 1.735447e-23
   2496.000000 1.735447e-23
   2512.000000 1.681997e-23
   2528.000000 1.681997e-23
   2544.000000 1.713982e-23
   2560.000000 1.713982e-23
   2576.000000 1.766790e-23
   2592.000000 1.766790e-23
   2608.000000 1.821681e-23
   2624.000000 1.821681e-23
   2640.000000 1.762498e-23
   2656.000000 1.762498e-23
   2672.000000 1.786496e-23
   2688.000000 1.786496e-23
   2704.000000 1.794013e-23
   2720.000000 1.794013e-23
   2736.000000 1.828422e-23
   2752.000000 1.828422e-23
   2768.000000 1.878016e-23
   2784.000000 1.878016e-23
   2800.000000 1.927501e-23
   2816.000000 1.927501e-23
   2832.000000 2.205016e-23
   2848.000000 2.205016e-23
   2864.000000 2.303287e-23
   2880.000000 2.303287e-23
   2896.000000 2.244816e-23
   2912.000000 2.244816e-23
   2928.000000 2.777213e-23
   2944.000000 2.777213e-23
   2960.000000 1.980211e-23
   2976.000000 1.980211e-23
   2992.000000 2.017237e-23
   3008.000000 2.017237e-23
   3024.000000 2.040150e-23
   3040.000000 2.040150e-23
   3056.000000 2.068603e-23
   3072.000000 2.068603e-23
   3088.000000 2.042843e-23
   3104.000000 2.042843e-23
   3120.000000 2.144080e-23
   3136.000000 2.144080e-23
   3152.000000 2.115017e-23
   3168.000000 2.115017e-23
   3184.000000 2.123716e-23
   3200.000000 2.123716e-23
   3216.000000 2.118385e-23
   3232.000000 2.118385e-23
   3248.000000 2.208212e-23
   3264.000000 2.208212e-23
   3280.000000 2.244157e-23
   3296.000000 2.244157e-23
   3312.000000 2.379305e-23
   3328.000000 2.379305e-23
   3344.000000 2.488874e-23
   3360.000000 2.488874e-23
   3376.000000 2.596599e-23
   3392.000000 2.596599e-23
   3408.000000 2.347961e-23
   3424.000000 2.347961e-23
   3440.000000 2.376859e-23
   3456.000000 2.376859e-23
   3472.000000 2.357536e-23
   3488.000000 2.357536e-23
   3504.000000 2.405648e-23
   3520.000000 2.405648e-23
   3536.000000 2.398081e-23
   3552.000000 2.398081e-23
   3568.000000 2.560838e-23
   3584.000000 2.560838e-23
   3600.000000 1.591334e-22
   3616.000000 1.591334e-22
   3632.000000 6.722816e-23
   3648.000000 6.722816e-23
   3664.000000 2.475088e-23
   3680.000000 2.475088e-23
   3696.000000 2.738642e-23
   3712.000000 2.738642e-23
   3728.000000 2.673079e-23
   3744.000000 2.673079e-23
   3760.000000 2.669817e-23
   3776.000000 2.669817e-23
   3792.000000 2.808563e-23
   3808.000000 2.808563e-23
   3824.000000 2.728915e-23
   3840.000000 2.728915e-23
   3856.000000 2.777746e-23
   3872.000000 2.777746e-23
   3888.000000 2.730109e-23
   3904.000000 2.730109e-23
   3920.000000 2.729120e-23
   3936.000000 2.729120e-23
   3952.000000 2.688178e-23
   3968.000000 2.688178e-23
   3984.000000 2.705467e-23
   4000.000000 2.705467e-23
   4016.000000 2.737954e-23
   4032.000000 2.737954e-23
   4048.000000 2.733488e-23
   4064.000000 2.733488e-23
   4080.000000 1.104854e-02
