      0.000000 1.104854e-02
     16.000000 1.104854e-02
     32.000000 1.104854e-02
     48.000000 8.667062e-24
     64.000000 8.667062e-24
     80.000000 6.766820e-24
     96.000000 6.766820e-24
    112.000000 6.121949e-24
    128.000000 6.121949e-24
    144.000000 5.876744e-24
    160.000000 5.876744e-24
    176.000000 5.685628e-24
    192.000000 5.685628e-24
    208.000000 5.554430e-24
    224.000000 5.554430e-24
    240.000000 5.515220e-24
    256.000000 5.515220e-24
    272.000000 5.449748e-24
    288.000000 5.449748e-24
    304.000000 5.355361e-24
    320.000000 5.355361e-24
    336.000000 5.452225e-24
    352.000000 5.452225e-24
    368.000000 5.370641e-24
    384.000000 5.370641e-24
    400.000000 5.458923e-24
    416.000000 5.458923e-24
    432.000000 5.453007e-24
    448.000000 5.453007e-24
    464.000000 5.484338e-24
    480.000000 5.484338e-24
    496.000000 5.275303e-24
    512.000000 5.275303e-24
    528.000000 5.395668e-24
    544.000000 5.395668e-24
    560.000000 5.380906e-24
    576.000000 5.380906e-24
    592.000000 5.463992e-24
    608.000000 5.463992e-24
    624.000000 5.663156e-24
    640.000000 5.663156e-24
    656.000000 5.591836e-24
    672.000000 5.591836e-24
    688.000000 5.865588e-24
    704.000000 5.865588e-24
    720.000000 5.837790e-24
    736.000000 5.837790e-24
    752.000000 5.784633e-24
    768.000000 5.784633e-24
    784.000000 5.954523e-24
    800.000000 5.954523e-24
    816.000000 5.965994e-24
    832.000000 5.965994e-24
    848.000000 6.063374e-24
    864.000000 6.063374e-24
    880.000000 6.160312e-24
    896.000000 6.160312e-24
    912.000000 6.250481e-24
    928.000000 6.250481e-24
    944.000000 6.187770e-24
    960.000000 6.187770e-24
    976.000000 6.223185e-24
    992.000000 6.223185e-24
   1008.000000 6.467260e-24
   1024.000000 6.467260e-24
   1040.000000 6.483817e-24
   1056.000000 6.483817e-24
   1072.000000 6.739006e-24
   1088.000000 6.739006e-24
   1104.000000 6.759828e-24
   1120.000000 6.759828e-24
   1136.000000 6.859718e-24
   1152.000000 6.859718e-24
   1168.000000 6.878762e-24
   1184.000000 6.878762e-24
   1200.000000 7.026450e-24
   1216.000000 7.026450e-24
   1232.000000 6.911214e-24
   1248.000000 6.911214e-24
   1264.000000 7.223434e-24
   1280.000000 7.223434e-24
   1296.000000 7.301702e-24
   1312.000000 7.301702e-24
   1328.000000 7.529042e-24
   1344.000000 7.529042e-24
   1360.000000 7.552954e-24
   1376.000000 7.552954e-24
   1392.000000 7.603098e-24
   1408.000000 7.603098e-24
   1424.000000 7.698127e-24
   1440.000000 7.698127e-24
   1456.000000 7.935854e-24
   1472.000000 7.935854e-24
   1488.000000 7.839470e-24
   1504.000000 7.839470e-24
   1520.000000 8.084749e-24
   1536.000000 8.084749e-24
   1552.000000 7.979456e-24
   1568.000000 7.979456e-24
   1584.000000 8.150954e-24
   1600.000000 8.150954e-24
   1616.000000 8.442227e-24
   1632.000000 8.442227e-24
   1648.000000 8.677026e-24
   1664.000000 8.677026e-24
   1680.000000 8.420774e-24
   1696.000000 8.420774e-24
   1712.000000 8.599911e-24
   1728.000000 8.599911e-24
   1744.000000 8.815265e-24
   1760.000000 8.815265e-24
   1776.000000 8.965747e-24
   1792.000000 8.965747e-24
   1808.000000 9.099447e-24
   1824.000000 9.099447e-24
   1840.000000 9.174221e-24
   1856.000000 9.174221e-24
   1872.000000 9.192878e-24
   1888.000000 9.192878e-24
   1904.000000 9.330066e-24
   1920.000000 9.330066e-24
   1936.000000 9.564034e-24
   1952.000000 9.564034e-24
   1968.000000 9.515043e-24
   1984.000000 9.515043e-24
   2000.000000 9.538463e-24
   2016.000000 9.538463e-24
   2032.000000 9.962202e-24
   2048.000000 9.962202e-24
   2064.000000 9.960329e-24
   2080.000000 9.960329e-24
   2096.000000 1.020141e-23
   2112.000000 1.020141e-23
   2128.000000 1.015572e-23
   2144.000000 1.015572e-23
   2160.000000 1.062703e-23
   2176.000000 1.062703e-23
   2192.000000 1.040080e-23
   2208.000000 1.040080e-23
   2224.000000 1.081775e-23
   2240.000000 1.081775e-23
   2256.000000 1.055474e-23
   2272.000000 1.055474e-23
   2288.000000 1.052349e-23
   2304.000000 1.052349e-23
   2320.000000 1.118796e-23
   2336.000000 1.118796e-23
   2352.000000 1.108726e-23
   2368.000000 1.108726e-23
   2384.000000 1.101959e-23
   2400.000000 1.101959e-23
   2416.000000 1.132513e-23
   2432.000000 1.132513e-23
   2448.000000 1.153387e-23
   2464.000000 1.153387e-23
   2480.000000 1.148592e-23
   2496.000000 1.148592e-23
   2512.000000 1.155939e-23
   2528.000000 1.155939e-23
   2544.000000 1.174033e-23
   2560.000000 1.174033e-23
   2576.000000 1.182336e-23
   2592.000000 1.182336e-23
   2608.000000 1.201215e-23
   2624.000000 1.201215e-23
   2640.000000 1.226297e-23
   2656.000000 1.226297e-23
   2672.000000 1.239683e-23
   2688.000000 1.239683e-23
   2704.000000 1.231827e-23
   2720.000000 1.231827e-23
   2736.000000 1.266296e-23
   2752.000000 1.266296e-23
   2768.000000 1.270879e-23
   2784.000000 1.270879e-23
   2800.000000 1.263217e-23
   2816.000000 1.263217e-23
   2832.000000 1.271167e-23
   2848.000000 1.271167e-23
   2864.000000 1.295173e-23
   2880.000000 1.295173e-23
   2896.000000 1.313680e-23
   2912.000000 1.313680e-23
   2928.000000 1.349227e-23
   2944.000000 1.349227e-23
   2960.000000 1.337176e-23
   2976.000000 1.337176e-23
   2992.000000 1.368579e-23
   3008.000000 1.368579e-23
   3024.000000 1.340084e-23
   3040.000000 1.340084e-23
   3056.000000 1.407264e-23
   3072.000000 1.407264e-23
   3088.000000 1.407853e-23
   3104.000000 1.407853e-23
   3120.000000 1.435166e-23
   3136.000000 1.435166e-23
   3152.000000 1.450805e-23
   3168.000000 1.450805e-23
   3184.000000 1.491862e-23
   3200.000000 1.491862e-23
   3216.000000 1.470244e-23
   3232.000000 1.470244e-23
   3248.000000 1.457657e-23
   3264.000000 1.457657e-23
   3280.000000 1.496168e-23
   3296.000000 1.496168e-23
   3312.000000 1.472027e-23
   3328.000000 1.472027e-23
   3344.000000 1.526878e-23
   3360.000000 1.526878e-23
   3376.000000 1.496324e-23
   3392.000000 1.496324e-23
   3408.000000 1.484690e-23
   3424.000000 1.484690e-23
   3440.000000 1.529055e-23
   3456.000000 1.529055e-23
   3472.000000 1.536342e-23
   3488.000000 1.536342e-23
   3504.000000 1.550723e-23
   3520.000000 1.550723e-23
   3536.000000 1.546410e-23
   3552.000000 1.546410e-23
   3568.000000 1.619826e-23
   3584.000000 1.619826e-23
   3600.000000 1.604872e-23
   3616.000000 1.604872e-23
   3632.000000 1.651196e-23
   3648.000000 1.651196e-23
   3664.000000 1.627245e-23
   3680.000000 1.627245e-23
   3696.000000 1.640840e-23
   3712.000000 1.640840e-23
   3728.000000 1.693488e-23
   3744.000000 1.693488e-23
   3760.000000 1.669050e-23
   3776.000000 1.669050e-23
   3792.000000 1.666142e-23
   3808.000000 1.666142e-23
   3824.000000 1.766668e-23
   3840.000000 1.766668e-23
   3856.000000 1.693872e-23
   3872.000000 1.693872e-23
   3888.000000 1.727474e-23
   3904.000000 1.727474e-23
   3920.000000 1.780555e-23
   3936.000000 1.780555e-23
   3952.000000 1.761055e-23
   3968.000000 1.761055e-23
   3984.000000 1.772425e-23
   4000.000000 1.772425e-23
   4016.000000 1.766160e-23
   4032.000000 1.766160e-23
   4048.000000 1.798207e-23
   4064.000000 1.798207e-23
   4080.000000 1.104854e-02
