1164556494.772461 4.683002e-02
1164556494.772583 2.670049e-02
1164556494.772705 6.253843e-03
1164556494.772827 -1.317236e-02
1164556494.772949 -3.902801e-02
1164556494.773071 -6.877300e-02
1164556494.773193 -8.059266e-02
1164556494.773315 -7.367982e-02
1164556494.773438 -6.175552e-02
1164556494.773560 -2.759393e-02
1164556494.773682 1.710171e-02
1164556494.773804 4.377480e-02
1164556494.773926 5.653692e-02
1164556494.774048 6.748681e-02
1164556494.774170 6.675234e-02
1164556494.774292 4.917477e-02
1164556494.774414 4.065528e-02
1164556494.774536 2.224203e-02
1164556494.774658 -1.707035e-02
1164556494.774780 -3.943502e-02
1164556494.774902 -4.850384e-02
1164556494.775024 -5.941868e-02
1164556494.775146 -5.753628e-02
1164556494.775269 -4.163235e-02
1164556494.775391 -2.900636e-02
1164556494.775513 -1.665179e-02
1164556494.775635 4.518913e-03
1164556494.775757 2.193601e-02
1164556494.775879 3.169295e-02
1164556494.776001 5.077723e-02
1164556494.776123 6.124873e-02
1164556494.776245 5.118026e-02
1164556494.776367 3.528708e-02
1164556494.776489 2.905818e-02
1164556494.776611 1.304341e-02
1164556494.776733 -1.591192e-02
1164556494.776855 -4.739616e-02
1164556494.776978 -6.659670e-02
1164556494.777100 -7.137217e-02
1164556494.777222 -6.094841e-02
1164556494.777344 -3.833150e-02
1164556494.777466 -1.964305e-02
1164556494.777588 1.073093e-03
1164556494.777710 3.486568e-02
1164556494.777832 5.754539e-02
1164556494.777954 5.778483e-02
1164556494.778076 5.722136e-02
1164556494.778198 5.913142e-02
1164556494.778320 3.514365e-02
1164556494.778442 6.775006e-03
1164556494.778564 -1.220877e-02
1164556494.778687 -3.431122e-02
1164556494.778809 -5.041101e-02
1164556494.778931 -4.742143e-02
1164556494.779053 -4.461745e-02
1164556494.779175 -4.379140e-02
1164556494.779297 -2.490245e-02
1164556494.779419 -9.028930e-03
1164556494.779541 -1.888798e-03
1164556494.779663 1.865912e-02
1164556494.779785 3.181143e-02
1164556494.779907 3.510266e-02
1164556494.780029 4.466540e-02
1164556494.780151 4.900400e-02
1164556494.780273 3.849738e-02
1164556494.780396 2.485343e-02
1164556494.780518 1.192527e-02
1164556494.780640 -5.158158e-03
1164556494.780762 -2.307582e-02
1164556494.780884 -4.337923e-02
1164556494.781006 -5.781551e-02
1164556494.781128 -6.079199e-02
1164556494.781250 -5.747099e-02
1164556494.781372 -5.069670e-02
1164556494.781494 -2.494869e-02
1164556494.781616 1.680448e-02
1164556494.781738 5.313122e-02
1164556494.781860 8.270978e-02
1164556494.781982 8.537193e-02
1164556494.782104 6.556138e-02
1164556494.782227 4.624613e-02
1164556494.782349 1.697014e-02
1164556494.782471 -1.727320e-02
1164556494.782593 -3.988011e-02
1164556494.782715 -5.209869e-02
1164556494.782837 -6.090762e-02
1164556494.782959 -6.425746e-02
1164556494.783081 -4.767617e-02
1164556494.783203 -3.188893e-02
1164556494.783325 -1.218926e-02
1164556494.783447 1.340339e-02
1164556494.783569 2.777098e-02
1164556494.783691 4.158494e-02
1164556494.783813 5.771715e-02
1164556494.783936 5.913629e-02
1164556494.784058 4.330948e-02
1164556494.784180 2.210335e-02
1164556494.784302 4.519661e-03
1164556494.784424 -1.083365e-02
1164556494.784546 -1.636982e-02
1164556494.784668 -2.111914e-02
1164556494.784790 -3.293022e-02
1164556494.784912 -4.485032e-02
1164556494.785034 -4.910754e-02
1164556494.785156 -4.612974e-02
1164556494.785278 -4.103510e-02
1164556494.785400 -2.152344e-02
1164556494.785522 1.585801e-02
1164556494.785645 4.914581e-02
1164556494.785767 6.783005e-02
1164556494.785889 6.874128e-02
1164556494.786011 5.691061e-02
1164556494.786133 3.627598e-02
1164556494.786255 1.821349e-02
1164556494.786377 -1.595520e-03
1164556494.786499 -3.183794e-02
1164556494.786621 -5.015380e-02
1164556494.786743 -5.183706e-02
1164556494.786865 -5.448783e-02
1164556494.786987 -4.829346e-02
1164556494.787109 -3.245256e-02
1164556494.787231 -1.605615e-02
1164556494.787354 3.266857e-03
1164556494.787476 2.679645e-02
1164556494.787598 4.228270e-02
1164556494.787720 5.219755e-02
1164556494.787842 5.485537e-02
1164556494.787964 4.079743e-02
1164556494.788086 2.093548e-02
1164556494.788208 4.063213e-03
1164556494.788330 -6.624584e-03
1164556494.788452 -1.061632e-02
1164556494.788574 -1.905055e-02
1164556494.788696 -3.104021e-02
1164556494.788818 -4.290777e-02
1164556494.788940 -4.779979e-02
1164556494.789062 -3.999377e-02
1164556494.789185 -2.842960e-02
1164556494.789307 -1.234315e-02
1164556494.789429 4.200632e-03
1164556494.789551 2.681279e-02
1164556494.789673 5.024294e-02
1164556494.789795 5.470214e-02
1164556494.789917 5.428413e-02
1164556494.790039 4.847779e-02
1164556494.790161 3.150344e-02
1164556494.790283 9.094430e-03
1164556494.790405 -2.059236e-02
1164556494.790527 -4.540250e-02
1164556494.790649 -5.634614e-02
1164556494.790771 -5.630316e-02
1164556494.790894 -4.962467e-02
1164556494.791016 -3.810380e-02
1164556494.791138 -7.213629e-03
1164556494.791260 1.451366e-02
1164556494.791382 2.415113e-02
1164556494.791504 3.379701e-02
1164556494.791626 3.059299e-02
1164556494.791748 2.656863e-02
1164556494.791870 2.885643e-02
1164556494.791992 2.267782e-02
1164556494.792114 1.649483e-02
1164556494.792236 2.047318e-02
1164556494.792358 1.409621e-02
1164556494.792480 -7.849219e-03
1164556494.792603 -1.826524e-02
1164556494.792725 -3.187700e-02
1164556494.792847 -4.728421e-02
1164556494.792969 -4.879671e-02
1164556494.793091 -4.802595e-02
1164556494.793213 -4.768095e-02
1164556494.793335 -3.020761e-02
1164556494.793457 5.083702e-03
1164556494.793579 3.960566e-02
1164556494.793701 7.437945e-02
1164556494.793823 8.580531e-02
1164556494.793945 7.317200e-02
1164556494.794067 6.044716e-02
1164556494.794189 3.786810e-02
1164556494.794312 -4.734154e-03
1164556494.794434 -4.719777e-02
1164556494.794556 -7.301614e-02
1164556494.794678 -8.539410e-02
1164556494.794800 -7.735113e-02
1164556494.794922 -5.799580e-02
1164556494.795044 -3.649859e-02
1164556494.795166 -4.345132e-04
1164556494.795288 3.004691e-02
1164556494.795410 4.101578e-02
1164556494.795532 4.746927e-02
1164556494.795654 6.287355e-02
1164556494.795776 6.860245e-02
1164556494.795898 5.804280e-02
1164556494.796021 3.687103e-02
1164556494.796143 1.062476e-03
1164556494.796265 -3.002650e-02
1164556494.796387 -3.886960e-02
1164556494.796509 -4.832619e-02
1164556494.796631 -5.480889e-02
1164556494.796753 -4.811716e-02
1164556494.796875 -4.282473e-02
1164556494.796997 -3.711069e-02
1164556494.797119 -2.348105e-02
1164556494.797241 -3.808961e-03
1164556494.797363 2.018057e-02
1164556494.797485 4.629114e-02
1164556494.797607 6.453522e-02
1164556494.797729 7.349448e-02
1164556494.797852 7.052380e-02
1164556494.797974 6.067411e-02
1164556494.798096 3.547382e-02
1164556494.798218 -2.571278e-03
1164556494.798340 -4.732585e-02
1164556494.798462 -8.206227e-02
1164556494.798584 -9.535033e-02
1164556494.798706 -9.130276e-02
1164556494.798828 -6.653184e-02
1164556494.798950 -3.305313e-02
1164556494.799072 -2.616358e-03
1164556494.799194 3.183122e-02
1164556494.799316 6.106803e-02
1164556494.799438 8.085681e-02
1164556494.799561 8.943694e-02
1164556494.799683 8.328438e-02
1164556494.799805 5.153181e-02
1164556494.799927 5.073515e-03
1164556494.800049 -2.440016e-02
1164556494.800171 -5.054920e-02
1164556494.800293 -6.772723e-02
1164556494.800415 -5.604275e-02
1164556494.800537 -4.191984e-02
1164556494.800659 -3.959042e-02
1164556494.800781 -3.454098e-02
1164556494.800903 -2.052267e-02
1164556494.801025 -3.216114e-03
1164556494.801147 2.057914e-02
1164556494.801270 4.364310e-02
1164556494.801392 4.552729e-02
1164556494.801514 4.951935e-02
1164556494.801636 6.064632e-02
1164556494.801758 4.979452e-02
1164556494.801880 2.378339e-02
1164556494.802002 2.553896e-03
1164556494.802124 -1.203754e-02
1164556494.802246 -3.420860e-02
1164556494.802368 -5.428217e-02
1164556494.802490 -6.951832e-02
1164556494.802612 -7.349047e-02
1164556494.802734 -5.200425e-02
1164556494.802856 -2.256699e-02
1164556494.802979 5.293473e-03
1164556494.803101 2.461680e-02
1164556494.803223 4.573053e-02
1164556494.803345 7.069709e-02
1164556494.803467 7.193769e-02
1164556494.803589 5.328078e-02
1164556494.803711 3.440706e-02
1164556494.803833 1.010569e-02
1164556494.803955 -1.777902e-02
1164556494.804077 -3.082120e-02
1164556494.804199 -3.591299e-02
1164556494.804321 -5.107583e-02
1164556494.804443 -4.604954e-02
1164556494.804565 -3.529880e-02
1164556494.804688 -3.675483e-02
1164556494.804810 -2.095605e-02
1164556494.804932 4.851924e-03
1164556494.805054 1.735772e-02
1164556494.805176 2.416137e-02
1164556494.805298 4.140086e-02
1164556494.805420 4.767561e-02
1164556494.805542 3.913407e-02
1164556494.805664 3.528059e-02
1164556494.805786 3.485866e-02
1164556494.805908 2.101442e-02
1164556494.806030 -8.334707e-03
1164556494.806152 -3.385012e-02
1164556494.806274 -4.627968e-02
1164556494.806396 -5.727693e-02
1164556494.806519 -5.501815e-02
1164556494.806641 -3.979901e-02
1164556494.806763 -2.171032e-02
1164556494.806885 -8.820018e-03
1164556494.807007 6.860704e-03
1164556494.807129 2.092729e-02
1164556494.807251 3.259755e-02
1164556494.807373 5.768200e-02
1164556494.807495 6.527490e-02
1164556494.807617 4.487255e-02
1164556494.807739 3.242799e-02
1164556494.807861 2.156218e-02
1164556494.807983 -4.271476e-03
1164556494.808105 -2.856128e-02
1164556494.808228 -4.097660e-02
1164556494.808350 -6.220756e-02
1164556494.808472 -7.547158e-02
1164556494.808594 -6.166783e-02
1164556494.808716 -3.922923e-02
1164556494.808838 -1.704964e-02
1164556494.808960 1.310425e-02
1164556494.809082 5.616635e-02
1164556494.809204 7.499810e-02
1164556494.809326 6.897209e-02
1164556494.809448 5.919197e-02
1164556494.809570 3.202995e-02
1164556494.809692 3.745958e-03
1164556494.809814 -5.536505e-03
1164556494.809937 -2.113621e-03
1164556494.810059 -2.226826e-02
1164556494.810181 -4.835066e-02
1164556494.810303 -5.323373e-02
1164556494.810425 -6.218328e-02
1164556494.810547 -5.188241e-02
1164556494.810669 -2.219986e-02
1164556494.810791 -8.651418e-03
1164556494.810913 5.753593e-03
1164556494.811035 3.727062e-02
1164556494.811157 6.443710e-02
1164556494.811279 5.488424e-02
1164556494.811401 4.950060e-02
1164556494.811523 5.089085e-02
1164556494.811646 2.572239e-02
1164556494.811768 -5.631826e-03
1164556494.811890 -2.360721e-02
1164556494.812012 -2.850133e-02
1164556494.812134 -3.600808e-02
1164556494.812256 -4.286386e-02
1164556494.812378 -4.528664e-02
1164556494.812500 -5.382024e-02
1164556494.812622 -4.718998e-02
1164556494.812744 -1.803072e-02
1164556494.812866 5.873399e-03
1164556494.812988 3.043050e-02
1164556494.813110 6.667312e-02
1164556494.813232 7.998545e-02
1164556494.813354 6.363709e-02
1164556494.813477 4.848484e-02
1164556494.813599 3.079048e-02
1164556494.813721 -6.820800e-03
1164556494.813843 -3.794108e-02
1164556494.813965 -5.215899e-02
1164556494.814087 -6.895278e-02
1164556494.814209 -6.665337e-02
1164556494.814331 -4.131838e-02
1164556494.814453 -1.423817e-02
1164556494.814575 3.468736e-03
1164556494.814697 2.509892e-02
1164556494.814819 4.092580e-02
1164556494.814941 3.145351e-02
1164556494.815063 1.944610e-02
1164556494.815186 2.496612e-02
1164556494.815308 2.708243e-02
1164556494.815430 7.317807e-03
1164556494.815552 -1.001004e-02
1164556494.815674 -6.427227e-03
1164556494.815796 -2.772465e-03
1164556494.815918 8.201891e-03
1164556494.816040 1.461498e-02
1164556494.816162 -5.352503e-03
1164556494.816284 -2.673200e-02
1164556494.816406 -3.564832e-02
1164556494.816528 -4.542354e-02
1164556494.816650 -4.977071e-02
1164556494.816772 -1.891842e-02
1164556494.816895 1.316401e-02
1164556494.817017 1.326584e-02
1164556494.817139 2.467430e-02
1164556494.817261 5.152193e-02
1164556494.817383 5.378437e-02
1164556494.817505 3.700149e-02
1164556494.817627 3.364052e-02
1164556494.817749 2.092811e-02
1164556494.817871 -5.684545e-03
1164556494.817993 -1.928604e-02
1164556494.818115 -3.439096e-02
1164556494.818237 -4.779790e-02
1164556494.818359 -4.470462e-02
1164556494.818481 -4.037798e-02
1164556494.818604 -5.479984e-02
1164556494.818726 -4.262571e-02
1164556494.818848 7.117347e-03
1164556494.818970 2.504966e-02
1164556494.819092 3.684518e-02
1164556494.819214 6.477046e-02
1164556494.819336 7.144920e-02
1164556494.819458 5.632128e-02
1164556494.819580 3.918071e-02
1164556494.819702 3.499551e-02
1164556494.819824 7.813922e-03
1164556494.819946 -2.856830e-02
1164556494.820068 -5.273905e-02
1164556494.820190 -8.527271e-02
1164556494.820312 -9.235175e-02
1164556494.820435 -7.435141e-02
1164556494.820557 -4.860564e-02
1164556494.820679 -5.367848e-03
1164556494.820801 4.057202e-02
1164556494.820923 6.362309e-02
1164556494.821045 5.548987e-02
1164556494.821167 6.071712e-02
1164556494.821289 6.724880e-02
1164556494.821411 5.367000e-02
1164556494.821533 3.419443e-02
1164556494.821655 6.556204e-03
1164556494.821777 -1.797261e-02
1164556494.821899 -4.162085e-02
1164556494.822021 -6.473160e-02
1164556494.822144 -7.684643e-02
1164556494.822266 -6.782891e-02
1164556494.822388 -4.836594e-02
1164556494.822510 -3.082156e-02
1164556494.822632 -5.670227e-03
1164556494.822754 2.113396e-02
1164556494.822876 4.924020e-02
1164556494.822998 7.238436e-02
1164556494.823120 7.235231e-02
1164556494.823242 5.330611e-02
1164556494.823364 3.167747e-02
1164556494.823486 2.282787e-02
1164556494.823608 6.750553e-03
1164556494.823730 -1.256547e-02
1164556494.823853 -2.981869e-02
1164556494.823975 -5.542585e-02
1164556494.824097 -6.661069e-02
1164556494.824219 -6.010023e-02
1164556494.824341 -4.584177e-02
1164556494.824463 -3.293469e-02
1164556494.824585 -5.863181e-03
1164556494.824707 2.524039e-02
1164556494.824829 2.216301e-02
1164556494.824951 2.607093e-02
1164556494.825073 5.063183e-02
1164556494.825195 6.483806e-02
1164556494.825317 6.810633e-02
1164556494.825439 5.732324e-02
1164556494.825562 3.543630e-02
1164556494.825684 5.491730e-03
1164556494.825806 -2.472717e-02
1164556494.825928 -6.470919e-02
1164556494.826050 -9.863773e-02
1164556494.826172 -8.802568e-02
1164556494.826294 -7.325319e-02
1164556494.826416 -5.663599e-02
1164556494.826538 -1.897442e-02
1164556494.826660 1.705106e-02
1164556494.826782 5.176278e-02
1164556494.826904 8.199642e-02
1164556494.827026 9.347314e-02
1164556494.827148 8.393958e-02
1164556494.827271 7.212741e-02
1164556494.827393 4.780535e-02
1164556494.827515 7.929959e-03
1164556494.827637 -2.984298e-02
1164556494.827759 -7.181802e-02
1164556494.827881 -8.692660e-02
1164556494.828003 -8.304406e-02
1164556494.828125 -8.745561e-02
1164556494.828247 -6.326422e-02
1164556494.828369 -1.599492e-02
1164556494.828491 1.305452e-02
1164556494.828613 3.427461e-02
1164556494.828735 5.744891e-02
1164556494.828857 7.132295e-02
1164556494.828979 7.440614e-02
1164556494.829102 6.794388e-02
1164556494.829224 4.832002e-02
1164556494.829346 2.362146e-02
1164556494.829468 1.004842e-02
1164556494.829590 -1.838856e-02
1164556494.829712 -6.745912e-02
1164556494.829834 -7.339856e-02
1164556494.829956 -6.646253e-02
1164556494.830078 -7.518783e-02
1164556494.830200 -5.782338e-02
1164556494.830322 -2.389962e-02
1164556494.830444 6.181331e-03
1164556494.830566 3.601452e-02
1164556494.830688 5.869263e-02
1164556494.830811 6.529496e-02
1164556494.830933 5.325310e-02
1164556494.831055 5.107175e-02
1164556494.831177 4.676582e-02
1164556494.831299 2.646782e-02
1164556494.831421 1.490253e-02
1164556494.831543 5.392383e-03
1164556494.831665 -3.254878e-02
1164556494.831787 -7.533951e-02
1164556494.831909 -7.863036e-02
1164556494.832031 -6.372373e-02
1164556494.832153 -6.063811e-02
1164556494.832275 -4.666478e-02
1164556494.832397 -1.455263e-02
1164556494.832520 6.035808e-03
1164556494.832642 3.818608e-02
1164556494.832764 7.837263e-02
1164556494.832886 8.762009e-02
1164556494.833008 8.272586e-02
1164556494.833130 8.252604e-02
1164556494.833252 4.929358e-02
1164556494.833374 -9.294900e-03
1164556494.833496 -3.625096e-02
1164556494.833618 -5.421079e-02
1164556494.833740 -8.401526e-02
1164556494.833862 -8.635495e-02
1164556494.833984 -6.306696e-02
1164556494.834106 -5.895229e-02
1164556494.834229 -4.200475e-02
1164556494.834351 6.235608e-03
1164556494.834473 3.557788e-02
1164556494.834595 4.520127e-02
1164556494.834717 7.304884e-02
1164556494.834839 9.173829e-02
1164556494.834961 6.771853e-02
1164556494.835083 4.483706e-02
1164556494.835205 3.013755e-02
1164556494.835327 2.588774e-03
1164556494.835449 -1.744972e-02
1164556494.835571 -3.487597e-02
1164556494.835693 -7.198908e-02
1164556494.835815 -1.008911e-01
1164556494.835938 -8.408723e-02
1164556494.836060 -5.789986e-02
1164556494.836182 -4.015451e-02
1164556494.836304 2.907770e-03
1164556494.836426 5.101845e-02
1164556494.836548 6.884822e-02
1164556494.836670 8.275324e-02
1164556494.836792 8.405166e-02
1164556494.836914 6.533335e-02
1164556494.837036 2.633861e-02
1164556494.837158 3.678922e-04
1164556494.837280 -1.698111e-02
1164556494.837402 -3.692211e-02
1164556494.837524 -3.960988e-02
1164556494.837646 -4.242709e-02
1164556494.837769 -4.616982e-02
1164556494.837891 -4.335343e-02
1164556494.838013 -3.896249e-02
1164556494.838135 -2.852480e-02
1164556494.838257 -1.966460e-02
1164556494.838379 2.397049e-03
1164556494.838501 2.287179e-02
1164556494.838623 3.658253e-02
1164556494.838745 5.834746e-02
1164556494.838867 7.409814e-02
1164556494.838989 6.993850e-02
1164556494.839111 4.668557e-02
1164556494.839233 2.943500e-02
1164556494.839355 -4.676249e-03
1164556494.839478 -4.642215e-02
1164556494.839600 -5.235713e-02
1164556494.839722 -6.405601e-02
1164556494.839844 -8.253511e-02
1164556494.839966 -7.465836e-02
1164556494.840088 -4.653951e-02
1164556494.840210 -1.869888e-02
1164556494.840332 1.257622e-02
1164556494.840454 4.319341e-02
1164556494.840576 5.450528e-02
1164556494.840698 6.962624e-02
1164556494.840820 8.223032e-02
1164556494.840942 6.462721e-02
1164556494.841064 4.527299e-02
1164556494.841187 1.923015e-02
1164556494.841309 -7.645253e-03
1164556494.841431 -2.801016e-02
1164556494.841553 -4.930308e-02
1164556494.841675 -6.805073e-02
1164556494.841797 -7.945503e-02
1164556494.841919 -7.479930e-02
1164556494.842041 -7.316401e-02
1164556494.842163 -5.254129e-02
1164556494.842285 2.444511e-04
1164556494.842407 4.634413e-02
1164556494.842529 8.868773e-02
1164556494.842651 9.880322e-02
1164556494.842773 8.141664e-02
1164556494.842896 7.621271e-02
1164556494.843018 5.914879e-02
1164556494.843140 2.322261e-02
1164556494.843262 -7.434480e-03
1164556494.843384 -3.962076e-02
1164556494.843506 -8.132082e-02
1164556494.843628 -1.012506e-01
1164556494.843750 -9.430477e-02
1164556494.843872 -9.319930e-02
1164556494.843994 -5.943530e-02
1164556494.844116 3.044057e-03
1164556494.844238 4.334207e-02
1164556494.844360 5.942844e-02
1164556494.844482 7.328008e-02
1164556494.844604 7.420764e-02
1164556494.844727 6.668443e-02
1164556494.844849 5.930740e-02
1164556494.844971 4.525916e-02
1164556494.845093 3.256996e-02
1164556494.845215 6.626160e-03
1164556494.845337 -3.784391e-02
1164556494.845459 -8.241777e-02
1164556494.845581 -1.006077e-01
1164556494.845703 -8.952206e-02
1164556494.845825 -7.519025e-02
1164556494.845947 -4.615675e-02
1164556494.846069 -7.765668e-03
1164556494.846191 2.516459e-02
1164556494.846313 4.464717e-02
1164556494.846436 5.636224e-02
1164556494.846558 7.607704e-02
1164556494.846680 8.235238e-02
1164556494.846802 6.682714e-02
1164556494.846924 5.103530e-02
1164556494.847046 2.975546e-02
1164556494.847168 3.199687e-03
1164556494.847290 -2.402652e-02
1164556494.847412 -5.559454e-02
1164556494.847534 -1.026643e-01
1164556494.847656 -1.161055e-01
1164556494.847778 -8.741603e-02
1164556494.847900 -4.947633e-02
1164556494.848022 -1.178191e-02
1164556494.848145 2.623662e-02
1164556494.848267 3.986024e-02
1164556494.848389 4.103392e-02
1164556494.848511 6.675598e-02
1164556494.848633 9.917492e-02
1164556494.848755 9.960186e-02
1164556494.848877 7.930977e-02
1164556494.848999 4.519669e-02
1164556494.849121 -1.625991e-03
1164556494.849243 -4.824011e-02
1164556494.849365 -8.601581e-02
1164556494.849487 -1.139465e-01
1164556494.849609 -1.190826e-01
1164556494.849731 -9.292553e-02
1164556494.849854 -5.320125e-02
1164556494.849976 -2.275296e-02
1164556494.850098 2.725717e-02
1164556494.850220 7.064604e-02
1164556494.850342 8.558840e-02
1164556494.850464 9.700416e-02
1164556494.850586 1.057977e-01
1164556494.850708 7.613887e-02
1164556494.850830 3.953823e-02
1164556494.850952 3.710140e-03
1164556494.851074 -3.815771e-02
1164556494.851196 -6.863212e-02
1164556494.851318 -6.964333e-02
1164556494.851440 -6.049745e-02
1164556494.851562 -6.224700e-02
1164556494.851685 -5.925629e-02
1164556494.851807 -4.535901e-02
1164556494.851929 -2.869759e-02
1164556494.852051 2.952313e-04
1164556494.852173 2.451571e-02
1164556494.852295 4.935261e-02
1164556494.852417 7.364972e-02
1164556494.852539 8.094732e-02
1164556494.852661 7.425191e-02
1164556494.852783 6.213613e-02
1164556494.852905 4.611958e-02
1164556494.853027 2.348819e-02
1164556494.853149 -2.011573e-02
1164556494.853271 -5.679345e-02
1164556494.853394 -7.928803e-02
1164556494.853516 -9.010373e-02
1164556494.853638 -9.197455e-02
1164556494.853760 -8.542749e-02
1164556494.853882 -7.024835e-02
1164556494.854004 -3.368416e-02
1164556494.854126 1.714491e-02
1164556494.854248 6.804672e-02
1164556494.854370 1.029003e-01
1164556494.854492 1.313193e-01
1164556494.854614 1.327012e-01
1164556494.854736 1.079274e-01
1164556494.854858 6.791632e-02
1164556494.854980 -1.311657e-03
1164556494.855103 -7.619020e-02
1164556494.855225 -1.121448e-01
1164556494.855347 -1.269971e-01
1164556494.855469 -1.285609e-01
1164556494.855591 -1.022232e-01
1164556494.855713 -5.273618e-02
1164556494.855835 -1.803692e-02
1164556494.855957 1.714480e-02
1164556494.856079 5.711112e-02
1164556494.856201 7.792071e-02
1164556494.856323 9.421922e-02
1164556494.856445 1.048601e-01
1164556494.856567 9.320359e-02
1164556494.856689 7.528059e-02
1164556494.856812 4.224506e-02
1164556494.856934 -1.148930e-02
1164556494.857056 -6.434238e-02
1164556494.857178 -6.995624e-02
1164556494.857300 -7.508631e-02
1164556494.857422 -1.077299e-01
1164556494.857544 -1.100937e-01
1164556494.857666 -7.377054e-02
1164556494.857788 -3.771735e-02
1164556494.857910 -1.023488e-02
1164556494.858032 3.126524e-02
1164556494.858154 7.527318e-02
1164556494.858276 1.026373e-01
1164556494.858398 1.255705e-01
1164556494.858521 1.115125e-01
1164556494.858643 7.926721e-02
1164556494.858765 4.562891e-02
1164556494.858887 -9.923826e-04
1164556494.859009 -4.826247e-02
1164556494.859131 -7.921900e-02
1164556494.859253 -1.015554e-01
1164556494.859375 -1.180971e-01
1164556494.859497 -1.086558e-01
1164556494.859619 -7.182411e-02
1164556494.859741 -4.188378e-02
1164556494.859863 -4.061946e-03
1164556494.859985 4.321548e-02
1164556494.860107 7.095074e-02
1164556494.860229 8.041726e-02
1164556494.860352 1.021587e-01
1164556494.860474 1.168858e-01
1164556494.860596 1.023435e-01
1164556494.860718 5.383546e-02
1164556494.860840 1.320365e-02
1164556494.860962 -2.008775e-02
1164556494.861084 -5.458409e-02
1164556494.861206 -9.578403e-02
1164556494.861328 -1.396369e-01
1164556494.861450 -1.451071e-01
1164556494.861572 -1.089440e-01
1164556494.861694 -6.898235e-02
1164556494.861816 -2.111757e-02
1164556494.861938 4.325572e-02
1164556494.862061 1.054476e-01
1164556494.862183 1.220279e-01
1164556494.862305 1.219607e-01
1164556494.862427 1.150819e-01
1164556494.862549 9.272289e-02
1164556494.862671 6.237241e-02
1164556494.862793 1.879541e-02
1164556494.862915 -2.079914e-02
1164556494.863037 -4.997912e-02
1164556494.863159 -9.508991e-02
1164556494.863281 -1.451326e-01
1164556494.863403 -1.608634e-01
1164556494.863525 -1.338821e-01
1164556494.863647 -9.764558e-02
1164556494.863770 -3.750263e-02
1164556494.863892 1.994439e-02
1164556494.864014 9.179715e-02
1164556494.864136 1.604745e-01
1164556494.864258 1.804275e-01
1164556494.864380 1.720590e-01
1164556494.864502 1.475883e-01
1164556494.864624 8.762800e-02
1164556494.864746 -1.874376e-04
1164556494.864868 -7.558213e-02
1164556494.864990 -1.246037e-01
1164556494.865112 -1.705071e-01
1164556494.865234 -1.774117e-01
1164556494.865356 -1.557419e-01
1164556494.865479 -1.190932e-01
1164556494.865601 -5.688747e-02
1164556494.865723 1.747149e-02
1164556494.865845 7.701132e-02
1164556494.865967 1.398058e-01
1164556494.866089 1.776373e-01
1164556494.866211 1.538112e-01
1164556494.866333 1.076852e-01
1164556494.866455 8.643953e-02
1164556494.866577 5.048356e-02
1164556494.866699 -3.046827e-03
1164556494.866821 -6.136720e-02
1164556494.866943 -1.051574e-01
1164556494.867065 -1.344549e-01
1164556494.867188 -1.460378e-01
1164556494.867310 -1.419132e-01
1164556494.867432 -1.120450e-01
1164556494.867554 -6.960046e-02
1164556494.867676 4.744566e-03
1164556494.867798 5.809822e-02
1164556494.867920 9.047095e-02
1164556494.868042 1.478836e-01
1164556494.868164 1.744890e-01
1164556494.868286 1.521652e-01
1164556494.868408 1.166528e-01
1164556494.868530 6.061725e-02
1164556494.868652 -4.657922e-03
1164556494.868774 -6.348780e-02
1164556494.868896 -1.012096e-01
1164556494.869019 -1.541313e-01
1164556494.869141 -1.735610e-01
1164556494.869263 -1.370804e-01
1164556494.869385 -1.100555e-01
1164556494.869507 -7.562122e-02
1164556494.869629 -2.551949e-04
1164556494.869751 6.902528e-02
1164556494.869873 1.095147e-01
1164556494.869995 1.379893e-01
1164556494.870117 1.561678e-01
1164556494.870239 1.350787e-01
1164556494.870361 1.255764e-01
1164556494.870483 9.016210e-02
1164556494.870605 1.646143e-02
1164556494.870728 -4.621770e-02
1164556494.870850 -9.399704e-02
1164556494.870972 -1.452700e-01
1164556494.871094 -1.917861e-01
1164556494.871216 -1.912164e-01
1164556494.871338 -1.332632e-01
1164556494.871460 -7.706464e-02
1164556494.871582 -1.375567e-02
1164556494.871704 6.217283e-02
1164556494.871826 1.276498e-01
1164556494.871948 1.684532e-01
1164556494.872070 1.894116e-01
1164556494.872192 1.667020e-01
1164556494.872314 1.131652e-01
1164556494.872437 6.896253e-02
1164556494.872559 2.037739e-02
1164556494.872681 -6.007877e-02
1164556494.872803 -1.179092e-01
1164556494.872925 -1.474233e-01
1164556494.873047 -1.666321e-01
1164556494.873169 -1.780310e-01
1164556494.873291 -1.487347e-01
1164556494.873413 -9.476625e-02
1164556494.873535 -2.494218e-02
1164556494.873657 5.627284e-02
1164556494.873779 1.277393e-01
1164556494.873901 1.627222e-01
1164556494.874023 1.844156e-01
1164556494.874146 1.823034e-01
1164556494.874268 1.424052e-01
1164556494.874390 8.378082e-02
1164556494.874512 3.814644e-02
1164556494.874634 -2.337912e-02
1164556494.874756 -1.055954e-01
1164556494.874878 -1.817146e-01
1164556494.875000 -2.143179e-01
1164556494.875122 -2.196122e-01
1164556494.875244 -1.782563e-01
1164556494.875366 -9.609129e-02
1164556494.875488 -7.276143e-03
1164556494.875610 6.863841e-02
1164556494.875732 1.314673e-01
1164556494.875854 1.786564e-01
1164556494.875977 1.989284e-01
1164556494.876099 1.969612e-01
1164556494.876221 1.761672e-01
1164556494.876343 1.107168e-01
1164556494.876465 2.887243e-02
1164556494.876587 -5.226554e-02
1164556494.876709 -1.218307e-01
1164556494.876831 -2.092000e-01
1164556494.876953 -2.462352e-01
1164556494.877075 -2.171005e-01
1164556494.877197 -1.666226e-01
1164556494.877319 -9.268216e-02
1164556494.877441 7.006646e-03
1164556494.877563 7.973456e-02
1164556494.877686 1.281248e-01
1164556494.877808 1.716876e-01
1164556494.877930 2.004163e-01
1164556494.878052 1.732085e-01
1164556494.878174 1.586147e-01
1164556494.878296 1.397897e-01
1164556494.878418 6.894450e-02
1164556494.878540 -2.700233e-02
1164556494.878662 -1.028093e-01
1164556494.878784 -1.837119e-01
1164556494.878906 -2.442450e-01
1164556494.879028 -2.561521e-01
1164556494.879150 -2.190346e-01
1164556494.879272 -1.440355e-01
1164556494.879395 -4.575044e-02
1164556494.879517 5.040369e-02
1164556494.879639 1.346377e-01
1164556494.879761 1.941064e-01
1164556494.879883 2.539479e-01
1164556494.880005 2.615194e-01
1164556494.880127 2.122666e-01
1164556494.880249 1.381386e-01
1164556494.880371 7.647044e-02
1164556494.880493 -1.621314e-02
1164556494.880615 -1.292007e-01
1164556494.880737 -2.066025e-01
1164556494.880859 -2.641662e-01
1164556494.880981 -3.070043e-01
1164556494.881104 -2.681688e-01
1164556494.881226 -1.965872e-01
1164556494.881348 -9.505759e-02
1164556494.881470 4.078345e-02
1164556494.881592 1.846773e-01
1164556494.881714 2.708430e-01
1164556494.881836 3.169586e-01
1164556494.881958 3.278280e-01
1164556494.882080 2.784664e-01
1164556494.882202 1.682236e-01
1164556494.882324 5.272865e-02
1164556494.882446 -7.080844e-02
1164556494.882568 -1.931629e-01
1164556494.882690 -2.899449e-01
1164556494.882812 -3.183423e-01
1164556494.882935 -3.200840e-01
1164556494.883057 -2.783014e-01
1164556494.883179 -1.796147e-01
1164556494.883301 -3.847627e-02
1164556494.883423 8.566981e-02
1164556494.883545 1.994379e-01
1164556494.883667 2.778570e-01
1164556494.883789 3.189423e-01
1164556494.883911 3.213108e-01
1164556494.884033 2.885926e-01
1164556494.884155 1.718653e-01
1164556494.884277 5.850713e-02
1164556494.884399 -3.864905e-02
1164556494.884521 -1.534572e-01
1164556494.884644 -2.909145e-01
1164556494.884766 -3.716901e-01
1164556494.884888 -3.845284e-01
1164556494.885010 -3.206985e-01
1164556494.885132 -2.123229e-01
1164556494.885254 -6.993179e-02
1164556494.885376 7.265108e-02
1164556494.885498 2.141845e-01
1164556494.885620 3.012470e-01
1164556494.885742 3.493813e-01
1164556494.885864 3.788229e-01
1164556494.885986 3.617811e-01
1164556494.886108 2.518992e-01
1164556494.886230 1.166989e-01
1164556494.886353 -5.454757e-02
1164556494.886475 -2.120128e-01
1164556494.886597 -3.416955e-01
1164556494.886719 -4.085371e-01
1164556494.886841 -4.428853e-01
1164556494.886963 -3.900760e-01
1164556494.887085 -2.747890e-01
1164556494.887207 -1.198661e-01
1164556494.887329 4.075248e-02
1164556494.887451 2.361415e-01
1164556494.887573 3.755943e-01
1164556494.887695 4.752455e-01
1164556494.887817 4.892641e-01
1164556494.887939 4.343231e-01
1164556494.888062 2.149932e-01
1164556494.888184 2.161613e-02
1164556494.888306 -1.912664e-01
1164556494.888428 2.141274e-02
1164556494.888550 -6.773324e-03
1164556494.888672 -3.813276e-01
1164556494.888794 -5.919015e-01
1164556494.888916 -7.026068e-01
1164556494.889038 -6.047565e-01
1164556494.889160 -4.148528e-01
1164556494.889282 -1.171151e-01
1164556494.889404 2.206021e-01
1164556494.889526 5.357479e-01
1164556494.889648 7.247472e-01
1164556494.889771 8.279545e-01
1164556494.889893 8.280471e-01
1164556494.890015 6.626450e-01
1164556494.890137 3.581858e-01
1164556494.890259 1.540330e-02
1164556494.890381 -3.674514e-01
1164556494.890503 -7.139612e-01
1164556494.890625 -9.830536e-01
1164556494.890747 -1.107007e+00
1164556494.890869 -1.052969e+00
1164556494.890991 -8.137217e-01
1164556494.891113 -3.993227e-01
1164556494.891235 1.259432e-01
1164556494.891357 7.481341e-01
1164556494.891479 1.360759e+00
1164556494.891602 1.718271e+00
1164556494.891724 1.544519e+00
1164556494.891846 9.584258e-01
1164556494.891968 2.851242e-01
1164556494.892090 -3.668278e-01
1164556494.892212 -8.920771e-01
1164556494.892334 -1.247658e+00
1164556494.892456 -1.413974e+00
1164556494.892578 -1.340217e+00
1164556494.892700 -1.066287e+00
1164556494.892822 -6.356664e-01
1164556494.892944 -8.328708e-02
1164556494.893066 4.790855e-01
1164556494.893188 9.744077e-01
1164556494.893311 1.319638e+00
1164556494.893433 1.451452e+00
1164556494.893555 1.325295e+00
1164556494.893677 9.825635e-01
1164556494.893799 5.050279e-01
1164556494.893921 -8.604107e-02
1164556494.894043 -6.569740e-01
1164556494.894165 -1.129233e+00
1164556494.894287 -1.462441e+00
1164556494.894409 -1.541060e+00
1164556494.894531 -1.349837e+00
1164556494.894653 -9.466146e-01
1164556494.894775 -3.683722e-01
1164556494.894897 3.080467e-01
1164556494.895020 9.396507e-01
1164556494.895142 1.395156e+00
1164556494.895264 1.657892e+00
1164556494.895386 1.627721e+00
1164556494.895508 1.300007e+00
1164556494.895630 7.614439e-01
1164556494.895752 8.833674e-02
1164556494.895874 -6.187788e-01
1164556494.895996 -1.212296e+00
1164556494.896118 -1.592527e+00
1164556494.896240 -1.722399e+00
1164556494.896362 -1.585842e+00
1164556494.896484 -1.172261e+00
1164556494.896606 -5.669171e-01
1164556494.896729 1.509324e-01
1164556494.896851 8.488923e-01
1164556494.896973 1.410589e+00
1164556494.897095 1.740645e+00
1164556494.897217 1.798487e+00
1164556494.897339 1.575440e+00
1164556494.897461 1.096498e+00
1164556494.897583 4.067779e-01
1164556494.897705 -3.462681e-01
1164556494.897827 -1.079926e+00
1164556494.897949 -1.684808e+00
1164556494.898071 -2.008778e+00
1164556494.898193 -1.974233e+00
1164556494.898315 -1.633252e+00
1164556494.898438 -1.010164e+00
1164556494.898560 -1.836830e-01
1164556494.898682 6.973056e-01
1164556494.898804 1.498062e+00
1164556494.898926 2.117030e+00
1164556494.899048 2.372352e+00
1164556494.899170 2.203415e+00
1164556494.899292 1.645143e+00
1164556494.899414 7.603894e-01
1164556494.899536 -3.213208e-01
1164556494.899658 -1.369575e+00
1164556494.899780 -2.208904e+00
1164556494.899902 -2.687891e+00
1164556494.900024 -2.694836e+00
1164556494.900146 -2.181729e+00
1164556494.900269 -1.267544e+00
1164556494.900391 -6.562030e-02
1164556494.900513 1.198120e+00
1164556494.900635 2.280135e+00
1164556494.900757 2.954955e+00
1164556494.900879 3.096097e+00
1164556494.901001 2.637105e+00
1164556494.901123 1.657702e+00
1164556494.901245 3.323386e-01
1164556494.901367 -1.066170e+00
1164556494.901489 -2.302641e+00
1164556494.901611 -3.108819e+00
1164556494.901733 -3.337074e+00
1164556494.901855 -2.933068e+00
1164556494.901978 -1.952890e+00
1164556494.902100 -5.608167e-01
1164556494.902222 9.482385e-01
1164556494.902344 2.303771e+00
1164556494.902466 3.233805e+00
1164556494.902588 3.546523e+00
1164556494.902710 3.131948e+00
1164556494.902832 2.094609e+00
1164556494.902954 6.212623e-01
1164556494.903076 -9.865594e-01
1164556494.903198 -2.411185e+00
1164556494.903320 -3.361612e+00
1164556494.903442 -3.656721e+00
1164556494.903564 -3.173836e+00
1164556494.903687 -2.013485e+00
1164556494.903809 -4.079233e-01
1164556494.903931 1.274520e+00
1164556494.904053 2.709434e+00
1164556494.904175 3.565376e+00
1164556494.904297 3.653988e+00
1164556494.904419 2.904873e+00
1164556494.904541 1.483658e+00
1164556494.904663 -3.023764e-01
1164556494.904785 -2.005320e+00
1164556494.904907 -3.240872e+00
1164556494.905029 -3.664035e+00
1164556494.905151 -3.176140e+00
1164556494.905273 -1.868718e+00
1164556494.905396 -1.184298e-01
1164556494.905518 1.641864e+00
1164556494.905640 2.927008e+00
1164556494.905762 3.414410e+00
1164556494.905884 2.923903e+00
1164556494.906006 1.629288e+00
1164556494.906128 -1.432521e-01
1164556494.906250 -1.827718e+00
1164556494.906372 -2.949968e+00
1164556494.906494 -3.141254e+00
1164556494.906616 -2.348790e+00
1164556494.906738 -7.668398e-01
1164556494.906860 1.068036e+00
1164556494.906982 2.584803e+00
1164556494.907104 3.241095e+00
1164556494.907227 2.816384e+00
1164556494.907349 1.365430e+00
1164556494.907471 -5.966903e-01
1164556494.907593 -2.475022e+00
1164556494.907715 -3.535544e+00
1164556494.907837 -3.376455e+00
1164556494.907959 -1.951703e+00
1164556494.908081 2.483419e-01
1164556494.908203 2.495481e+00
1164556494.908325 3.850262e+00
1164556494.908447 3.771923e+00
1164556494.908569 2.153744e+00
1164556494.908691 -3.697895e-01
1164556494.908813 -2.824993e+00
1164556494.908936 -3.998377e+00
1164556494.909058 -3.324075e+00
1164556494.909180 -9.338862e-01
1164556494.909302 1.918669e+00
1164556494.909424 3.719161e+00
1164556494.909546 3.136386e+00
1164556494.909668 3.415933e-01
1164556494.909790 -2.965141e+00
1164556494.909912 -3.968861e+00
1164556494.910034 -1.315704e+00
1164556494.910156 2.949802e+00
1164556494.910278 3.591739e+00
1164556494.910400 -2.853126e-01
1164556494.910522 -2.118031e+00
1164556494.910645 6.074190e-01
1164556494.910767 2.270494e-01
1164556494.910889 1.020823e-01
1164556494.911011 -4.999204e-01
1164556494.911133 -1.085420e+00
1164556494.911255 1.902030e+00
1164556494.911377 1.661836e-01
1164556494.911499 -2.759270e+00
1164556494.911621 -9.868854e-01
1164556494.911743 2.350467e+00
1164556494.911865 6.811659e-01
1164556494.911987 -1.595156e+00
1164556494.912109 9.158090e-01
1164556494.912231 5.405385e-01
1164556494.912354 -5.313893e-01
1164556494.912476 1.260946e+00
1164556494.912598 -1.013042e-01
1164556494.912720 -1.138209e+00
1164556494.912842 5.612207e-01
1164556494.912964 7.784076e-01
1164556494.913086 -1.376978e+00
1164556494.913208 -4.562412e-01
1164556494.913330 8.382958e-01
1164556494.913452 -1.063617e+00
1164556494.913574 -9.332000e-02
1164556494.913696 1.012723e+00
1164556494.913818 -5.661676e-01
1164556494.913940 -5.166180e-01
1164556494.914062 1.065830e+00
1164556494.914185 6.662991e-01
1164556494.914307 -7.704461e-01
1164556494.914429 3.207715e-01
1164556494.914551 7.936677e-01
1164556494.914673 -7.275174e-01
1164556494.914795 -4.008988e-01
1164556494.914917 7.523429e-01
1164556494.915039 -2.233831e-01
1164556494.915161 -1.003492e+00
1164556494.915283 2.466922e-01
1164556494.915405 3.146603e-01
1164556494.915527 -8.872133e-01
1164556494.915649 9.765563e-02
1164556494.915771 7.658450e-01
1164556494.915894 -3.183063e-01
1164556494.916016 -2.105286e-01
1164556494.916138 7.904242e-01
1164556494.916260 2.494638e-01
1164556494.916382 -3.983273e-01
1164556494.916504 3.905925e-01
1164556494.916626 3.141250e-01
1164556494.916748 -6.121859e-01
1164556494.916870 -1.847045e-01
1164556494.916992 3.120618e-01
1164556494.917114 -3.087231e-01
1164556494.917236 -4.958478e-01
1164556494.917358 1.961156e-01
1164556494.917480 7.239879e-02
1164556494.917603 -3.976575e-01
1164556494.917725 9.721947e-02
1164556494.917847 4.476809e-01
1164556494.917969 -6.642009e-02
1164556494.918091 -8.347379e-02
1164556494.918213 4.568571e-01
1164556494.918335 2.038208e-01
1164556494.918457 -2.694319e-01
1164556494.918579 1.867954e-01
1164556494.918701 2.396001e-01
1164556494.918823 -4.085039e-01
1164556494.918945 -1.767449e-01
1164556494.919067 2.261458e-01
1164556494.919189 -3.648249e-01
1164556494.919312 -4.296919e-01
1164556494.919434 2.677939e-01
1164556494.919556 3.366849e-02
1164556494.919678 -3.971783e-01
1164556494.919800 2.806548e-01
1164556494.919922 4.324732e-01
1164556494.920044 -2.303544e-01
1164556494.920166 9.660487e-02
1164556494.920288 5.672331e-01
1164556494.920410 -7.938774e-02
1164556494.920532 -2.454834e-01
1164556494.920654 3.166847e-01
1164556494.920776 -4.773703e-02
1164556494.920898 -5.259881e-01
1164556494.921021 4.999485e-02
1164556494.921143 1.155693e-01
1164556494.921265 -4.427373e-01
1164556494.921387 -8.513372e-02
1164556494.921509 3.039263e-01
1164556494.921631 -2.084370e-01
1164556494.921753 -1.629449e-01
1164556494.921875 4.281087e-01
1164556494.921997 1.295132e-01
1164556494.922119 -2.055639e-01
1164556494.922241 3.078987e-01
1164556494.922363 2.843209e-01
1164556494.922485 -2.566656e-01
1164556494.922607 2.085831e-02
1164556494.922729 2.926127e-01
1164556494.922852 -2.272918e-01
1164556494.922974 -2.606835e-01
1164556494.923096 1.847603e-01
1164556494.923218 -1.292774e-01
1164556494.923340 -3.948198e-01
1164556494.923462 6.211085e-02
1164556494.923584 1.233511e-02
1164556494.923706 -4.135264e-01
1164556494.923828 -2.931967e-02
1164556494.923950 3.044741e-01
1164556494.924072 4.485739e-02
1164556494.924194 2.985513e-01
1164556494.924316 8.879351e-01
1164556494.924438 2.607728e-01
1164556494.924561 -2.371922e-01
1164556494.924683 -2.807668e-01
1164556494.924805 -3.401027e-01
1164556494.924927 -2.974437e-01
1164556494.925049 -2.818882e-01
1164556494.925171 -1.764306e-01
1164556494.925293 -8.270400e-02
1164556494.925415 9.324122e-03
1164556494.925537 7.967080e-02
1164556494.925659 1.679071e-01
1164556494.925781 1.774425e-01
1164556494.925903 1.945728e-01
1164556494.926025 1.955825e-01
1164556494.926147 1.728768e-01
1164556494.926270 9.898509e-02
1164556494.926392 3.685393e-02
1164556494.926514 -6.296095e-02
1164556494.926636 -1.416657e-01
1164556494.926758 -1.896562e-01
1164556494.926880 -1.968354e-01
1164556494.927002 -1.946970e-01
1164556494.927124 -1.383193e-01
1164556494.927246 -8.171796e-02
1164556494.927368 -3.924749e-03
1164556494.927490 6.190434e-02
1164556494.927612 1.199834e-01
1164556494.927734 1.587303e-01
1164556494.927856 1.832179e-01
1164556494.927979 1.725613e-01
1164556494.928101 1.469300e-01
1164556494.928223 6.479048e-02
1164556494.928345 1.106800e-03
1164556494.928467 -5.684906e-02
1164556494.928589 -1.061904e-01
1164556494.928711 -1.588371e-01
1164556494.928833 -1.709683e-01
1164556494.928955 -1.587193e-01
1164556494.929077 -1.329242e-01
1164556494.929199 -7.034776e-02
1164556494.929321 9.983501e-03
1164556494.929443 5.235379e-02
1164556494.929565 1.148672e-01
1164556494.929688 1.537553e-01
1164556494.929810 1.611755e-01
1164556494.929932 1.325318e-01
1164556494.930054 1.099415e-01
1164556494.930176 5.004072e-02
1164556494.930298 -8.638736e-03
1164556494.930420 -4.638573e-02
1164556494.930542 -9.558394e-02
1164556494.930664 -1.378237e-01
1164556494.930786 -1.202420e-01
1164556494.930908 -1.131735e-01
1164556494.931030 -9.019179e-02
1164556494.931152 -7.068717e-02
1164556494.931274 -2.559180e-02
1164556494.931396 1.877259e-02
1164556494.931519 7.132699e-02
1164556494.931641 1.210088e-01
1164556494.931763 1.310186e-01
1164556494.931885 1.318615e-01
1164556494.932007 1.347400e-01
1164556494.932129 7.209316e-02
1164556494.932251 1.507246e-02
1164556494.932373 -2.516085e-02
1164556494.932495 -5.551224e-02
1164556494.932617 -1.186572e-01
1164556494.932739 -1.632196e-01
1164556494.932861 -1.586145e-01
1164556494.932983 -1.258694e-01
1164556494.933105 -7.343212e-02
1164556494.933228 -1.040097e-02
1164556494.933350 4.575730e-02
1164556494.933472 1.108241e-01
1164556494.933594 1.436861e-01
1164556494.933716 1.417999e-01
1164556494.933838 1.004727e-01
1164556494.933960 8.517937e-02
1164556494.934082 5.392043e-02
1164556494.934204 1.535052e-02
1164556494.934326 -1.667671e-02
1164556494.934448 -6.615522e-02
1164556494.934570 -1.235346e-01
1164556494.934692 -1.497232e-01
1164556494.934814 -1.391120e-01
1164556494.934937 -9.680848e-02
1164556494.935059 -4.845079e-02
1164556494.935181 1.032541e-02
1164556494.935303 4.161428e-02
1164556494.935425 7.285240e-02
1164556494.935547 9.915515e-02
1164556494.935669 1.203220e-01
1164556494.935791 1.197139e-01
1164556494.935913 1.109019e-01
1164556494.936035 6.119360e-02
1164556494.936157 -5.894357e-03
1164556494.936279 -4.764287e-02
1164556494.936401 -8.018596e-02
1164556494.936523 -1.150523e-01
1164556494.936646 -1.192695e-01
1164556494.936768 -1.053893e-01
1164556494.936890 -6.419106e-02
1164556494.937012 -2.522648e-02
1164556494.937134 6.389006e-04
1164556494.937256 7.580449e-03
1164556494.937378 4.769362e-02
1164556494.937500 9.413392e-02
1164556494.937622 9.687907e-02
1164556494.937744 8.586006e-02
1164556494.937866 1.049946e-01
1164556494.937988 8.631283e-02
1164556494.938110 3.222916e-02
1164556494.938232 -2.681207e-02
1164556494.938354 -7.152016e-02
1164556494.938477 -1.204759e-01
1164556494.938599 -1.271927e-01
1164556494.938721 -1.168873e-01
1164556494.938843 -9.597449e-02
1164556494.938965 -3.878328e-02
1164556494.939087 3.456156e-02
1164556494.939209 4.970510e-02
1164556494.939331 6.666158e-02
1164556494.939453 9.341121e-02
1164556494.939575 8.690252e-02
1164556494.939697 6.304619e-02
1164556494.939819 6.276728e-02
1164556494.939941 3.604815e-02
1164556494.940063 1.847394e-03
1164556494.940186 -1.063629e-02
1164556494.940308 -2.269788e-02
1164556494.940430 -6.600459e-02
1164556494.940552 -9.421040e-02
1164556494.940674 -1.000397e-01
1164556494.940796 -8.476905e-02
1164556494.940918 -5.339952e-02
1164556494.941040 2.767054e-03
1164556494.941162 3.103126e-02
1164556494.941284 4.326490e-02
1164556494.941406 6.395530e-02
1164556494.941528 7.623104e-02
1164556494.941650 5.681982e-02
1164556494.941772 4.898835e-02
1164556494.941895 5.679103e-02
1164556494.942017 5.474567e-02
1164556494.942139 1.651031e-02
1164556494.942261 -1.142208e-02
1164556494.942383 -5.505505e-02
1164556494.942505 -9.261106e-02
1164556494.942627 -1.017435e-01
1164556494.942749 -1.049455e-01
1164556494.942871 -8.498449e-02
1164556494.942993 -3.210016e-02
1164556494.943115 1.262762e-02
1164556494.943237 4.179334e-02
1164556494.943359 6.020863e-02
1164556494.943481 9.049084e-02
1164556494.943604 9.827289e-02
1164556494.943726 9.604716e-02
1164556494.943848 7.085553e-02
1164556494.943970 4.010706e-02
1164556494.944092 1.486006e-02
1164556494.944214 -2.885680e-02
1164556494.944336 -8.856941e-02
1164556494.944458 -1.133638e-01
1164556494.944580 -1.178715e-01
1164556494.944702 -1.012879e-01
1164556494.944824 -5.980547e-02
1164556494.944946 -1.248219e-02
1164556494.945068 7.065777e-03
1164556494.945190 4.515877e-02
1164556494.945312 7.319042e-02
1164556494.945435 8.936821e-02
1164556494.945557 1.008970e-01
1164556494.945679 1.121947e-01
1164556494.945801 8.519733e-02
1164556494.945923 3.246236e-02
1164556494.946045 -2.304282e-02
1164556494.946167 -7.440921e-02
1164556494.946289 -1.071306e-01
1164556494.946411 -1.145727e-01
1164556494.946533 -1.026147e-01
1164556494.946655 -6.910445e-02
1164556494.946777 -3.540657e-02
1164556494.946899 9.200915e-03
1164556494.947021 4.032642e-02
1164556494.947144 5.979961e-02
1164556494.947266 6.970207e-02
1164556494.947388 7.878823e-02
1164556494.947510 6.313168e-02
1164556494.947632 3.877703e-02
1164556494.947754 3.312486e-02
1164556494.947876 2.077189e-02
1164556494.947998 -1.252981e-02
1164556494.948120 -2.667626e-02
1164556494.948242 -3.775979e-02
1164556494.948364 -5.409106e-02
1164556494.948486 -7.439111e-02
1164556494.948608 -7.221374e-02
1164556494.948730 -6.316777e-02
1164556494.948853 -3.962191e-02
1164556494.948975 -4.448954e-03
1164556494.949097 2.522508e-02
1164556494.949219 4.297948e-02
1164556494.949341 7.491452e-02
1164556494.949463 9.900021e-02
1164556494.949585 9.003753e-02
1164556494.949707 5.738418e-02
1164556494.949829 4.288017e-02
1164556494.949951 9.149301e-03
1164556494.950073 -4.387967e-02
1164556494.950195 -8.221206e-02
1164556494.950317 -9.485970e-02
1164556494.950439 -8.723533e-02
1164556494.950562 -6.178932e-02
1164556494.950684 -3.957942e-02
1164556494.950806 -2.045664e-02
1164556494.950928 3.759873e-03
1164556494.951050 3.986535e-02
1164556494.951172 5.588629e-02
1164556494.951294 5.278972e-02
1164556494.951416 6.028198e-02
1164556494.951538 7.764069e-02
1164556494.951660 5.936568e-02
1164556494.951782 2.907727e-02
1164556494.951904 6.968782e-03
1164556494.952026 -4.906448e-03
1164556494.952148 -4.006181e-02
1164556494.952271 -6.964452e-02
1164556494.952393 -8.609551e-02
1164556494.952515 -9.418358e-02
1164556494.952637 -7.633350e-02
1164556494.952759 -3.623361e-02
1164556494.952881 -1.090492e-02
1164556494.953003 1.821374e-02
1164556494.953125 6.165740e-02
1164556494.953247 8.978952e-02
1164556494.953369 8.548581e-02
1164556494.953491 9.547820e-02
1164556494.953613 8.483372e-02
1164556494.953735 4.608458e-02
1164556494.953857 -7.740414e-03
1164556494.953979 -6.540660e-02
1164556494.954102 -8.502704e-02
1164556494.954224 -8.572953e-02
1164556494.954346 -7.978392e-02
1164556494.954468 -5.690298e-02
1164556494.954590 -5.533932e-02
1164556494.954712 -2.811846e-02
1164556494.954834 1.164394e-02
1164556494.954956 3.847136e-02
1164556494.955078 4.431069e-02
1164556494.955200 7.077820e-02
1164556494.955322 1.001219e-01
1164556494.955444 8.137498e-02
1164556494.955566 4.716984e-02
1164556494.955688 3.062282e-02
1164556494.955811 -5.006415e-03
1164556494.955933 -4.256964e-02
1164556494.956055 -7.387501e-02
1164556494.956177 -9.272301e-02
1164556494.956299 -1.004817e-01
1164556494.956421 -5.580930e-02
1164556494.956543 -1.338838e-02
1164556494.956665 -1.997239e-03
1164556494.956787 2.548507e-02
1164556494.956909 5.311550e-02
1164556494.957031 4.152039e-02
1164556494.957153 3.485038e-02
1164556494.957275 4.998609e-02
1164556494.957397 4.978209e-02
1164556494.957520 1.719267e-02
1164556494.957642 1.193929e-02
1164556494.957764 2.637069e-02
1164556494.957886 -2.832318e-04
1164556494.958008 -3.642149e-02
1164556494.958130 -3.423278e-02
1164556494.958252 -5.017634e-02
1164556494.958374 -5.750362e-02
1164556494.958496 -4.649668e-02
1164556494.958618 -5.184288e-02
1164556494.958740 -5.618440e-02
1164556494.958862 -6.383358e-03
1164556494.958984 3.896667e-02
1164556494.959106 5.107135e-02
1164556494.959229 8.390158e-02
1164556494.959351 1.115094e-01
1164556494.959473 7.458536e-02
1164556494.959595 3.794436e-02
1164556494.959717 2.370828e-02
1164556494.959839 -5.650755e-03
1164556494.959961 -5.993520e-02
1164556494.960083 -9.325001e-02
1164556494.960205 -1.034373e-01
1164556494.960327 -8.668544e-02
1164556494.960449 -5.056797e-02
1164556494.960571 -2.595379e-02
1164556494.960693 -1.944074e-04
1164556494.960815 3.819517e-02
1164556494.960938 7.269604e-02
1164556494.961060 7.970409e-02
1164556494.961182 6.009359e-02
1164556494.961304 5.873351e-02
1164556494.961426 4.398732e-02
1164556494.961548 1.144167e-02
1164556494.961670 -1.952019e-02
1164556494.961792 -1.781821e-02
1164556494.961914 -2.389920e-02
1164556494.962036 -4.920303e-02
1164556494.962158 -5.145158e-02
1164556494.962280 -4.878345e-02
1164556494.962402 -5.375580e-02
1164556494.962524 -4.185829e-02
1164556494.962646 -2.641990e-02
1164556494.962769 -4.037035e-06
1164556494.962891 3.097604e-02
1164556494.963013 6.826910e-02
1164556494.963135 7.605418e-02
1164556494.963257 6.148476e-02
1164556494.963379 4.783982e-02
1164556494.963501 3.631809e-02
1164556494.963623 1.870081e-02
1164556494.963745 4.065621e-03
1164556494.963867 -2.081156e-02
1164556494.963989 -5.027786e-02
1164556494.964111 -6.451229e-02
1164556494.964233 -6.742076e-02
1164556494.964355 -8.536825e-02
1164556494.964478 -8.427578e-02
1164556494.964600 -3.295799e-02
1164556494.964722 2.267203e-02
1164556494.964844 4.430908e-02
1164556494.964966 6.909280e-02
1164556494.965088 9.403273e-02
1164556494.965210 9.907413e-02
1164556494.965332 7.612502e-02
1164556494.965454 4.552547e-02
1164556494.965576 4.512391e-03
1164556494.965698 -2.915669e-02
1164556494.965820 -5.148421e-02
1164556494.965942 -7.820811e-02
1164556494.966064 -8.618270e-02
1164556494.966187 -6.915425e-02
1164556494.966309 -6.589102e-02
1164556494.966431 -5.015326e-02
1164556494.966553 -7.732192e-03
1164556494.966675 3.513062e-02
1164556494.966797 4.533027e-02
1164556494.966919 6.659296e-02
1164556494.967041 9.306075e-02
1164556494.967163 8.649602e-02
1164556494.967285 6.750231e-02
1164556494.967407 4.335932e-02
1164556494.967529 -5.076710e-04
1164556494.967651 -4.343047e-02
1164556494.967773 -6.540875e-02
1164556494.967896 -7.672961e-02
1164556494.968018 -9.068762e-02
1164556494.968140 -6.922358e-02
1164556494.968262 -4.702819e-02
1164556494.968384 -2.794721e-02
1164556494.968506 1.007771e-02
1164556494.968628 3.870966e-02
1164556494.968750 5.579010e-02
1164556494.968872 8.359191e-02
1164556494.968994 8.163604e-02
1164556494.969116 5.131448e-02
1164556494.969238 2.132604e-02
1164556494.969360 1.336194e-02
1164556494.969482 -2.565453e-03
1164556494.969604 -2.102619e-02
1164556494.969727 -3.665196e-02
1164556494.969849 -5.638316e-02
1164556494.969971 -6.916696e-02
1164556494.970093 -6.266070e-02
1164556494.970215 -5.349854e-02
1164556494.970337 -2.563986e-02
1164556494.970459 8.666237e-03
1164556494.970581 3.326330e-02
1164556494.970703 4.950948e-02
1164556494.970825 5.922192e-02
1164556494.970947 5.997904e-02
1164556494.971069 4.646086e-02
1164556494.971191 2.092146e-02
1164556494.971313 1.787549e-02
1164556494.971436 1.719786e-02
1164556494.971558 5.280550e-03
1164556494.971680 -1.919158e-02
1164556494.971802 -5.274590e-02
1164556494.971924 -9.036175e-02
1164556494.972046 -8.680583e-02
1164556494.972168 -5.043743e-02
1164556494.972290 -1.185482e-02
1164556494.972412 1.168498e-02
1164556494.972534 3.227326e-02
1164556494.972656 3.895589e-02
1164556494.972778 4.662394e-02
1164556494.972900 5.467621e-02
1164556494.973022 4.698345e-02
1164556494.973145 3.488782e-02
1164556494.973267 3.391525e-02
1164556494.973389 1.592539e-02
1164556494.973511 -7.932414e-03
1164556494.973633 -2.213780e-02
1164556494.973755 -4.324964e-02
1164556494.973877 -7.363112e-02
1164556494.973999 -7.981799e-02
1164556494.974121 -6.697302e-02
1164556494.974243 -3.939826e-02
1164556494.974365 -2.608083e-03
1164556494.974487 3.484995e-02
1164556494.974609 5.441356e-02
1164556494.974731 6.542718e-02
1164556494.974854 6.239498e-02
1164556494.974976 5.409462e-02
1164556494.975098 4.901618e-02
1164556494.975220 3.988835e-02
1164556494.975342 3.400055e-03
1164556494.975464 -3.649914e-02
1164556494.975586 -6.231728e-02
1164556494.975708 -7.449117e-02
1164556494.975830 -7.540567e-02
1164556494.975952 -5.208091e-02
1164556494.976074 -2.178384e-02
1164556494.976196 8.019919e-03
1164556494.976318 2.782879e-02
1164556494.976440 3.794217e-02
1164556494.976562 2.861779e-02
1164556494.976685 2.785617e-02
1164556494.976807 4.020376e-02
1164556494.976929 2.966244e-02
1164556494.977051 2.615792e-02
1164556494.977173 3.087886e-02
1164556494.977295 8.496551e-03
1164556494.977417 -2.261484e-02
1164556494.977539 -4.233311e-02
1164556494.977661 -3.959033e-02
1164556494.977783 -3.297161e-02
1164556494.977905 -2.440785e-02
1164556494.978027 -3.030703e-02
1164556494.978149 -3.214774e-02
1164556494.978271 -9.254487e-03
1164556494.978394 9.209549e-03
1164556494.978516 2.076535e-02
1164556494.978638 4.186340e-02
1164556494.978760 5.086928e-02
1164556494.978882 4.316121e-02
1164556494.979004 2.669765e-02
1164556494.979126 1.260647e-02
1164556494.979248 -2.937173e-03
1164556494.979370 -1.081339e-02
1164556494.979492 -1.740314e-02
1164556494.979614 -2.100031e-02
1164556494.979736 -2.648161e-02
1164556494.979858 -2.720760e-02
1164556494.979980 -2.029152e-02
1164556494.980103 -1.782606e-02
1164556494.980225 -3.096848e-02
1164556494.980347 -3.315270e-02
1164556494.980469 -2.478112e-03
1164556494.980591 1.925878e-02
1164556494.980713 3.052816e-02
1164556494.980835 5.644783e-02
1164556494.980957 6.062573e-02
1164556494.981079 5.581905e-02
1164556494.981201 4.592826e-02
1164556494.981323 1.452754e-02
1164556494.981445 -2.739716e-02
1164556494.981567 -4.941445e-02
1164556494.981689 -6.386591e-02
1164556494.981812 -7.300017e-02
1164556494.981934 -5.380521e-02
1164556494.982056 -2.907804e-02
1164556494.982178 -1.022495e-02
1164556494.982300 2.135168e-02
1164556494.982422 3.025025e-02
1164556494.982544 3.209300e-02
1164556494.982666 4.454768e-02
1164556494.982788 5.082978e-02
1164556494.982910 3.964447e-02
1164556494.983032 2.346299e-02
1164556494.983154 1.020932e-02
1164556494.983276 -7.267125e-03
1164556494.983398 -1.637671e-02
1164556494.983521 -2.520376e-02
1164556494.983643 -4.204675e-02
1164556494.983765 -3.921593e-02
1164556494.983887 -3.742820e-02
1164556494.984009 -2.839128e-02
1164556494.984131 -9.067252e-03
1164556494.984253 -7.637401e-04
1164556494.984375 -1.513400e-03
1164556494.984497 1.197193e-02
1164556494.984619 3.562258e-02
1164556494.984741 3.860293e-02
1164556494.984863 4.296030e-02
1164556494.984985 4.835308e-02
1164556494.985107 2.169863e-02
1164556494.985229 5.797993e-03
1164556494.985352 -4.654273e-03
1164556494.985474 -1.044359e-02
1164556494.985596 -2.520107e-02
1164556494.985718 -3.726778e-02
1164556494.985840 -4.312532e-02
1164556494.985962 -4.825973e-02
1164556494.986084 -4.712809e-02
1164556494.986206 -3.672543e-02
1164556494.986328 -1.522788e-02
1164556494.986450 1.990432e-02
1164556494.986572 4.289263e-02
1164556494.986694 5.829524e-02
1164556494.986816 6.102269e-02
1164556494.986938 6.733418e-02
1164556494.987061 6.473080e-02
1164556494.987183 3.222459e-02
1164556494.987305 1.717628e-04
1164556494.987427 -2.628453e-02
1164556494.987549 -6.038823e-02
1164556494.987671 -9.130326e-02
1164556494.987793 -9.593016e-02
1164556494.987915 -7.336376e-02
1164556494.988037 -4.487714e-02
1164556494.988159 5.797016e-03
1164556494.988281 4.167727e-02
1164556494.988403 5.027592e-02
1164556494.988525 5.748753e-02
1164556494.988647 7.251161e-02
1164556494.988770 7.243994e-02
1164556494.988892 5.577756e-02
1164556494.989014 3.345687e-02
1164556494.989136 -3.163865e-04
1164556494.989258 -3.948276e-02
1164556494.989380 -5.250796e-02
1164556494.989502 -6.251983e-02
1164556494.989624 -7.784700e-02
1164556494.989746 -6.194342e-02
1164556494.989868 -3.110521e-02
1164556494.989990 -1.900610e-02
1164556494.990112 -3.232273e-03
1164556494.990234 3.162233e-02
1164556494.990356 5.573983e-02
1164556494.990479 5.487379e-02
1164556494.990601 5.751633e-02
1164556494.990723 5.555897e-02
1164556494.990845 3.749535e-02
1164556494.990967 2.578657e-02
1164556494.991089 3.234602e-03
1164556494.991211 -3.590019e-02
1164556494.991333 -4.789179e-02
1164556494.991455 -5.370848e-02
1164556494.991577 -6.667202e-02
1164556494.991699 -6.279269e-02
1164556494.991821 -3.008548e-02
1164556494.991943 4.120532e-04
1164556494.992065 1.404356e-02
1164556494.992188 3.082969e-02
1164556494.992310 4.401379e-02
1164556494.992432 3.517226e-02
1164556494.992554 4.163139e-02
1164556494.992676 3.735169e-02
1164556494.992798 1.753211e-02
1164556494.992920 1.860013e-02
1164556494.993042 1.582309e-02
1164556494.993164 -6.613940e-03
1164556494.993286 -2.892472e-02
1164556494.993408 -3.438518e-02
1164556494.993530 -3.529922e-02
1164556494.993652 -5.364066e-02
1164556494.993774 -5.307931e-02
1164556494.993896 -2.628095e-02
1164556494.994019 -8.717824e-03
1164556494.994141 2.647838e-03
1164556494.994263 2.676470e-02
1164556494.994385 3.857269e-02
1164556494.994507 4.187101e-02
1164556494.994629 5.707394e-02
1164556494.994751 5.253892e-02
1164556494.994873 3.018720e-02
1164556494.994995 3.048481e-02
1164556494.995117 1.599001e-02
1164556494.995239 -3.434579e-02
1164556494.995361 -6.235025e-02
1164556494.995483 -6.064730e-02
1164556494.995605 -6.826256e-02
1164556494.995728 -5.468423e-02
1164556494.995850 -2.238973e-02
1164556494.995972 -1.612497e-02
1164556494.996094 -1.144156e-02
1164556494.996216 2.965806e-02
1164556494.996338 5.015900e-02
1164556494.996460 5.330929e-02
1164556494.996582 8.095048e-02
1164556494.996704 8.765719e-02
1164556494.996826 5.306592e-02
1164556494.996948 1.050978e-02
1164556494.997070 -2.183628e-02
1164556494.997192 -4.504800e-02
1164556494.997314 -7.499609e-02
1164556494.997437 -8.926060e-02
1164556494.997559 -8.266598e-02
1164556494.997681 -5.910978e-02
1164556494.997803 -2.245203e-02
1164556494.997925 1.636947e-02
1164556494.998047 4.410737e-02
1164556494.998169 5.390748e-02
1164556494.998291 6.710676e-02
1164556494.998413 6.334356e-02
1164556494.998535 3.414068e-02
1164556494.998657 3.253931e-02
1164556494.998779 2.784761e-02
1164556494.998901 3.871594e-03
1164556494.999023 -1.765147e-02
1164556494.999146 -3.438868e-02
1164556494.999268 -5.701777e-02
1164556494.999390 -6.631411e-02
1164556494.999512 -4.376277e-02
1164556494.999634 -3.202868e-02
1164556494.999756 -4.206635e-02
1164556494.999878 -2.211182e-02
1164556495.000000 7.174200e-03
1164556495.000122 2.866343e-02
1164556495.000244 4.961300e-02
1164556495.000366 8.268041e-02
1164556495.000488 9.377604e-02
1164556495.000610 7.580626e-02
1164556495.000732 4.682601e-02
1164556495.000854 -7.052229e-03
1164556495.000977 -5.669958e-02
1164556495.001099 -6.972290e-02
1164556495.001221 -7.536373e-02
1164556495.001343 -8.844506e-02
1164556495.001465 -7.069443e-02
1164556495.001587 -2.785368e-02
1164556495.001709 -1.830813e-03
1164556495.001831 2.469396e-02
1164556495.001953 5.416157e-02
1164556495.002075 6.952839e-02
1164556495.002197 6.235204e-02
1164556495.002319 4.721982e-02
1164556495.002441 3.238419e-02
1164556495.002563 1.211416e-02
1164556495.002686 3.081742e-03
1164556495.002808 -1.381864e-02
1164556495.002930 -3.621498e-02
1164556495.003052 -3.469329e-02
1164556495.003174 -4.401877e-02
1164556495.003296 -5.013377e-02
1164556495.003418 -3.528951e-02
1164556495.003540 -8.872459e-03
1164556495.003662 2.994202e-03
1164556495.003784 -6.661803e-03
1164556495.003906 4.820913e-03
1164556495.004028 2.699594e-02
1164556495.004150 4.592875e-02
1164556495.004272 5.352795e-02
1164556495.004395 4.133487e-02
1164556495.004517 3.279432e-02
1164556495.004639 1.186474e-02
1164556495.004761 -1.416297e-02
1164556495.004883 -2.651027e-02
1164556495.005005 -2.359780e-02
1164556495.005127 -2.618117e-02
1164556495.005249 -3.947622e-02
1164556495.005371 -3.874728e-02
1164556495.005493 -3.056575e-02
1164556495.005615 -1.809687e-02
1164556495.005737 -3.107029e-03
1164556495.005859 3.419995e-03
1164556495.005981 1.954026e-02
1164556495.006104 3.764129e-02
1164556495.006226 4.778487e-02
1164556495.006348 4.115925e-02
1164556495.006470 4.211667e-02
1164556495.006592 3.714224e-02
1164556495.006714 2.187990e-03
1164556495.006836 -2.798214e-02
1164556495.006958 -3.936971e-02
1164556495.007080 -4.357089e-02
1164556495.007202 -3.733198e-02
1164556495.007324 -2.543880e-02
1164556495.007446 -1.965530e-02
1164556495.007568 -1.832632e-02
1164556495.007690 -2.772159e-03
1164556495.007812 -3.888180e-05
1164556495.007935 1.081647e-03
1164556495.008057 2.099188e-02
1164556495.008179 4.118401e-02
1164556495.008301 4.200080e-02
1164556495.008423 4.231224e-02
1164556495.008545 4.129928e-02
1164556495.008667 1.936403e-02
1164556495.008789 6.354456e-04
1164556495.008911 -1.311459e-02
1164556495.009033 -3.949457e-02
1164556495.009155 -5.668658e-02
1164556495.009277 -5.354419e-02
1164556495.009399 -3.873328e-02
1164556495.009521 -2.808543e-02
1164556495.009644 -6.806725e-03
1164556495.009766 1.250594e-02
1164556495.009888 1.139867e-02
1164556495.010010 9.917400e-03
1164556495.010132 2.969660e-02
1164556495.010254 5.646978e-02
1164556495.010376 6.402583e-02
1164556495.010498 4.918303e-02
1164556495.010620 2.596627e-02
1164556495.010742 3.532953e-05
1164556495.010864 -1.637393e-02
1164556495.010986 -3.346384e-02
1164556495.011108 -6.263416e-02
1164556495.011230 -7.150522e-02
1164556495.011353 -5.487204e-02
1164556495.011475 -4.371269e-02
1164556495.011597 -2.846784e-02
1164556495.011719 3.800610e-03
1164556495.011841 3.812591e-02
1164556495.011963 5.615380e-02
1164556495.012085 6.893951e-02
1164556495.012207 7.235022e-02
1164556495.012329 4.819421e-02
1164556495.012451 1.998304e-02
1164556495.012573 -3.046691e-03
1164556495.012695 -1.932299e-02
1164556495.012817 -2.996674e-02
1164556495.012939 -4.110382e-02
1164556495.013062 -4.111023e-02
1164556495.013184 -4.961627e-02
1164556495.013306 -4.675777e-02
1164556495.013428 -2.805569e-02
1164556495.013550 -1.156311e-02
1164556495.013672 4.268782e-03
1164556495.013794 2.167499e-02
1164556495.013916 3.696652e-02
1164556495.014038 3.921585e-02
1164556495.014160 4.802477e-02
1164556495.014282 5.952287e-02
1164556495.014404 4.526564e-02
1164556495.014526 2.820765e-02
1164556495.014648 9.106337e-03
1164556495.014771 -2.623353e-02
1164556495.014893 -5.940162e-02
1164556495.015015 -6.542583e-02
1164556495.015137 -6.383298e-02
1164556495.015259 -6.678657e-02
1164556495.015381 -4.223861e-02
1164556495.015503 -6.656818e-03
1164556495.015625 1.565295e-02
1164556495.015747 3.629612e-02
1164556495.015869 6.065726e-02
1164556495.015991 7.632989e-02
1164556495.016113 6.881057e-02
1164556495.016235 4.954673e-02
1164556495.016357 1.888989e-02
1164556495.016479 -1.868515e-02
1164556495.016602 -3.433453e-02
1164556495.016724 -3.911457e-02
1164556495.016846 -5.379542e-02
1164556495.016968 -5.244307e-02
1164556495.017090 -2.721735e-02
1164556495.017212 -1.880950e-02
1164556495.017334 -1.563940e-02
1164556495.017456 9.782711e-03
1164556495.017578 1.418512e-02
1164556495.017700 4.536682e-03
1164556495.017822 1.931496e-02
1164556495.017944 3.872445e-02
1164556495.018066 3.479759e-02
1164556495.018188 3.301418e-02
1164556495.018311 3.615375e-02
1164556495.018433 2.353695e-02
1164556495.018555 6.346907e-03
1164556495.018677 -8.188921e-03
1164556495.018799 -3.074899e-02
1164556495.018921 -4.606227e-02
1164556495.019043 -4.788261e-02
1164556495.019165 -4.171791e-02
1164556495.019287 -4.796366e-02
1164556495.019409 -4.591372e-02
1164556495.019531 -1.517251e-02
1164556495.019653 2.414805e-02
1164556495.019775 5.171787e-02
1164556495.019897 6.932255e-02
1164556495.020020 7.531597e-02
1164556495.020142 5.487980e-02
1164556495.020264 3.215385e-02
1164556495.020386 1.347420e-02
1164556495.020508 -2.167571e-02
1164556495.020630 -3.956248e-02
1164556495.020752 -3.689460e-02
1164556495.020874 -4.945846e-02
1164556495.020996 -6.844834e-02
1164556495.021118 -5.301661e-02
1164556495.021240 -2.272938e-02
1164556495.021362 -5.585518e-04
1164556495.021484 2.422734e-02
1164556495.021606 4.092057e-02
1164556495.021729 3.949867e-02
1164556495.021851 3.768905e-02
1164556495.021973 3.603351e-02
1164556495.022095 2.874904e-02
1164556495.022217 1.337917e-02
1164556495.022339 1.001979e-02
1164556495.022461 6.136916e-03
1164556495.022583 -1.048467e-02
1164556495.022705 -2.038349e-02
1164556495.022827 -2.404032e-02
1164556495.022949 -3.583907e-02
1164556495.023071 -5.410693e-02
1164556495.023193 -5.361013e-02
1164556495.023315 -3.712254e-02
1164556495.023438 -2.334846e-02
1164556495.023560 1.160135e-02
1164556495.023682 5.289111e-02
1164556495.023804 6.640809e-02
1164556495.023926 6.167201e-02
1164556495.024048 5.705003e-02
1164556495.024170 4.074493e-02
1164556495.024292 1.001878e-02
1164556495.024414 -4.182077e-04
1164556495.024536 -1.637559e-02
1164556495.024658 -5.268228e-02
1164556495.024780 -6.256718e-02
1164556495.024902 -5.430119e-02
1164556495.025024 -5.042466e-02
1164556495.025146 -3.366348e-02
1164556495.025269 -4.213968e-03
1164556495.025391 1.330025e-02
1164556495.025513 2.293712e-02
1164556495.025635 3.832325e-02
1164556495.025757 4.375355e-02
1164556495.025879 3.658827e-02
1164556495.026001 4.196690e-02
1164556495.026123 4.019939e-02
1164556495.026245 1.756948e-02
1164556495.026367 -5.165118e-03
1164556495.026489 -8.491294e-03
1164556495.026611 -1.808585e-02
1164556495.026733 -3.816943e-02
1164556495.026855 -5.701253e-02
1164556495.026978 -6.162983e-02
1164556495.027100 -5.312227e-02
1164556495.027222 -3.087584e-02
1164556495.027344 2.987625e-04
1164556495.027466 1.960692e-02
1164556495.027588 3.504006e-02
1164556495.027710 6.151902e-02
1164556495.027832 7.099107e-02
1164556495.027954 5.297626e-02
1164556495.028076 3.745329e-02
1164556495.028198 2.941147e-02
1164556495.028320 -3.603158e-03
1164556495.028442 -3.449430e-02
1164556495.028564 -4.768780e-02
1164556495.028687 -6.058735e-02
1164556495.028809 -6.377895e-02
1164556495.028931 -4.332405e-02
1164556495.029053 -2.513392e-02
1164556495.029175 -1.343716e-02
1164556495.029297 1.408572e-02
1164556495.029419 3.184631e-02
1164556495.029541 3.277674e-02
1164556495.029663 4.423384e-02
1164556495.029785 4.454443e-02
1164556495.029907 3.156689e-02
1164556495.030029 2.670554e-02
1164556495.030151 2.014271e-02
1164556495.030273 1.733563e-03
1164556495.030396 -1.466388e-02
1164556495.030518 -2.346183e-02
1164556495.030640 -3.103311e-02
1164556495.030762 -3.626198e-02
1164556495.030884 -4.236874e-02
1164556495.031006 -4.206396e-02
1164556495.031128 -3.261835e-02
1164556495.031250 -2.192878e-02
1164556495.031372 -1.270108e-02
1164556495.031494 1.061443e-02
1164556495.031616 4.450455e-02
1164556495.031738 6.857830e-02
1164556495.031860 8.442352e-02
1164556495.031982 7.157720e-02
1164556495.032104 3.817533e-02
1164556495.032227 1.082400e-02
1164556495.032349 -2.204080e-02
1164556495.032471 -5.472274e-02
1164556495.032593 -6.900584e-02
1164556495.032715 -6.833625e-02
1164556495.032837 -6.249149e-02
1164556495.032959 -5.125996e-02
1164556495.033081 -2.139162e-02
1164556495.033203 2.944398e-03
1164556495.033325 2.627059e-02
1164556495.033447 5.044726e-02
1164556495.033569 5.701537e-02
1164556495.033691 5.884670e-02
1164556495.033813 6.161711e-02
1164556495.033936 4.907448e-02
1164556495.034058 1.961094e-02
1164556495.034180 -1.154479e-02
1164556495.034302 -3.356155e-02
1164556495.034424 -4.860852e-02
1164556495.034546 -4.822040e-02
1164556495.034668 -4.187136e-02
1164556495.034790 -4.004468e-02
1164556495.034912 -3.760267e-02
1164556495.035034 -2.765539e-02
1164556495.035156 -1.322502e-02
1164556495.035278 -1.637238e-03
1164556495.035400 1.966692e-02
1164556495.035522 5.352565e-02
1164556495.035645 7.741618e-02
1164556495.035767 8.340173e-02
