      0.000000 1.104854e-02
      2.000000 1.104854e-02
      4.000000 1.104854e-02
      6.000000 1.104854e-02
      8.000000 1.104854e-02
     10.000000 1.104854e-02
     12.000000 1.104854e-02
     14.000000 1.104854e-02
     16.000000 1.104854e-02
     18.000000 1.291457e-22
     20.000000 1.291457e-22
     22.000000 3.564007e-23
     24.000000 3.564007e-23
     26.000000 2.053064e-23
     28.000000 2.053064e-23
     30.000000 1.549359e-23
     32.000000 1.549359e-23
     34.000000 1.148256e-23
     36.000000 1.148256e-23
     38.000000 9.966112e-24
     40.000000 9.966112e-24
     42.000000 8.986566e-24
     44.000000 8.986566e-24
     46.000000 7.663673e-24
     48.000000 7.663673e-24
     50.000000 7.452087e-24
     52.000000 7.452087e-24
     54.000000 7.276879e-24
     56.000000 7.276879e-24
     58.000000 8.937528e-24
     60.000000 8.937528e-24
     62.000000 6.423643e-24
     64.000000 6.423643e-24
     66.000000 6.304379e-24
     68.000000 6.304379e-24
     70.000000 5.800682e-24
     72.000000 5.800682e-24
     74.000000 5.908924e-24
     76.000000 5.908924e-24
     78.000000 5.491637e-24
     80.000000 5.491637e-24
     82.000000 5.014208e-24
     84.000000 5.014208e-24
     86.000000 5.159624e-24
     88.000000 5.159624e-24
     90.000000 4.711555e-24
     92.000000 4.711555e-24
     94.000000 4.847667e-24
     96.000000 4.847667e-24
     98.000000 4.948895e-24
    100.000000 4.948895e-24
    102.000000 4.933676e-24
    104.000000 4.933676e-24
    106.000000 4.719722e-24
    108.000000 4.719722e-24
    110.000000 4.882269e-24
    112.000000 4.882269e-24
    114.000000 4.858106e-24
    116.000000 4.858106e-24
    118.000000 5.101905e-24
    120.000000 5.101905e-24
    122.000000 4.693922e-24
    124.000000 4.693922e-24
    126.000000 4.268675e-24
    128.000000 4.268675e-24
    130.000000 4.601258e-24
    132.000000 4.601258e-24
    134.000000 4.337379e-24
    136.000000 4.337379e-24
    138.000000 4.407484e-24
    140.000000 4.407484e-24
    142.000000 4.642739e-24
    144.000000 4.642739e-24
    146.000000 4.458352e-24
    148.000000 4.458352e-24
    150.000000 4.338069e-24
    152.000000 4.338069e-24
    154.000000 4.527556e-24
    156.000000 4.527556e-24
    158.000000 4.417894e-24
    160.000000 4.417894e-24
    162.000000 4.371257e-24
    164.000000 4.371257e-24
    166.000000 4.146234e-24
    168.000000 4.146234e-24
    170.000000 4.593781e-24
    172.000000 4.593781e-24
    174.000000 4.460051e-24
    176.000000 4.460051e-24
    178.000000 1.505844e-23
    180.000000 1.505844e-23
    182.000000 4.632084e-24
    184.000000 4.632084e-24
    186.000000 4.335283e-24
    188.000000 4.335283e-24
    190.000000 4.196287e-24
    192.000000 4.196287e-24
    194.000000 4.419789e-24
    196.000000 4.419789e-24
    198.000000 4.362102e-24
    200.000000 4.362102e-24
    202.000000 4.201694e-24
    204.000000 4.201694e-24
    206.000000 3.998168e-24
    208.000000 3.998168e-24
    210.000000 4.204168e-24
    212.000000 4.204168e-24
    214.000000 4.321914e-24
    216.000000 4.321914e-24
    218.000000 4.255336e-24
    220.000000 4.255336e-24
    222.000000 4.219920e-24
    224.000000 4.219920e-24
    226.000000 4.028373e-24
    228.000000 4.028373e-24
    230.000000 4.069111e-24
    232.000000 4.069111e-24
    234.000000 4.032428e-24
    236.000000 4.032428e-24
    238.000000 4.326287e-24
    240.000000 4.326287e-24
    242.000000 4.005897e-24
    244.000000 4.005897e-24
    246.000000 4.308587e-24
    248.000000 4.308587e-24
    250.000000 4.123277e-24
    252.000000 4.123277e-24
    254.000000 4.242465e-24
    256.000000 4.242465e-24
    258.000000 4.389719e-24
    260.000000 4.389719e-24
    262.000000 4.100782e-24
    264.000000 4.100782e-24
    266.000000 3.896792e-24
    268.000000 3.896792e-24
    270.000000 3.900658e-24
    272.000000 3.900658e-24
    274.000000 4.298670e-24
    276.000000 4.298670e-24
    278.000000 4.152704e-24
    280.000000 4.152704e-24
    282.000000 4.594342e-24
    284.000000 4.594342e-24
    286.000000 4.268977e-24
    288.000000 4.268977e-24
    290.000000 4.335875e-24
    292.000000 4.335875e-24
    294.000000 4.281985e-24
    296.000000 4.281985e-24
    298.000000 5.103020e-24
    300.000000 5.103020e-24
    302.000000 4.370975e-24
    304.000000 4.370975e-24
    306.000000 8.823869e-24
    308.000000 8.823869e-24
    310.000000 4.408289e-24
    312.000000 4.408289e-24
    314.000000 8.927953e-24
    316.000000 8.927953e-24
    318.000000 4.572995e-24
    320.000000 4.572995e-24
    322.000000 4.247219e-24
    324.000000 4.247219e-24
    326.000000 1.387708e-23
    328.000000 1.387708e-23
    330.000000 1.344660e-22
    332.000000 1.344660e-22
    334.000000 2.795382e-23
    336.000000 2.795382e-23
    338.000000 3.825964e-24
    340.000000 3.825964e-24
    342.000000 4.334602e-24
    344.000000 4.334602e-24
    346.000000 4.304084e-24
    348.000000 4.304084e-24
    350.000000 4.322349e-24
    352.000000 4.322349e-24
    354.000000 4.550315e-24
    356.000000 4.550315e-24
    358.000000 4.307414e-24
    360.000000 4.307414e-24
    362.000000 4.780905e-24
    364.000000 4.780905e-24
    366.000000 4.553550e-24
    368.000000 4.553550e-24
    370.000000 4.028018e-24
    372.000000 4.028018e-24
    374.000000 4.546270e-24
    376.000000 4.546270e-24
    378.000000 4.544922e-24
    380.000000 4.544922e-24
    382.000000 4.594690e-24
    384.000000 4.594690e-24
    386.000000 4.448400e-24
    388.000000 4.448400e-24
    390.000000 4.210390e-24
    392.000000 4.210390e-24
    394.000000 4.227256e-24
    396.000000 4.227256e-24
    398.000000 4.378987e-24
    400.000000 4.378987e-24
    402.000000 4.383617e-24
    404.000000 4.383617e-24
    406.000000 4.627072e-24
    408.000000 4.627072e-24
    410.000000 4.600091e-24
    412.000000 4.600091e-24
    414.000000 4.532587e-24
    416.000000 4.532587e-24
    418.000000 4.462278e-24
    420.000000 4.462278e-24
    422.000000 4.829487e-24
    424.000000 4.829487e-24
    426.000000 4.734444e-24
    428.000000 4.734444e-24
    430.000000 4.600879e-24
    432.000000 4.600879e-24
    434.000000 4.771555e-24
    436.000000 4.771555e-24
    438.000000 4.562106e-24
    440.000000 4.562106e-24
    442.000000 4.539888e-24
    444.000000 4.539888e-24
    446.000000 4.174714e-24
    448.000000 4.174714e-24
    450.000000 4.853490e-24
    452.000000 4.853490e-24
    454.000000 4.749018e-24
    456.000000 4.749018e-24
    458.000000 4.971035e-24
    460.000000 4.971035e-24
    462.000000 4.227481e-24
    464.000000 4.227481e-24
    466.000000 4.685577e-24
    468.000000 4.685577e-24
    470.000000 4.964835e-24
    472.000000 4.964835e-24
    474.000000 4.718981e-24
    476.000000 4.718981e-24
    478.000000 4.901975e-24
    480.000000 4.901975e-24
    482.000000 4.643911e-24
    484.000000 4.643911e-24
    486.000000 5.024708e-24
    488.000000 5.024708e-24
    490.000000 5.111828e-24
    492.000000 5.111828e-24
    494.000000 4.949078e-24
    496.000000 4.949078e-24
    498.000000 9.894146e-23
    500.000000 9.894146e-23
    502.000000 1.127675e-22
    504.000000 1.127675e-22
    506.000000 4.333960e-23
    508.000000 4.333960e-23
    510.000000 6.156348e-22
    512.000000 6.156348e-22
    514.000000 8.843797e-22
    516.000000 8.843797e-22
    518.000000 1.148688e-22
    520.000000 1.148688e-22
    522.000000 4.796495e-24
    524.000000 4.796495e-24
    526.000000 5.222954e-24
    528.000000 5.222954e-24
    530.000000 5.066827e-24
    532.000000 5.066827e-24
    534.000000 4.916728e-24
    536.000000 4.916728e-24
    538.000000 5.220666e-24
    540.000000 5.220666e-24
    542.000000 5.396835e-24
    544.000000 5.396835e-24
    546.000000 5.212385e-24
    548.000000 5.212385e-24
    550.000000 5.093864e-24
    552.000000 5.093864e-24
    554.000000 5.121999e-24
    556.000000 5.121999e-24
    558.000000 5.836190e-24
    560.000000 5.836190e-24
    562.000000 5.449753e-24
    564.000000 5.449753e-24
    566.000000 5.325757e-24
    568.000000 5.325757e-24
    570.000000 5.617683e-24
    572.000000 5.617683e-24
    574.000000 5.387050e-24
    576.000000 5.387050e-24
    578.000000 4.967455e-24
    580.000000 4.967455e-24
    582.000000 5.391773e-24
    584.000000 5.391773e-24
    586.000000 5.395643e-24
    588.000000 5.395643e-24
    590.000000 5.324237e-24
    592.000000 5.324237e-24
    594.000000 5.365760e-24
    596.000000 5.365760e-24
    598.000000 5.189185e-24
    600.000000 5.189185e-24
    602.000000 5.464283e-24
    604.000000 5.464283e-24
    606.000000 5.032504e-24
    608.000000 5.032504e-24
    610.000000 5.290986e-24
    612.000000 5.290986e-24
    614.000000 6.381312e-24
    616.000000 6.381312e-24
    618.000000 5.213957e-24
    620.000000 5.213957e-24
    622.000000 5.359541e-24
    624.000000 5.359541e-24
    626.000000 6.278578e-24
    628.000000 6.278578e-24
    630.000000 6.331946e-24
    632.000000 6.331946e-24
    634.000000 5.758046e-24
    636.000000 5.758046e-24
    638.000000 5.760105e-24
    640.000000 5.760105e-24
    642.000000 5.569225e-24
    644.000000 5.569225e-24
    646.000000 5.735349e-24
    648.000000 5.735349e-24
    650.000000 5.566926e-24
    652.000000 5.566926e-24
    654.000000 5.488537e-24
    656.000000 5.488537e-24
    658.000000 5.193858e-24
    660.000000 5.193858e-24
    662.000000 5.566202e-24
    664.000000 5.566202e-24
    666.000000 5.193830e-24
    668.000000 5.193830e-24
    670.000000 5.437422e-24
    672.000000 5.437422e-24
    674.000000 5.828390e-24
    676.000000 5.828390e-24
    678.000000 5.553694e-24
    680.000000 5.553694e-24
    682.000000 5.529908e-24
    684.000000 5.529908e-24
    686.000000 5.396502e-24
    688.000000 5.396502e-24
    690.000000 5.716636e-24
    692.000000 5.716636e-24
    694.000000 5.908293e-24
    696.000000 5.908293e-24
    698.000000 5.720072e-24
    700.000000 5.720072e-24
    702.000000 5.735869e-24
    704.000000 5.735869e-24
    706.000000 5.842075e-24
    708.000000 5.842075e-24
    710.000000 5.943202e-24
    712.000000 5.943202e-24
    714.000000 5.823976e-24
    716.000000 5.823976e-24
    718.000000 5.411715e-24
    720.000000 5.411715e-24
    722.000000 5.449020e-24
    724.000000 5.449020e-24
    726.000000 6.330420e-24
    728.000000 6.330420e-24
    730.000000 6.029576e-24
    732.000000 6.029576e-24
    734.000000 6.515746e-24
    736.000000 6.515746e-24
    738.000000 5.754731e-24
    740.000000 5.754731e-24
    742.000000 5.884044e-24
    744.000000 5.884044e-24
    746.000000 5.844156e-24
    748.000000 5.844156e-24
    750.000000 6.434146e-24
    752.000000 6.434146e-24
    754.000000 5.806956e-24
    756.000000 5.806956e-24
    758.000000 5.959491e-24
    760.000000 5.959491e-24
    762.000000 6.165288e-24
    764.000000 6.165288e-24
    766.000000 5.677869e-24
    768.000000 5.677869e-24
    770.000000 6.097037e-24
    772.000000 6.097037e-24
    774.000000 5.986771e-24
    776.000000 5.986771e-24
    778.000000 6.590388e-24
    780.000000 6.590388e-24
    782.000000 6.038144e-24
    784.000000 6.038144e-24
    786.000000 5.958197e-24
    788.000000 5.958197e-24
    790.000000 6.414950e-24
    792.000000 6.414950e-24
    794.000000 6.100089e-24
    796.000000 6.100089e-24
    798.000000 5.860282e-24
    800.000000 5.860282e-24
    802.000000 6.103137e-24
    804.000000 6.103137e-24
    806.000000 6.295400e-24
    808.000000 6.295400e-24
    810.000000 5.974339e-24
    812.000000 5.974339e-24
    814.000000 6.044131e-24
    816.000000 6.044131e-24
    818.000000 6.378119e-24
    820.000000 6.378119e-24
    822.000000 6.088510e-24
    824.000000 6.088510e-24
    826.000000 6.562445e-24
    828.000000 6.562445e-24
    830.000000 6.626175e-24
    832.000000 6.626175e-24
    834.000000 6.306498e-24
    836.000000 6.306498e-24
    838.000000 6.896306e-24
    840.000000 6.896306e-24
    842.000000 6.256000e-24
    844.000000 6.256000e-24
    846.000000 6.754461e-24
    848.000000 6.754461e-24
    850.000000 6.128304e-24
    852.000000 6.128304e-24
    854.000000 6.410913e-24
    856.000000 6.410913e-24
    858.000000 6.891677e-24
    860.000000 6.891677e-24
    862.000000 6.668619e-24
    864.000000 6.668619e-24
    866.000000 7.265126e-24
    868.000000 7.265126e-24
    870.000000 6.459637e-24
    872.000000 6.459637e-24
    874.000000 6.621692e-24
    876.000000 6.621692e-24
    878.000000 6.785239e-24
    880.000000 6.785239e-24
    882.000000 6.887873e-24
    884.000000 6.887873e-24
    886.000000 6.820373e-24
    888.000000 6.820373e-24
    890.000000 6.940611e-24
    892.000000 6.940611e-24
    894.000000 6.889251e-24
    896.000000 6.889251e-24
    898.000000 7.024618e-24
    900.000000 7.024618e-24
    902.000000 6.777461e-24
    904.000000 6.777461e-24
    906.000000 6.422806e-24
    908.000000 6.422806e-24
    910.000000 6.316022e-24
    912.000000 6.316022e-24
    914.000000 7.296277e-24
    916.000000 7.296277e-24
    918.000000 7.895095e-24
    920.000000 7.895095e-24
    922.000000 7.385720e-24
    924.000000 7.385720e-24
    926.000000 7.245954e-24
    928.000000 7.245954e-24
    930.000000 6.333147e-24
    932.000000 6.333147e-24
    934.000000 6.507263e-24
    936.000000 6.507263e-24
    938.000000 6.493341e-24
    940.000000 6.493341e-24
    942.000000 6.987347e-24
    944.000000 6.987347e-24
    946.000000 7.272907e-24
    948.000000 7.272907e-24
    950.000000 7.528059e-24
    952.000000 7.528059e-24
    954.000000 7.258677e-24
    956.000000 7.258677e-24
    958.000000 6.856077e-24
    960.000000 6.856077e-24
    962.000000 7.195067e-24
    964.000000 7.195067e-24
    966.000000 6.865007e-24
    968.000000 6.865007e-24
    970.000000 6.820975e-24
    972.000000 6.820975e-24
    974.000000 6.739453e-24
    976.000000 6.739453e-24
    978.000000 7.598475e-24
    980.000000 7.598475e-24
    982.000000 7.699944e-24
    984.000000 7.699944e-24
    986.000000 8.161394e-24
    988.000000 8.161394e-24
    990.000000 9.261522e-24
    992.000000 9.261522e-24
    994.000000 8.622759e-24
    996.000000 8.622759e-24
    998.000000 7.664150e-24
   1000.000000 7.664150e-24
   1002.000000 8.332860e-24
   1004.000000 8.332860e-24
   1006.000000 8.115362e-24
   1008.000000 8.115362e-24
   1010.000000 3.270903e-23
   1012.000000 3.270903e-23
   1014.000000 9.394890e-23
   1016.000000 9.394890e-23
   1018.000000 7.874011e-23
   1020.000000 7.874011e-23
   1022.000000 2.253631e-23
   1024.000000 2.253631e-23
   1026.000000 1.331065e-23
   1028.000000 1.331065e-23
   1030.000000 8.953929e-24
   1032.000000 8.953929e-24
   1034.000000 7.474435e-24
   1036.000000 7.474435e-24
   1038.000000 7.463542e-24
   1040.000000 7.463542e-24
   1042.000000 7.536450e-24
   1044.000000 7.536450e-24
   1046.000000 7.541273e-24
   1048.000000 7.541273e-24
   1050.000000 7.478230e-24
   1052.000000 7.478230e-24
   1054.000000 7.377226e-24
   1056.000000 7.377226e-24
   1058.000000 7.456302e-24
   1060.000000 7.456302e-24
   1062.000000 7.635859e-24
   1064.000000 7.635859e-24
   1066.000000 7.650776e-24
   1068.000000 7.650776e-24
   1070.000000 7.400817e-24
   1072.000000 7.400817e-24
   1074.000000 7.567752e-24
   1076.000000 7.567752e-24
   1078.000000 7.738112e-24
   1080.000000 7.738112e-24
   1082.000000 1.338252e-23
   1084.000000 1.338252e-23
   1086.000000 2.329682e-23
   1088.000000 2.329682e-23
   1090.000000 1.692214e-23
   1092.000000 1.692214e-23
   1094.000000 8.509034e-24
   1096.000000 8.509034e-24
   1098.000000 7.648900e-24
   1100.000000 7.648900e-24
   1102.000000 8.465303e-24
   1104.000000 8.465303e-24
   1106.000000 7.779795e-24
   1108.000000 7.779795e-24
   1110.000000 7.639775e-24
   1112.000000 7.639775e-24
   1114.000000 7.958438e-24
   1116.000000 7.958438e-24
   1118.000000 8.017700e-24
   1120.000000 8.017700e-24
   1122.000000 8.011592e-24
   1124.000000 8.011592e-24
   1126.000000 8.203180e-24
   1128.000000 8.203180e-24
   1130.000000 7.895990e-24
   1132.000000 7.895990e-24
   1134.000000 8.557611e-24
   1136.000000 8.557611e-24
   1138.000000 7.909687e-24
   1140.000000 7.909687e-24
   1142.000000 8.274905e-24
   1144.000000 8.274905e-24
   1146.000000 7.732673e-24
   1148.000000 7.732673e-24
   1150.000000 8.047773e-24
   1152.000000 8.047773e-24
   1154.000000 8.148744e-24
   1156.000000 8.148744e-24
   1158.000000 8.421972e-24
   1160.000000 8.421972e-24
   1162.000000 7.631099e-24
   1164.000000 7.631099e-24
   1166.000000 7.993038e-24
   1168.000000 7.993038e-24
   1170.000000 8.229016e-24
   1172.000000 8.229016e-24
   1174.000000 8.600813e-24
   1176.000000 8.600813e-24
   1178.000000 8.116589e-24
   1180.000000 8.116589e-24
   1182.000000 8.083134e-24
   1184.000000 8.083134e-24
   1186.000000 8.550544e-24
   1188.000000 8.550544e-24
   1190.000000 8.674320e-24
   1192.000000 8.674320e-24
   1194.000000 9.413558e-24
   1196.000000 9.413558e-24
   1198.000000 8.552095e-24
   1200.000000 8.552095e-24
   1202.000000 8.785343e-24
   1204.000000 8.785343e-24
   1206.000000 8.339678e-24
   1208.000000 8.339678e-24
   1210.000000 9.397923e-24
   1212.000000 9.397923e-24
   1214.000000 8.550912e-24
   1216.000000 8.550912e-24
   1218.000000 8.856027e-24
   1220.000000 8.856027e-24
   1222.000000 8.730443e-24
   1224.000000 8.730443e-24
   1226.000000 8.336446e-24
   1228.000000 8.336446e-24
   1230.000000 8.212378e-24
   1232.000000 8.212378e-24
   1234.000000 8.513372e-24
   1236.000000 8.513372e-24
   1238.000000 9.388274e-24
   1240.000000 9.388274e-24
   1242.000000 9.234967e-24
   1244.000000 9.234967e-24
   1246.000000 8.684116e-24
   1248.000000 8.684116e-24
   1250.000000 8.646471e-24
   1252.000000 8.646471e-24
   1254.000000 9.367905e-24
   1256.000000 9.367905e-24
   1258.000000 9.112719e-24
   1260.000000 9.112719e-24
   1262.000000 9.309273e-24
   1264.000000 9.309273e-24
   1266.000000 8.564252e-24
   1268.000000 8.564252e-24
   1270.000000 8.527876e-24
   1272.000000 8.527876e-24
   1274.000000 9.596844e-24
   1276.000000 9.596844e-24
   1278.000000 9.509303e-24
   1280.000000 9.509303e-24
   1282.000000 9.254703e-24
   1284.000000 9.254703e-24
   1286.000000 9.292990e-24
   1288.000000 9.292990e-24
   1290.000000 8.787565e-24
   1292.000000 8.787565e-24
   1294.000000 8.594406e-24
   1296.000000 8.594406e-24
   1298.000000 9.223641e-24
   1300.000000 9.223641e-24
   1302.000000 9.186871e-24
   1304.000000 9.186871e-24
   1306.000000 9.645685e-24
   1308.000000 9.645685e-24
   1310.000000 9.302214e-24
   1312.000000 9.302214e-24
   1314.000000 8.879052e-24
   1316.000000 8.879052e-24
   1318.000000 9.755980e-24
   1320.000000 9.755980e-24
   1322.000000 9.385351e-24
   1324.000000 9.385351e-24
   1326.000000 8.967236e-24
   1328.000000 8.967236e-24
   1330.000000 9.918067e-24
   1332.000000 9.918067e-24
   1334.000000 8.922329e-24
   1336.000000 8.922329e-24
   1338.000000 8.750468e-24
   1340.000000 8.750468e-24
   1342.000000 8.989147e-24
   1344.000000 8.989147e-24
   1346.000000 9.194510e-24
   1348.000000 9.194510e-24
   1350.000000 1.005534e-23
   1352.000000 1.005534e-23
   1354.000000 9.195614e-24
   1356.000000 9.195614e-24
   1358.000000 8.963299e-24
   1360.000000 8.963299e-24
   1362.000000 1.022487e-23
   1364.000000 1.022487e-23
   1366.000000 1.006091e-23
   1368.000000 1.006091e-23
   1370.000000 9.636424e-24
   1372.000000 9.636424e-24
   1374.000000 9.748701e-24
   1376.000000 9.748701e-24
   1378.000000 1.018655e-23
   1380.000000 1.018655e-23
   1382.000000 1.005717e-23
   1384.000000 1.005717e-23
   1386.000000 9.855427e-24
   1388.000000 9.855427e-24
   1390.000000 9.687490e-24
   1392.000000 9.687490e-24
   1394.000000 9.986954e-24
   1396.000000 9.986954e-24
   1398.000000 9.962006e-24
   1400.000000 9.962006e-24
   1402.000000 9.095527e-24
   1404.000000 9.095527e-24
   1406.000000 9.735936e-24
   1408.000000 9.735936e-24
   1410.000000 1.001284e-23
   1412.000000 1.001284e-23
   1414.000000 1.047096e-23
   1416.000000 1.047096e-23
   1418.000000 9.702975e-24
   1420.000000 9.702975e-24
   1422.000000 1.009020e-23
   1424.000000 1.009020e-23
   1426.000000 9.454648e-24
   1428.000000 9.454648e-24
   1430.000000 1.022571e-23
   1432.000000 1.022571e-23
   1434.000000 9.952091e-24
   1436.000000 9.952091e-24
   1438.000000 9.555643e-24
   1440.000000 9.555643e-24
   1442.000000 9.357781e-24
   1444.000000 9.357781e-24
   1446.000000 1.003309e-23
   1448.000000 1.003309e-23
   1450.000000 9.887344e-24
   1452.000000 9.887344e-24
   1454.000000 2.149068e-23
   1456.000000 2.149068e-23
   1458.000000 1.673433e-22
   1460.000000 1.673433e-22
   1462.000000 3.488055e-22
   1464.000000 3.488055e-22
   1466.000000 4.438916e-22
   1468.000000 4.438916e-22
   1470.000000 4.441349e-22
   1472.000000 4.441349e-22
   1474.000000 3.556277e-22
   1476.000000 3.556277e-22
   1478.000000 2.045213e-22
   1480.000000 2.045213e-22
   1482.000000 6.084736e-23
   1484.000000 6.084736e-23
   1486.000000 3.232622e-23
   1488.000000 3.232622e-23
   1490.000000 5.338531e-23
   1492.000000 5.338531e-23
   1494.000000 1.856817e-22
   1496.000000 1.856817e-22
   1498.000000 3.890313e-22
   1500.000000 3.890313e-22
   1502.000000 6.393267e-22
   1504.000000 6.393267e-22
   1506.000000 1.299697e-21
   1508.000000 1.299697e-21
   1510.000000 1.757743e-21
   1512.000000 1.757743e-21
   1514.000000 1.255654e-21
   1516.000000 1.255654e-21
   1518.000000 4.261197e-22
   1520.000000 4.261197e-22
   1522.000000 1.207800e-23
   1524.000000 1.207800e-23
   1526.000000 1.058331e-23
   1528.000000 1.058331e-23
   1530.000000 1.056882e-23
   1532.000000 1.056882e-23
   1534.000000 1.040972e-23
   1536.000000 1.040972e-23
   1538.000000 1.019086e-23
   1540.000000 1.019086e-23
   1542.000000 1.042065e-23
   1544.000000 1.042065e-23
   1546.000000 1.084057e-23
   1548.000000 1.084057e-23
   1550.000000 1.062108e-23
   1552.000000 1.062108e-23
   1554.000000 1.057361e-23
   1556.000000 1.057361e-23
   1558.000000 1.065446e-23
   1560.000000 1.065446e-23
   1562.000000 1.045107e-23
   1564.000000 1.045107e-23
   1566.000000 1.038022e-23
   1568.000000 1.038022e-23
   1570.000000 1.128491e-23
   1572.000000 1.128491e-23
   1574.000000 1.038435e-23
   1576.000000 1.038435e-23
   1578.000000 1.023203e-23
   1580.000000 1.023203e-23
   1582.000000 1.084360e-23
   1584.000000 1.084360e-23
   1586.000000 1.150262e-23
   1588.000000 1.150262e-23
   1590.000000 1.129743e-23
   1592.000000 1.129743e-23
   1594.000000 1.121925e-23
   1596.000000 1.121925e-23
   1598.000000 1.056850e-23
   1600.000000 1.056850e-23
   1602.000000 1.142356e-23
   1604.000000 1.142356e-23
   1606.000000 1.133406e-23
   1608.000000 1.133406e-23
   1610.000000 1.077812e-23
   1612.000000 1.077812e-23
   1614.000000 1.040258e-23
   1616.000000 1.040258e-23
   1618.000000 1.117797e-23
   1620.000000 1.117797e-23
   1622.000000 1.141383e-23
   1624.000000 1.141383e-23
   1626.000000 1.093583e-23
   1628.000000 1.093583e-23
   1630.000000 1.061992e-23
   1632.000000 1.061992e-23
   1634.000000 1.102108e-23
   1636.000000 1.102108e-23
   1638.000000 1.160999e-23
   1640.000000 1.160999e-23
   1642.000000 1.133061e-23
   1644.000000 1.133061e-23
   1646.000000 1.179621e-23
   1648.000000 1.179621e-23
   1650.000000 1.070096e-23
   1652.000000 1.070096e-23
   1654.000000 1.165451e-23
   1656.000000 1.165451e-23
   1658.000000 1.125621e-23
   1660.000000 1.125621e-23
   1662.000000 1.155743e-23
   1664.000000 1.155743e-23
   1666.000000 1.140030e-23
   1668.000000 1.140030e-23
   1670.000000 1.104358e-23
   1672.000000 1.104358e-23
   1674.000000 1.139527e-23
   1676.000000 1.139527e-23
   1678.000000 9.991436e-24
   1680.000000 9.991436e-24
   1682.000000 1.120142e-23
   1684.000000 1.120142e-23
   1686.000000 1.088877e-23
   1688.000000 1.088877e-23
   1690.000000 1.116629e-23
   1692.000000 1.116629e-23
   1694.000000 1.154103e-23
   1696.000000 1.154103e-23
   1698.000000 1.191627e-23
   1700.000000 1.191627e-23
   1702.000000 1.203605e-23
   1704.000000 1.203605e-23
   1706.000000 1.182199e-23
   1708.000000 1.182199e-23
   1710.000000 1.148863e-23
   1712.000000 1.148863e-23
   1714.000000 1.145698e-23
   1716.000000 1.145698e-23
   1718.000000 1.200473e-23
   1720.000000 1.200473e-23
   1722.000000 1.110803e-23
   1724.000000 1.110803e-23
   1726.000000 1.177277e-23
   1728.000000 1.177277e-23
   1730.000000 1.200992e-23
   1732.000000 1.200992e-23
   1734.000000 1.176153e-23
   1736.000000 1.176153e-23
   1738.000000 1.180258e-23
   1740.000000 1.180258e-23
   1742.000000 1.183167e-23
   1744.000000 1.183167e-23
   1746.000000 1.140351e-23
   1748.000000 1.140351e-23
   1750.000000 1.226369e-23
   1752.000000 1.226369e-23
   1754.000000 1.142411e-23
   1756.000000 1.142411e-23
   1758.000000 1.150950e-23
   1760.000000 1.150950e-23
   1762.000000 1.194425e-23
   1764.000000 1.194425e-23
   1766.000000 1.209389e-23
   1768.000000 1.209389e-23
   1770.000000 1.115031e-23
   1772.000000 1.115031e-23
   1774.000000 1.235094e-23
   1776.000000 1.235094e-23
   1778.000000 1.199305e-23
   1780.000000 1.199305e-23
   1782.000000 1.232126e-23
   1784.000000 1.232126e-23
   1786.000000 1.176871e-23
   1788.000000 1.176871e-23
   1790.000000 1.273160e-23
   1792.000000 1.273160e-23
   1794.000000 1.168817e-23
   1796.000000 1.168817e-23
   1798.000000 1.207906e-23
   1800.000000 1.207906e-23
   1802.000000 1.215504e-23
   1804.000000 1.215504e-23
   1806.000000 1.241190e-23
   1808.000000 1.241190e-23
   1810.000000 1.262444e-23
   1812.000000 1.262444e-23
   1814.000000 1.311056e-23
   1816.000000 1.311056e-23
   1818.000000 1.223804e-23
   1820.000000 1.223804e-23
   1822.000000 1.179183e-23
   1824.000000 1.179183e-23
   1826.000000 1.175377e-23
   1828.000000 1.175377e-23
   1830.000000 1.335395e-23
   1832.000000 1.335395e-23
   1834.000000 1.226213e-23
   1836.000000 1.226213e-23
   1838.000000 1.258607e-23
   1840.000000 1.258607e-23
   1842.000000 1.182908e-23
   1844.000000 1.182908e-23
   1846.000000 1.198507e-23
   1848.000000 1.198507e-23
   1850.000000 1.220397e-23
   1852.000000 1.220397e-23
   1854.000000 1.268152e-23
   1856.000000 1.268152e-23
   1858.000000 1.187106e-23
   1860.000000 1.187106e-23
   1862.000000 1.336364e-23
   1864.000000 1.336364e-23
   1866.000000 1.294356e-23
   1868.000000 1.294356e-23
   1870.000000 1.233724e-23
   1872.000000 1.233724e-23
   1874.000000 1.317945e-23
   1876.000000 1.317945e-23
   1878.000000 1.217394e-23
   1880.000000 1.217394e-23
   1882.000000 1.285879e-23
   1884.000000 1.285879e-23
   1886.000000 1.310692e-23
   1888.000000 1.310692e-23
   1890.000000 1.289874e-23
   1892.000000 1.289874e-23
   1894.000000 1.369429e-23
   1896.000000 1.369429e-23
   1898.000000 1.318765e-23
   1900.000000 1.318765e-23
   1902.000000 1.245685e-23
   1904.000000 1.245685e-23
   1906.000000 1.278833e-23
   1908.000000 1.278833e-23
   1910.000000 1.276680e-23
   1912.000000 1.276680e-23
   1914.000000 1.706735e-23
   1916.000000 1.706735e-23
   1918.000000 2.503894e-23
   1920.000000 2.503894e-23
   1922.000000 3.195995e-23
   1924.000000 3.195995e-23
   1926.000000 2.978566e-23
   1928.000000 2.978566e-23
   1930.000000 2.365285e-23
   1932.000000 2.365285e-23
   1934.000000 1.667483e-23
   1936.000000 1.667483e-23
   1938.000000 1.467324e-23
   1940.000000 1.467324e-23
   1942.000000 1.784990e-23
   1944.000000 1.784990e-23
   1946.000000 2.040560e-23
   1948.000000 2.040560e-23
   1950.000000 2.332576e-23
   1952.000000 2.332576e-23
   1954.000000 2.065688e-23
   1956.000000 2.065688e-23
   1958.000000 2.109484e-23
   1960.000000 2.109484e-23
   1962.000000 4.970871e-23
   1964.000000 4.970871e-23
   1966.000000 1.032226e-22
   1968.000000 1.032226e-22
   1970.000000 1.562097e-22
   1972.000000 1.562097e-22
   1974.000000 2.018779e-22
   1976.000000 2.018779e-22
   1978.000000 2.367046e-22
   1980.000000 2.367046e-22
   1982.000000 2.818292e-22
   1984.000000 2.818292e-22
   1986.000000 2.835210e-22
   1988.000000 2.835210e-22
   1990.000000 2.424274e-22
   1992.000000 2.424274e-22
   1994.000000 2.159969e-22
   1996.000000 2.159969e-22
   1998.000000 1.571615e-22
   2000.000000 1.571615e-22
   2002.000000 1.005807e-22
   2004.000000 1.005807e-22
   2006.000000 5.720782e-23
   2008.000000 5.720782e-23
   2010.000000 1.596359e-23
   2012.000000 1.596359e-23
   2014.000000 1.312565e-23
   2016.000000 1.312565e-23
   2018.000000 1.340332e-23
   2020.000000 1.340332e-23
   2022.000000 1.286406e-23
   2024.000000 1.286406e-23
   2026.000000 1.367586e-23
   2028.000000 1.367586e-23
   2030.000000 1.248152e-23
   2032.000000 1.248152e-23
   2034.000000 1.427151e-23
   2036.000000 1.427151e-23
   2038.000000 1.411893e-23
   2040.000000 1.411893e-23
   2042.000000 1.421543e-23
   2044.000000 1.421543e-23
   2046.000000 1.458867e-23
   2048.000000 1.458867e-23
   2050.000000 1.394830e-23
   2052.000000 1.394830e-23
   2054.000000 1.397647e-23
   2056.000000 1.397647e-23
   2058.000000 1.488036e-23
   2060.000000 1.488036e-23
   2062.000000 1.422330e-23
   2064.000000 1.422330e-23
   2066.000000 1.348947e-23
   2068.000000 1.348947e-23
   2070.000000 1.352258e-23
   2072.000000 1.352258e-23
   2074.000000 1.368966e-23
   2076.000000 1.368966e-23
   2078.000000 1.429768e-23
   2080.000000 1.429768e-23
   2082.000000 1.410294e-23
   2084.000000 1.410294e-23
   2086.000000 1.380963e-23
   2088.000000 1.380963e-23
   2090.000000 1.392276e-23
   2092.000000 1.392276e-23
   2094.000000 1.328529e-23
   2096.000000 1.328529e-23
   2098.000000 1.517919e-23
   2100.000000 1.517919e-23
   2102.000000 1.492828e-23
   2104.000000 1.492828e-23
   2106.000000 1.387791e-23
   2108.000000 1.387791e-23
   2110.000000 1.555808e-23
   2112.000000 1.555808e-23
   2114.000000 1.393401e-23
   2116.000000 1.393401e-23
   2118.000000 1.404595e-23
   2120.000000 1.404595e-23
   2122.000000 1.537433e-23
   2124.000000 1.537433e-23
   2126.000000 1.508231e-23
   2128.000000 1.508231e-23
   2130.000000 1.486508e-23
   2132.000000 1.486508e-23
   2134.000000 1.449676e-23
   2136.000000 1.449676e-23
   2138.000000 1.421513e-23
   2140.000000 1.421513e-23
   2142.000000 1.386387e-23
   2144.000000 1.386387e-23
   2146.000000 1.511978e-23
   2148.000000 1.511978e-23
   2150.000000 1.450339e-23
   2152.000000 1.450339e-23
   2154.000000 1.411935e-23
   2156.000000 1.411935e-23
   2158.000000 1.457818e-23
   2160.000000 1.457818e-23
   2162.000000 1.475562e-23
   2164.000000 1.475562e-23
   2166.000000 1.491294e-23
   2168.000000 1.491294e-23
   2170.000000 1.415288e-23
   2172.000000 1.415288e-23
   2174.000000 1.428785e-23
   2176.000000 1.428785e-23
   2178.000000 1.435362e-23
   2180.000000 1.435362e-23
   2182.000000 1.497942e-23
   2184.000000 1.497942e-23
   2186.000000 1.414830e-23
   2188.000000 1.414830e-23
   2190.000000 1.477383e-23
   2192.000000 1.477383e-23
   2194.000000 1.436848e-23
   2196.000000 1.436848e-23
   2198.000000 1.433937e-23
   2200.000000 1.433937e-23
   2202.000000 1.447924e-23
   2204.000000 1.447924e-23
   2206.000000 1.393246e-23
   2208.000000 1.393246e-23
   2210.000000 1.602796e-23
   2212.000000 1.602796e-23
   2214.000000 1.505801e-23
   2216.000000 1.505801e-23
   2218.000000 1.591174e-23
   2220.000000 1.591174e-23
   2222.000000 3.006063e-23
   2224.000000 3.006063e-23
   2226.000000 4.820871e-23
   2228.000000 4.820871e-23
   2230.000000 6.983839e-23
   2232.000000 6.983839e-23
   2234.000000 6.742533e-23
   2236.000000 6.742533e-23
   2238.000000 5.360994e-23
   2240.000000 5.360994e-23
   2242.000000 3.378773e-23
   2244.000000 3.378773e-23
   2246.000000 2.104079e-23
   2248.000000 2.104079e-23
   2250.000000 3.071425e-23
   2252.000000 3.071425e-23
   2254.000000 4.796980e-23
   2256.000000 4.796980e-23
   2258.000000 5.870353e-23
   2260.000000 5.870353e-23
   2262.000000 6.649594e-23
   2264.000000 6.649594e-23
   2266.000000 4.819337e-23
   2268.000000 4.819337e-23
   2270.000000 3.534471e-23
   2272.000000 3.534471e-23
   2274.000000 2.454556e-23
   2276.000000 2.454556e-23
   2278.000000 2.139660e-23
   2280.000000 2.139660e-23
   2282.000000 2.113117e-23
   2284.000000 2.113117e-23
   2286.000000 1.864402e-23
   2288.000000 1.864402e-23
   2290.000000 1.779575e-23
   2292.000000 1.779575e-23
   2294.000000 2.007774e-23
   2296.000000 2.007774e-23
   2298.000000 2.321844e-23
   2300.000000 2.321844e-23
   2302.000000 2.619025e-23
   2304.000000 2.619025e-23
   2306.000000 2.290395e-23
   2308.000000 2.290395e-23
   2310.000000 2.058142e-23
   2312.000000 2.058142e-23
   2314.000000 1.828313e-23
   2316.000000 1.828313e-23
   2318.000000 1.719609e-23
   2320.000000 1.719609e-23
   2322.000000 1.735446e-23
   2324.000000 1.735446e-23
   2326.000000 1.747888e-23
   2328.000000 1.747888e-23
   2330.000000 1.931398e-23
   2332.000000 1.931398e-23
   2334.000000 1.898764e-23
   2336.000000 1.898764e-23
   2338.000000 2.017037e-23
   2340.000000 2.017037e-23
   2342.000000 2.247782e-23
   2344.000000 2.247782e-23
   2346.000000 2.222546e-23
   2348.000000 2.222546e-23
   2350.000000 2.834436e-23
   2352.000000 2.834436e-23
   2354.000000 3.467439e-23
   2356.000000 3.467439e-23
   2358.000000 4.468804e-23
   2360.000000 4.468804e-23
   2362.000000 4.921147e-23
   2364.000000 4.921147e-23
   2366.000000 5.024378e-23
   2368.000000 5.024378e-23
   2370.000000 5.051398e-23
   2372.000000 5.051398e-23
   2374.000000 5.580332e-23
   2376.000000 5.580332e-23
   2378.000000 4.955221e-23
   2380.000000 4.955221e-23
   2382.000000 4.196864e-23
   2384.000000 4.196864e-23
   2386.000000 3.377318e-23
   2388.000000 3.377318e-23
   2390.000000 2.870582e-23
   2392.000000 2.870582e-23
   2394.000000 2.609472e-23
   2396.000000 2.609472e-23
   2398.000000 2.707466e-23
   2400.000000 2.707466e-23
   2402.000000 2.847537e-23
   2404.000000 2.847537e-23
   2406.000000 2.817127e-23
   2408.000000 2.817127e-23
   2410.000000 2.404422e-23
   2412.000000 2.404422e-23
   2414.000000 2.269296e-23
   2416.000000 2.269296e-23
   2418.000000 2.006116e-23
   2420.000000 2.006116e-23
   2422.000000 2.151448e-23
   2424.000000 2.151448e-23
   2426.000000 2.575749e-23
   2428.000000 2.575749e-23
   2430.000000 3.038541e-23
   2432.000000 3.038541e-23
   2434.000000 3.871439e-23
   2436.000000 3.871439e-23
   2438.000000 4.501983e-23
   2440.000000 4.501983e-23
   2442.000000 5.758348e-23
   2444.000000 5.758348e-23
   2446.000000 6.988285e-23
   2448.000000 6.988285e-23
   2450.000000 7.630030e-23
   2452.000000 7.630030e-23
   2454.000000 7.659915e-23
   2456.000000 7.659915e-23
   2458.000000 7.060785e-23
   2460.000000 7.060785e-23
   2462.000000 6.326450e-23
   2464.000000 6.326450e-23
   2466.000000 6.323048e-23
   2468.000000 6.323048e-23
   2470.000000 5.142289e-23
   2472.000000 5.142289e-23
   2474.000000 3.793454e-23
   2476.000000 3.793454e-23
   2478.000000 2.362947e-23
   2480.000000 2.362947e-23
   2482.000000 1.730987e-23
   2484.000000 1.730987e-23
   2486.000000 1.642199e-23
   2488.000000 1.642199e-23
   2490.000000 1.595581e-23
   2492.000000 1.595581e-23
   2494.000000 1.613532e-23
   2496.000000 1.613532e-23
   2498.000000 1.621397e-23
   2500.000000 1.621397e-23
   2502.000000 1.567331e-23
   2504.000000 1.567331e-23
   2506.000000 1.605806e-23
   2508.000000 1.605806e-23
   2510.000000 1.646296e-23
   2512.000000 1.646296e-23
   2514.000000 1.734297e-23
   2516.000000 1.734297e-23
   2518.000000 1.564667e-23
   2520.000000 1.564667e-23
   2522.000000 1.591338e-23
   2524.000000 1.591338e-23
   2526.000000 1.669657e-23
   2528.000000 1.669657e-23
   2530.000000 1.650459e-23
   2532.000000 1.650459e-23
   2534.000000 1.806411e-23
   2536.000000 1.806411e-23
   2538.000000 1.641811e-23
   2540.000000 1.641811e-23
   2542.000000 1.811122e-23
   2544.000000 1.811122e-23
   2546.000000 1.768602e-23
   2548.000000 1.768602e-23
   2550.000000 1.753844e-23
   2552.000000 1.753844e-23
   2554.000000 1.634889e-23
   2556.000000 1.634889e-23
   2558.000000 1.753220e-23
   2560.000000 1.753220e-23
   2562.000000 1.705425e-23
   2564.000000 1.705425e-23
   2566.000000 1.781595e-23
   2568.000000 1.781595e-23
   2570.000000 1.666627e-23
   2572.000000 1.666627e-23
   2574.000000 1.731303e-23
   2576.000000 1.731303e-23
   2578.000000 1.688327e-23
   2580.000000 1.688327e-23
   2582.000000 1.660473e-23
   2584.000000 1.660473e-23
   2586.000000 1.844342e-23
   2588.000000 1.844342e-23
   2590.000000 1.756741e-23
   2592.000000 1.756741e-23
   2594.000000 1.798779e-23
   2596.000000 1.798779e-23
   2598.000000 1.814357e-23
   2600.000000 1.814357e-23
   2602.000000 1.853202e-23
   2604.000000 1.853202e-23
   2606.000000 1.745758e-23
   2608.000000 1.745758e-23
   2610.000000 1.793298e-23
   2612.000000 1.793298e-23
   2614.000000 1.890425e-23
   2616.000000 1.890425e-23
   2618.000000 1.909832e-23
   2620.000000 1.909832e-23
   2622.000000 1.821764e-23
   2624.000000 1.821764e-23
   2626.000000 1.871508e-23
   2628.000000 1.871508e-23
   2630.000000 1.859238e-23
   2632.000000 1.859238e-23
   2634.000000 1.814265e-23
   2636.000000 1.814265e-23
   2638.000000 1.811295e-23
   2640.000000 1.811295e-23
   2642.000000 1.736837e-23
   2644.000000 1.736837e-23
   2646.000000 1.773978e-23
   2648.000000 1.773978e-23
   2650.000000 1.848678e-23
   2652.000000 1.848678e-23
   2654.000000 1.842504e-23
   2656.000000 1.842504e-23
   2658.000000 1.849101e-23
   2660.000000 1.849101e-23
   2662.000000 1.798788e-23
   2664.000000 1.798788e-23
   2666.000000 1.821303e-23
   2668.000000 1.821303e-23
   2670.000000 1.741843e-23
   2672.000000 1.741843e-23
   2674.000000 1.765537e-23
   2676.000000 1.765537e-23
   2678.000000 1.815372e-23
   2680.000000 1.815372e-23
   2682.000000 1.745790e-23
   2684.000000 1.745790e-23
   2686.000000 1.701832e-23
   2688.000000 1.701832e-23
   2690.000000 1.750032e-23
   2692.000000 1.750032e-23
   2694.000000 1.918666e-23
   2696.000000 1.918666e-23
   2698.000000 1.755593e-23
   2700.000000 1.755593e-23
   2702.000000 1.805510e-23
   2704.000000 1.805510e-23
   2706.000000 1.836967e-23
   2708.000000 1.836967e-23
   2710.000000 1.824959e-23
   2712.000000 1.824959e-23
   2714.000000 1.878978e-23
   2716.000000 1.878978e-23
   2718.000000 1.785714e-23
   2720.000000 1.785714e-23
   2722.000000 1.758316e-23
   2724.000000 1.758316e-23
   2726.000000 1.774402e-23
   2728.000000 1.774402e-23
   2730.000000 1.791579e-23
   2732.000000 1.791579e-23
   2734.000000 1.671554e-23
   2736.000000 1.671554e-23
   2738.000000 1.798089e-23
   2740.000000 1.798089e-23
   2742.000000 1.960916e-23
   2744.000000 1.960916e-23
   2746.000000 1.841426e-23
   2748.000000 1.841426e-23
   2750.000000 1.865067e-23
   2752.000000 1.865067e-23
   2754.000000 1.890947e-23
   2756.000000 1.890947e-23
   2758.000000 1.993409e-23
   2760.000000 1.993409e-23
   2762.000000 1.876685e-23
   2764.000000 1.876685e-23
   2766.000000 1.897733e-23
   2768.000000 1.897733e-23
   2770.000000 1.857591e-23
   2772.000000 1.857591e-23
   2774.000000 1.776828e-23
   2776.000000 1.776828e-23
   2778.000000 1.832970e-23
   2780.000000 1.832970e-23
   2782.000000 1.669247e-23
   2784.000000 1.669247e-23
   2786.000000 1.856181e-23
   2788.000000 1.856181e-23
   2790.000000 1.732464e-23
   2792.000000 1.732464e-23
   2794.000000 1.906762e-23
   2796.000000 1.906762e-23
   2798.000000 1.857890e-23
   2800.000000 1.857890e-23
   2802.000000 1.995234e-23
   2804.000000 1.995234e-23
   2806.000000 1.879168e-23
   2808.000000 1.879168e-23
   2810.000000 1.872382e-23
   2812.000000 1.872382e-23
   2814.000000 1.885254e-23
   2816.000000 1.885254e-23
   2818.000000 1.865876e-23
   2820.000000 1.865876e-23
   2822.000000 1.891273e-23
   2824.000000 1.891273e-23
   2826.000000 1.850530e-23
   2828.000000 1.850530e-23
   2830.000000 2.063445e-23
   2832.000000 2.063445e-23
   2834.000000 2.075374e-23
   2836.000000 2.075374e-23
   2838.000000 2.047492e-23
   2840.000000 2.047492e-23
   2842.000000 2.099243e-23
   2844.000000 2.099243e-23
   2846.000000 2.119995e-23
   2848.000000 2.119995e-23
   2850.000000 2.326223e-23
   2852.000000 2.326223e-23
   2854.000000 2.333572e-23
   2856.000000 2.333572e-23
   2858.000000 2.455183e-23
   2860.000000 2.455183e-23
   2862.000000 2.420521e-23
   2864.000000 2.420521e-23
   2866.000000 2.399236e-23
   2868.000000 2.399236e-23
   2870.000000 2.174915e-23
   2872.000000 2.174915e-23
   2874.000000 2.174691e-23
   2876.000000 2.174691e-23
   2878.000000 2.090357e-23
   2880.000000 2.090357e-23
   2882.000000 2.171025e-23
   2884.000000 2.171025e-23
   2886.000000 2.252927e-23
   2888.000000 2.252927e-23
   2890.000000 2.102370e-23
   2892.000000 2.102370e-23
   2894.000000 2.211352e-23
   2896.000000 2.211352e-23
   2898.000000 2.260061e-23
   2900.000000 2.260061e-23
   2902.000000 2.222609e-23
   2904.000000 2.222609e-23
   2906.000000 1.907735e-23
   2908.000000 1.907735e-23
   2910.000000 2.105272e-23
   2912.000000 2.105272e-23
   2914.000000 2.116868e-23
   2916.000000 2.116868e-23
   2918.000000 2.165908e-23
   2920.000000 2.165908e-23
   2922.000000 2.551419e-23
   2924.000000 2.551419e-23
   2926.000000 2.704780e-23
   2928.000000 2.704780e-23
   2930.000000 3.428553e-23
   2932.000000 3.428553e-23
   2934.000000 3.448902e-23
   2936.000000 3.448902e-23
   2938.000000 3.084191e-23
   2940.000000 3.084191e-23
   2942.000000 2.790077e-23
   2944.000000 2.790077e-23
   2946.000000 2.483229e-23
   2948.000000 2.483229e-23
   2950.000000 2.172688e-23
   2952.000000 2.172688e-23
   2954.000000 1.953242e-23
   2956.000000 1.953242e-23
   2958.000000 1.989875e-23
   2960.000000 1.989875e-23
   2962.000000 1.988153e-23
   2964.000000 1.988153e-23
   2966.000000 1.852601e-23
   2968.000000 1.852601e-23
   2970.000000 1.910485e-23
   2972.000000 1.910485e-23
   2974.000000 1.987912e-23
   2976.000000 1.987912e-23
   2978.000000 1.993620e-23
   2980.000000 1.993620e-23
   2982.000000 2.029380e-23
   2984.000000 2.029380e-23
   2986.000000 2.045854e-23
   2988.000000 2.045854e-23
   2990.000000 2.029486e-23
   2992.000000 2.029486e-23
   2994.000000 2.047196e-23
   2996.000000 2.047196e-23
   2998.000000 2.126930e-23
   3000.000000 2.126930e-23
   3002.000000 1.995222e-23
   3004.000000 1.995222e-23
   3006.000000 1.927710e-23
   3008.000000 1.927710e-23
   3010.000000 2.215425e-23
   3012.000000 2.215425e-23
   3014.000000 1.898612e-23
   3016.000000 1.898612e-23
   3018.000000 1.908333e-23
   3020.000000 1.908333e-23
   3022.000000 2.085668e-23
   3024.000000 2.085668e-23
   3026.000000 2.065384e-23
   3028.000000 2.065384e-23
   3030.000000 2.057698e-23
   3032.000000 2.057698e-23
   3034.000000 1.886010e-23
   3036.000000 1.886010e-23
   3038.000000 1.947893e-23
   3040.000000 1.947893e-23
   3042.000000 1.988826e-23
   3044.000000 1.988826e-23
   3046.000000 1.977075e-23
   3048.000000 1.977075e-23
   3050.000000 2.037179e-23
   3052.000000 2.037179e-23
   3054.000000 1.986035e-23
   3056.000000 1.986035e-23
   3058.000000 2.030171e-23
   3060.000000 2.030171e-23
   3062.000000 1.895906e-23
   3064.000000 1.895906e-23
   3066.000000 2.107540e-23
   3068.000000 2.107540e-23
   3070.000000 2.053928e-23
   3072.000000 2.053928e-23
   3074.000000 2.006734e-23
   3076.000000 2.006734e-23
   3078.000000 1.874441e-23
   3080.000000 1.874441e-23
   3082.000000 2.104259e-23
   3084.000000 2.104259e-23
   3086.000000 2.026882e-23
   3088.000000 2.026882e-23
   3090.000000 1.951476e-23
   3092.000000 1.951476e-23
   3094.000000 1.972541e-23
   3096.000000 1.972541e-23
   3098.000000 2.035525e-23
   3100.000000 2.035525e-23
   3102.000000 1.993899e-23
   3104.000000 1.993899e-23
   3106.000000 2.236366e-23
   3108.000000 2.236366e-23
   3110.000000 2.153875e-23
   3112.000000 2.153875e-23
   3114.000000 2.157870e-23
   3116.000000 2.157870e-23
   3118.000000 2.056829e-23
   3120.000000 2.056829e-23
   3122.000000 2.100625e-23
   3124.000000 2.100625e-23
   3126.000000 2.110342e-23
   3128.000000 2.110342e-23
   3130.000000 2.136553e-23
   3132.000000 2.136553e-23
   3134.000000 2.196317e-23
   3136.000000 2.196317e-23
   3138.000000 2.255515e-23
   3140.000000 2.255515e-23
   3142.000000 2.118459e-23
   3144.000000 2.118459e-23
   3146.000000 2.088842e-23
   3148.000000 2.088842e-23
   3150.000000 2.086069e-23
   3152.000000 2.086069e-23
   3154.000000 2.134406e-23
   3156.000000 2.134406e-23
   3158.000000 2.151110e-23
   3160.000000 2.151110e-23
   3162.000000 2.146263e-23
   3164.000000 2.146263e-23
   3166.000000 2.165788e-23
   3168.000000 2.165788e-23
   3170.000000 2.132063e-23
   3172.000000 2.132063e-23
   3174.000000 2.320539e-23
   3176.000000 2.320539e-23
   3178.000000 2.094453e-23
   3180.000000 2.094453e-23
   3182.000000 2.269541e-23
   3184.000000 2.269541e-23
   3186.000000 2.159972e-23
   3188.000000 2.159972e-23
   3190.000000 2.044675e-23
   3192.000000 2.044675e-23
   3194.000000 2.217904e-23
   3196.000000 2.217904e-23
   3198.000000 2.119030e-23
   3200.000000 2.119030e-23
   3202.000000 2.119045e-23
   3204.000000 2.119045e-23
   3206.000000 2.191949e-23
   3208.000000 2.191949e-23
   3210.000000 2.153856e-23
   3212.000000 2.153856e-23
   3214.000000 2.286730e-23
   3216.000000 2.286730e-23
   3218.000000 2.251238e-23
   3220.000000 2.251238e-23
   3222.000000 2.305104e-23
   3224.000000 2.305104e-23
   3226.000000 2.176826e-23
   3228.000000 2.176826e-23
   3230.000000 2.007449e-23
   3232.000000 2.007449e-23
   3234.000000 2.255969e-23
   3236.000000 2.255969e-23
   3238.000000 2.180296e-23
   3240.000000 2.180296e-23
   3242.000000 2.237963e-23
   3244.000000 2.237963e-23
   3246.000000 2.152580e-23
   3248.000000 2.152580e-23
   3250.000000 2.054353e-23
   3252.000000 2.054353e-23
   3254.000000 2.241525e-23
   3256.000000 2.241525e-23
   3258.000000 2.137938e-23
   3260.000000 2.137938e-23
   3262.000000 2.319946e-23
   3264.000000 2.319946e-23
   3266.000000 2.216398e-23
   3268.000000 2.216398e-23
   3270.000000 2.098881e-23
   3272.000000 2.098881e-23
   3274.000000 2.275454e-23
   3276.000000 2.275454e-23
   3278.000000 2.207886e-23
   3280.000000 2.207886e-23
   3282.000000 2.129222e-23
   3284.000000 2.129222e-23
   3286.000000 2.338338e-23
   3288.000000 2.338338e-23
   3290.000000 2.233833e-23
   3292.000000 2.233833e-23
   3294.000000 2.271071e-23
   3296.000000 2.271071e-23
   3298.000000 2.173764e-23
   3300.000000 2.173764e-23
   3302.000000 2.312554e-23
   3304.000000 2.312554e-23
   3306.000000 2.433362e-23
   3308.000000 2.433362e-23
   3310.000000 2.330583e-23
   3312.000000 2.330583e-23
   3314.000000 2.256307e-23
   3316.000000 2.256307e-23
   3318.000000 2.411696e-23
   3320.000000 2.411696e-23
   3322.000000 2.322243e-23
   3324.000000 2.322243e-23
   3326.000000 2.441127e-23
   3328.000000 2.441127e-23
   3330.000000 2.452732e-23
   3332.000000 2.452732e-23
   3334.000000 2.302131e-23
   3336.000000 2.302131e-23
   3338.000000 2.241717e-23
   3340.000000 2.241717e-23
   3342.000000 2.432820e-23
   3344.000000 2.432820e-23
   3346.000000 2.335175e-23
   3348.000000 2.335175e-23
   3350.000000 2.453759e-23
   3352.000000 2.453759e-23
   3354.000000 2.541807e-23
   3356.000000 2.541807e-23
   3358.000000 2.417254e-23
   3360.000000 2.417254e-23
   3362.000000 2.461331e-23
   3364.000000 2.461331e-23
   3366.000000 2.633652e-23
   3368.000000 2.633652e-23
   3370.000000 2.714367e-23
   3372.000000 2.714367e-23
   3374.000000 2.638847e-23
   3376.000000 2.638847e-23
   3378.000000 2.608951e-23
   3380.000000 2.608951e-23
   3382.000000 2.984569e-23
   3384.000000 2.984569e-23
   3386.000000 2.753998e-23
   3388.000000 2.753998e-23
   3390.000000 2.605824e-23
   3392.000000 2.605824e-23
   3394.000000 2.536156e-23
   3396.000000 2.536156e-23
   3398.000000 2.541282e-23
   3400.000000 2.541282e-23
   3402.000000 2.393046e-23
   3404.000000 2.393046e-23
   3406.000000 2.474219e-23
   3408.000000 2.474219e-23
   3410.000000 2.244250e-23
   3412.000000 2.244250e-23
   3414.000000 2.319080e-23
   3416.000000 2.319080e-23
   3418.000000 2.232322e-23
   3420.000000 2.232322e-23
   3422.000000 2.417036e-23
   3424.000000 2.417036e-23
   3426.000000 2.433440e-23
   3428.000000 2.433440e-23
   3430.000000 2.090318e-23
   3432.000000 2.090318e-23
   3434.000000 2.342411e-23
   3436.000000 2.342411e-23
   3438.000000 2.413483e-23
   3440.000000 2.413483e-23
   3442.000000 2.223966e-23
   3444.000000 2.223966e-23
   3446.000000 2.288493e-23
   3448.000000 2.288493e-23
   3450.000000 2.293991e-23
   3452.000000 2.293991e-23
   3454.000000 2.249333e-23
   3456.000000 2.249333e-23
   3458.000000 2.314683e-23
   3460.000000 2.314683e-23
   3462.000000 2.320807e-23
   3464.000000 2.320807e-23
   3466.000000 2.095668e-23
   3468.000000 2.095668e-23
   3470.000000 2.203703e-23
   3472.000000 2.203703e-23
   3474.000000 2.373561e-23
   3476.000000 2.373561e-23
   3478.000000 2.288169e-23
   3480.000000 2.288169e-23
   3482.000000 2.212798e-23
   3484.000000 2.212798e-23
   3486.000000 2.328394e-23
   3488.000000 2.328394e-23
   3490.000000 2.315145e-23
   3492.000000 2.315145e-23
   3494.000000 2.226293e-23
   3496.000000 2.226293e-23
   3498.000000 2.283444e-23
   3500.000000 2.283444e-23
   3502.000000 2.233199e-23
   3504.000000 2.233199e-23
   3506.000000 2.339048e-23
   3508.000000 2.339048e-23
   3510.000000 2.312398e-23
   3512.000000 2.312398e-23
   3514.000000 2.477493e-23
   3516.000000 2.477493e-23
   3518.000000 2.464298e-23
   3520.000000 2.464298e-23
   3522.000000 2.411228e-23
   3524.000000 2.411228e-23
   3526.000000 2.412430e-23
   3528.000000 2.412430e-23
   3530.000000 2.231530e-23
   3532.000000 2.231530e-23
   3534.000000 2.420699e-23
   3536.000000 2.420699e-23
   3538.000000 2.494923e-23
   3540.000000 2.494923e-23
   3542.000000 2.393729e-23
   3544.000000 2.393729e-23
   3546.000000 2.371481e-23
   3548.000000 2.371481e-23
   3550.000000 2.403749e-23
   3552.000000 2.403749e-23
   3554.000000 2.376356e-23
   3556.000000 2.376356e-23
   3558.000000 2.334120e-23
   3560.000000 2.334120e-23
   3562.000000 2.214794e-23
   3564.000000 2.214794e-23
   3566.000000 2.253444e-23
   3568.000000 2.253444e-23
   3570.000000 2.325568e-23
   3572.000000 2.325568e-23
   3574.000000 2.488647e-23
   3576.000000 2.488647e-23
   3578.000000 2.532813e-23
   3580.000000 2.532813e-23
   3582.000000 2.397595e-23
   3584.000000 2.397595e-23
   3586.000000 2.392860e-23
   3588.000000 2.392860e-23
   3590.000000 2.496596e-23
   3592.000000 2.496596e-23
   3594.000000 2.373361e-23
   3596.000000 2.373361e-23
   3598.000000 2.776915e-23
   3600.000000 2.776915e-23
   3602.000000 5.625744e-23
   3604.000000 5.625744e-23
   3606.000000 9.548129e-23
   3608.000000 9.548129e-23
   3610.000000 1.332486e-22
   3612.000000 1.332486e-22
   3614.000000 1.725415e-22
   3616.000000 1.725415e-22
   3618.000000 2.073073e-22
   3620.000000 2.073073e-22
   3622.000000 2.098515e-22
   3624.000000 2.098515e-22
   3626.000000 1.837771e-22
   3628.000000 1.837771e-22
   3630.000000 1.511116e-22
   3632.000000 1.511116e-22
   3634.000000 1.138489e-22
   3636.000000 1.138489e-22
   3638.000000 7.516548e-23
   3640.000000 7.516548e-23
   3642.000000 3.831911e-23
   3644.000000 3.831911e-23
   3646.000000 2.480492e-23
   3648.000000 2.480492e-23
   3650.000000 2.411666e-23
   3652.000000 2.411666e-23
   3654.000000 2.563785e-23
   3656.000000 2.563785e-23
   3658.000000 2.470735e-23
   3660.000000 2.470735e-23
   3662.000000 2.673442e-23
   3664.000000 2.673442e-23
   3666.000000 2.428364e-23
   3668.000000 2.428364e-23
   3670.000000 2.467600e-23
   3672.000000 2.467600e-23
   3674.000000 2.431250e-23
   3676.000000 2.431250e-23
   3678.000000 2.657933e-23
   3680.000000 2.657933e-23
   3682.000000 2.444841e-23
   3684.000000 2.444841e-23
   3686.000000 2.290989e-23
   3688.000000 2.290989e-23
   3690.000000 2.679056e-23
   3692.000000 2.679056e-23
   3694.000000 2.444310e-23
   3696.000000 2.444310e-23
   3698.000000 2.596783e-23
   3700.000000 2.596783e-23
   3702.000000 2.644279e-23
   3704.000000 2.644279e-23
   3706.000000 2.874118e-23
   3708.000000 2.874118e-23
   3710.000000 2.592446e-23
   3712.000000 2.592446e-23
   3714.000000 2.799776e-23
   3716.000000 2.799776e-23
   3718.000000 2.669448e-23
   3720.000000 2.669448e-23
   3722.000000 2.852007e-23
   3724.000000 2.852007e-23
   3726.000000 2.767317e-23
   3728.000000 2.767317e-23
   3730.000000 2.848173e-23
   3732.000000 2.848173e-23
   3734.000000 2.904051e-23
   3736.000000 2.904051e-23
   3738.000000 2.593365e-23
   3740.000000 2.593365e-23
   3742.000000 2.463880e-23
   3744.000000 2.463880e-23
   3746.000000 2.578517e-23
   3748.000000 2.578517e-23
   3750.000000 2.704802e-23
   3752.000000 2.704802e-23
   3754.000000 2.600864e-23
   3756.000000 2.600864e-23
   3758.000000 2.715585e-23
   3760.000000 2.715585e-23
   3762.000000 2.559956e-23
   3764.000000 2.559956e-23
   3766.000000 2.679211e-23
   3768.000000 2.679211e-23
   3770.000000 2.853097e-23
   3772.000000 2.853097e-23
   3774.000000 2.871952e-23
   3776.000000 2.871952e-23
   3778.000000 2.943841e-23
   3780.000000 2.943841e-23
   3782.000000 2.769630e-23
   3784.000000 2.769630e-23
   3786.000000 2.832005e-23
   3788.000000 2.832005e-23
   3790.000000 2.867121e-23
   3792.000000 2.867121e-23
   3794.000000 2.651202e-23
   3796.000000 2.651202e-23
   3798.000000 2.991315e-23
   3800.000000 2.991315e-23
   3802.000000 2.798023e-23
   3804.000000 2.798023e-23
   3806.000000 2.870681e-23
   3808.000000 2.870681e-23
   3810.000000 2.938104e-23
   3812.000000 2.938104e-23
   3814.000000 2.696375e-23
   3816.000000 2.696375e-23
   3818.000000 2.714675e-23
   3820.000000 2.714675e-23
   3822.000000 2.674227e-23
   3824.000000 2.674227e-23
   3826.000000 2.596386e-23
   3828.000000 2.596386e-23
   3830.000000 2.711461e-23
   3832.000000 2.711461e-23
   3834.000000 2.742479e-23
   3836.000000 2.742479e-23
   3838.000000 2.734646e-23
   3840.000000 2.734646e-23
   3842.000000 2.796471e-23
   3844.000000 2.796471e-23
   3846.000000 2.918314e-23
   3848.000000 2.918314e-23
   3850.000000 2.839109e-23
   3852.000000 2.839109e-23
   3854.000000 2.619905e-23
   3856.000000 2.619905e-23
   3858.000000 2.770453e-23
   3860.000000 2.770453e-23
   3862.000000 2.703063e-23
   3864.000000 2.703063e-23
   3866.000000 2.618261e-23
   3868.000000 2.618261e-23
   3870.000000 2.750556e-23
   3872.000000 2.750556e-23
   3874.000000 2.884546e-23
   3876.000000 2.884546e-23
   3878.000000 2.732001e-23
   3880.000000 2.732001e-23
   3882.000000 2.943028e-23
   3884.000000 2.943028e-23
   3886.000000 2.664277e-23
   3888.000000 2.664277e-23
   3890.000000 2.918788e-23
   3892.000000 2.918788e-23
   3894.000000 2.711195e-23
   3896.000000 2.711195e-23
   3898.000000 2.593245e-23
   3900.000000 2.593245e-23
   3902.000000 2.730582e-23
   3904.000000 2.730582e-23
   3906.000000 2.679825e-23
   3908.000000 2.679825e-23
   3910.000000 2.610945e-23
   3912.000000 2.610945e-23
   3914.000000 2.540513e-23
   3916.000000 2.540513e-23
   3918.000000 2.674510e-23
   3920.000000 2.674510e-23
   3922.000000 2.604843e-23
   3924.000000 2.604843e-23
   3926.000000 2.626248e-23
   3928.000000 2.626248e-23
   3930.000000 2.685730e-23
   3932.000000 2.685730e-23
   3934.000000 2.703794e-23
   3936.000000 2.703794e-23
   3938.000000 2.607425e-23
   3940.000000 2.607425e-23
   3942.000000 2.685931e-23
   3944.000000 2.685931e-23
   3946.000000 2.654139e-23
   3948.000000 2.654139e-23
   3950.000000 2.795179e-23
   3952.000000 2.795179e-23
   3954.000000 2.547436e-23
   3956.000000 2.547436e-23
   3958.000000 2.655748e-23
   3960.000000 2.655748e-23
   3962.000000 2.675715e-23
   3964.000000 2.675715e-23
   3966.000000 2.762817e-23
   3968.000000 2.762817e-23
   3970.000000 2.817922e-23
   3972.000000 2.817922e-23
   3974.000000 2.717558e-23
   3976.000000 2.717558e-23
   3978.000000 2.812430e-23
   3980.000000 2.812430e-23
   3982.000000 2.781547e-23
   3984.000000 2.781547e-23
   3986.000000 2.670153e-23
   3988.000000 2.670153e-23
   3990.000000 2.838833e-23
   3992.000000 2.838833e-23
   3994.000000 2.940349e-23
   3996.000000 2.940349e-23
   3998.000000 2.900175e-23
   4000.000000 2.900175e-23
   4002.000000 3.002869e-23
   4004.000000 3.002869e-23
   4006.000000 3.152576e-23
   4008.000000 3.152576e-23
   4010.000000 2.768312e-23
   4012.000000 2.768312e-23
   4014.000000 2.762472e-23
   4016.000000 2.762472e-23
   4018.000000 2.747545e-23
   4020.000000 2.747545e-23
   4022.000000 2.693867e-23
   4024.000000 2.693867e-23
   4026.000000 2.600458e-23
   4028.000000 2.600458e-23
   4030.000000 2.792966e-23
   4032.000000 2.792966e-23
   4034.000000 2.927447e-23
   4036.000000 2.927447e-23
   4038.000000 2.832630e-23
   4040.000000 2.832630e-23
   4042.000000 2.882362e-23
   4044.000000 2.882362e-23
   4046.000000 2.587845e-23
   4048.000000 2.587845e-23
   4050.000000 2.573470e-23
   4052.000000 2.573470e-23
   4054.000000 2.734913e-23
   4056.000000 2.734913e-23
   4058.000000 2.834620e-23
   4060.000000 2.834620e-23
   4062.000000 2.923402e-23
   4064.000000 2.923402e-23
   4066.000000 2.679764e-23
   4068.000000 2.679764e-23
   4070.000000 2.661137e-23
   4072.000000 2.661137e-23
   4074.000000 2.888699e-23
   4076.000000 2.888699e-23
   4078.000000 2.640245e-23
   4080.000000 2.640245e-23
   4082.000000 2.876513e-23
   4084.000000 2.876513e-23
   4086.000000 2.781423e-23
   4088.000000 2.781423e-23
   4090.000000 2.836482e-23
   4092.000000 2.836482e-23
   4094.000000 1.104854e-02
