1164556494.721069 2.048766e-01
1164556494.721191 2.135461e-01
1164556494.721313 1.764088e-01
1164556494.721436 9.823426e-02
1164556494.721558 2.746163e-02
1164556494.721680 -1.094050e-02
1164556494.721802 -5.513524e-02
1164556494.721924 -9.908764e-02
1164556494.722046 -1.106984e-01
1164556494.722168 -1.201775e-01
1164556494.722290 -1.072172e-01
1164556494.722412 -6.784841e-02
1164556494.722534 -2.792581e-02
1164556494.722656 1.991593e-02
1164556494.722778 6.252211e-02
1164556494.722900 9.400699e-02
1164556494.723022 9.491711e-02
1164556494.723145 9.248455e-02
1164556494.723267 8.086033e-02
1164556494.723389 4.770418e-02
1164556494.723511 2.929903e-02
1164556494.723633 -1.124925e-03
1164556494.723755 -5.403639e-02
1164556494.723877 -9.288670e-02
1164556494.723999 -1.144123e-01
1164556494.724121 -1.044977e-01
1164556494.724243 -8.136459e-02
1164556494.724365 -3.858015e-02
1164556494.724487 -1.490046e-04
1164556494.724609 2.861689e-02
1164556494.724731 6.695517e-02
1164556494.724854 8.086121e-02
1164556494.724976 9.459108e-02
1164556494.725098 1.055619e-01
1164556494.725220 7.403995e-02
1164556494.725342 2.996525e-02
1164556494.725464 1.581962e-03
1164556494.725586 -1.077114e-02
1164556494.725708 -5.836430e-02
1164556494.725830 -1.084208e-01
1164556494.725952 -1.353267e-01
1164556494.726074 -1.203813e-01
1164556494.726196 -6.856969e-02
1164556494.726318 -2.760694e-02
1164556494.726440 1.142280e-02
1164556494.726562 6.023371e-02
1164556494.726685 1.006553e-01
1164556494.726807 1.187005e-01
1164556494.726929 1.127716e-01
1164556494.727051 1.116139e-01
1164556494.727173 9.087242e-02
1164556494.727295 3.708501e-02
1164556494.727417 -3.991143e-02
1164556494.727539 -1.014753e-01
1164556494.727661 -1.482084e-01
1164556494.727783 -1.800629e-01
1164556494.727905 -1.662686e-01
1164556494.728027 -1.092472e-01
1164556494.728149 -1.292844e-02
1164556494.728271 9.148350e-02
1164556494.728394 1.536987e-01
1164556494.728516 1.532556e-01
1164556494.728638 1.233228e-01
1164556494.728760 1.023174e-01
1164556494.728882 6.255449e-02
1164556494.729004 8.851868e-03
1164556494.729126 -3.866735e-02
1164556494.729248 -6.896371e-02
1164556494.729370 -9.038158e-02
1164556494.729492 -9.713159e-02
1164556494.729614 -1.030529e-01
1164556494.729736 -8.794453e-02
1164556494.729858 -5.055132e-02
1164556494.729980 -1.949996e-02
1164556494.730103 1.432909e-02
1164556494.730225 6.534102e-02
1164556494.730347 1.033893e-01
1164556494.730469 1.204659e-01
1164556494.730591 1.036983e-01
1164556494.730713 6.642077e-02
1164556494.730835 4.095644e-02
1164556494.730957 1.582632e-02
1164556494.731079 -2.642982e-02
1164556494.731201 -7.547590e-02
1164556494.731323 -1.076526e-01
1164556494.731445 -1.286263e-01
1164556494.731567 -1.213735e-01
1164556494.731689 -7.197175e-02
1164556494.731812 -3.083763e-02
1164556494.731934 1.227485e-02
1164556494.732056 7.637089e-02
1164556494.732178 1.355916e-01
1164556494.732300 1.437509e-01
1164556494.732422 1.156258e-01
1164556494.732544 6.616463e-02
1164556494.732666 6.621433e-04
1164556494.732788 -4.360147e-02
1164556494.732910 -6.252819e-02
1164556494.733032 -8.052636e-02
1164556494.733154 -8.194238e-02
1164556494.733276 -6.561041e-02
1164556494.733398 -4.827633e-02
1164556494.733521 -3.475879e-02
1164556494.733643 -8.209358e-04
1164556494.733765 2.511890e-02
1164556494.733887 2.581429e-02
1164556494.734009 3.188877e-02
1164556494.734131 5.214276e-02
1164556494.734253 5.702198e-02
1164556494.734375 5.189658e-02
1164556494.734497 5.943037e-02
1164556494.734619 3.997966e-02
1164556494.734741 -8.566226e-03
1164556494.734863 -3.486221e-02
1164556494.734985 -5.569093e-02
1164556494.735107 -7.169026e-02
1164556494.735229 -6.009188e-02
1164556494.735352 -3.854951e-02
1164556494.735474 -4.227681e-02
1164556494.735596 -3.015991e-02
1164556494.735718 1.008076e-02
1164556494.735840 3.094829e-02
1164556494.735962 4.353711e-02
1164556494.736084 6.676681e-02
1164556494.736206 6.156991e-02
1164556494.736328 5.489110e-02
1164556494.736450 4.615686e-02
1164556494.736572 -2.112954e-04
1164556494.736694 -4.572102e-02
1164556494.736816 -3.844623e-02
1164556494.736938 -2.422394e-02
1164556494.737061 -3.098078e-02
1164556494.737183 -3.431310e-02
1164556494.737305 -2.904674e-02
1164556494.737427 -2.043845e-02
1164556494.737549 -4.744570e-03
1164556494.737671 -1.827951e-02
1164556494.737793 -2.834776e-02
1164556494.737915 -2.635074e-03
1164556494.738037 3.207387e-02
1164556494.738159 5.477387e-02
1164556494.738281 7.031968e-02
1164556494.738403 7.275506e-02
1164556494.738525 5.992222e-02
1164556494.738647 2.821268e-02
1164556494.738770 -2.084816e-02
1164556494.738892 -6.363777e-02
1164556494.739014 -5.837779e-02
1164556494.739136 -4.550807e-02
1164556494.739258 -5.424274e-02
1164556494.739380 -5.583701e-02
1164556494.739502 -3.630532e-02
1164556494.739624 -1.527596e-02
1164556494.739746 -1.216207e-03
1164556494.739868 -3.682075e-03
1164556494.739990 1.714988e-02
1164556494.740112 6.842219e-02
1164556494.740234 1.110587e-01
1164556494.740356 1.063803e-01
1164556494.740479 9.468058e-02
1164556494.740601 7.471355e-02
1164556494.740723 2.564087e-03
1164556494.740845 -8.600654e-02
1164556494.740967 -1.423426e-01
1164556494.741089 -1.523019e-01
1164556494.741211 -1.182069e-01
1164556494.741333 -8.602991e-02
1164556494.741455 -3.948940e-02
1164556494.741577 1.761917e-02
1164556494.741699 6.176216e-02
1164556494.741821 9.151829e-02
1164556494.741943 1.215689e-01
1164556494.742065 1.595954e-01
1164556494.742188 1.406791e-01
1164556494.742310 6.632713e-02
1164556494.742432 -1.206182e-02
1164556494.742554 -8.342783e-02
1164556494.742676 -1.184058e-01
1164556494.742798 -1.375105e-01
1164556494.742920 -1.313684e-01
1164556494.743042 -9.800867e-02
1164556494.743164 -3.652816e-02
1164556494.743286 2.976388e-02
1164556494.743408 6.824897e-02
1164556494.743530 7.688238e-02
1164556494.743652 6.482023e-02
1164556494.743774 3.183208e-02
1164556494.743896 3.646852e-02
1164556494.744019 5.345720e-02
1164556494.744141 5.831877e-02
1164556494.744263 5.127820e-02
1164556494.744385 1.672249e-02
1164556494.744507 -2.271366e-02
1164556494.744629 -6.431008e-02
1164556494.744751 -1.003423e-01
1164556494.744873 -1.104680e-01
1164556494.744995 -8.888230e-02
1164556494.745117 -4.697414e-02
1164556494.745239 -1.267612e-02
1164556494.745361 3.194815e-02
1164556494.745483 7.271991e-02
1164556494.745605 8.172961e-02
1164556494.745728 6.291765e-02
1164556494.745850 3.925479e-02
1164556494.745972 3.827920e-02
1164556494.746094 4.996640e-02
1164556494.746216 3.089892e-02
1164556494.746338 -2.154008e-03
1164556494.746460 -2.653313e-02
1164556494.746582 -3.465316e-02
1164556494.746704 -5.931156e-02
1164556494.746826 -8.432095e-02
1164556494.746948 -7.644116e-02
1164556494.747070 -5.085339e-02
1164556494.747192 -5.094116e-02
1164556494.747314 -2.470429e-02
1164556494.747437 1.823614e-02
1164556494.747559 5.098945e-02
1164556494.747681 8.037631e-02
1164556494.747803 1.051842e-01
1164556494.747925 1.159889e-01
1164556494.748047 1.033877e-01
1164556494.748169 7.764640e-02
1164556494.748291 1.928523e-02
1164556494.748413 -8.164999e-02
1164556494.748535 -1.342502e-01
1164556494.748657 -1.402166e-01
1164556494.748779 -1.504496e-01
1164556494.748901 -1.335395e-01
1164556494.749023 -5.384148e-02
1164556494.749146 3.680479e-02
1164556494.749268 9.774277e-02
1164556494.749390 1.318274e-01
1164556494.749512 1.242242e-01
1164556494.749634 8.480930e-02
1164556494.749756 5.876675e-02
1164556494.749878 2.190249e-02
1164556494.750000 -1.334293e-02
1164556494.750122 -8.617246e-03
1164556494.750244 -4.373515e-04
1164556494.750366 -4.463869e-02
1164556494.750488 -8.569014e-02
1164556494.750610 -9.623302e-02
1164556494.750732 -9.394172e-02
1164556494.750854 -8.333136e-02
1164556494.750977 -4.076585e-02
1164556494.751099 2.473547e-02
1164556494.751221 6.451403e-02
1164556494.751343 9.170451e-02
1164556494.751465 1.097466e-01
1164556494.751587 8.036894e-02
1164556494.751709 4.559503e-02
1164556494.751831 3.058749e-02
1164556494.751953 8.408002e-03
1164556494.752075 -2.948955e-02
1164556494.752197 -3.100858e-02
1164556494.752319 -3.033075e-02
1164556494.752441 -5.532194e-02
1164556494.752563 -7.502847e-02
1164556494.752686 -7.261655e-02
1164556494.752808 -6.810301e-02
1164556494.752930 -4.639281e-02
1164556494.753052 1.724613e-03
1164556494.753174 4.149842e-02
1164556494.753296 5.483408e-02
1164556494.753418 7.875681e-02
1164556494.753540 8.697109e-02
1164556494.753662 6.453269e-02
1164556494.753784 5.063117e-02
1164556494.753906 5.007709e-02
1164556494.754028 2.053190e-02
1164556494.754150 -2.319634e-02
1164556494.754272 -5.598713e-02
1164556494.754395 -6.785426e-02
1164556494.754517 -8.543321e-02
1164556494.754639 -1.024087e-01
1164556494.754761 -1.092339e-01
1164556494.754883 -1.009090e-01
1164556494.755005 -4.342547e-02
1164556494.755127 4.282729e-02
1164556494.755249 1.147735e-01
1164556494.755371 1.853036e-01
1164556494.755493 2.026608e-01
1164556494.755615 1.252791e-01
1164556494.755737 2.574216e-02
1164556494.755859 -2.996880e-02
1164556494.755981 -5.791514e-02
1164556494.756104 -9.487428e-02
1164556494.756226 -1.228102e-01
1164556494.756348 -1.131380e-01
1164556494.756470 -9.082797e-02
1164556494.756592 -6.714954e-02
1164556494.756714 -5.065319e-02
1164556494.756836 -7.297647e-03
1164556494.756958 6.400116e-02
1164556494.757080 1.116238e-01
1164556494.757202 1.315585e-01
1164556494.757324 1.260993e-01
1164556494.757446 7.371016e-02
1164556494.757568 1.777359e-02
1164556494.757690 -1.991853e-02
1164556494.757812 -3.541258e-02
1164556494.757935 -4.192427e-02
1164556494.758057 -5.905864e-02
1164556494.758179 -8.113658e-02
1164556494.758301 -6.938245e-02
1164556494.758423 -3.940637e-02
1164556494.758545 -2.196518e-02
1164556494.758667 -1.591803e-02
1164556494.758789 -5.948987e-03
1164556494.758911 1.526266e-02
1164556494.759033 3.675018e-02
1164556494.759155 3.266447e-02
1164556494.759277 4.415272e-02
1164556494.759399 8.058813e-02
1164556494.759521 8.456154e-02
1164556494.759644 4.970419e-02
1164556494.759766 2.266642e-02
1164556494.759888 1.067384e-02
1164556494.760010 -1.117916e-02
1164556494.760132 -5.226006e-02
1164556494.760254 -9.145831e-02
1164556494.760376 -1.329372e-01
1164556494.760498 -1.342297e-01
1164556494.760620 -9.182734e-02
1164556494.760742 -4.700364e-02
1164556494.760864 1.936250e-02
1164556494.760986 1.105642e-01
1164556494.761108 1.699324e-01
1164556494.761230 1.592888e-01
1164556494.761353 9.841456e-02
1164556494.761475 4.243854e-02
1164556494.761597 -1.949760e-02
1164556494.761719 -3.469473e-02
1164556494.761841 -1.217216e-02
1164556494.761963 -1.497538e-02
1164556494.762085 -5.277374e-02
1164556494.762207 -8.690197e-02
1164556494.762329 -1.260619e-01
1164556494.762451 -1.522791e-01
1164556494.762573 -1.076311e-01
1164556494.762695 -2.707661e-02
1164556494.762817 2.309162e-02
1164556494.762939 1.055123e-01
1164556494.763062 1.888333e-01
1164556494.763184 1.913104e-01
1164556494.763306 1.399154e-01
1164556494.763428 9.134331e-02
1164556494.763550 2.823704e-02
1164556494.763672 -3.441186e-02
1164556494.763794 -6.821031e-02
1164556494.763916 -1.182477e-01
1164556494.764038 -1.850360e-01
1164556494.764160 -1.906295e-01
1164556494.764282 -1.405807e-01
1164556494.764404 -7.276048e-02
1164556494.764526 -1.645932e-03
1164556494.764648 7.499488e-02
1164556494.764771 1.347733e-01
1164556494.764893 1.870079e-01
1164556494.765015 1.951217e-01
1164556494.765137 1.408322e-01
1164556494.765259 7.961206e-02
1164556494.765381 1.596593e-02
1164556494.765503 -6.551375e-02
1164556494.765625 -1.406850e-01
1164556494.765747 -1.820050e-01
1164556494.765869 -1.598934e-01
1164556494.765991 -1.090834e-01
1164556494.766113 -4.209072e-02
1164556494.766235 8.676334e-03
1164556494.766357 6.241523e-02
1164556494.766479 9.991450e-02
1164556494.766602 9.603772e-02
1164556494.766724 6.790373e-02
1164556494.766846 4.838087e-02
1164556494.766968 1.449193e-02
1164556494.767090 -1.447853e-02
1164556494.767212 -1.367969e-03
1164556494.767334 4.015841e-03
1164556494.767456 -1.939492e-02
1164556494.767578 -7.684630e-03
1164556494.767700 4.182949e-03
1164556494.767822 6.591029e-03
1164556494.767944 5.958856e-03
1164556494.768066 -1.614833e-02
1164556494.768188 -6.845171e-02
1164556494.768311 -1.024156e-01
1164556494.768433 -9.039611e-02
1164556494.768555 -9.463061e-02
1164556494.768677 -5.483739e-02
1164556494.768799 5.437160e-02
1164556494.768921 1.414184e-01
1164556494.769043 1.845617e-01
1164556494.769165 1.845800e-01
1164556494.769287 1.366419e-01
1164556494.769409 5.260850e-02
1164556494.769531 -1.266959e-02
1164556494.769653 -7.686451e-02
1164556494.769775 -1.548025e-01
1164556494.769897 -1.984056e-01
1164556494.770020 -1.676130e-01
1164556494.770142 -1.163342e-01
1164556494.770264 -7.683517e-02
1164556494.770386 -3.021693e-02
1164556494.770508 3.544833e-02
1164556494.770630 1.030061e-01
1164556494.770752 1.721674e-01
1164556494.770874 2.065580e-01
1164556494.770996 2.074129e-01
1164556494.771118 1.691519e-01
1164556494.771240 6.927540e-02
1164556494.771362 -7.075897e-02
1164556494.771484 -1.938476e-01
1164556494.771606 -2.260489e-01
1164556494.771729 -1.862913e-01
1164556494.771851 -1.382860e-01
1164556494.771973 -7.016266e-02
1164556494.772095 -7.996583e-03
1164556494.772217 4.415071e-02
1164556494.772339 8.363344e-02
1164556494.772461 8.250948e-02
1164556494.772583 6.665651e-02
1164556494.772705 7.793107e-02
1164556494.772827 1.048427e-01
1164556494.772949 1.266126e-01
1164556494.773071 1.080869e-01
1164556494.773193 3.937335e-02
1164556494.773315 -4.759824e-02
1164556494.773438 -1.043786e-01
1164556494.773560 -1.388330e-01
1164556494.773682 -1.525903e-01
1164556494.773804 -1.402408e-01
1164556494.773926 -9.528920e-02
1164556494.774048 -4.454359e-02
1164556494.774170 -2.092142e-03
1164556494.774292 5.107424e-02
1164556494.774414 9.451477e-02
1164556494.774536 1.222603e-01
1164556494.774658 1.492592e-01
1164556494.774780 1.290430e-01
1164556494.774902 8.644066e-02
1164556494.775024 5.699247e-02
1164556494.775146 2.507981e-02
1164556494.775269 -4.144758e-02
1164556494.775391 -1.301807e-01
1164556494.775513 -1.729527e-01
1164556494.775635 -1.598657e-01
1164556494.775757 -1.173784e-01
1164556494.775879 -5.314525e-02
1164556494.776001 -1.708944e-02
1164556494.776123 1.520586e-02
1164556494.776245 6.823280e-02
1164556494.776367 9.765565e-02
1164556494.776489 9.010989e-02
1164556494.776611 1.019285e-01
1164556494.776733 1.226891e-01
1164556494.776855 1.129808e-01
1164556494.776978 5.902942e-02
1164556494.777100 2.504348e-03
1164556494.777222 -5.668564e-02
1164556494.777344 -1.001581e-01
1164556494.777466 -1.230938e-01
1164556494.777588 -1.322329e-01
1164556494.777710 -1.409234e-01
1164556494.777832 -1.175279e-01
1164556494.777954 -5.255597e-02
1164556494.778076 1.811737e-04
1164556494.778198 4.182240e-02
1164556494.778320 9.541906e-02
1164556494.778442 1.541924e-01
1164556494.778564 1.847507e-01
1164556494.778687 1.707499e-01
1164556494.778809 1.339342e-01
1164556494.778931 6.443897e-02
1164556494.779053 -3.610847e-03
1164556494.779175 -8.370607e-02
1164556494.779297 -1.865049e-01
1164556494.779419 -2.396310e-01
1164556494.779541 -2.254344e-01
1164556494.779663 -1.750686e-01
1164556494.779785 -8.805653e-02
1164556494.779907 2.781513e-02
1164556494.780029 1.436930e-01
1164556494.780151 1.999621e-01
1164556494.780273 2.287370e-01
1164556494.780396 1.840794e-01
1164556494.780518 8.298928e-02
1164556494.780640 -1.873007e-02
1164556494.780762 -6.323032e-02
1164556494.780884 -4.551501e-02
1164556494.781006 -1.022151e-02
1164556494.781128 -2.579911e-02
1164556494.781250 -8.384846e-02
1164556494.781372 -1.080388e-01
1164556494.781494 -1.107863e-01
1164556494.781616 -1.263979e-01
1164556494.781738 -9.417397e-02
1164556494.781860 -2.681172e-02
1164556494.781982 6.166926e-02
1164556494.782104 1.399555e-01
1164556494.782227 1.569788e-01
1164556494.782349 1.092563e-01
1164556494.782471 6.680780e-02
1164556494.782593 6.319154e-02
1164556494.782715 4.984037e-02
1164556494.782837 3.334905e-02
1164556494.782959 2.496931e-02
1164556494.783081 -3.890600e-02
1164556494.783203 -1.202548e-01
1164556494.783325 -1.592925e-01
1164556494.783447 -1.675602e-01
1164556494.783569 -1.666081e-01
1164556494.783691 -9.773807e-02
1164556494.783813 -4.352986e-03
1164556494.783936 4.655321e-02
1164556494.784058 9.940055e-02
1164556494.784180 1.656384e-01
1164556494.784302 1.806132e-01
1164556494.784424 1.704238e-01
1164556494.784546 1.452945e-01
1164556494.784668 8.408738e-02
1164556494.784790 2.430690e-03
1164556494.784912 -6.261699e-02
1164556494.785034 -1.529958e-01
1164556494.785156 -2.094141e-01
1164556494.785278 -1.980998e-01
1164556494.785400 -1.625960e-01
1164556494.785522 -1.243531e-01
1164556494.785645 -4.465056e-02
1164556494.785767 4.866123e-02
1164556494.785889 1.059766e-01
1164556494.786011 1.598495e-01
1164556494.786133 1.913396e-01
1164556494.786255 1.699108e-01
1164556494.786377 1.438545e-01
1164556494.786499 8.037909e-02
1164556494.786621 9.688496e-03
1164556494.786743 -2.599927e-02
1164556494.786865 -5.037473e-02
1164556494.786987 -1.082331e-01
1164556494.787109 -2.026490e-01
1164556494.787231 -2.506149e-01
1164556494.787354 -2.078464e-01
1164556494.787476 -1.058652e-01
1164556494.787598 1.259009e-02
1164556494.787720 9.389276e-02
1164556494.787842 1.628020e-01
1164556494.787964 2.150070e-01
1164556494.788086 2.028420e-01
1164556494.788208 1.138819e-01
1164556494.788330 5.789585e-02
1164556494.788452 4.645211e-02
1164556494.788574 4.091820e-03
1164556494.788696 -4.041224e-02
1164556494.788818 -6.883895e-02
1164556494.788940 -1.336348e-01
1164556494.789062 -1.872311e-01
1164556494.789185 -1.730226e-01
1164556494.789307 -1.110846e-01
1164556494.789429 -5.484755e-02
1164556494.789551 1.479548e-03
1164556494.789673 3.702037e-02
1164556494.789795 5.118075e-02
1164556494.789917 1.100842e-01
1164556494.790039 1.658727e-01
1164556494.790161 1.521836e-01
1164556494.790283 1.557595e-01
1164556494.790405 1.538047e-01
1164556494.790527 8.683033e-02
1164556494.790649 -1.455836e-02
1164556494.790771 -8.482273e-02
1164556494.790894 -1.312491e-01
1164556494.791016 -2.141337e-01
1164556494.791138 -2.941860e-01
1164556494.791260 -2.855467e-01
1164556494.791382 -1.993099e-01
1164556494.791504 -6.050501e-02
1164556494.791626 1.000681e-01
1164556494.791748 2.337600e-01
1164556494.791870 3.170599e-01
1164556494.791992 3.448229e-01
1164556494.792114 2.852494e-01
1164556494.792236 1.541351e-01
1164556494.792358 3.221192e-02
1164556494.792480 -5.425413e-02
1164556494.792603 -1.761454e-01
1164556494.792725 -2.511982e-01
1164556494.792847 -2.386956e-01
1164556494.792969 -2.387408e-01
1164556494.793091 -2.428713e-01
1164556494.793213 -1.735863e-01
1164556494.793335 -7.004620e-02
1164556494.793457 3.437177e-02
1164556494.793579 1.663985e-01
1164556494.793701 2.962699e-01
1164556494.793823 3.493008e-01
1164556494.793945 3.424332e-01
1164556494.794067 2.706895e-01
1164556494.794189 1.291252e-01
1164556494.794312 -6.096965e-02
1164556494.794434 -2.006427e-01
1164556494.794556 -2.807603e-01
1164556494.794678 -3.254222e-01
1164556494.794800 -3.181432e-01
1164556494.794922 -2.427195e-01
1164556494.795044 -1.457809e-01
1164556494.795166 -2.321068e-02
1164556494.795288 1.100073e-01
1164556494.795410 2.054308e-01
1164556494.795532 2.669307e-01
1164556494.795654 2.950171e-01
1164556494.795776 2.595920e-01
1164556494.795898 1.757275e-01
1164556494.796021 7.772459e-02
1164556494.796143 -5.590431e-03
1164556494.796265 -1.133620e-01
1164556494.796387 -2.070799e-01
1164556494.796509 -2.385170e-01
1164556494.796631 -2.181653e-01
1164556494.796753 -1.824257e-01
1164556494.796875 -1.528537e-01
1164556494.796997 -1.083160e-01
1164556494.797119 -2.407681e-02
1164556494.797241 6.989021e-02
1164556494.797363 1.554422e-01
1164556494.797485 2.080264e-01
1164556494.797607 2.646925e-01
1164556494.797729 2.998640e-01
1164556494.797852 2.492974e-01
1164556494.797974 1.107804e-01
1164556494.798096 -4.230555e-02
1164556494.798218 -1.806497e-01
1164556494.798340 -2.838244e-01
1164556494.798462 -3.291789e-01
1164556494.798584 -2.828464e-01
1164556494.798706 -1.748835e-01
1164556494.798828 -6.495656e-02
1164556494.798950 2.178038e-02
1164556494.799072 9.508040e-02
1164556494.799194 1.637753e-01
1164556494.799316 2.237447e-01
1164556494.799438 2.056158e-01
1164556494.799561 1.763683e-01
1164556494.799683 1.402901e-01
1164556494.799805 8.762881e-02
1164556494.799927 2.725027e-02
1164556494.800049 -6.627294e-02
1164556494.800171 -1.773107e-01
1164556494.800293 -2.182016e-01
1164556494.800415 -1.965316e-01
1164556494.800537 -1.604608e-01
1164556494.800659 -1.143048e-01
1164556494.800781 -2.433587e-02
1164556494.800903 2.275563e-02
1164556494.801025 2.869453e-02
1164556494.801147 6.979098e-02
1164556494.801270 1.505144e-01
1164556494.801392 1.892334e-01
1164556494.801514 1.683477e-01
1164556494.801636 1.313023e-01
1164556494.801758 9.351523e-02
1164556494.801880 3.595049e-02
1164556494.802002 -3.232509e-02
1164556494.802124 -1.197024e-01
1164556494.802246 -2.065529e-01
1164556494.802368 -2.002425e-01
1164556494.802490 -1.424834e-01
1164556494.802612 -8.862476e-02
1164556494.802734 -1.726545e-02
1164556494.802856 6.415450e-03
1164556494.802979 -7.548976e-03
1164556494.803101 -8.438783e-03
1164556494.803223 6.542885e-02
1164556494.803345 1.384291e-01
1164556494.803467 1.796774e-01
1164556494.803589 2.330994e-01
1164556494.803711 2.287489e-01
1164556494.803833 1.157871e-01
1164556494.803955 1.345511e-03
1164556494.804077 -1.103345e-01
1164556494.804199 -2.076945e-01
1164556494.804321 -2.697837e-01
1164556494.804443 -2.776522e-01
1164556494.804565 -2.403872e-01
1164556494.804688 -1.530214e-01
1164556494.804810 -1.222374e-02
1164556494.804932 9.130755e-02
1164556494.805054 1.579742e-01
1164556494.805176 2.331831e-01
1164556494.805298 2.614816e-01
1164556494.805420 2.309995e-01
1164556494.805542 1.625653e-01
1164556494.805664 1.237158e-01
1164556494.805786 7.829755e-02
1164556494.805908 -5.863052e-02
1164556494.806030 -2.001936e-01
1164556494.806152 -2.597642e-01
1164556494.806274 -2.757425e-01
1164556494.806396 -2.769495e-01
1164556494.806519 -2.365957e-01
1164556494.806641 -1.078347e-01
1164556494.806763 1.504466e-02
1164556494.806885 1.297434e-01
1164556494.807007 2.173624e-01
1164556494.807129 2.684167e-01
1164556494.807251 3.111826e-01
1164556494.807373 3.055305e-01
1164556494.807495 2.013887e-01
1164556494.807617 6.886571e-02
1164556494.807739 -1.768130e-02
1164556494.807861 -1.281748e-01
1164556494.807983 -3.080930e-01
1164556494.808105 -3.941330e-01
1164556494.808228 -3.761197e-01
1164556494.808350 -2.939304e-01
1164556494.808472 -1.385656e-01
1164556494.808594 3.855804e-02
1164556494.808716 1.767450e-01
1164556494.808838 3.083033e-01
1164556494.808960 3.756337e-01
1164556494.809082 3.114072e-01
1164556494.809204 1.828454e-01
1164556494.809326 1.003543e-01
1164556494.809448 2.304045e-02
1164556494.809570 -6.298144e-02
1164556494.809692 -1.523374e-01
1164556494.809814 -2.035457e-01
1164556494.809937 -1.993144e-01
1164556494.810059 -1.894563e-01
1164556494.810181 -1.895587e-01
1164556494.810303 -1.490735e-01
1164556494.810425 -8.447350e-02
1164556494.810547 2.166164e-04
1164556494.810669 8.073429e-02
1164556494.810791 1.518045e-01
1164556494.810913 2.069711e-01
1164556494.811035 2.721267e-01
1164556494.811157 2.768602e-01
1164556494.811279 1.845527e-01
1164556494.811401 8.450733e-02
1164556494.811523 3.192841e-03
1164556494.811646 -1.065874e-01
1164556494.811768 -1.804698e-01
1164556494.811890 -2.364780e-01
1164556494.812012 -3.226231e-01
1164556494.812134 -3.402290e-01
1164556494.812256 -2.269224e-01
1164556494.812378 -9.146372e-02
1164556494.812500 4.867482e-02
1164556494.812622 2.065419e-01
1164556494.812744 3.098048e-01
1164556494.812866 3.319111e-01
1164556494.812988 3.336338e-01
1164556494.813110 2.537239e-01
1164556494.813232 1.085544e-01
1164556494.813354 -2.334398e-02
1164556494.813477 -1.211197e-01
1164556494.813599 -1.862114e-01
1164556494.813721 -2.164673e-01
1164556494.813843 -2.521474e-01
1164556494.813965 -2.933777e-01
1164556494.814087 -2.813836e-01
1164556494.814209 -1.853559e-01
1164556494.814331 -7.092705e-02
1164556494.814453 8.304192e-02
1164556494.814575 2.450306e-01
1164556494.814697 3.725040e-01
1164556494.814819 4.087724e-01
1164556494.814941 3.755769e-01
1164556494.815063 2.660037e-01
1164556494.815186 7.952659e-02
1164556494.815308 -1.135417e-01
1164556494.815430 -2.613155e-01
1164556494.815552 -3.484741e-01
1164556494.815674 -3.656976e-01
1164556494.815796 -2.959534e-01
1164556494.815918 -2.155598e-01
1164556494.816040 -1.542994e-01
1164556494.816162 -4.772889e-02
1164556494.816284 8.121266e-02
1164556494.816406 2.349841e-01
1164556494.816528 3.785765e-01
1164556494.816650 3.972794e-01
1164556494.816772 3.005684e-01
1164556494.816895 1.995562e-01
1164556494.817017 8.660947e-02
1164556494.817139 -6.430209e-02
1164556494.817261 -2.261568e-01
1164556494.817383 -3.008701e-01
1164556494.817505 -3.222066e-01
1164556494.817627 -2.689290e-01
1164556494.817749 -1.834506e-01
1164556494.817871 -1.223684e-01
1164556494.817993 -3.877091e-02
1164556494.818115 8.587302e-02
1164556494.818237 1.801223e-01
1164556494.818359 2.358368e-01
1164556494.818481 2.939396e-01
1164556494.818604 2.735228e-01
1164556494.818726 1.669090e-01
1164556494.818848 5.889812e-02
1164556494.818970 -5.598713e-02
1164556494.819092 -1.185257e-01
1164556494.819214 -1.579099e-01
1164556494.819336 -2.065770e-01
1164556494.819458 -2.296307e-01
1164556494.819580 -1.753540e-01
1164556494.819702 -6.364849e-02
1164556494.819824 2.104065e-02
1164556494.819946 3.098337e-02
1164556494.820068 2.058331e-02
1164556494.820190 7.629785e-02
1164556494.820312 1.450972e-01
1164556494.820435 1.238401e-01
1164556494.820557 1.032653e-01
1164556494.820679 9.522538e-02
1164556494.820801 9.638692e-02
1164556494.820923 5.398773e-02
1164556494.821045 1.198433e-02
1164556494.821167 -2.441312e-02
1164556494.821289 -5.886254e-02
1164556494.821411 -1.282549e-01
1164556494.821533 -2.185479e-01
1164556494.821655 -2.331648e-01
1164556494.821777 -1.645135e-01
1164556494.821899 -7.007873e-02
1164556494.822021 1.364510e-02
1164556494.822144 1.098314e-01
1164556494.822266 2.011612e-01
1164556494.822388 2.020919e-01
1164556494.822510 1.710748e-01
1164556494.822632 1.127731e-01
1164556494.822754 7.533975e-02
1164556494.822876 3.434298e-02
1164556494.822998 -2.831499e-02
1164556494.823120 -5.181374e-02
1164556494.823242 -8.839440e-02
1164556494.823364 -1.281586e-01
1164556494.823486 -1.139702e-01
1164556494.823608 -1.078273e-01
1164556494.823730 -1.164534e-01
1164556494.823853 -1.379044e-01
1164556494.823975 -9.274699e-02
1164556494.824097 -6.572640e-02
1164556494.824219 6.969870e-03
1164556494.824341 1.493035e-01
1164556494.824463 2.236133e-01
1164556494.824585 2.995404e-01
1164556494.824707 3.454661e-01
1164556494.824829 2.678012e-01
1164556494.824951 1.076530e-01
1164556494.825073 -6.981127e-02
1164556494.825195 -2.236738e-01
1164556494.825317 -3.975760e-01
1164556494.825439 -4.252758e-01
1164556494.825562 -3.121311e-01
1164556494.825684 -2.023019e-01
1164556494.825806 -6.994871e-02
1164556494.825928 5.466235e-02
1164556494.826050 1.519791e-01
1164556494.826172 2.660324e-01
1164556494.826294 3.541882e-01
1164556494.826416 3.518763e-01
1164556494.826538 2.619752e-01
1164556494.826660 1.940440e-01
1164556494.826782 7.567315e-02
1164556494.826904 -1.076410e-01
1164556494.827026 -2.512461e-01
1164556494.827148 -3.260827e-01
1164556494.827271 -3.634189e-01
1164556494.827393 -3.035868e-01
1164556494.827515 -1.676522e-01
1164556494.827637 -7.805362e-02
1164556494.827759 -1.779349e-02
1164556494.827881 6.602677e-02
1164556494.828003 1.400352e-01
1164556494.828125 2.424385e-01
1164556494.828247 3.651845e-01
1164556494.828369 4.019591e-01
1164556494.828491 3.115837e-01
1164556494.828613 1.808177e-01
1164556494.828735 1.182188e-02
1164556494.828857 -2.040216e-01
1164556494.828979 -3.982972e-01
1164556494.829102 -4.591982e-01
1164556494.829224 -4.007430e-01
1164556494.829346 -2.701931e-01
1164556494.829468 -1.181248e-01
1164556494.829590 3.962241e-02
1164556494.829712 1.783396e-01
1164556494.829834 2.416876e-01
1164556494.829956 2.282152e-01
1164556494.830078 2.595296e-01
1164556494.830200 3.141098e-01
1164556494.830322 2.627081e-01
1164556494.830444 1.150582e-01
1164556494.830566 -7.407084e-03
1164556494.830688 -1.223212e-01
1164556494.830811 -2.538524e-01
1164556494.830933 -3.515845e-01
1164556494.831055 -3.215848e-01
1164556494.831177 -2.324966e-01
1164556494.831299 -8.439453e-02
1164556494.831421 6.240294e-02
1164556494.831543 1.175494e-01
1164556494.831665 1.210076e-01
1164556494.831787 7.589864e-02
1164556494.831909 9.924113e-03
1164556494.832031 5.798730e-02
1164556494.832153 2.032601e-01
1164556494.832275 2.961824e-01
1164556494.832397 2.521627e-01
1164556494.832520 1.520833e-01
1164556494.832642 -6.617404e-03
1164556494.832764 -1.721771e-01
1164556494.832886 -2.639194e-01
1164556494.833008 -3.244983e-01
1164556494.833130 -3.381828e-01
1164556494.833252 -2.382426e-01
1164556494.833374 -1.237153e-01
1164556494.833496 -3.902270e-02
1164556494.833618 9.114597e-02
1164556494.833740 2.294331e-01
1164556494.833862 2.545299e-01
1164556494.833984 2.573075e-01
1164556494.834106 2.839555e-01
1164556494.834229 2.361039e-01
1164556494.834351 1.391154e-01
1164556494.834473 2.419468e-02
1164556494.834595 -1.124749e-01
1164556494.834717 -1.841542e-01
1164556494.834839 -2.672657e-01
1164556494.834961 -3.116580e-01
1164556494.835083 -2.746756e-01
1164556494.835205 -1.871790e-01
1164556494.835327 -1.418490e-01
1164556494.835449 -8.112742e-02
1164556494.835571 8.139715e-02
1164556494.835693 2.202164e-01
1164556494.835815 3.067071e-01
1164556494.835938 3.497670e-01
1164556494.836060 3.078909e-01
1164556494.836182 2.330092e-01
1164556494.836304 1.411087e-01
1164556494.836426 1.489804e-02
1164556494.836548 -1.460117e-01
1164556494.836670 -2.343263e-01
1164556494.836792 -2.873989e-01
1164556494.836914 -3.525712e-01
1164556494.837036 -3.823214e-01
1164556494.837158 -3.075849e-01
1164556494.837280 -1.503230e-01
1164556494.837402 6.506747e-02
1164556494.837524 2.502670e-01
1164556494.837646 3.613225e-01
1164556494.837769 4.034958e-01
1164556494.837891 3.827166e-01
1164556494.838013 2.947300e-01
1164556494.838135 1.096003e-01
1164556494.838257 -6.534244e-02
1164556494.838379 -1.577646e-01
1164556494.838501 -1.926354e-01
1164556494.838623 -1.839495e-01
1164556494.838745 -2.110936e-01
1164556494.838867 -2.539365e-01
1164556494.838989 -3.174480e-01
1164556494.839111 -2.708231e-01
1164556494.839233 -1.096744e-01
1164556494.839355 4.376387e-02
1164556494.839478 2.181365e-01
1164556494.839600 3.735817e-01
1164556494.839722 3.786445e-01
1164556494.839844 2.863769e-01
1164556494.839966 2.347919e-01
1164556494.840088 1.717634e-01
1164556494.840210 1.574742e-02
1164556494.840332 -9.027862e-02
1164556494.840454 -1.359914e-01
1164556494.840576 -2.212566e-01
1164556494.840698 -3.307306e-01
1164556494.840820 -3.873320e-01
1164556494.840942 -3.732795e-01
1164556494.841064 -2.252785e-01
1164556494.841187 1.507418e-02
1164556494.841309 1.803911e-01
1164556494.841431 2.369435e-01
1164556494.841553 2.774045e-01
1164556494.841675 2.650076e-01
1164556494.841797 2.299060e-01
1164556494.841919 2.481289e-01
1164556494.842041 2.892979e-01
1164556494.842163 1.947156e-01
1164556494.842285 3.389157e-03
1164556494.842407 -1.370483e-01
1164556494.842529 -2.618084e-01
1164556494.842651 -4.450171e-01
1164556494.842773 -5.689963e-01
1164556494.842896 -5.519683e-01
1164556494.843018 -3.736966e-01
1164556494.843140 -6.694109e-02
1164556494.843262 2.617699e-01
1164556494.843384 4.228186e-01
1164556494.843506 5.263250e-01
1164556494.843628 5.536889e-01
1164556494.843750 4.284187e-01
1164556494.843872 2.806394e-01
1164556494.843994 2.073082e-01
1164556494.844116 6.604860e-02
1164556494.844238 -2.461217e-01
1164556494.844360 -4.610606e-01
1164556494.844482 -5.082789e-01
1164556494.844604 -5.556518e-01
1164556494.844727 -5.163651e-01
1164556494.844849 -4.037192e-01
1164556494.844971 -1.734307e-01
1164556494.845093 1.447937e-01
1164556494.845215 4.494455e-01
1164556494.845337 6.009362e-01
1164556494.845459 6.117863e-01
1164556494.845581 5.570197e-01
1164556494.845703 3.623186e-01
1164556494.845825 8.586115e-02
1164556494.845947 -4.273952e-02
1164556494.846069 -1.573283e-01
1164556494.846191 -3.684448e-01
1164556494.846313 -5.577599e-01
1164556494.846436 -5.506418e-01
1164556494.846558 -4.096917e-01
1164556494.846680 -2.538704e-01
1164556494.846802 -1.256783e-01
1164556494.846924 -8.100497e-03
1164556494.847046 2.016256e-01
1164556494.847168 4.058786e-01
1164556494.847290 4.516875e-01
1164556494.847412 4.357110e-01
1164556494.847534 4.348283e-01
1164556494.847656 3.532800e-01
1164556494.847778 1.268719e-01
1164556494.847900 -4.624961e-02
1164556494.848022 -1.587160e-01
1164556494.848145 -3.190059e-01
1164556494.848267 -5.200703e-01
1164556494.848389 -6.034275e-01
1164556494.848511 -4.907937e-01
1164556494.848633 -2.773121e-01
1164556494.848755 -1.005319e-01
1164556494.848877 5.088608e-02
1164556494.848999 2.346395e-01
1164556494.849121 4.577433e-01
1164556494.849243 5.740257e-01
1164556494.849365 5.475135e-01
1164556494.849487 4.522468e-01
1164556494.849609 3.094491e-01
1164556494.849731 3.955939e-02
1164556494.849854 -2.332280e-01
1164556494.849976 -3.595721e-01
1164556494.850098 -4.276446e-01
1164556494.850220 -5.171172e-01
1164556494.850342 -4.854834e-01
1164556494.850464 -3.121835e-01
1164556494.850586 -1.326771e-01
1164556494.850708 -1.541046e-02
1164556494.850830 5.301895e-02
1164556494.850952 1.375411e-01
1164556494.851074 3.369893e-01
1164556494.851196 5.549441e-01
1164556494.851318 6.265405e-01
1164556494.851440 5.407579e-01
1164556494.851562 3.752650e-01
1164556494.851685 5.374844e-02
1164556494.851807 -3.277299e-01
1164556494.851929 -5.629710e-01
1164556494.852051 -6.053824e-01
1164556494.852173 -5.033647e-01
1164556494.852295 -3.598797e-01
1164556494.852417 -2.436348e-01
1164556494.852539 -1.388092e-01
1164556494.852661 -1.537933e-02
1164556494.852783 1.480262e-01
1164556494.852905 2.556015e-01
1164556494.853027 3.890182e-01
1164556494.853149 5.704967e-01
1164556494.853271 6.743358e-01
1164556494.853394 5.260580e-01
1164556494.853516 1.725022e-01
1164556494.853638 -1.286204e-01
1164556494.853760 -3.669090e-01
1164556494.853882 -5.662859e-01
1164556494.854004 -6.107078e-01
1164556494.854126 -4.835598e-01
1164556494.854248 -2.771503e-01
1164556494.854370 -1.164215e-01
1164556494.854492 -1.421465e-02
1164556494.854614 -1.533545e-03
1164556494.854736 4.260441e-02
1164556494.854858 2.258489e-01
1164556494.854980 4.170251e-01
1164556494.855103 4.935454e-01
1164556494.855225 5.881906e-01
1164556494.855347 5.755496e-01
1164556494.855469 2.761235e-01
1164556494.855591 -1.211241e-01
1164556494.855713 -3.956434e-01
1164556494.855835 -5.560413e-01
1164556494.855957 -5.922214e-01
1164556494.856079 -4.696549e-01
1164556494.856201 -3.442306e-01
1164556494.856323 -2.418932e-01
1164556494.856445 -8.494379e-02
1164556494.856567 -2.024332e-02
1164556494.856689 1.416955e-02
1164556494.856812 2.559665e-01
1164556494.856934 6.294978e-01
1164556494.857056 7.340267e-01
1164556494.857178 6.872585e-01
1164556494.857300 5.641261e-01
1164556494.857422 2.101499e-01
1164556494.857544 -2.658800e-01
1164556494.857666 -5.288458e-01
1164556494.857788 -6.228273e-01
1164556494.857910 -6.732657e-01
1164556494.858032 -5.595230e-01
1164556494.858154 -3.969062e-01
1164556494.858276 -2.682233e-01
1164556494.858398 -4.021512e-02
1164556494.858521 2.115373e-01
1164556494.858643 2.607372e-01
1164556494.858765 3.011667e-01
1164556494.858887 6.092901e-01
1164556494.859009 7.993413e-01
1164556494.859131 6.296170e-01
1164556494.859253 3.509844e-01
1164556494.859375 1.166038e-01
1164556494.859497 -2.118527e-01
1164556494.859619 -5.021776e-01
1164556494.859741 -6.458411e-01
1164556494.859863 -6.713551e-01
1164556494.859985 -5.705210e-01
1164556494.860107 -4.740850e-01
1164556494.860229 -3.988299e-01
1164556494.860352 -1.681406e-01
1164556494.860474 2.318028e-01
1164556494.860596 5.123064e-01
1164556494.860718 5.663112e-01
1164556494.860840 6.980759e-01
1164556494.860962 8.424633e-01
1164556494.861084 7.210871e-01
1164556494.861206 3.165071e-01
1164556494.861328 -7.560887e-02
1164556494.861450 -3.619921e-01
1164556494.861572 -5.899040e-01
1164556494.861694 -7.495997e-01
1164556494.861816 -7.592697e-01
1164556494.861938 -6.836251e-01
1164556494.862061 -4.911266e-01
1164556494.862183 -2.170040e-01
1164556494.862305 1.681046e-02
1164556494.862427 2.953302e-01
1164556494.862549 5.619364e-01
1164556494.862671 6.672521e-01
1164556494.862793 6.418467e-01
1164556494.862915 6.729898e-01
1164556494.863037 7.974043e-01
1164556494.863159 6.087260e-01
1164556494.863281 1.452279e-01
1164556494.863403 -3.983807e-01
1164556494.863525 -8.164241e-01
1164556494.863647 -1.114268e+00
1164556494.863770 -1.229866e+00
1164556494.863892 -9.895142e-01
1164556494.864014 -5.076940e-01
1164556494.864136 2.221815e-03
1164556494.864258 4.233227e-01
1164556494.864380 7.141085e-01
1164556494.864502 8.405709e-01
1164556494.864624 8.265505e-01
1164556494.864746 7.195745e-01
1164556494.864868 5.779410e-01
1164556494.864990 5.038138e-01
1164556494.865112 3.851797e-01
1164556494.865234 4.670341e-02
1164556494.865356 -4.773359e-01
1164556494.865479 -9.662777e-01
1164556494.865601 -1.334985e+00
1164556494.865723 -1.321484e+00
1164556494.865845 -9.695665e-01
1164556494.865967 -4.386785e-01
1164556494.866089 2.097873e-01
1164556494.866211 7.903041e-01
1164556494.866333 1.015512e+00
1164556494.866455 9.277515e-01
1164556494.866577 7.945634e-01
1164556494.866699 6.392634e-01
1164556494.866821 5.176078e-01
1164556494.866943 4.533151e-01
1164556494.867065 2.320460e-01
1164556494.867188 -1.547753e-01
1164556494.867310 -6.260781e-01
1164556494.867432 -1.034233e+00
1164556494.867554 -1.396506e+00
1164556494.867676 -1.394685e+00
1164556494.867798 -9.425333e-01
1164556494.867920 -2.948647e-01
1164556494.868042 3.780027e-01
1164556494.868164 9.191379e-01
1164556494.868286 1.108513e+00
1164556494.868408 1.042832e+00
1164556494.868530 9.266022e-01
1164556494.868652 7.173418e-01
1164556494.868774 4.931133e-01
1164556494.868896 4.313098e-01
1164556494.869019 1.816865e-01
1164556494.869141 -4.429370e-01
1164556494.869263 -9.867033e-01
1164556494.869385 -1.247255e+00
1164556494.869507 -1.439857e+00
1164556494.869629 -1.386889e+00
1164556494.869751 -8.472875e-01
1164556494.869873 -6.109357e-02
1164556494.869995 5.313395e-01
1164556494.870117 1.011121e+00
1164556494.870239 1.286560e+00
1164556494.870361 1.168886e+00
1164556494.870483 9.275058e-01
1164556494.870605 7.815874e-01
1164556494.870728 5.870827e-01
1164556494.870850 3.560495e-01
1164556494.870972 7.498445e-02
1164556494.871094 -5.406562e-01
1164556494.871216 -1.326092e+00
1164556494.871338 -1.645644e+00
1164556494.871460 -1.510678e+00
1164556494.871582 -1.260742e+00
1164556494.871704 -8.652630e-01
1164556494.871826 -1.455991e-01
1164556494.871948 6.099107e-01
1164556494.872070 1.188618e+00
1164556494.872192 1.541041e+00
1164556494.872314 1.574628e+00
1164556494.872437 1.388538e+00
1164556494.872559 1.172320e+00
1164556494.872681 7.234743e-01
1164556494.872803 2.032296e-02
1164556494.872925 -5.581183e-01
1164556494.873047 -1.101518e+00
1164556494.873169 -1.839141e+00
1164556494.873291 -2.163025e+00
1164556494.873413 -1.738043e+00
1164556494.873535 -9.988866e-01
1164556494.873657 -4.001796e-01
1164556494.873779 2.726856e-01
1164556494.873901 1.048266e+00
1164556494.874023 1.642637e+00
1164556494.874146 1.904077e+00
1164556494.874268 1.887980e+00
1164556494.874390 1.382942e+00
1164556494.874512 6.606823e-01
1164556494.874634 1.091820e-01
1164556494.874756 -3.836247e-01
1164556494.874878 -9.489620e-01
1164556494.875000 -1.246525e+00
1164556494.875122 -1.510822e+00
1164556494.875244 -1.732671e+00
1164556494.875366 -1.543442e+00
1164556494.875488 -7.286271e-01
1164556494.875610 -4.455714e-01
1164556494.875732 -8.619353e-01
1164556494.875854 2.001903e-01
1164556494.875977 1.486230e+00
1164556494.876099 2.533974e+00
1164556494.876221 2.959764e+00
1164556494.876343 2.651784e+00
1164556494.876465 1.706001e+00
1164556494.876587 5.962525e-01
1164556494.876709 -4.570430e-01
1164556494.876831 -1.496677e+00
1164556494.876953 -2.344723e+00
1164556494.877075 -2.915390e+00
1164556494.877197 -3.240061e+00
1164556494.877319 -3.018013e+00
1164556494.877441 -2.029722e+00
1164556494.877563 -5.897744e-01
1164556494.877686 1.006357e+00
1164556494.877808 2.602528e+00
1164556494.877930 3.786627e+00
1164556494.878052 4.331785e+00
1164556494.878174 4.258526e+00
1164556494.878296 3.397709e+00
1164556494.878418 1.464425e+00
1164556494.878540 -1.034381e+00
1164556494.878662 -3.235499e+00
1164556494.878784 -4.905538e+00
1164556494.878906 -5.536774e+00
1164556494.879028 -4.679130e+00
1164556494.879150 -3.013370e+00
1164556494.879272 -1.106684e+00
1164556494.879395 8.865899e-01
1164556494.879517 2.661710e+00
1164556494.879639 4.063068e+00
1164556494.879761 4.955116e+00
1164556494.879883 4.841122e+00
1164556494.880005 3.662400e+00
1164556494.880127 2.036222e+00
1164556494.880249 2.041464e-01
1164556494.880371 -1.795562e+00
1164556494.880493 -3.566645e+00
1164556494.880615 -4.625267e+00
1164556494.880737 -4.661029e+00
1164556494.880859 -3.956512e+00
1164556494.880981 -2.904178e+00
1164556494.881104 -1.573976e+00
1164556494.881226 8.669037e-02
1164556494.881348 2.103317e+00
1164556494.881470 3.865389e+00
1164556494.881592 4.913826e+00
1164556494.881714 5.309695e+00
1164556494.881836 4.920595e+00
1164556494.881958 3.187591e+00
1164556494.882080 4.864504e-01
1164556494.882202 -1.934645e+00
1164556494.882324 -3.754363e+00
1164556494.882446 -5.095333e+00
1164556494.882568 -5.654078e+00
1164556494.882690 -4.992224e+00
1164556494.882812 -3.329601e+00
1164556494.882935 -1.412874e+00
1164556494.883057 4.357260e-01
1164556494.883179 2.236543e+00
1164556494.883301 3.994109e+00
1164556494.883423 5.310140e+00
1164556494.883545 5.592759e+00
1164556494.883667 4.860900e+00
1164556494.883789 3.595780e+00
1164556494.883911 1.508155e+00
1164556494.884033 -1.488682e+00
1164556494.884155 -4.140873e+00
1164556494.884277 -5.533194e+00
1164556494.884399 -5.974570e+00
1164556494.884521 -5.575585e+00
1164556494.884644 -4.088165e+00
1164556494.884766 -2.035939e+00
1164556494.884888 9.731891e-02
1164556494.885010 2.194691e+00
1164556494.885132 4.048041e+00
1164556494.885254 5.404731e+00
1164556494.885376 6.181303e+00
1164556494.885498 6.119076e+00
1164556494.885620 4.508032e+00
1164556494.885742 2.131986e+00
1164556494.885864 -3.145847e-01
1164556494.885986 -3.282063e+00
1164556494.886108 -6.391938e+00
1164556494.886230 -7.923098e+00
1164556494.886353 -7.480807e+00
1164556494.886475 -6.118129e+00
1164556494.886597 -3.635720e+00
1164556494.886719 -2.675079e-01
1164556494.886841 2.988984e+00
1164556494.886963 5.624120e+00
1164556494.887085 7.609194e+00
1164556494.887207 8.631859e+00
1164556494.887329 8.115039e+00
1164556494.887451 6.106812e+00
1164556494.887573 2.423399e+00
1164556494.887695 -2.174325e+00
1164556494.887817 -5.993315e+00
1164556494.887939 -8.603020e+00
1164556494.888062 -1.053125e+01
1164556494.888184 -1.044921e+01
1164556494.888306 -7.407315e+00
1164556494.888428 -2.991587e+00
1164556494.888550 1.721273e+00
1164556494.888672 6.725450e+00
1164556494.888794 1.044170e+01
1164556494.888916 1.126834e+01
1164556494.889038 1.024497e+01
1164556494.889160 7.953922e+00
1164556494.889282 3.810599e+00
1164556494.889404 -1.318283e+00
1164556494.889526 -6.152557e+00
1164556494.889648 -1.030139e+01
1164556494.889771 -1.265375e+01
1164556494.889893 -1.152186e+01
1164556494.890015 -8.430005e+00
1164556494.890137 -4.642850e+00
1164556494.890259 8.289649e-01
1164556494.890381 7.101079e+00
1164556494.890503 1.139874e+01
1164556494.890625 1.317855e+01
1164556494.890747 1.312762e+01
1164556494.890869 9.716275e+00
1164556494.890991 3.200421e+00
1164556494.891113 -3.390174e+00
1164556494.891235 -8.521706e+00
1164556494.891357 -1.227721e+01
1164556494.891479 -1.388200e+01
1164556494.891602 -1.227019e+01
1164556494.891724 -7.988497e+00
1164556494.891846 -1.399035e+00
1164556494.891968 5.926570e+00
1164556494.892090 1.093079e+01
1164556494.892212 1.300733e+01
1164556494.892334 1.316054e+01
1164556494.892456 1.013447e+01
1164556494.892578 3.687256e+00
1164556494.892700 -3.021303e+00
1164556494.892822 -8.403908e+00
1164556494.892944 -1.279159e+01
1164556494.893066 -1.404658e+01
1164556494.893188 -1.001149e+01
1164556494.893311 -3.001183e+00
1164556494.893433 3.925183e+00
1164556494.893555 9.336570e+00
1164556494.893677 1.175266e+01
1164556494.893799 1.048739e+01
1164556494.893921 6.647328e+00
1164556494.894043 8.297926e-01
1164556494.894165 -6.564962e+00
1164556494.894287 -1.105966e+01
1164556494.894409 -1.033275e+01
1164556494.894531 -6.864093e+00
1164556494.894653 -1.562902e+00
1164556494.894775 5.527394e+00
1164556494.894897 1.077484e+01
1164556494.895020 1.067497e+01
1164556494.895142 7.110715e+00
1164556494.895264 2.041608e+00
1164556494.895386 -4.547493e+00
1164556494.895508 -1.060348e+01
1164556494.895630 -1.314479e+01
1164556494.895752 -1.025610e+01
1164556494.895874 -2.552631e+00
1164556494.895996 6.958892e+00
1164556494.896118 1.286328e+01
1164556494.896240 1.265025e+01
1164556494.896362 7.941848e+00
1164556494.896484 -2.782030e-01
1164556494.896606 -9.336694e+00
1164556494.896729 -1.240732e+01
1164556494.896851 -6.730354e+00
1164556494.896973 2.469515e+00
1164556494.897095 8.548743e+00
1164556494.897217 7.252215e+00
1164556494.897339 -2.009998e+00
1164556494.897461 -9.719997e+00
1164556494.897583 -4.437692e+00
1164556494.897705 5.589492e+00
1164556494.897827 2.503663e+00
1164556494.897949 -1.150179e+00
1164556494.898071 2.083213e+00
1164556494.898193 -1.349333e-02
1164556494.898315 2.636615e+00
1164556494.898438 -8.514927e-01
1164556494.898560 -3.751812e+00
1164556494.898682 3.436306e+00
1164556494.898804 5.297756e+00
1164556494.898926 -2.869112e+00
1164556494.899048 -7.339272e+00
1164556494.899170 2.676069e-01
1164556494.899292 1.366967e+00
1164556494.899414 -1.947373e+00
1164556494.899536 2.220361e+00
1164556494.899658 -3.270659e-01
1164556494.899780 -2.086290e+00
1164556494.899902 2.700439e+00
1164556494.900024 2.021554e+00
1164556494.900146 -1.457553e+00
1164556494.900269 5.745106e-01
1164556494.900391 2.887418e+00
1164556494.900513 -1.003651e+00
1164556494.900635 2.692183e-01
1164556494.900757 1.012839e+00
1164556494.900879 -3.098991e+00
1164556494.901001 -1.024555e+00
1164556494.901123 7.540879e-01
1164556494.901245 -1.924554e+00
1164556494.901367 -2.143634e+00
1164556494.901489 1.863215e+00
1164556494.901611 1.643094e+00
1164556494.901733 -1.790580e+00
1164556494.901855 1.043137e-01
1164556494.901978 2.425141e+00
1164556494.902100 5.976429e-01
1164556494.902222 2.561519e-02
1164556494.902344 1.639378e+00
1164556494.902466 7.292156e-01
1164556494.902588 -1.036128e+00
1164556494.902710 4.207771e-02
1164556494.902832 -5.171359e-01
1164556494.902954 -2.405910e+00
1164556494.903076 -1.198774e+00
1164556494.903198 -3.564730e-01
1164556494.903320 -1.152359e+00
1164556494.903442 1.625032e-01
1164556494.903564 1.926611e+00
1164556494.903687 5.974395e-01
1164556494.903809 -3.856767e-01
1164556494.903931 1.304183e+00
1164556494.904053 1.613765e+00
1164556494.904175 4.099405e-01
1164556494.904297 1.688417e-01
1164556494.904419 -4.272756e-03
1164556494.904541 -5.673064e-01
1164556494.904663 -7.136413e-01
1164556494.904785 -7.793187e-01
1164556494.904907 -1.167723e+00
1164556494.905029 -1.184708e+00
1164556494.905151 -8.658807e-01
1164556494.905273 -2.374370e-01
1164556494.905396 7.199339e-01
1164556494.905518 1.282586e+00
1164556494.905640 1.332744e+00
1164556494.905762 6.319539e-01
1164556494.905884 -4.345026e-02
1164556494.906006 4.401351e-01
1164556494.906128 7.953572e-01
1164556494.906250 -1.601126e-01
1164556494.906372 -6.488470e-01
1164556494.906494 -6.732002e-02
1164556494.906616 -4.949917e-01
1164556494.906738 -1.172478e+00
1164556494.906860 -6.644974e-01
1164556494.906982 -3.499988e-01
1164556494.907104 -8.351525e-01
1164556494.907227 -2.012547e-01
1164556494.907349 1.048811e+00
1164556494.907471 1.019035e+00
1164556494.907593 9.324660e-01
1164556494.907715 8.605683e-01
1164556494.907837 -1.752072e-01
1164556494.907959 -5.309632e-01
1164556494.908081 3.774061e-01
1164556494.908203 3.452489e-01
1164556494.908325 -4.383332e-01
1164556494.908447 -9.265279e-02
1164556494.908569 -1.100175e-01
1164556494.908691 -1.009389e+00
1164556494.908813 -1.004722e+00
1164556494.908936 -2.865031e-01
1164556494.909058 -2.376138e-01
1164556494.909180 -5.867337e-02
1164556494.909302 7.882798e-01
1164556494.909424 1.087789e+00
1164556494.909546 7.509889e-01
1164556494.909668 5.712782e-01
1164556494.909790 -3.035329e-02
1164556494.909912 -7.255111e-01
1164556494.910034 -1.990949e-01
1164556494.910156 3.248816e-01
1164556494.910278 -2.520972e-01
1164556494.910400 -3.652378e-01
1164556494.910522 7.467290e-02
1164556494.910645 -3.571801e-01
1164556494.910767 -8.688871e-01
1164556494.910889 1.196643e-03
1164556494.911011 6.034404e-01
1164556494.911133 3.587622e-01
1164556494.911255 3.137390e-01
1164556494.911377 2.809848e-01
1164556494.911499 -6.582675e-01
1164556494.911621 -9.887024e-01
1164556494.911743 -4.449705e-02
1164556494.911865 5.224156e-01
1164556494.911987 1.317318e+00
1164556494.912109 7.960774e-01
1164556494.912231 1.643368e-01
1164556494.912354 2.631750e-01
1164556494.912476 -2.779138e-01
1164556494.912598 -1.171914e+00
1164556494.912720 -1.046374e+00
1164556494.912842 -7.733316e-01
1164556494.912964 -6.669472e-01
1164556494.913086 1.825874e-01
1164556494.913208 8.811960e-01
1164556494.913330 3.528515e-01
1164556494.913452 3.055810e-01
1164556494.913574 8.881208e-01
1164556494.913696 4.175955e-01
1164556494.913818 -2.674779e-01
1164556494.913940 2.386197e-01
1164556494.914062 4.726291e-01
1164556494.914185 -2.096574e-01
1164556494.914307 -4.524770e-01
1164556494.914429 -2.804633e-01
1164556494.914551 -6.230574e-01
1164556494.914673 -7.667362e-01
1164556494.914795 -3.557435e-01
1164556494.914917 -2.051785e-01
1164556494.915039 8.712620e-02
1164556494.915161 7.436436e-01
1164556494.915283 5.827677e-01
1164556494.915405 -6.722598e-02
1164556494.915527 2.240815e-01
1164556494.915649 6.016638e-01
1164556494.915771 6.618055e-02
1164556494.915894 1.993654e-02
1164556494.916016 4.795098e-01
1164556494.916138 1.031150e-01
1164556494.916260 -5.618654e-01
1164556494.916382 -4.639068e-01
1164556494.916504 -4.012326e-01
1164556494.916626 -7.660792e-01
1164556494.916748 -5.642743e-01
1164556494.916870 -1.064616e-01
1164556494.916992 -2.662498e-02
1164556494.917114 3.932576e-01
1164556494.917236 9.231911e-01
1164556494.917358 5.936311e-01
1164556494.917480 1.138737e-01
1164556494.917603 3.496194e-01
1164556494.917725 3.788417e-01
1164556494.917847 -9.996053e-02
1164556494.917969 -1.631313e-01
1164556494.918091 -6.778058e-02
1164556494.918213 -4.393524e-01
1164556494.918335 -5.684383e-01
1164556494.918457 -2.703933e-01
1164556494.918579 -2.958425e-01
1164556494.918701 -4.472400e-01
1164556494.918823 -1.538951e-01
1164556494.918945 8.381015e-02
1164556494.919067 1.339832e-01
1164556494.919189 6.124513e-01
1164556494.919312 8.403658e-01
1164556494.919434 3.188106e-01
1164556494.919556 1.068585e-01
1164556494.919678 3.105692e-01
1164556494.919800 9.613324e-02
1164556494.919922 -1.888438e-01
1164556494.920044 -1.306554e-01
1164556494.920166 -3.705038e-01
1164556494.920288 -7.142237e-01
1164556494.920410 -4.863104e-01
1164556494.920532 -2.430395e-01
1164556494.920654 -3.843183e-01
1164556494.920776 -2.135119e-01
1164556494.920898 3.046252e-01
1164556494.921021 4.014850e-01
1164556494.921143 4.486991e-01
1164556494.921265 8.649161e-01
1164556494.921387 7.835943e-01
1164556494.921509 9.638603e-02
1164556494.921631 -2.282228e-01
1164556494.921753 -1.609773e-01
1164556494.921875 -2.805146e-01
1164556494.921997 -3.304370e-01
1164556494.922119 -2.554353e-01
1164556494.922241 -3.877017e-01
1164556494.922363 -4.325693e-01
1164556494.922485 -2.863315e-01
1164556494.922607 -2.469616e-01
1164556494.922729 -1.877475e-01
1164556494.922852 2.517814e-01
1164556494.922974 6.273123e-01
1164556494.923096 6.319257e-01
1164556494.923218 6.359363e-01
1164556494.923340 5.654155e-01
1164556494.923462 8.885527e-02
1164556494.923584 -3.839855e-01
1164556494.923706 -3.883914e-01
1164556494.923828 -2.306554e-01
1164556494.923950 -9.242940e-02
1164556494.924072 -8.073539e-02
1164556494.924194 -3.281610e-01
1164556494.924316 -5.527568e-01
1164556494.924438 -4.515289e-01
1164556494.924561 -2.432127e-01
1164556494.924683 -9.372168e-02
1164556494.924805 2.874163e-01
1164556494.924927 7.804315e-01
1164556494.925049 8.752709e-01
1164556494.925171 5.639230e-01
1164556494.925293 2.750981e-01
1164556494.925415 4.811461e-02
1164556494.925537 -3.047677e-01
1164556494.925659 -4.924764e-01
1164556494.925781 -3.501969e-01
1164556494.925903 -1.606865e-01
1164556494.926025 -1.379224e-01
1164556494.926147 -2.804418e-01
1164556494.926270 -4.715563e-01
1164556494.926392 -4.510007e-01
1164556494.926514 -1.675848e-01
1164556494.926636 1.853966e-01
1164556494.926758 5.498626e-01
1164556494.926880 7.770906e-01
1164556494.927002 7.522509e-01
1164556494.927124 5.027758e-01
1164556494.927246 9.953122e-02
1164556494.927368 -2.989474e-01
1164556494.927490 -4.804779e-01
1164556494.927612 -4.047758e-01
1164556494.927734 -3.030438e-01
1164556494.927856 -1.767169e-01
1164556494.927979 -2.358793e-02
1164556494.928101 -5.338213e-02
1164556494.928223 -2.997463e-01
1164556494.928345 -3.833374e-01
1164556494.928467 -1.273992e-01
1164556494.928589 1.642080e-01
1164556494.928711 3.807124e-01
1164556494.928833 6.274435e-01
1164556494.928955 7.162905e-01
1164556494.929077 4.378968e-01
1164556494.929199 8.739048e-02
1164556494.929321 -1.961520e-01
1164556494.929443 -3.860525e-01
1164556494.929565 -4.389546e-01
1164556494.929688 -3.684056e-01
1164556494.929810 -2.887543e-01
1164556494.929932 -2.325887e-01
1164556494.930054 -8.486042e-02
1164556494.930176 -4.785015e-03
1164556494.930298 -3.276677e-04
1164556494.930420 7.593006e-02
1164556494.930542 1.700423e-01
1164556494.930664 2.537229e-01
1164556494.930786 3.694992e-01
1164556494.930908 4.220033e-01
1164556494.931030 2.253957e-01
1164556494.931152 6.272317e-02
1164556494.931274 9.059742e-03
1164556494.931396 -1.827906e-01
1164556494.931519 -3.580075e-01
1164556494.931641 -2.869753e-01
1164556494.931763 -2.381769e-01
1164556494.931885 -3.698536e-01
1164556494.932007 -2.867253e-01
1164556494.932129 -4.097707e-02
1164556494.932251 6.907826e-02
1164556494.932373 2.082554e-01
1164556494.932495 3.669061e-01
1164556494.932617 2.793141e-01
1164556494.932739 1.925819e-01
1164556494.932861 3.439967e-01
1164556494.932983 3.081701e-01
1164556494.933105 8.359268e-03
1164556494.933228 -1.245247e-01
1164556494.933350 -1.458510e-01
1164556494.933472 -3.765626e-01
1164556494.933594 -4.770002e-01
1164556494.933716 -3.109353e-01
1164556494.933838 -1.359587e-01
1164556494.933960 -4.182534e-02
1164556494.934082 5.725939e-02
1164556494.934204 1.885470e-01
1164556494.934326 2.064315e-01
1164556494.934448 1.960857e-01
1164556494.934570 1.536824e-01
1164556494.934692 7.509224e-02
1164556494.934814 1.961545e-01
1164556494.934937 3.225822e-01
1164556494.935059 1.561126e-01
1164556494.935181 -1.712277e-01
1164556494.935303 -2.555154e-01
1164556494.935425 -2.465126e-01
1164556494.935547 -3.555586e-01
1164556494.935669 -2.846077e-01
1164556494.935791 -3.401854e-02
1164556494.935913 7.251460e-02
1164556494.936035 5.192787e-02
1164556494.936157 3.171579e-02
1164556494.936279 1.624047e-02
1164556494.936401 5.458431e-02
1164556494.936523 1.425430e-01
1164556494.936646 1.767286e-01
1164556494.936768 1.967925e-01
1164556494.936890 3.431861e-01
1164556494.937012 3.641650e-01
1164556494.937134 -1.396896e-02
1164556494.937256 -3.703620e-01
1164556494.937378 -3.796267e-01
1164556494.937500 -3.004275e-01
1164556494.937622 -3.135163e-01
1164556494.937744 -1.690015e-01
1164556494.937866 8.143276e-02
1164556494.937988 1.037873e-01
1164556494.938110 4.883380e-03
1164556494.938232 -2.514704e-02
1164556494.938354 3.067080e-02
1164556494.938477 1.584153e-01
1164556494.938599 3.474428e-01
1164556494.938721 3.943492e-01
1164556494.938843 2.965273e-01
1164556494.938965 2.202715e-01
1164556494.939087 9.281847e-04
1164556494.939209 -3.579975e-01
1164556494.939331 -5.036919e-01
1164556494.939453 -3.762288e-01
1164556494.939575 -2.915836e-01
1164556494.939697 -1.981660e-01
1164556494.939819 -1.796350e-02
1164556494.939941 6.671092e-02
1164556494.940063 6.465210e-02
1164556494.940186 1.283249e-01
1164556494.940308 2.101293e-01
1164556494.940430 2.883156e-01
1164556494.940552 4.109402e-01
1164556494.940674 4.267151e-01
1164556494.940796 2.301775e-01
1164556494.940918 -2.391616e-03
1164556494.941040 -1.947258e-01
1164556494.941162 -4.658626e-01
1164556494.941284 -6.404182e-01
1164556494.941406 -4.993236e-01
1164556494.941528 -2.209616e-01
1164556494.941650 4.418863e-03
1164556494.941772 1.749972e-01
1164556494.941895 2.721661e-01
1164556494.942017 2.962412e-01
1164556494.942139 2.678500e-01
1164556494.942261 1.762267e-01
1164556494.942383 9.245122e-02
1164556494.942505 1.297680e-01
1164556494.942627 1.651754e-01
1164556494.942749 2.577012e-02
1164556494.942871 -1.297533e-01
1164556494.942993 -2.117200e-01
1164556494.943115 -2.694319e-01
1164556494.943237 -2.429955e-01
1164556494.943359 -1.532551e-01
1164556494.943481 -1.185600e-01
1164556494.943604 -6.691167e-02
1164556494.943726 3.220925e-02
1164556494.943848 5.303264e-02
1164556494.943970 4.906157e-02
1164556494.944092 1.934657e-01
1164556494.944214 3.215840e-01
1164556494.944336 2.296996e-01
1164556494.944458 1.199324e-01
1164556494.944580 8.957729e-02
1164556494.944702 2.891760e-02
1164556494.944824 -5.552449e-02
1164556494.944946 -1.438108e-01
1164556494.945068 -2.322301e-01
1164556494.945190 -2.669644e-01
1164556494.945312 -1.712209e-01
1164556494.945435 -1.301072e-01
1164556494.945557 -1.764380e-01
1164556494.945679 -8.759172e-02
1164556494.945801 7.835147e-02
1164556494.945923 1.900951e-01
1164556494.946045 2.494457e-01
1164556494.946167 3.104990e-01
1164556494.946289 3.008026e-01
1164556494.946411 1.680172e-01
1164556494.946533 3.516689e-02
1164556494.946655 -4.260716e-02
1164556494.946777 -8.906892e-02
1164556494.946899 -1.733281e-01
1164556494.947021 -2.601233e-01
1164556494.947144 -2.999040e-01
1164556494.947266 -2.504705e-01
1164556494.947388 -1.214880e-01
1164556494.947510 -5.115528e-02
1164556494.947632 -2.193559e-02
1164556494.947754 1.354045e-01
1164556494.947876 2.991649e-01
1164556494.947998 2.794299e-01
1164556494.948120 2.176461e-01
1164556494.948242 2.276360e-01
1164556494.948364 1.085344e-01
1164556494.948486 -8.096492e-02
1164556494.948608 -9.605640e-02
1164556494.948730 -1.112216e-02
1164556494.948853 -7.545202e-02
1164556494.948975 -2.178267e-01
1164556494.949097 -3.146836e-01
1164556494.949219 -3.197348e-01
1164556494.949341 -1.958917e-01
1164556494.949463 -3.860222e-02
1164556494.949585 6.987082e-02
1164556494.949707 2.027324e-01
1164556494.949829 3.663271e-01
1164556494.949951 3.725447e-01
1164556494.950073 2.175306e-01
1164556494.950195 1.090667e-01
1164556494.950317 2.789754e-02
1164556494.950439 -1.465282e-01
1164556494.950562 -2.455789e-01
1164556494.950684 -1.156681e-01
1164556494.950806 -2.279996e-02
1164556494.950928 -9.270702e-02
1164556494.951050 -1.616527e-01
1164556494.951172 -1.772430e-01
1164556494.951294 -1.657211e-01
1164556494.951416 -4.226394e-02
1164556494.951538 9.221570e-02
1164556494.951660 1.227670e-01
1164556494.951782 1.577595e-01
1164556494.951904 2.642009e-01
1164556494.952026 2.087564e-01
1164556494.952148 9.137299e-02
1164556494.952271 1.058749e-01
1164556494.952393 2.633863e-02
1164556494.952515 -1.335991e-01
1164556494.952637 -1.478281e-01
1164556494.952759 -6.017336e-02
1164556494.952881 -1.221586e-01
1164556494.953003 -2.565883e-01
1164556494.953125 -2.258168e-01
1164556494.953247 -1.520694e-01
1164556494.953369 -1.319252e-03
1164556494.953491 1.616462e-01
1164556494.953613 1.874390e-01
1164556494.953735 1.415284e-01
1164556494.953857 1.380621e-01
1164556494.953979 1.103303e-01
1164556494.954102 4.228210e-02
1164556494.954224 1.019155e-01
1164556494.954346 1.838000e-01
1164556494.954468 8.410357e-02
1164556494.954590 -2.085835e-02
1164556494.954712 -9.485060e-02
1164556494.954834 -2.388441e-01
1164556494.954956 -3.873119e-01
1164556494.955078 -3.660774e-01
1164556494.955200 -2.260980e-01
1164556494.955322 -6.686487e-02
1164556494.955444 1.085361e-01
1164556494.955566 2.038819e-01
1164556494.955688 2.302931e-01
1164556494.955811 3.027440e-01
1164556494.955933 3.437917e-01
1164556494.956055 2.933390e-01
1164556494.956177 1.988155e-01
1164556494.956299 8.191715e-02
1164556494.956421 -1.077680e-01
1164556494.956543 -3.207568e-01
1164556494.956665 -4.041832e-01
1164556494.956787 -3.931798e-01
1164556494.956909 -3.593866e-01
1164556494.957031 -2.563405e-01
1164556494.957153 -7.262299e-02
1164556494.957275 1.224312e-01
1164556494.957397 2.766211e-01
1164556494.957520 3.599007e-01
1164556494.957642 3.365858e-01
1164556494.957764 3.167563e-01
1164556494.957886 2.639828e-01
1164556494.958008 1.362995e-01
1164556494.958130 -1.355244e-03
1164556494.958252 -1.011337e-01
1164556494.958374 -2.025086e-01
1164556494.958496 -3.287348e-01
1164556494.958618 -3.567868e-01
1164556494.958740 -3.348446e-01
1164556494.958862 -2.659728e-01
1164556494.958984 -1.182383e-01
1164556494.959106 4.646091e-03
1164556494.959229 9.946816e-02
1164556494.959351 2.231492e-01
1164556494.959473 3.874010e-01
1164556494.959595 4.648088e-01
1164556494.959717 4.248042e-01
1164556494.959839 2.893078e-01
1164556494.959961 7.496827e-02
1164556494.960083 -1.460169e-01
1164556494.960205 -3.364711e-01
1164556494.960327 -4.665847e-01
1164556494.960449 -4.639444e-01
1164556494.960571 -3.417913e-01
1164556494.960693 -1.773728e-01
1164556494.960815 -3.491223e-02
1164556494.960938 9.223777e-02
1164556494.961060 1.953548e-01
1164556494.961182 2.644278e-01
1164556494.961304 2.993516e-01
1164556494.961426 2.877997e-01
1164556494.961548 2.652592e-01
1164556494.961670 2.392764e-01
1164556494.961792 1.137091e-01
1164556494.961914 -7.259960e-02
1164556494.962036 -2.804159e-01
1164556494.962158 -4.130126e-01
1164556494.962280 -3.741415e-01
1164556494.962402 -2.493805e-01
1164556494.962524 -1.079094e-01
1164556494.962646 3.454480e-02
1164556494.962769 1.033916e-01
1164556494.962891 6.573778e-02
1164556494.963013 5.432977e-02
1164556494.963135 1.516217e-01
1164556494.963257 1.960074e-01
1164556494.963379 2.027649e-01
1164556494.963501 2.373594e-01
1164556494.963623 2.083750e-01
1164556494.963745 8.167787e-02
1164556494.963867 -7.356853e-02
1164556494.963989 -2.169213e-01
1164556494.964111 -3.334215e-01
1164556494.964233 -3.408228e-01
1164556494.964355 -2.553609e-01
1164556494.964478 -1.463215e-01
1164556494.964600 3.182645e-02
1164556494.964722 1.526356e-01
1164556494.964844 1.548236e-01
1164556494.964966 1.611588e-01
1164556494.965088 1.781368e-01
1164556494.965210 1.601808e-01
1164556494.965332 1.226082e-01
1164556494.965454 6.302186e-02
1164556494.965576 2.174565e-02
1164556494.965698 -3.286032e-02
1164556494.965820 -7.980451e-02
1164556494.965942 -1.373665e-01
1164556494.966064 -1.526203e-01
1164556494.966187 -1.058098e-01
1164556494.966309 -6.391666e-02
1164556494.966431 -3.203734e-02
1164556494.966553 -1.990798e-02
1164556494.966675 -3.643983e-02
1164556494.966797 -5.635627e-02
1164556494.966919 -7.269380e-02
1164556494.967041 6.123237e-03
1164556494.967163 1.701493e-01
1164556494.967285 2.783926e-01
1164556494.967407 2.429168e-01
1164556494.967529 1.962289e-01
1164556494.967651 1.467782e-01
1164556494.967773 2.286509e-03
1164556494.967896 -1.761153e-01
1164556494.968018 -2.651223e-01
1164556494.968140 -2.826577e-01
1164556494.968262 -2.649726e-01
1164556494.968384 -1.872396e-01
1164556494.968506 -6.732230e-02
1164556494.968628 8.370543e-03
1164556494.968750 6.815478e-02
1164556494.968872 1.588566e-01
1164556494.968994 2.219280e-01
1164556494.969116 2.476706e-01
1164556494.969238 2.528702e-01
1164556494.969360 1.752820e-01
1164556494.969482 5.841614e-02
1164556494.969604 -2.308154e-02
1164556494.969727 -9.733425e-02
1164556494.969849 -1.939949e-01
1164556494.969971 -2.374430e-01
1164556494.970093 -2.229608e-01
1164556494.970215 -2.186843e-01
1164556494.970337 -1.769355e-01
1164556494.970459 -6.581668e-02
1164556494.970581 2.172865e-02
1164556494.970703 1.240746e-01
1164556494.970825 2.509424e-01
1164556494.970947 2.836203e-01
1164556494.971069 2.503532e-01
1164556494.971191 2.315657e-01
1164556494.971313 1.335306e-01
1164556494.971436 -4.010561e-02
1164556494.971558 -1.627726e-01
1164556494.971680 -1.771223e-01
1164556494.971802 -1.993648e-01
1164556494.971924 -2.215126e-01
1164556494.972046 -1.698912e-01
1164556494.972168 -1.383529e-01
1164556494.972290 -8.066117e-02
1164556494.972412 1.464374e-02
1164556494.972534 8.474971e-02
1164556494.972656 1.536648e-01
1164556494.972778 1.994785e-01
1164556494.972900 2.155240e-01
1164556494.973022 1.599201e-01
1164556494.973145 1.111076e-01
1164556494.973267 5.920549e-02
1164556494.973389 -2.712568e-02
1164556494.973511 -5.378701e-02
1164556494.973633 -8.949678e-02
1164556494.973755 -1.692674e-01
1164556494.973877 -2.107481e-01
1164556494.973999 -2.124128e-01
1164556494.974121 -1.510978e-01
1164556494.974243 -7.801799e-02
1164556494.974365 2.498800e-02
1164556494.974487 1.007758e-01
1164556494.974609 1.351911e-01
1164556494.974731 1.853611e-01
1164556494.974854 1.734699e-01
1164556494.974976 1.663714e-01
1164556494.975098 1.629744e-01
1164556494.975220 7.416770e-02
1164556494.975342 -2.674654e-02
1164556494.975464 -7.741929e-02
1164556494.975586 -7.648986e-02
1164556494.975708 -1.497765e-01
1164556494.975830 -2.276082e-01
1164556494.975952 -2.575813e-01
1164556494.976074 -2.031665e-01
1164556494.976196 -7.442773e-02
1164556494.976318 1.402169e-02
1164556494.976440 8.386661e-02
1164556494.976562 1.698855e-01
1164556494.976685 2.357021e-01
1164556494.976807 2.462217e-01
1164556494.976929 2.032990e-01
1164556494.977051 1.867619e-01
1164556494.977173 1.396198e-01
1164556494.977295 2.586130e-02
1164556494.977417 -1.300423e-01
1164556494.977539 -2.444948e-01
1164556494.977661 -3.247708e-01
1164556494.977783 -3.748728e-01
1164556494.977905 -3.267805e-01
1164556494.978027 -1.938679e-01
1164556494.978149 1.665231e-02
1164556494.978271 2.392195e-01
1164556494.978394 3.624102e-01
1164556494.978516 3.434978e-01
1164556494.978638 2.617803e-01
1164556494.978760 2.049377e-01
1164556494.978882 1.090615e-01
1164556494.979004 -1.297107e-02
1164556494.979126 -1.147419e-01
1164556494.979248 -1.742696e-01
1164556494.979370 -2.109375e-01
1164556494.979492 -2.147055e-01
1164556494.979614 -2.182003e-01
1164556494.979736 -1.761203e-01
1164556494.979858 -8.670609e-02
1164556494.979980 -1.878970e-02
1164556494.980103 4.997942e-02
1164556494.980225 1.546782e-01
1164556494.980347 2.296100e-01
1164556494.980469 2.581134e-01
1164556494.980591 2.151812e-01
1164556494.980713 1.302726e-01
1164556494.980835 7.427277e-02
1164556494.980957 2.105824e-02
1164556494.981079 -6.664627e-02
1164556494.981201 -1.652798e-01
1164556494.981323 -2.274507e-01
1164556494.981445 -2.692088e-01
1164556494.981567 -2.524333e-01
1164556494.981689 -1.465938e-01
1164556494.981812 -6.005153e-02
1164556494.981934 2.836226e-02
1164556494.982056 1.613117e-01
1164556494.982178 2.821461e-01
1164556494.982300 2.953385e-01
1164556494.982422 2.377244e-01
1164556494.982544 1.395248e-01
1164556494.982666 5.260169e-03
1164556494.982788 -8.487095e-02
1164556494.982910 -1.217955e-01
1164556494.983032 -1.601691e-01
1164556494.983154 -1.656785e-01
1164556494.983276 -1.340917e-01
1164556494.983398 -1.027623e-01
1164556494.983521 -8.152585e-02
1164556494.983643 -1.508953e-02
1164556494.983765 3.966771e-02
1164556494.983887 4.426748e-02
1164556494.984009 6.268739e-02
1164556494.984131 1.093319e-01
1164556494.984253 1.210573e-01
1164556494.984375 1.115637e-01
1164556494.984497 1.291855e-01
1164556494.984619 9.014054e-02
1164556494.984741 -8.988081e-03
1164556494.984863 -6.153514e-02
1164556494.984985 -1.052484e-01
1164556494.985107 -1.435268e-01
1164556494.985229 -1.247182e-01
1164556494.985352 -8.471990e-02
1164556494.985474 -9.697311e-02
1164556494.985596 -7.418646e-02
1164556494.985718 1.010591e-02
1164556494.985840 5.411956e-02
1164556494.985962 8.282270e-02
1164556494.986084 1.346606e-01
1164556494.986206 1.277234e-01
1164556494.986328 1.157489e-01
1164556494.986450 1.019792e-01
1164556494.986572 1.356401e-02
1164556494.986694 -7.883453e-02
1164556494.986816 -7.032729e-02
1164556494.986938 -4.687798e-02
1164556494.987061 -6.500777e-02
1164556494.987183 -7.552170e-02
1164556494.987305 -6.659745e-02
1164556494.987427 -4.998800e-02
1164556494.987549 -1.822916e-02
1164556494.987671 -3.851800e-02
1164556494.987793 -5.125469e-02
1164556494.987915 1.012052e-03
1164556494.988037 6.705916e-02
1164556494.988159 1.087526e-01
1164556494.988281 1.357859e-01
1164556494.988403 1.378126e-01
1164556494.988525 1.111296e-01
1164556494.988647 5.145004e-02
1164556494.988770 -3.930340e-02
1164556494.988892 -1.185038e-01
1164556494.989014 -1.075571e-01
1164556494.989136 -8.153463e-02
1164556494.989258 -9.753654e-02
1164556494.989380 -1.011673e-01
1164556494.989502 -6.552559e-02
1164556494.989624 -2.720428e-02
1164556494.989746 -1.617929e-03
1164556494.989868 -7.543864e-03
1164556494.989990 2.511881e-02
1164556494.990112 1.134634e-01
1164556494.990234 1.888406e-01
1164556494.990356 1.810806e-01
1164556494.990479 1.642606e-01
1164556494.990601 1.363266e-01
1164556494.990723 1.497951e-02
1164556494.990845 -1.370173e-01
1164556494.990967 -2.335144e-01
1164556494.991089 -2.512665e-01
1164556494.991211 -1.959389e-01
1164556494.991333 -1.477846e-01
1164556494.991455 -7.496371e-02
1164556494.991577 1.674977e-02
1164556494.991699 8.767974e-02
1164556494.991821 1.381592e-01
1164556494.991943 1.907323e-01
1164556494.992065 2.591218e-01
1164556494.992188 2.338799e-01
1164556494.992310 1.184009e-01
1164556494.992432 -5.444293e-03
1164556494.992554 -1.201756e-01
1164556494.992676 -1.758686e-01
1164556494.992798 -2.108738e-01
1164556494.992920 -2.058303e-01
1164556494.993042 -1.567449e-01
1164556494.993164 -6.379687e-02
1164556494.993286 3.584041e-02
1164556494.993408 9.314855e-02
1164556494.993530 1.066683e-01
1164556494.993652 8.779923e-02
1164556494.993774 3.759781e-02
1164556494.993896 5.201205e-02
1164556494.994019 8.552732e-02
1164556494.994141 9.891382e-02
1164556494.994263 9.446269e-02
1164556494.994385 4.262457e-02
1164556494.994507 -1.851344e-02
1164556494.994629 -8.587630e-02
1164556494.994751 -1.464624e-01
1164556494.994873 -1.675308e-01
1164556494.994995 -1.391022e-01
1164556494.995117 -8.023066e-02
1164556494.995239 -3.298733e-02
1164556494.995361 3.357944e-02
1164556494.995483 9.667900e-02
1164556494.995605 1.121383e-01
1164556494.995728 8.659126e-02
1164556494.995850 5.452595e-02
1164556494.995972 5.860612e-02
1164556494.996094 8.391744e-02
1164556494.996216 5.873887e-02
1164556494.996338 9.455713e-03
1164556494.996460 -2.651367e-02
1164556494.996582 -3.735807e-02
1164556494.996704 -7.802508e-02
1164556494.996826 -1.210321e-01
1164556494.996948 -1.116353e-01
1164556494.997070 -7.715495e-02
1164556494.997192 -8.551099e-02
1164556494.997314 -5.184856e-02
1164556494.997437 9.916764e-03
1164556494.997559 5.653138e-02
1164556494.997681 1.023303e-01
1164556494.997803 1.450900e-01
1164556494.997925 1.669492e-01
1164556494.998047 1.552421e-01
1164556494.998169 1.281941e-01
1164556494.998291 4.937013e-02
1164556494.998413 -9.901373e-02
1164556494.998535 -1.752585e-01
1164556494.998657 -1.849311e-01
1164556494.998779 -2.086791e-01
1164556494.998901 -1.943746e-01
1164556494.999023 -8.553594e-02
1164556494.999146 3.759382e-02
1164556494.999268 1.186749e-01
1164556494.999390 1.664978e-01
1164556494.999512 1.557072e-01
1164556494.999634 1.030447e-01
1164556494.999756 7.709535e-02
1164556494.999878 3.388106e-02
1164556495.000000 -9.217330e-03
1164556495.000122 7.380933e-03
1164556495.000244 2.612318e-02
1164556495.000366 -3.895995e-02
1164556495.000488 -1.022224e-01
1164556495.000610 -1.216374e-01
1164556495.000732 -1.274455e-01
1164556495.000854 -1.239923e-01
1164556495.000977 -7.112041e-02
1164556495.001099 1.628911e-02
1164556495.001221 6.653409e-02
1164556495.001343 1.048722e-01
1164556495.001465 1.366758e-01
1164556495.001587 1.013893e-01
1164556495.001709 6.091435e-02
1164556495.001831 5.058218e-02
1164556495.001953 2.592572e-02
1164556495.002075 -2.566706e-02
1164556495.002197 -2.456614e-02
1164556495.002319 -2.244958e-02
1164556495.002441 -6.279261e-02
1164556495.002563 -9.512473e-02
1164556495.002686 -9.428573e-02
1164556495.002808 -9.465094e-02
1164556495.002930 -7.210059e-02
1164556495.003052 -9.498054e-03
1164556495.003174 4.138712e-02
1164556495.003296 5.512590e-02
1164556495.003418 8.881859e-02
1164556495.003540 1.036566e-01
1164556495.003662 7.711114e-02
1164556495.003784 6.630042e-02
1164556495.003906 7.556318e-02
1164556495.004028 4.121577e-02
1164556495.004150 -1.388764e-02
1164556495.004272 -5.302437e-02
1164556495.004395 -6.819434e-02
1164556495.004517 -9.587601e-02
1164556495.004639 -1.238550e-01
1164556495.004761 -1.404548e-01
1164556495.004883 -1.418075e-01
1164556495.005005 -7.660364e-02
1164556495.005127 3.181064e-02
1164556495.005249 1.231334e-01
1164556495.005371 2.173309e-01
1164556495.005493 2.485175e-01
1164556495.005615 1.561990e-01
1164556495.005737 3.377520e-02
1164556495.005859 -2.773278e-02
1164556495.005981 -5.225781e-02
1164556495.006104 -9.486590e-02
1164556495.006226 -1.310694e-01
1164556495.006348 -1.206794e-01
1164556495.006470 -9.990341e-02
1164556495.006592 -8.235528e-02
1164556495.006714 -7.321667e-02
1164556495.006836 -2.622335e-02
1164556495.006958 5.794593e-02
1164556495.007080 1.149787e-01
1164556495.007202 1.419154e-01
1164556495.007324 1.398837e-01
1164556495.007446 8.081982e-02
1164556495.007568 2.149880e-02
1164556495.007690 -1.519405e-02
1164556495.007812 -2.765715e-02
1164556495.007935 -2.949387e-02
1164556495.008057 -4.880957e-02
1164556495.008179 -8.010910e-02
1164556495.008301 -7.116655e-02
1164556495.008423 -3.965932e-02
1164556495.008545 -2.739776e-02
1164556495.008667 -2.899083e-02
1164556495.008789 -2.160449e-02
1164556495.008911 1.295975e-03
1164556495.009033 2.545885e-02
1164556495.009155 2.068175e-02
1164556495.009277 3.778459e-02
1164556495.009399 8.771764e-02
1164556495.009521 9.980850e-02
1164556495.009644 6.547333e-02
1164556495.009766 3.891799e-02
1164556495.009888 2.934698e-02
1164556495.010010 7.593087e-03
1164556495.010132 -4.053080e-02
1164556495.010254 -9.122428e-02
1164556495.010376 -1.480490e-01
1164556495.010498 -1.566696e-01
1164556495.010620 -1.133666e-01
1164556495.010742 -6.817302e-02
1164556495.010864 4.932895e-03
1164556495.010986 1.110733e-01
1164556495.011108 1.800031e-01
1164556495.011230 1.678515e-01
1164556495.011353 1.007275e-01
1164556495.011475 4.279827e-02
1164556495.011597 -2.186775e-02
1164556495.011719 -2.930072e-02
1164556495.011841 7.208195e-03
1164556495.011963 8.272523e-03
1164556495.012085 -3.579231e-02
1164556495.012207 -7.703694e-02
1164556495.012329 -1.291682e-01
1164556495.012451 -1.721062e-01
1164556495.012573 -1.297290e-01
1164556495.012695 -4.374645e-02
1164556495.012817 4.039357e-03
1164556495.012939 9.265451e-02
1164556495.013062 1.885846e-01
1164556495.013184 1.932511e-01
1164556495.013306 1.400676e-01
1164556495.013428 9.743474e-02
1164556495.013550 3.939846e-02
1164556495.013672 -2.028803e-02
1164556495.013794 -4.697181e-02
1164556495.013916 -9.741960e-02
1164556495.014038 -1.757541e-01
1164556495.014160 -1.896081e-01
1164556495.014282 -1.445767e-01
1164556495.014404 -8.322575e-02
1164556495.014526 -1.858684e-02
1164556495.014648 5.664166e-02
1164556495.014771 1.174783e-01
1164556495.014893 1.749932e-01
1164556495.015015 1.895324e-01
1164556495.015137 1.375839e-01
1164556495.015259 8.086271e-02
1164556495.015381 2.513098e-02
1164556495.015503 -5.130494e-02
1164556495.015625 -1.272412e-01
1164556495.015747 -1.710939e-01
1164556495.015869 -1.471417e-01
1164556495.015991 -9.716146e-02
1164556495.016113 -3.403368e-02
1164556495.016235 1.009016e-02
1164556495.016357 5.947651e-02
1164556495.016479 9.214682e-02
1164556495.016602 8.160024e-02
1164556495.016724 4.957361e-02
1164556495.016846 2.988562e-02
1164556495.016968 -3.820078e-03
1164556495.017090 -2.741484e-02
1164556495.017212 -2.845223e-03
1164556495.017334 1.035926e-02
1164556495.017456 -8.947227e-03
1164556495.017578 1.024438e-02
1164556495.017700 2.424805e-02
1164556495.017822 2.501110e-02
1164556495.017944 2.471231e-02
1164556495.018066 -1.264033e-03
1164556495.018188 -6.481782e-02
1164556495.018311 -1.078735e-01
1164556495.018433 -1.006439e-01
1164556495.018555 -1.142903e-01
1164556495.018677 -7.946750e-02
1164556495.018799 3.361632e-02
1164556495.018921 1.234317e-01
1164556495.019043 1.700676e-01
1164556495.019165 1.781241e-01
1164556495.019287 1.391733e-01
1164556495.019409 6.226395e-02
1164556495.019531 6.802456e-03
1164556495.019653 -5.003089e-02
1164556495.019775 -1.295003e-01
1164556495.019897 -1.767195e-01
1164556495.020020 -1.483862e-01
1164556495.020142 -1.052401e-01
1164556495.020264 -7.867502e-02
1164556495.020386 -4.324709e-02
1164556495.020508 1.304299e-02
1164556495.020630 7.192990e-02
1164556495.020752 1.385606e-01
1164556495.020874 1.766603e-01
1164556495.020996 1.853476e-01
1164556495.021118 1.605286e-01
1164556495.021240 7.695810e-02
1164556495.021362 -5.008631e-02
1164556495.021484 -1.645484e-01
1164556495.021606 -1.899704e-01
1164556495.021729 -1.504562e-01
1164556495.021851 -1.103770e-01
1164556495.021973 -5.302762e-02
1164556495.022095 -3.800804e-03
1164556495.022217 3.321820e-02
1164556495.022339 5.985759e-02
1164556495.022461 5.100914e-02
1164556495.022583 3.295507e-02
1164556495.022705 4.579354e-02
1164556495.022827 7.783486e-02
1164556495.022949 1.089523e-01
1164556495.023071 1.026925e-01
1164556495.023193 4.787994e-02
1164556495.023315 -2.522639e-02
1164556495.023438 -7.122669e-02
1164556495.023560 -1.005889e-01
1164556495.023682 -1.161361e-01
1164556495.023804 -1.109555e-01
1164556495.023926 -7.769109e-02
1164556495.024048 -4.160407e-02
1164556495.024170 -1.374919e-02
1164556495.024292 2.712943e-02
1164556495.024414 6.069678e-02
1164556495.024536 8.379164e-02
1164556495.024658 1.123443e-01
1164556495.024780 9.905619e-02
1164556495.024902 6.680149e-02
1164556495.025024 5.100155e-02
1164556495.025146 3.460580e-02
1164556495.025269 -1.651581e-02
1164556495.025391 -9.159924e-02
1164556495.025513 -1.277384e-01
1164556495.025635 -1.173900e-01
1164556495.025757 -8.392148e-02
1164556495.025879 -3.417404e-02
1164556495.026001 -1.551961e-02
1164556495.026123 -2.647575e-04
1164556495.026245 3.797193e-02
1164556495.026367 5.737000e-02
1164556495.026489 4.657070e-02
1164556495.026611 6.172967e-02
1164556495.026733 9.035154e-02
1164556495.026855 9.151362e-02
1164556495.026978 5.489426e-02
1164556495.027100 1.687195e-02
1164556495.027222 -2.636882e-02
1164556495.027344 -5.819972e-02
1164556495.027466 -7.521346e-02
1164556495.027588 -8.689454e-02
1164556495.027710 -1.036642e-01
1164556495.027832 -9.331861e-02
1164556495.027954 -4.737470e-02
1164556495.028076 -1.594159e-02
1164556495.028198 7.839978e-03
1164556495.028320 4.854856e-02
1164556495.028442 9.938410e-02
1164556495.028564 1.304986e-01
1164556495.028687 1.277354e-01
1164556495.028809 1.082219e-01
1164556495.028931 6.137596e-02
1164556495.029053 1.671080e-02
1164556495.029175 -4.046536e-02
1164556495.029297 -1.240873e-01
1164556495.029419 -1.704234e-01
1164556495.029541 -1.635767e-01
1164556495.029663 -1.318254e-01
1164556495.029785 -7.207079e-02
1164556495.029907 1.209647e-02
1164556495.030029 9.957164e-02
1164556495.030151 1.380106e-01
1164556495.030273 1.591943e-01
1164556495.030396 1.241897e-01
1164556495.030518 4.548157e-02
1164556495.030640 -3.068188e-02
1164556495.030762 -5.594014e-02
1164556495.030884 -2.729473e-02
1164556495.031006 1.349615e-02
1164556495.031128 7.385178e-03
1164556495.031250 -3.818744e-02
1164556495.031372 -5.885101e-02
1164556495.031494 -6.667564e-02
1164556495.031616 -9.004591e-02
1164556495.031738 -7.551573e-02
1164556495.031860 -3.228303e-02
1164556495.031982 3.039496e-02
1164556495.032104 8.798160e-02
1164556495.032227 9.739334e-02
1164556495.032349 5.788666e-02
1164556495.032471 2.870563e-02
1164556495.032593 3.531620e-02
1164556495.032715 3.499756e-02
1164556495.032837 3.455147e-02
1164556495.032959 4.096259e-02
1164556495.033081 -2.329745e-03
1164556495.033203 -6.310829e-02
1164556495.033325 -9.381411e-02
1164556495.033447 -1.062659e-01
1164556495.033569 -1.165820e-01
1164556495.033691 -7.205359e-02
1164556495.033813 -1.000979e-02
1164556495.033936 1.426902e-02
1164556495.034058 4.470881e-02
1164556495.034180 9.323624e-02
1164556495.034302 1.059410e-01
1164556495.034424 1.049432e-01
1164556495.034546 9.765982e-02
1164556495.034668 6.325477e-02
1164556495.034790 1.345871e-02
1164556495.034912 -2.283207e-02
1164556495.035034 -8.407021e-02
1164556495.035156 -1.248412e-01
1164556495.035278 -1.163953e-01
1164556495.035400 -9.566864e-02
1164556495.035522 -8.049417e-02
1164556495.035645 -3.462707e-02
1164556495.035767 2.345260e-02
1164556495.035889 5.350991e-02
1164556495.036011 8.504236e-02
1164556495.036133 1.061616e-01
1164556495.036255 9.228972e-02
1164556495.036377 8.129608e-02
1164556495.036499 4.652631e-02
1164556495.036621 8.208609e-03
1164556495.036743 -3.095912e-03
1164556495.036865 -7.476470e-03
1164556495.036987 -4.161068e-02
1164556495.037109 -1.113754e-01
1164556495.037231 -1.522318e-01
1164556495.037354 -1.293773e-01
1164556495.037476 -6.563497e-02
1164556495.037598 7.889693e-03
1164556495.037720 5.190271e-02
1164556495.037842 8.950232e-02
1164556495.037964 1.206386e-01
1164556495.038086 1.083648e-01
1164556495.038208 4.438487e-02
1164556495.038330 1.373613e-02
1164556495.038452 2.197051e-02
1164556495.038574 7.063438e-03
1164556495.038696 -9.331442e-03
1164556495.038818 -1.592614e-02
1164556495.038940 -5.574785e-02
1164556495.039062 -9.401521e-02
1164556495.039185 -8.741732e-02
1164556495.039307 -5.246266e-02
1164556495.039429 -2.728928e-02
1164556495.039551 -2.749575e-03
1164556495.039673 6.373219e-03
1164556495.039795 8.866713e-04
1164556495.039917 3.525028e-02
1164556495.040039 7.365488e-02
1164556495.040161 6.622488e-02
1164556495.040283 8.031009e-02
1164556495.040405 9.732572e-02
1164556495.040527 6.775209e-02
1164556495.040649 1.304428e-02
1164556495.040771 -2.025568e-02
1164556495.040894 -4.279236e-02
1164556495.041016 -1.002054e-01
1164556495.041138 -1.626887e-01
1164556495.041260 -1.699781e-01
1164556495.041382 -1.295549e-01
1164556495.041504 -5.318738e-02
1164556495.041626 4.053160e-02
1164556495.041748 1.171107e-01
1164556495.041870 1.655233e-01
1164556495.041992 1.857098e-01
1164556495.042114 1.534829e-01
1164556495.042236 7.762072e-02
1164556495.042358 1.608826e-02
1164556495.042480 -1.886641e-02
1164556495.042603 -8.412311e-02
1164556495.042725 -1.218568e-01
1164556495.042847 -1.052144e-01
1164556495.042969 -1.090466e-01
1164556495.043091 -1.252962e-01
1164556495.043213 -9.542154e-02
1164556495.043335 -4.706358e-02
1164556495.043457 2.287949e-04
1164556495.043579 7.129406e-02
1164556495.043701 1.475854e-01
1164556495.043823 1.776421e-01
1164556495.043945 1.773339e-01
1164556495.044067 1.432594e-01
1164556495.044189 6.800530e-02
1164556495.044312 -3.738618e-02
1164556495.044434 -1.069858e-01
1164556495.044556 -1.405147e-01
1164556495.044678 -1.602314e-01
1164556495.044800 -1.541605e-01
1164556495.044922 -1.109731e-01
1164556495.045044 -6.171733e-02
1164556495.045166 -1.851944e-03
1164556495.045288 6.356021e-02
1164556495.045410 1.049077e-01
1164556495.045532 1.278794e-01
1164556495.045654 1.380125e-01
1164556495.045776 1.152404e-01
1164556495.045898 6.708691e-02
1164556495.046021 1.760423e-02
1164556495.046143 -1.416642e-02
1164556495.046265 -6.184232e-02
1164556495.046387 -1.033821e-01
1164556495.046509 -1.069437e-01
1164556495.046631 -8.465396e-02
1164556495.046753 -6.263932e-02
1164556495.046875 -5.232034e-02
1164556495.046997 -3.833444e-02
1164556495.047119 -5.366567e-03
1164556495.047241 3.131375e-02
1164556495.047363 6.569288e-02
1164556495.047485 8.306890e-02
1164556495.047607 1.103393e-01
1164556495.047729 1.348438e-01
1164556495.047852 1.136549e-01
1164556495.047974 4.113959e-02
1164556495.048096 -3.481029e-02
1164556495.048218 -9.678274e-02
1164556495.048340 -1.408724e-01
1164556495.048462 -1.556127e-01
1164556495.048584 -1.197181e-01
1164556495.048706 -5.480744e-02
1164556495.048828 1.772748e-03
1164556495.048950 3.806434e-02
1164556495.049072 6.223595e-02
1164556495.049194 8.256588e-02
1164556495.049316 1.015165e-01
1164556495.049438 7.760181e-02
1164556495.049561 5.395308e-02
1164556495.049683 3.456191e-02
1164556495.049805 1.315884e-02
1164556495.049927 -6.581950e-03
1164556495.050049 -4.346820e-02
1164556495.050171 -9.008667e-02
1164556495.050293 -9.654613e-02
1164556495.050415 -7.109287e-02
1164556495.050537 -4.430014e-02
1164556495.050659 -1.932721e-02
1164556495.050781 2.492553e-02
1164556495.050903 3.765306e-02
1164556495.051025 2.199091e-02
1164556495.051147 2.573064e-02
1164556495.051270 5.505334e-02
1164556495.051392 6.604770e-02
1164556495.051514 4.824538e-02
1164556495.051636 2.835316e-02
1164556495.051758 1.488529e-02
1164556495.051880 -4.520446e-03
1164556495.052002 -2.581102e-02
1164556495.052124 -5.772283e-02
1164556495.052246 -9.039758e-02
1164556495.052368 -7.174027e-02
1164556495.052490 -3.052852e-02
1164556495.052612 4.819692e-04
1164556495.052734 3.550666e-02
1164556495.052856 3.563405e-02
1164556495.052979 7.358340e-03
1164556495.053101 -1.550644e-02
1164556495.053223 6.696872e-03
1164556495.053345 3.131561e-02
1164556495.053467 4.428239e-02
1164556495.053589 7.504743e-02
1164556495.053711 8.052885e-02
1164556495.053833 2.962989e-02
1164556495.053955 -1.373362e-02
1164556495.054077 -5.093760e-02
1164556495.054199 -8.240368e-02
1164556495.054321 -9.887630e-02
1164556495.054443 -9.151596e-02
1164556495.054565 -6.968095e-02
1164556495.054688 -3.145856e-02
1164556495.054810 2.973181e-02
1164556495.054932 6.388044e-02
1164556495.055054 7.322083e-02
1164556495.055176 8.964418e-02
1164556495.055298 8.702987e-02
1164556495.055420 5.983552e-02
1164556495.055542 2.107693e-02
1164556495.055664 1.066767e-02
1164556495.055786 5.930973e-03
1164556495.055908 -4.452648e-02
1164556495.056030 -9.407592e-02
1164556495.056152 -9.885213e-02
1164556495.056274 -8.690086e-02
1164556495.056396 -7.736891e-02
1164556495.056519 -5.598105e-02
1164556495.056641 1.872400e-03
1164556495.056763 4.638683e-02
1164556495.056885 8.098038e-02
1164556495.057007 9.821638e-02
1164556495.057129 9.714565e-02
1164556495.057251 1.004626e-01
1164556495.057373 8.836459e-02
1164556495.057495 3.283495e-02
1164556495.057617 -2.646267e-02
1164556495.057739 -4.929740e-02
1164556495.057861 -7.952847e-02
1164556495.057983 -1.461560e-01
1164556495.058105 -1.622028e-01
1164556495.058228 -1.296394e-01
1164556495.058350 -7.638119e-02
1164556495.058472 4.999267e-03
1164556495.058594 8.757955e-02
1164556495.058716 1.382271e-01
1164556495.058838 1.784823e-01
1164556495.058960 1.847212e-01
1164556495.059082 1.222121e-01
1164556495.059204 3.000876e-02
1164556495.059326 -2.764401e-02
1164556495.059448 -7.273298e-02
1164556495.059570 -1.145117e-01
1164556495.059692 -1.471999e-01
1164556495.059814 -1.495908e-01
1164556495.059937 -1.183573e-01
1164556495.060059 -8.214389e-02
1164556495.060181 -5.055575e-02
1164556495.060303 -3.922664e-03
