1164556494.727173 -2.763768e-02
1164556494.727295 -2.610583e-02
1164556494.727417 -2.192529e-02
1164556494.727539 -1.250599e-02
1164556494.727661 -1.493945e-03
1164556494.727783 3.934161e-03
1164556494.727905 7.238348e-03
1164556494.728027 6.536312e-03
1164556494.728149 4.649243e-03
1164556494.728271 3.275267e-03
1164556494.728394 3.488187e-03
1164556494.728516 6.394527e-03
1164556494.728638 8.815257e-03
1164556494.728760 7.525113e-03
1164556494.728882 2.756386e-03
1164556494.729004 -3.607900e-03
1164556494.729126 -7.688720e-03
1164556494.729248 -1.129276e-02
1164556494.729370 -1.154503e-02
1164556494.729492 -1.116158e-02
1164556494.729614 -8.312531e-03
1164556494.729736 -2.405383e-03
1164556494.729858 3.034588e-03
1164556494.729980 7.396792e-03
1164556494.730103 1.354401e-02
1164556494.730225 1.687790e-02
1164556494.730347 1.293662e-02
1164556494.730469 7.316994e-03
1164556494.730591 3.605549e-03
1164556494.730713 -5.309195e-03
1164556494.730835 -1.149684e-02
1164556494.730957 -1.365974e-02
1164556494.731079 -1.453703e-02
1164556494.731201 -1.080358e-02
1164556494.731323 -4.722836e-03
1164556494.731445 -2.478160e-03
1164556494.731567 -4.356438e-04
1164556494.731689 7.895378e-03
1164556494.731812 1.357256e-02
1164556494.731934 1.157809e-02
1164556494.732056 1.108226e-02
1164556494.732178 8.280955e-03
1164556494.732300 9.142864e-04
1164556494.732422 -3.019091e-03
1164556494.732544 -1.872326e-03
1164556494.732666 -4.039631e-03
1164556494.732788 -5.539702e-03
1164556494.732910 -6.494776e-03
1164556494.733032 -9.443432e-03
1164556494.733154 -1.103380e-02
1164556494.733276 -1.012634e-02
1164556494.733398 -8.320574e-03
1164556494.733521 -1.736366e-03
1164556494.733643 7.937988e-03
1164556494.733765 1.586867e-02
1164556494.733887 1.975334e-02
1164556494.734009 2.053738e-02
1164556494.734131 1.280885e-02
1164556494.734253 3.551208e-03
1164556494.734375 -8.506719e-04
1164556494.734497 -7.842614e-03
1164556494.734619 -1.694215e-02
1164556494.734741 -2.066224e-02
1164556494.734863 -2.111508e-02
1164556494.734985 -1.699695e-02
1164556494.735107 -7.465734e-03
1164556494.735229 2.128119e-03
1164556494.735352 7.218910e-03
1164556494.735474 1.574968e-02
1164556494.735596 2.412923e-02
1164556494.735718 2.418642e-02
1164556494.735840 1.780996e-02
1164556494.735962 8.395869e-03
1164556494.736084 -4.944673e-03
1164556494.736206 -1.472327e-02
1164556494.736328 -1.690814e-02
1164556494.736450 -1.654900e-02
1164556494.736572 -1.394363e-02
1164556494.736694 -7.467627e-03
1164556494.736816 -4.023169e-03
1164556494.736938 -3.384895e-03
1164556494.737061 2.489487e-04
1164556494.737183 8.966271e-03
1164556494.737305 1.005920e-02
1164556494.737427 7.353708e-03
1164556494.737549 8.490894e-03
1164556494.737671 1.108047e-02
1164556494.737793 1.000773e-02
1164556494.737915 4.442415e-03
1164556494.738037 -2.345140e-03
1164556494.738159 -6.728105e-03
1164556494.738281 -4.552077e-03
1164556494.738403 -1.846404e-03
1164556494.738525 -8.385577e-03
1164556494.738647 -1.313673e-02
1164556494.738770 -1.131836e-02
1164556494.738892 -9.931188e-03
1164556494.739014 -1.061725e-02
1164556494.739136 -4.748228e-03
1164556494.739258 5.674472e-03
1164556494.739380 1.411088e-02
1164556494.739502 2.037700e-02
1164556494.739624 2.340561e-02
1164556494.739746 2.215495e-02
1164556494.739868 1.556297e-02
1164556494.739990 3.259717e-03
1164556494.740112 -1.210867e-02
1164556494.740234 -2.285661e-02
1164556494.740356 -2.264924e-02
1164556494.740479 -1.881574e-02
1164556494.740601 -1.838420e-02
1164556494.740723 -1.701750e-02
1164556494.740845 -7.586525e-03
1164556494.740967 3.599548e-03
1164556494.741089 1.306033e-02
1164556494.741211 2.045168e-02
1164556494.741333 2.533638e-02
1164556494.741455 2.360421e-02
1164556494.741577 2.075674e-02
1164556494.741699 1.444241e-02
1164556494.741821 3.572571e-03
1164556494.741943 -9.455910e-03
1164556494.742065 -2.233436e-02
1164556494.742188 -3.143860e-02
1164556494.742310 -3.143525e-02
1164556494.742432 -2.213810e-02
1164556494.742554 -7.584890e-03
1164556494.742676 3.740418e-03
1164556494.742798 1.073681e-02
1164556494.742920 1.457988e-02
1164556494.743042 1.662911e-02
1164556494.743164 1.693800e-02
1164556494.743286 1.658919e-02
1164556494.743408 1.504931e-02
1164556494.743530 8.908781e-03
1164556494.743652 2.169216e-03
1164556494.743774 -1.459109e-03
1164556494.743896 -9.652300e-03
1164556494.744019 -1.892156e-02
1164556494.744141 -2.158296e-02
1164556494.744263 -2.022544e-02
1164556494.744385 -1.614663e-02
1164556494.744507 -7.034386e-03
1164556494.744629 1.764653e-03
1164556494.744751 6.378006e-03
1164556494.744873 1.171582e-02
1164556494.744995 1.796589e-02
1164556494.745117 1.824409e-02
1164556494.745239 1.585187e-02
1164556494.745361 1.021506e-02
1164556494.745483 3.598276e-03
1164556494.745605 6.060890e-04
1164556494.745728 -3.470283e-04
1164556494.745850 -4.979244e-03
1164556494.745972 -1.013795e-02
1164556494.746094 -1.389569e-02
1164556494.746216 -1.864127e-02
1164556494.746338 -2.447298e-02
1164556494.746460 -2.061872e-02
1164556494.746582 -8.227531e-03
1164556494.746704 4.823629e-03
1164556494.746826 1.658978e-02
1164556494.746948 2.394964e-02
1164556494.747070 2.545616e-02
1164556494.747192 2.347759e-02
1164556494.747314 1.844939e-02
1164556494.747437 1.134581e-02
1164556494.747559 2.446645e-03
1164556494.747681 -5.442971e-03
1164556494.747803 -1.707145e-02
1164556494.747925 -2.760901e-02
1164556494.748047 -3.148798e-02
1164556494.748169 -3.180273e-02
1164556494.748291 -2.407314e-02
1164556494.748413 -4.385122e-03
1164556494.748535 1.496104e-02
1164556494.748657 2.591155e-02
1164556494.748779 2.941405e-02
1164556494.748901 2.853077e-02
1164556494.749023 1.885498e-02
1164556494.749146 7.814188e-03
1164556494.749268 5.064947e-04
1164556494.749390 -3.487793e-03
1164556494.749512 -4.496701e-03
1164556494.749634 -5.085379e-03
1164556494.749756 -1.281107e-02
1164556494.749878 -2.160179e-02
1164556494.750000 -2.470695e-02
1164556494.750122 -1.993245e-02
1164556494.750244 -1.347010e-02
1164556494.750366 -3.206649e-03
1164556494.750488 9.759691e-03
1164556494.750610 1.969315e-02
1164556494.750732 2.544417e-02
1164556494.750854 2.445066e-02
1164556494.750977 1.714624e-02
1164556494.751099 9.941105e-03
1164556494.751221 3.435819e-03
1164556494.751343 -3.370638e-03
1164556494.751465 -1.012929e-02
1164556494.751587 -1.015808e-02
1164556494.751709 -1.026209e-02
1164556494.751831 -1.741303e-02
1164556494.751953 -2.278888e-02
1164556494.752075 -1.884086e-02
1164556494.752197 -8.778295e-03
1164556494.752319 2.503329e-03
1164556494.752441 1.192722e-02
1164556494.752563 1.445294e-02
1164556494.752686 1.282888e-02
1164556494.752808 1.613523e-02
1164556494.752930 1.604400e-02
1164556494.753052 1.325894e-02
1164556494.753174 1.172615e-02
1164556494.753296 7.588886e-03
1164556494.753418 -2.387201e-03
1164556494.753540 -8.350411e-03
1164556494.753662 -1.469626e-02
1164556494.753784 -2.652918e-02
1164556494.753906 -3.169608e-02
1164556494.754028 -2.492322e-02
1164556494.754150 -1.429300e-02
1164556494.754272 -1.577915e-03
1164556494.754395 1.195336e-02
1164556494.754517 2.155120e-02
1164556494.754639 2.952819e-02
1164556494.754761 3.288522e-02
1164556494.754883 2.454558e-02
1164556494.755005 1.425690e-02
1164556494.755127 2.704722e-03
1164556494.755249 -8.120233e-03
1164556494.755371 -1.691282e-02
1164556494.755493 -1.965905e-02
1164556494.755615 -1.804129e-02
1164556494.755737 -1.916022e-02
1164556494.755859 -2.058564e-02
1164556494.755981 -2.106939e-02
1164556494.756104 -1.291224e-02
1164556494.756226 1.972116e-03
1164556494.756348 1.116231e-02
1164556494.756470 2.349729e-02
1164556494.756592 3.230671e-02
1164556494.756714 3.392188e-02
1164556494.756836 2.849519e-02
1164556494.756958 1.628779e-02
1164556494.757080 8.769723e-04
1164556494.757202 -1.523671e-02
1164556494.757324 -2.402914e-02
1164556494.757446 -2.852921e-02
1164556494.757568 -2.727851e-02
1164556494.757690 -1.915262e-02
1164556494.757812 -1.862318e-02
1164556494.757935 -1.593704e-02
1164556494.758057 -4.980737e-03
1164556494.758179 7.904747e-03
1164556494.758301 2.218773e-02
1164556494.758423 3.369662e-02
1164556494.758545 3.826944e-02
1164556494.758667 3.453819e-02
1164556494.758789 2.288135e-02
1164556494.758911 1.040697e-03
1164556494.759033 -2.167717e-02
1164556494.759155 -2.822065e-02
1164556494.759277 -2.576742e-02
1164556494.759399 -2.354321e-02
1164556494.759521 -2.133454e-02
1164556494.759644 -1.511588e-02
1164556494.759766 -9.813456e-03
1164556494.759888 -2.698218e-03
1164556494.760010 8.966479e-03
1164556494.760132 2.015205e-02
1164556494.760254 2.832451e-02
1164556494.760376 2.790923e-02
1164556494.760498 1.924117e-02
1164556494.760620 7.100548e-03
1164556494.760742 -1.243719e-03
1164556494.760864 -4.816427e-03
1164556494.760986 -1.139932e-02
1164556494.761108 -1.343502e-02
1164556494.761230 -1.295904e-02
1164556494.761353 -1.287793e-02
1164556494.761475 -1.156415e-02
1164556494.761597 -8.758153e-03
1164556494.761719 -6.223285e-03
1164556494.761841 -9.545351e-04
1164556494.761963 5.252209e-03
1164556494.762085 6.406710e-03
1164556494.762207 5.149082e-03
1164556494.762329 8.469262e-03
1164556494.762451 1.177866e-02
1164556494.762573 1.386641e-02
1164556494.762695 1.574499e-02
1164556494.762817 1.320573e-02
1164556494.762939 4.441301e-03
1164556494.763062 -5.990235e-03
1164556494.763184 -1.179844e-02
1164556494.763306 -1.310161e-02
1164556494.763428 -1.530321e-02
1164556494.763550 -1.602942e-02
1164556494.763672 -1.935817e-02
1164556494.763794 -2.139210e-02
1164556494.763916 -1.505991e-02
1164556494.764038 5.344054e-05
1164556494.764160 1.397516e-02
1164556494.764282 2.302102e-02
1164556494.764404 3.481293e-02
1164556494.764526 4.072147e-02
1164556494.764648 3.130453e-02
1164556494.764771 1.787106e-02
1164556494.764893 -1.226534e-03
1164556494.765015 -2.096098e-02
1164556494.765137 -3.394714e-02
1164556494.765259 -4.100326e-02
1164556494.765381 -4.072197e-02
1164556494.765503 -2.711002e-02
1164556494.765625 -1.031824e-02
1164556494.765747 1.189331e-03
1164556494.765869 1.314302e-02
1164556494.765991 2.362578e-02
1164556494.766113 2.772109e-02
1164556494.766235 3.039766e-02
1164556494.766357 3.038324e-02
1164556494.766479 2.836294e-02
1164556494.766602 1.680574e-02
1164556494.766724 -2.645417e-03
1164556494.766846 -2.195145e-02
1164556494.766968 -3.605874e-02
1164556494.767090 -3.972657e-02
1164556494.767212 -3.321387e-02
1164556494.767334 -1.604790e-02
1164556494.767456 2.320595e-03
1164556494.767578 8.056019e-03
1164556494.767700 1.017195e-02
1164556494.767822 7.370626e-03
1164556494.767944 5.641570e-03
1164556494.768066 1.265789e-02
1164556494.768188 1.889240e-02
1164556494.768311 1.950970e-02
1164556494.768433 1.831595e-02
1164556494.768555 1.692635e-02
1164556494.768677 8.772350e-03
1164556494.768799 -5.101236e-03
1164556494.768921 -1.471722e-02
1164556494.769043 -2.553304e-02
1164556494.769165 -3.123018e-02
1164556494.769287 -2.631042e-02
1164556494.769409 -1.984092e-02
1164556494.769531 -1.346876e-02
1164556494.769653 -6.393322e-03
1164556494.769775 1.557583e-03
1164556494.769897 1.351547e-02
1164556494.770020 2.682614e-02
1164556494.770142 3.652588e-02
1164556494.770264 3.925812e-02
1164556494.770386 3.564464e-02
1164556494.770508 2.329080e-02
1164556494.770630 5.647308e-03
1164556494.770752 -1.274297e-02
1164556494.770874 -3.407427e-02
1164556494.770996 -5.036305e-02
1164556494.771118 -5.157970e-02
1164556494.771240 -4.527727e-02
1164556494.771362 -2.828343e-02
1164556494.771484 -3.799253e-03
1164556494.771606 1.632282e-02
1164556494.771729 2.933472e-02
1164556494.771851 4.424301e-02
1164556494.771973 5.317320e-02
1164556494.772095 4.898908e-02
1164556494.772217 3.617666e-02
1164556494.772339 1.336418e-02
1164556494.772461 -1.303798e-02
1164556494.772583 -2.873154e-02
1164556494.772705 -4.017612e-02
1164556494.772827 -5.071150e-02
1164556494.772949 -4.693023e-02
1164556494.773071 -2.991561e-02
1164556494.773193 -1.563059e-02
1164556494.773315 -2.388823e-03
1164556494.773438 1.566638e-02
1164556494.773560 3.255105e-02
1164556494.773682 4.128146e-02
1164556494.773804 4.117041e-02
1164556494.773926 3.455568e-02
1164556494.774048 2.352633e-02
1164556494.774170 1.038161e-02
1164556494.774292 -6.446850e-03
1164556494.774414 -2.218312e-02
1164556494.774536 -2.810352e-02
1164556494.774658 -3.154129e-02
1164556494.774780 -3.391441e-02
1164556494.774902 -3.390483e-02
1164556494.775024 -2.461225e-02
1164556494.775146 -5.065507e-03
1164556494.775269 1.520697e-02
1164556494.775391 2.797334e-02
1164556494.775513 3.205310e-02
1164556494.775635 3.006407e-02
1164556494.775757 2.711810e-02
1164556494.775879 1.794748e-02
1164556494.776001 4.509495e-03
1164556494.776123 -7.368804e-03
1164556494.776245 -1.250244e-02
1164556494.776367 -1.184931e-02
1164556494.776489 -1.156002e-02
1164556494.776611 -1.639275e-02
1164556494.776733 -2.160541e-02
1164556494.776855 -2.228498e-02
1164556494.776978 -1.656646e-02
1164556494.777100 -5.646296e-03
1164556494.777222 7.203645e-03
1164556494.777344 1.824022e-02
1164556494.777466 2.541742e-02
1164556494.777588 2.243443e-02
1164556494.777710 1.495988e-02
1164556494.777832 6.516974e-03
1164556494.777954 2.252023e-03
1164556494.778076 4.718496e-04
1164556494.778198 -4.418298e-03
1164556494.778320 -5.928813e-03
1164556494.778442 -2.803242e-03
1164556494.778564 1.311236e-03
1164556494.778687 -7.056056e-03
1164556494.778809 -2.128661e-02
1164556494.778931 -2.247519e-02
1164556494.779053 -2.042933e-02
1164556494.779175 -1.386454e-02
1164556494.779297 -2.282966e-03
1164556494.779419 1.295120e-02
1164556494.779541 2.232848e-02
1164556494.779663 2.551153e-02
1164556494.779785 2.608914e-02
1164556494.779907 1.796844e-02
1164556494.780029 1.626394e-02
1164556494.780151 1.226071e-02
1164556494.780273 -3.359880e-03
1164556494.780396 -1.311809e-02
1164556494.780518 -1.883092e-02
1164556494.780640 -2.485217e-02
1164556494.780762 -3.249960e-02
1164556494.780884 -3.084625e-02
1164556494.781006 -2.194757e-02
1164556494.781128 -1.125918e-02
1164556494.781250 6.977294e-03
1164556494.781372 1.962932e-02
1164556494.781494 2.705326e-02
1164556494.781616 3.642048e-02
1164556494.781738 3.915962e-02
1164556494.781860 3.281024e-02
1164556494.781982 1.886940e-02
1164556494.782104 5.749350e-03
1164556494.782227 -1.077053e-02
1164556494.782349 -2.836381e-02
1164556494.782471 -3.949287e-02
1164556494.782593 -4.863268e-02
1164556494.782715 -4.440582e-02
1164556494.782837 -2.945547e-02
1164556494.782959 -1.361737e-02
1164556494.783081 9.023304e-03
1164556494.783203 3.558542e-02
1164556494.783325 4.879522e-02
1164556494.783447 4.535505e-02
1164556494.783569 3.783951e-02
1164556494.783691 2.413203e-02
1164556494.783813 6.706053e-03
1164556494.783936 -6.980033e-03
1164556494.784058 -1.828633e-02
1164556494.784180 -2.711970e-02
1164556494.784302 -2.667430e-02
1164556494.784424 -2.747504e-02
1164556494.784546 -3.237099e-02
1164556494.784668 -2.693435e-02
1164556494.784790 -1.246526e-02
1164556494.784912 1.117622e-03
1164556494.785034 1.833539e-02
1164556494.785156 3.159413e-02
1164556494.785278 3.427339e-02
1164556494.785400 2.980807e-02
1164556494.785522 2.312728e-02
1164556494.785645 1.041181e-02
1164556494.785767 -1.485241e-03
1164556494.785889 -2.959159e-03
1164556494.786011 -8.451552e-03
1164556494.786133 -1.624329e-02
1164556494.786255 -1.461318e-02
1164556494.786377 -1.442058e-02
1164556494.786499 -1.688035e-02
1164556494.786621 -2.532727e-02
1164556494.786743 -2.978065e-02
1164556494.786865 -2.401048e-02
1164556494.786987 -3.284112e-03
1164556494.787109 2.145921e-02
1164556494.787231 3.152064e-02
1164556494.787354 4.166709e-02
1164556494.787476 4.657345e-02
1164556494.787598 3.616331e-02
1164556494.787720 2.200737e-02
1164556494.787842 7.278209e-03
1164556494.787964 -9.071098e-03
1164556494.788086 -3.278162e-02
1164556494.788208 -4.706548e-02
1164556494.788330 -5.374837e-02
1164556494.788452 -4.879441e-02
1164556494.788574 -3.027674e-02
1164556494.788696 -1.666524e-02
1164556494.788818 3.407684e-03
1164556494.788940 3.210507e-02
1164556494.789062 5.262560e-02
1164556494.789185 5.879750e-02
1164556494.789307 4.962900e-02
1164556494.789429 3.573463e-02
1164556494.789551 1.608215e-02
1164556494.789673 -2.743983e-03
1164556494.789795 -2.233124e-02
1164556494.789917 -4.323776e-02
1164556494.790039 -5.287670e-02
1164556494.790161 -4.967663e-02
1164556494.790283 -3.776876e-02
1164556494.790405 -2.035341e-02
1164556494.790527 -6.588883e-04
1164556494.790649 1.913171e-02
1164556494.790771 3.388768e-02
1164556494.790894 3.988943e-02
1164556494.791016 3.531020e-02
1164556494.791138 2.852227e-02
1164556494.791260 2.133894e-02
1164556494.791382 1.109204e-02
1164556494.791504 -3.640631e-03
1164556494.791626 -1.784753e-02
1164556494.791748 -2.325098e-02
1164556494.791870 -2.586673e-02
1164556494.791992 -2.602687e-02
1164556494.792114 -1.897943e-02
1164556494.792236 -9.763941e-03
1164556494.792358 -1.593874e-03
1164556494.792480 -3.845826e-04
1164556494.792603 -3.485556e-03
1164556494.792725 -4.058492e-03
1164556494.792847 7.740246e-03
1164556494.792969 2.379162e-02
1164556494.793091 2.800611e-02
1164556494.793213 2.561294e-02
1164556494.793335 2.725751e-02
1164556494.793457 2.228579e-02
1164556494.793579 5.110108e-03
1164556494.793701 -1.446963e-02
1164556494.793823 -2.667116e-02
1164556494.793945 -3.427684e-02
1164556494.794067 -3.223701e-02
1164556494.794189 -2.478063e-02
1164556494.794312 -1.847761e-02
1164556494.794434 -1.095260e-02
1164556494.794556 -3.748182e-03
1164556494.794678 1.642789e-03
1164556494.794800 1.454247e-02
1164556494.794922 3.414798e-02
1164556494.795044 4.359400e-02
1164556494.795166 4.379895e-02
1164556494.795288 3.792918e-02
1164556494.795410 1.924804e-02
1164556494.795532 -5.561213e-03
1164556494.795654 -2.605976e-02
1164556494.795776 -4.406873e-02
1164556494.795898 -5.302869e-02
1164556494.796021 -4.150226e-02
1164556494.796143 -2.537072e-02
1164556494.796265 -1.279913e-02
1164556494.796387 9.831206e-04
1164556494.796509 6.865391e-03
1164556494.796631 1.226410e-02
1164556494.796753 2.796280e-02
1164556494.796875 4.217143e-02
1164556494.796997 4.889586e-02
1164556494.797119 4.655970e-02
1164556494.797241 3.029325e-02
1164556494.797363 4.980734e-05
1164556494.797485 -2.381852e-02
1164556494.797607 -3.994825e-02
1164556494.797729 -5.240995e-02
1164556494.797852 -4.764993e-02
1164556494.797974 -3.343162e-02
1164556494.798096 -2.427150e-02
1164556494.798218 -9.194396e-03
1164556494.798340 9.245914e-03
1164556494.798462 2.366468e-02
1164556494.798584 3.256049e-02
1164556494.798706 3.702266e-02
1164556494.798828 3.871608e-02
1164556494.798950 3.543461e-02
1164556494.799072 2.894488e-02
1164556494.799194 1.313157e-02
1164556494.799316 -9.322981e-03
1164556494.799438 -2.288201e-02
1164556494.799561 -3.665957e-02
1164556494.799683 -4.778100e-02
1164556494.799805 -4.761709e-02
1164556494.799927 -3.794374e-02
1164556494.800049 -1.987560e-02
1164556494.800171 1.214036e-03
1164556494.800293 1.955611e-02
1164556494.800415 3.394422e-02
1164556494.800537 3.890369e-02
1164556494.800659 3.694049e-02
1164556494.800781 3.469319e-02
1164556494.800903 3.286937e-02
1164556494.801025 2.005126e-02
1164556494.801147 -1.230690e-03
1164556494.801270 -2.255686e-02
1164556494.801392 -3.800950e-02
1164556494.801514 -3.952029e-02
1164556494.801636 -3.669844e-02
1164556494.801758 -3.542612e-02
1164556494.801880 -2.527430e-02
1164556494.802002 -6.978990e-03
1164556494.802124 8.598305e-03
1164556494.802246 1.916827e-02
1164556494.802368 3.673895e-02
1164556494.802490 4.348943e-02
1164556494.802612 3.372458e-02
1164556494.802734 2.337049e-02
1164556494.802856 9.099792e-03
1164556494.802979 -1.971394e-03
1164556494.803101 -7.496840e-03
1164556494.803223 -1.220984e-02
1164556494.803345 -1.698257e-02
1164556494.803467 -2.283292e-02
1164556494.803589 -2.893563e-02
1164556494.803711 -3.453286e-02
1164556494.803833 -2.920442e-02
1164556494.803955 -1.715569e-02
1164556494.804077 4.848144e-03
1164556494.804199 2.796798e-02
1164556494.804321 3.470120e-02
1164556494.804443 3.102091e-02
1164556494.804565 2.550216e-02
1164556494.804688 1.977821e-02
1164556494.804810 1.745444e-02
1164556494.804932 1.583340e-02
1164556494.805054 1.000387e-02
1164556494.805176 -5.561176e-03
1164556494.805298 -2.841196e-02
1164556494.805420 -4.700982e-02
1164556494.805542 -5.384837e-02
1164556494.805664 -4.380452e-02
1164556494.805786 -2.333796e-02
1164556494.805908 -8.944056e-04
1164556494.806030 2.308005e-02
1164556494.806152 3.884357e-02
1164556494.806274 4.511572e-02
1164556494.806396 3.599540e-02
1164556494.806519 2.126769e-02
1164556494.806641 1.680971e-02
1164556494.806763 1.152667e-02
1164556494.806885 1.751312e-04
1164556494.807007 -1.238106e-02
1164556494.807129 -2.205415e-02
1164556494.807251 -2.764945e-02
1164556494.807373 -3.198632e-02
1164556494.807495 -3.270225e-02
1164556494.807617 -3.197915e-02
1164556494.807739 -1.992448e-02
1164556494.807861 3.338036e-03
1164556494.807983 2.164731e-02
1164556494.808105 3.196049e-02
1164556494.808228 4.320946e-02
1164556494.808350 4.221089e-02
1164556494.808472 2.298253e-02
1164556494.808594 7.232814e-03
1164556494.808716 -4.174092e-04
1164556494.808838 -1.165583e-02
1164556494.808960 -2.260962e-02
1164556494.809082 -2.536225e-02
1164556494.809204 -2.317366e-02
1164556494.809326 -2.080219e-02
1164556494.809448 -8.442098e-03
1164556494.809570 -4.372097e-03
1164556494.809692 -9.441677e-03
1164556494.809814 -1.830538e-03
1164556494.809937 6.194443e-03
1164556494.810059 9.324621e-03
1164556494.810181 1.602575e-02
1164556494.810303 2.435462e-02
1164556494.810425 2.129184e-02
1164556494.810547 1.254333e-02
1164556494.810669 1.645136e-02
1164556494.810791 1.174094e-02
1164556494.810913 3.345340e-03
1164556494.811035 -4.085102e-03
1164556494.811157 -1.894326e-02
1164556494.811279 -2.609923e-02
1164556494.811401 -3.346609e-02
1164556494.811523 -4.364162e-02
1164556494.811646 -4.458142e-02
1164556494.811768 -2.377121e-02
1164556494.811890 1.333473e-02
1164556494.812012 4.103153e-02
1164556494.812134 5.805351e-02
1164556494.812256 5.527131e-02
1164556494.812378 4.047337e-02
1164556494.812500 1.963969e-02
1164556494.812622 -2.845734e-03
1164556494.812744 -1.351963e-02
1164556494.812866 -2.237631e-02
1164556494.812988 -3.177936e-02
1164556494.813110 -3.294686e-02
1164556494.813232 -2.945045e-02
1164556494.813354 -2.813888e-02
1164556494.813477 -2.405052e-02
1164556494.813599 -1.144720e-02
1164556494.813721 1.632578e-03
1164556494.813843 2.034651e-02
1164556494.813965 3.923646e-02
1164556494.814087 4.516048e-02
1164556494.814209 4.291628e-02
1164556494.814331 3.168113e-02
1164556494.814453 6.262613e-03
1164556494.814575 -1.660701e-02
1164556494.814697 -2.085095e-02
1164556494.814819 -1.767035e-02
1164556494.814941 -1.961637e-02
1164556494.815063 -2.229111e-02
1164556494.815186 -2.321313e-02
1164556494.815308 -2.112292e-02
1164556494.815430 -1.626412e-02
1164556494.815552 -9.018598e-03
1164556494.815674 -1.931411e-05
1164556494.815796 1.807923e-02
1164556494.815918 3.089990e-02
1164556494.816040 2.947047e-02
1164556494.816162 2.132694e-02
1164556494.816284 1.409634e-02
1164556494.816406 1.175275e-02
1164556494.816528 9.622848e-03
1164556494.816650 8.477202e-03
1164556494.816772 3.022024e-03
1164556494.816895 -6.364348e-03
1164556494.817017 -1.858897e-02
1164556494.817139 -3.757397e-02
1164556494.817261 -5.135134e-02
1164556494.817383 -4.827909e-02
1164556494.817505 -3.042860e-02
1164556494.817627 -7.725100e-03
1164556494.817749 1.394933e-02
1164556494.817871 3.792074e-02
1164556494.817993 5.457490e-02
1164556494.818115 5.857586e-02
1164556494.818237 5.471271e-02
1164556494.818359 3.959895e-02
1164556494.818481 1.627324e-02
1164556494.818604 -9.384053e-03
1164556494.818726 -3.491302e-02
1164556494.818848 -5.637476e-02
1164556494.818970 -6.529468e-02
1164556494.819092 -5.695084e-02
1164556494.819214 -4.496210e-02
1164556494.819336 -2.754603e-02
1164556494.819458 -2.287877e-03
1164556494.819580 1.709711e-02
1164556494.819702 4.088180e-02
1164556494.819824 6.871318e-02
1164556494.819946 7.896617e-02
1164556494.820068 6.320013e-02
1164556494.820190 3.689073e-02
1164556494.820312 9.495113e-03
1164556494.820435 -2.401376e-02
1164556494.820557 -5.142521e-02
1164556494.820679 -6.522759e-02
1164556494.820801 -6.344702e-02
1164556494.820923 -4.530764e-02
1164556494.821045 -2.276570e-02
1164556494.821167 -7.564281e-03
1164556494.821289 3.540892e-03
1164556494.821411 1.379814e-02
1164556494.821533 2.307458e-02
1164556494.821655 3.190971e-02
1164556494.821777 4.529234e-02
1164556494.821899 5.202104e-02
1164556494.822021 4.162792e-02
1164556494.822144 2.647198e-02
1164556494.822266 8.804223e-03
1164556494.822388 -1.301668e-02
1164556494.822510 -3.233997e-02
1164556494.822632 -4.502545e-02
1164556494.822754 -5.585274e-02
1164556494.822876 -5.960777e-02
1164556494.822998 -4.579519e-02
1164556494.823120 -2.087052e-02
1164556494.823242 2.862375e-03
1164556494.823364 2.507232e-02
1164556494.823486 3.662985e-02
1164556494.823608 4.343051e-02
1164556494.823730 5.425449e-02
1164556494.823853 5.914899e-02
1164556494.823975 5.108517e-02
1164556494.824097 3.065238e-02
1164556494.824219 -4.039536e-03
1164556494.824341 -3.745759e-02
1164556494.824463 -5.688484e-02
1164556494.824585 -6.448941e-02
1164556494.824707 -6.678207e-02
1164556494.824829 -5.758770e-02
1164556494.824951 -3.054187e-02
1164556494.825073 1.425713e-03
1164556494.825195 3.064304e-02
1164556494.825317 4.572180e-02
1164556494.825439 5.167204e-02
1164556494.825562 5.181569e-02
1164556494.825684 4.313485e-02
1164556494.825806 3.006000e-02
1164556494.825928 2.047260e-02
1164556494.826050 1.044822e-02
1164556494.826172 -9.657088e-03
1164556494.826294 -3.382798e-02
1164556494.826416 -5.155684e-02
1164556494.826538 -5.382242e-02
1164556494.826660 -4.670423e-02
1164556494.826782 -3.947330e-02
1164556494.826904 -3.126034e-02
1164556494.827026 -9.578391e-03
1164556494.827148 2.293199e-02
1164556494.827271 4.387229e-02
1164556494.827393 4.715598e-02
1164556494.827515 4.785678e-02
1164556494.827637 5.421426e-02
1164556494.827759 5.509129e-02
1164556494.827881 3.692763e-02
1164556494.828003 5.667857e-03
1164556494.828125 -2.967610e-02
1164556494.828247 -5.783829e-02
1164556494.828369 -7.601635e-02
1164556494.828491 -7.910197e-02
1164556494.828613 -6.386667e-02
1164556494.828735 -2.983645e-02
1164556494.828857 5.233280e-03
1164556494.828979 2.889948e-02
1164556494.829102 5.335726e-02
1164556494.829224 7.049793e-02
1164556494.829346 6.791214e-02
1164556494.829468 4.498120e-02
1164556494.829590 1.744892e-02
1164556494.829712 -7.412246e-04
1164556494.829834 -1.300160e-02
1164556494.829956 -2.386239e-02
1164556494.830078 -4.014542e-02
1164556494.830200 -4.836004e-02
1164556494.830322 -4.105827e-02
1164556494.830444 -2.638850e-02
1164556494.830566 -9.783349e-03
1164556494.830688 1.678102e-03
1164556494.830811 1.132041e-02
1164556494.830933 1.931284e-02
1164556494.831055 2.023504e-02
1164556494.831177 1.734080e-02
1164556494.831299 1.460629e-02
1164556494.831421 1.570086e-02
1164556494.831543 2.011820e-02
1164556494.831665 2.122223e-02
1164556494.831787 1.635337e-02
1164556494.831909 8.057095e-03
1164556494.832031 -5.724809e-03
1164556494.832153 -2.158095e-02
1164556494.832275 -2.958195e-02
1164556494.832397 -3.205304e-02
1164556494.832520 -3.416662e-02
1164556494.832642 -3.192290e-02
1164556494.832764 -2.348543e-02
1164556494.832886 -1.517887e-02
1164556494.833008 1.305373e-03
1164556494.833130 2.800700e-02
1164556494.833252 3.997362e-02
1164556494.833374 4.400620e-02
1164556494.833496 5.257681e-02
1164556494.833618 4.556748e-02
1164556494.833740 2.947111e-02
1164556494.833862 1.886532e-02
1164556494.833984 -1.454894e-03
1164556494.834106 -3.888917e-02
1164556494.834229 -6.229854e-02
1164556494.834351 -7.136919e-02
1164556494.834473 -8.202594e-02
1164556494.834595 -6.973545e-02
1164556494.834717 -2.626268e-02
1164556494.834839 1.736555e-02
1164556494.834961 5.216519e-02
1164556494.835083 8.295567e-02
1164556494.835205 8.624788e-02
1164556494.835327 6.815003e-02
1164556494.835449 4.728012e-02
1164556494.835571 1.737798e-02
1164556494.835693 -9.698026e-03
1164556494.835815 -2.039261e-02
1164556494.835938 -3.728449e-02
1164556494.836060 -6.303664e-02
1164556494.836182 -7.142962e-02
1164556494.836304 -6.302573e-02
1164556494.836426 -5.594340e-02
1164556494.836548 -3.496145e-02
1164556494.836670 4.729609e-03
1164556494.836792 4.043828e-02
1164556494.836914 6.624175e-02
1164556494.837036 7.722225e-02
1164556494.837158 7.011733e-02
1164556494.837280 5.013646e-02
1164556494.837402 3.152509e-02
1164556494.837524 1.233442e-02
1164556494.837646 -8.227903e-03
1164556494.837769 -2.746421e-02
1164556494.837891 -5.431866e-02
1164556494.838013 -7.375203e-02
1164556494.838135 -7.805831e-02
1164556494.838257 -6.792708e-02
1164556494.838379 -3.806021e-02
1164556494.838501 -4.036535e-03
1164556494.838623 2.841022e-02
1164556494.838745 5.996996e-02
1164556494.838867 8.106210e-02
1164556494.838989 7.364484e-02
1164556494.839111 4.836836e-02
1164556494.839233 2.727193e-02
1164556494.839355 3.978962e-03
1164556494.839478 -1.549250e-02
1164556494.839600 -1.486614e-02
1164556494.839722 -1.570362e-02
1164556494.839844 -3.532895e-02
1164556494.839966 -5.938443e-02
1164556494.840088 -6.526274e-02
1164556494.840210 -5.409360e-02
1164556494.840332 -3.064339e-02
1164556494.840454 -3.091949e-05
1164556494.840576 1.952739e-02
1164556494.840698 3.881671e-02
1164556494.840820 5.714789e-02
1164556494.840942 6.109679e-02
1164556494.841064 5.441159e-02
1164556494.841187 4.710440e-02
1164556494.841309 3.495593e-02
1164556494.841431 1.978594e-03
1164556494.841553 -2.623008e-02
1164556494.841675 -3.706127e-02
1164556494.841797 -4.999096e-02
1164556494.841919 -6.159065e-02
1164556494.842041 -6.577137e-02
1164556494.842163 -5.750088e-02
1164556494.842285 -3.405150e-02
1164556494.842407 -2.619281e-03
1164556494.842529 2.389352e-02
1164556494.842651 4.251513e-02
1164556494.842773 6.482722e-02
1164556494.842896 7.569701e-02
1164556494.843018 6.690724e-02
1164556494.843140 4.916366e-02
1164556494.843262 3.132462e-02
1164556494.843384 5.871860e-03
1164556494.843506 -2.377404e-02
1164556494.843628 -4.485662e-02
1164556494.843750 -6.107562e-02
1164556494.843872 -8.102003e-02
1164556494.843994 -9.412608e-02
1164556494.844116 -8.170773e-02
1164556494.844238 -3.853936e-02
1164556494.844360 8.638830e-03
1164556494.844482 4.628260e-02
1164556494.844604 8.125947e-02
1164556494.844727 1.048921e-01
1164556494.844849 1.037752e-01
1164556494.844971 8.220188e-02
1164556494.845093 4.821898e-02
1164556494.845215 7.951688e-03
1164556494.845337 -3.536641e-02
1164556494.845459 -6.969562e-02
1164556494.845581 -9.360229e-02
1164556494.845703 -1.041259e-01
1164556494.845825 -9.107087e-02
1164556494.845947 -5.509948e-02
1164556494.846069 -1.694552e-02
1164556494.846191 1.695095e-02
1164556494.846313 4.645869e-02
1164556494.846436 6.479806e-02
1164556494.846558 7.298905e-02
1164556494.846680 7.995756e-02
1164556494.846802 8.014036e-02
1164556494.846924 5.554121e-02
1164556494.847046 1.845456e-02
1164556494.847168 -1.436136e-02
1164556494.847290 -5.164397e-02
1164556494.847412 -7.284732e-02
1164556494.847534 -7.715491e-02
1164556494.847656 -7.589295e-02
1164556494.847778 -6.073789e-02
1164556494.847900 -3.000452e-02
1164556494.848022 -7.140605e-03
1164556494.848145 2.051229e-03
1164556494.848267 2.429668e-02
1164556494.848389 5.169139e-02
1164556494.848511 6.781036e-02
1164556494.848633 7.969481e-02
1164556494.848755 8.602527e-02
1164556494.848877 6.683865e-02
1164556494.848999 3.498489e-02
1164556494.849121 -2.576481e-03
1164556494.849243 -5.828851e-02
1164556494.849365 -1.018555e-01
1164556494.849487 -1.099319e-01
1164556494.849609 -8.866318e-02
1164556494.849731 -6.984690e-02
1164556494.849854 -3.697325e-02
1164556494.849976 1.415789e-02
1164556494.850098 5.370720e-02
1164556494.850220 6.453950e-02
1164556494.850342 5.858734e-02
1164556494.850464 6.823204e-02
1164556494.850586 8.014054e-02
1164556494.850708 7.745597e-02
1164556494.850830 4.602689e-02
1164556494.850952 -1.255918e-02
1164556494.851074 -5.877033e-02
1164556494.851196 -8.762361e-02
1164556494.851318 -8.940622e-02
1164556494.851440 -6.856989e-02
1164556494.851562 -3.856066e-02
1164556494.851685 -1.223429e-02
1164556494.851807 -5.161757e-03
1164556494.851929 7.411968e-04
1164556494.852051 1.747020e-02
1164556494.852173 2.943100e-02
1164556494.852295 3.465316e-02
1164556494.852417 4.570119e-02
1164556494.852539 6.775682e-02
1164556494.852661 7.885292e-02
1164556494.852783 6.539761e-02
1164556494.852905 2.709330e-02
1164556494.853027 -2.992498e-02
1164556494.853149 -7.163826e-02
1164556494.853271 -8.162531e-02
1164556494.853394 -8.044445e-02
1164556494.853516 -7.258411e-02
1164556494.853638 -4.870601e-02
1164556494.853760 -3.051104e-02
1164556494.853882 -2.580681e-02
1164556494.854004 7.076591e-03
1164556494.854126 5.752306e-02
1164556494.854248 8.729007e-02
1164556494.854370 9.926964e-02
1164556494.854492 1.040415e-01
1164556494.854614 9.301670e-02
1164556494.854736 4.577383e-02
1164556494.854858 -1.729570e-02
1164556494.854980 -7.442705e-02
1164556494.855103 -1.119973e-01
1164556494.855225 -1.091405e-01
1164556494.855347 -8.388695e-02
1164556494.855469 -5.295830e-02
1164556494.855591 -2.142999e-02
1164556494.855713 2.776909e-03
1164556494.855835 9.378039e-03
1164556494.855957 2.208102e-02
1164556494.856079 5.899699e-02
1164556494.856201 8.889829e-02
1164556494.856323 8.101030e-02
1164556494.856445 6.149579e-02
1164556494.856567 5.303595e-02
1164556494.856689 3.987666e-02
1164556494.856812 7.672860e-03
1164556494.856934 -3.313083e-02
1164556494.857056 -7.587571e-02
1164556494.857178 -1.040967e-01
1164556494.857300 -1.042292e-01
1164556494.857422 -9.061412e-02
1164556494.857544 -6.506005e-02
1164556494.857666 -2.688864e-02
1164556494.857788 1.249727e-02
1164556494.857910 4.560102e-02
1164556494.858032 8.806056e-02
1164556494.858154 1.302525e-01
1164556494.858276 1.265449e-01
1164556494.858398 9.153649e-02
1164556494.858521 5.511326e-02
1164556494.858643 1.758693e-02
1164556494.858765 -2.981898e-02
1164556494.858887 -7.944791e-02
1164556494.859009 -1.187672e-01
1164556494.859131 -1.367814e-01
1164556494.859253 -1.250823e-01
1164556494.859375 -9.406584e-02
1164556494.859497 -4.341773e-02
1164556494.859619 3.291778e-02
1164556494.859741 8.638252e-02
1164556494.859863 9.785814e-02
1164556494.859985 1.060113e-01
1164556494.860107 1.154152e-01
1164556494.860229 9.162656e-02
1164556494.860352 4.324650e-02
1164556494.860474 8.426913e-03
1164556494.860596 -1.223314e-02
1164556494.860718 -3.104487e-02
1164556494.860840 -6.513114e-02
1164556494.860962 -1.146332e-01
1164556494.861084 -1.328634e-01
1164556494.861206 -1.122603e-01
1164556494.861328 -7.665258e-02
1164556494.861450 -3.214454e-02
1164556494.861572 3.852208e-02
1164556494.861694 1.036773e-01
1164556494.861816 1.239865e-01
1164556494.861938 1.101509e-01
1164556494.862061 8.605142e-02
1164556494.862183 5.850276e-02
1164556494.862305 3.730564e-02
1164556494.862427 1.740003e-02
1164556494.862549 -1.540833e-02
1164556494.862671 -4.563637e-02
1164556494.862793 -6.804300e-02
1164556494.862915 -1.049566e-01
1164556494.863037 -1.434350e-01
1164556494.863159 -1.343706e-01
1164556494.863281 -6.444046e-02
1164556494.863403 4.265722e-03
1164556494.863525 5.817410e-02
1164556494.863647 1.075240e-01
1164556494.863770 1.296843e-01
1164556494.863892 1.108683e-01
1164556494.864014 7.796879e-02
1164556494.864136 4.567977e-02
1164556494.864258 1.538610e-02
1164556494.864380 7.111925e-03
1164556494.864502 1.620241e-03
1164556494.864624 -3.423519e-02
1164556494.864746 -8.142349e-02
1164556494.864868 -1.152526e-01
1164556494.864990 -1.406715e-01
1164556494.865112 -1.434532e-01
1164556494.865234 -8.059085e-02
1164556494.865356 1.198463e-02
1164556494.865479 8.506834e-02
1164556494.865601 1.253119e-01
1164556494.865723 1.349464e-01
1164556494.865845 1.130601e-01
1164556494.865967 8.094497e-02
1164556494.866089 4.781560e-02
1164556494.866211 1.109655e-02
1164556494.866333 -3.280917e-03
1164556494.866455 1.595593e-03
1164556494.866577 -2.581181e-02
1164556494.866699 -1.018043e-01
1164556494.866821 -1.556522e-01
1164556494.866943 -1.548964e-01
1164556494.867065 -1.339664e-01
1164556494.867188 -7.797717e-02
1164556494.867310 1.596355e-02
1164556494.867432 1.042804e-01
1164556494.867554 1.463751e-01
1164556494.867676 1.564739e-01
1164556494.867798 1.362352e-01
1164556494.867920 9.439441e-02
1164556494.868042 6.379143e-02
1164556494.868164 2.247978e-02
1164556494.868286 -3.921968e-02
1164556494.868408 -7.273796e-02
1164556494.868530 -7.811769e-02
1164556494.868652 -1.108246e-01
1164556494.868774 -1.605744e-01
1164556494.868896 -1.529631e-01
1164556494.869019 -8.519015e-02
1164556494.869141 -1.777313e-02
1164556494.869263 4.132643e-02
1164556494.869385 1.035059e-01
1164556494.869507 1.388163e-01
1164556494.869629 1.469704e-01
1164556494.869751 1.257149e-01
1164556494.869873 9.347674e-02
1164556494.869995 5.747211e-02
1164556494.870117 1.926128e-02
1164556494.870239 -3.295029e-02
1164556494.870361 -9.045740e-02
1164556494.870483 -1.076825e-01
1164556494.870605 -1.095694e-01
1164556494.870728 -1.373404e-01
1164556494.870850 -1.534384e-01
1164556494.870972 -1.056912e-01
1164556494.871094 -2.811800e-02
1164556494.871216 3.469681e-02
1164556494.871338 1.055197e-01
1164556494.871460 1.640295e-01
1164556494.871582 1.860585e-01
1164556494.871704 1.719430e-01
1164556494.871826 1.281517e-01
1164556494.871948 5.609716e-02
1164556494.872070 -9.840341e-03
1164556494.872192 -7.104849e-02
1164556494.872314 -1.333462e-01
1164556494.872437 -1.647947e-01
1164556494.872559 -1.470577e-01
1164556494.872681 -1.205755e-01
1164556494.872803 -1.249671e-01
1164556494.872925 -1.049173e-01
1164556494.873047 -2.535688e-02
1164556494.873169 7.503892e-02
1164556494.873291 1.475266e-01
1164556494.873413 1.934696e-01
1164556494.873535 2.228189e-01
1164556494.873657 1.984470e-01
1164556494.873779 1.259789e-01
1164556494.873901 1.769073e-02
1164556494.874023 -7.869791e-02
1164556494.874146 -1.432472e-01
1164556494.874268 -1.755311e-01
1164556494.874390 -1.673476e-01
1164556494.874512 -1.338328e-01
1164556494.874634 -9.790058e-02
1164556494.874756 -7.770841e-02
1164556494.874878 -5.474586e-02
1164556494.875000 -8.281821e-03
1164556494.875122 5.773966e-02
1164556494.875244 1.395281e-01
1164556494.875366 2.118039e-01
1164556494.875488 2.340906e-01
1164556494.875610 1.950729e-01
1164556494.875732 1.184952e-01
1164556494.875854 5.677129e-03
1164556494.875977 -1.037239e-01
1164556494.876099 -1.636364e-01
1164556494.876221 -1.733607e-01
1164556494.876343 -1.604575e-01
1164556494.876465 -1.299232e-01
1164556494.876587 -1.129722e-01
1164556494.876709 -1.135739e-01
1164556494.876831 -8.142418e-02
1164556494.876953 -8.163283e-03
1164556494.877075 8.371741e-02
1164556494.877197 1.770492e-01
1164556494.877319 2.642846e-01
1164556494.877441 3.034285e-01
1164556494.877563 2.426979e-01
1164556494.877686 1.232162e-01
1164556494.877808 -1.882770e-02
1164556494.877930 -1.550551e-01
1164556494.878052 -2.397241e-01
1164556494.878174 -2.477053e-01
1164556494.878296 -2.283626e-01
1164556494.878418 -1.807732e-01
1164556494.878540 -1.069386e-01
1164556494.878662 -5.974533e-02
1164556494.878784 -2.287250e-02
1164556494.878906 7.803244e-02
1164556494.879028 1.903862e-01
1164556494.879150 2.394432e-01
1164556494.879272 2.628339e-01
1164556494.879395 2.707434e-01
1164556494.879517 1.944050e-01
1164556494.879639 4.500888e-02
1164556494.879761 -8.336485e-02
1164556494.879883 -1.819794e-01
1164556494.880005 -2.682271e-01
1164556494.880127 -2.612311e-01
1164556494.880249 -2.038059e-01
1164556494.880371 -1.531054e-01
1164556494.880493 -9.577931e-02
1164556494.880615 -3.413403e-02
1164556494.880737 4.722885e-03
1164556494.880859 8.144421e-02
1164556494.880981 2.171094e-01
1164556494.881104 3.007419e-01
1164556494.881226 2.815508e-01
1164556494.881348 2.226866e-01
1164556494.881470 1.591649e-01
1164556494.881592 5.213453e-02
1164556494.881714 -9.880969e-02
1164556494.881836 -2.127735e-01
1164556494.881958 -2.755396e-01
1164556494.882080 -2.774308e-01
1164556494.882202 -2.301068e-01
1164556494.882324 -1.757913e-01
1164556494.882446 -1.285550e-01
1164556494.882568 -3.612259e-02
1164556494.882690 5.505900e-02
1164556494.882812 1.265073e-01
1164556494.882935 2.469254e-01
1164556494.883057 3.683138e-01
1164556494.883179 3.504762e-01
1164556494.883301 2.304504e-01
1164556494.883423 1.193984e-01
1164556494.883545 1.956345e-02
1164556494.883667 -1.264810e-01
1164556494.883789 -2.509721e-01
1164556494.883911 -3.167670e-01
1164556494.884033 -3.403529e-01
1164556494.884155 -3.028720e-01
1164556494.884277 -1.831607e-01
1164556494.884399 -7.945039e-02
1164556494.884521 4.554424e-03
1164556494.884644 1.107527e-01
1164556494.884766 2.095738e-01
1164556494.884888 2.612224e-01
1164556494.885010 3.236014e-01
1164556494.885132 3.147167e-01
1164556494.885254 2.121927e-01
1164556494.885376 8.656847e-02
1164556494.885498 1.905941e-01
1164556494.885620 1.033823e-01
1164556494.885742 -1.802111e-01
1164556494.885864 -4.126184e-01
1164556494.885986 -5.561869e-01
1164556494.886108 -5.642701e-01
1164556494.886230 -4.377653e-01
1164556494.886353 -2.289364e-01
1164556494.886475 -2.783316e-02
1164556494.886597 1.835847e-01
1164556494.886719 3.800620e-01
1164556494.886841 5.399333e-01
1164556494.886963 6.428530e-01
1164556494.887085 6.670882e-01
1164556494.887207 5.322177e-01
1164556494.887329 2.634301e-01
1164556494.887451 -5.725049e-02
1164556494.887573 -3.992002e-01
1164556494.887695 -6.887602e-01
1164556494.887817 -8.622350e-01
1164556494.887939 -9.032838e-01
1164556494.888062 -7.892113e-01
1164556494.888184 -4.707178e-01
1164556494.888306 2.379868e-02
1164556494.888428 5.100145e-01
1164556494.888550 8.880221e-01
1164556494.888672 1.102599e+00
1164556494.888794 1.030032e+00
1164556494.888916 7.264598e-01
1164556494.889038 3.554159e-01
1164556494.889160 -2.996773e-02
1164556494.889282 -3.974456e-01
1164556494.889404 -7.120148e-01
1164556494.889526 -9.453834e-01
1164556494.889648 -1.011268e+00
1164556494.889771 -8.447587e-01
1164556494.889893 -5.313769e-01
1164556494.890015 -1.790211e-01
1164556494.890137 2.195604e-01
1164556494.890259 6.201764e-01
1164556494.890381 8.823548e-01
1164556494.890503 9.332925e-01
1164556494.890625 8.284213e-01
1164556494.890747 6.460783e-01
1164556494.890869 4.020175e-01
1164556494.890991 1.088262e-01
1164556494.891113 -2.590939e-01
1164556494.891235 -6.424298e-01
1164556494.891357 -9.000090e-01
1164556494.891479 -1.024647e+00
1164556494.891602 -1.031713e+00
1164556494.891724 -7.970708e-01
1164556494.891846 -3.003116e-01
1164556494.891968 2.062707e-01
1164556494.892090 6.098163e-01
1164556494.892212 9.283772e-01
1164556494.892334 1.104546e+00
1164556494.892456 1.060923e+00
1164556494.892578 7.970404e-01
1164556494.892700 4.358663e-01
1164556494.892822 6.762151e-02
1164556494.892944 -2.961998e-01
1164556494.893066 -6.627238e-01
1164556494.893188 -9.913008e-01
1164556494.893311 -1.143557e+00
1164556494.893433 -1.052730e+00
1164556494.893555 -8.217682e-01
1164556494.893677 -4.812060e-01
1164556494.893799 7.078267e-02
1164556494.893921 6.680393e-01
1164556494.894043 1.041764e+00
1164556494.894165 1.175446e+00
1164556494.894287 1.162518e+00
1164556494.894409 9.463305e-01
1164556494.894531 5.675118e-01
1164556494.894653 1.445055e-01
1164556494.894775 -2.956000e-01
1164556494.894897 -6.996669e-01
1164556494.895020 -1.005347e+00
1164556494.895142 -1.200570e+00
1164556494.895264 -1.270807e+00
1164556494.895386 -1.052789e+00
1164556494.895508 -5.751402e-01
1164556494.895630 -8.851393e-02
1164556494.895752 4.486369e-01
1164556494.895874 1.078787e+00
1164556494.895996 1.525214e+00
1164556494.896118 1.546171e+00
1164556494.896240 1.327077e+00
1164556494.896362 9.157753e-01
1164556494.896484 2.762457e-01
1164556494.896606 -3.949351e-01
1164556494.896729 -9.619222e-01
1164556494.896851 -1.417856e+00
1164556494.896973 -1.696166e+00
1164556494.897095 -1.659877e+00
1164556494.897217 -1.331829e+00
1164556494.897339 -7.213670e-01
1164556494.897461 1.477103e-01
1164556494.897583 9.636296e-01
1164556494.897705 1.530725e+00
1164556494.897827 1.946743e+00
1164556494.897949 2.094728e+00
1164556494.898071 1.672191e+00
1164556494.898193 8.791537e-01
1164556494.898315 -7.975906e-04
1164556494.898438 -9.670425e-01
1164556494.898560 -1.830681e+00
1164556494.898682 -2.189657e+00
1164556494.898804 -2.095452e+00
1164556494.898926 -1.756641e+00
1164556494.899048 -1.085079e+00
1164556494.899170 -1.081024e-01
1164556494.899292 8.888499e-01
1164556494.899414 1.758160e+00
1164556494.899536 2.379638e+00
1164556494.899658 2.395804e+00
1164556494.899780 1.871982e+00
1164556494.899902 1.203965e+00
1164556494.900024 2.694361e-01
1164556494.900146 -9.599024e-01
1164556494.900269 -1.996437e+00
1164556494.900391 -2.491387e+00
1164556494.900513 -2.625722e+00
1164556494.900635 -2.237141e+00
1164556494.900757 -1.130036e+00
1164556494.900879 2.281430e-01
1164556494.901001 1.343157e+00
1164556494.901123 2.167180e+00
1164556494.901245 2.655457e+00
1164556494.901367 2.576501e+00
1164556494.901489 1.929009e+00
1164556494.901611 8.091799e-01
1164556494.901733 -6.478389e-01
1164556494.901855 -1.852715e+00
1164556494.901978 -2.448609e+00
1164556494.902100 -2.614110e+00
1164556494.902222 -2.306080e+00
1164556494.902344 -1.245018e+00
1164556494.902466 1.277895e-01
1164556494.902588 1.284269e+00
1164556494.902710 2.226959e+00
1164556494.902832 2.772092e+00
1164556494.902954 2.352390e+00
1164556494.903076 1.122535e+00
1164556494.903198 -2.740661e-01
1164556494.903320 -1.472048e+00
1164556494.903442 -2.204729e+00
1164556494.903564 -2.219787e+00
1164556494.903687 -1.630706e+00
1164556494.903809 -6.411592e-01
1164556494.903931 7.517568e-01
1164556494.904053 1.956087e+00
1164556494.904175 2.154194e+00
1164556494.904297 1.624389e+00
1164556494.904419 7.241552e-01
1164556494.904541 -5.644948e-01
1164556494.904663 -1.831968e+00
1164556494.904785 -2.187720e+00
1164556494.904907 -1.661319e+00
1164556494.905029 -7.719459e-01
1164556494.905151 4.104412e-01
1164556494.905273 1.699986e+00
1164556494.905396 2.496108e+00
1164556494.905518 2.319080e+00
1164556494.905640 1.090975e+00
1164556494.905762 -7.394929e-01
1164556494.905884 -2.267045e+00
1164556494.906006 -2.626005e+00
1164556494.906128 -1.967947e+00
1164556494.906250 -5.532783e-01
1164556494.906372 1.289966e+00
1164556494.906494 2.468020e+00
1164556494.906616 1.893988e+00
1164556494.906738 1.631762e-01
1164556494.906860 -1.403191e+00
1164556494.906982 -1.732842e+00
1164556494.907104 -4.060204e-01
1164556494.907227 1.546249e+00
1164556494.907349 1.504276e+00
1164556494.907471 -5.560006e-01
1164556494.907593 -9.944026e-01
1164556494.907715 2.504484e-01
1164556494.907837 -2.551321e-01
1164556494.907959 -9.497329e-02
1164556494.908081 -2.477297e-01
1164556494.908203 -2.785885e-01
1164556494.908325 8.172892e-01
1164556494.908447 -1.352459e-01
1164556494.908569 -1.171009e+00
1164556494.908691 -1.531235e-01
1164556494.908813 1.399788e+00
1164556494.908936 5.436513e-01
1164556494.909058 -4.967488e-01
1164556494.909180 3.141094e-01
1164556494.909302 -1.382758e-01
1164556494.909424 -2.906710e-01
1164556494.909546 5.380044e-01
1164556494.909668 -1.919998e-01
1164556494.909790 -5.735014e-01
1164556494.909912 1.091971e-01
1164556494.910034 1.620936e-01
1164556494.910156 -5.739122e-01
1164556494.910278 -9.591085e-02
1164556494.910400 1.850966e-01
1164556494.910522 -3.427685e-01
1164556494.910645 3.705284e-01
1164556494.910767 4.637134e-01
1164556494.910889 -1.559718e-01
1164556494.911011 1.621958e-01
1164556494.911133 5.332087e-01
1164556494.911255 -7.233089e-02
1164556494.911377 -5.051306e-01
1164556494.911499 1.700208e-01
1164556494.911621 2.209514e-01
1164556494.911743 -3.972414e-01
1164556494.911865 -2.624899e-01
1164556494.911987 6.992707e-02
1164556494.912109 -1.956865e-01
1164556494.912231 -2.672366e-01
1164556494.912354 1.242008e-01
1164556494.912476 6.630456e-02
1164556494.912598 -6.823954e-02
1164556494.912720 3.451127e-01
1164556494.912842 3.397728e-01
1164556494.912964 5.539926e-02
1164556494.913086 1.774434e-01
1164556494.913208 1.401394e-01
1164556494.913330 -2.594596e-01
1164556494.913452 -2.014232e-01
1164556494.913574 1.263552e-01
1164556494.913696 -9.376644e-02
1164556494.913818 -3.645807e-01
1164556494.913940 -1.769583e-01
1164556494.914062 -6.108554e-02
1164556494.914185 -6.674714e-02
1164556494.914307 3.248499e-02
1164556494.914429 1.259633e-01
1164556494.914551 1.254714e-01
1164556494.914673 1.748668e-01
1164556494.914795 2.236240e-01
1164556494.914917 2.097503e-01
1164556494.915039 1.470063e-01
1164556494.915161 -8.311348e-03
1164556494.915283 -1.631898e-01
1164556494.915405 -2.316051e-01
1164556494.915527 -1.759677e-01
1164556494.915649 -2.631259e-02
1164556494.915771 -7.562442e-02
1164556494.915894 -2.256378e-01
1164556494.916016 -1.161225e-01
1164556494.916138 8.447706e-02
1164556494.916260 2.200279e-02
1164556494.916382 3.913927e-02
1164556494.916504 2.379443e-01
1164556494.916626 2.334781e-01
1164556494.916748 1.150726e-01
1164556494.916870 1.767782e-01
1164556494.916992 1.506151e-01
1164556494.917114 -1.156700e-01
1164556494.917236 -2.200885e-01
1164556494.917358 -1.980316e-01
1164556494.917480 -2.517833e-01
1164556494.917603 -1.100179e-01
1164556494.917725 7.955484e-02
1164556494.917847 -1.881320e-02
1164556494.917969 -1.057596e-01
1164556494.918091 6.614990e-02
1164556494.918213 9.894077e-02
1164556494.918335 2.932403e-02
1164556494.918457 1.553921e-01
1164556494.918579 2.338143e-01
1164556494.918701 9.797710e-02
1164556494.918823 3.761522e-02
1164556494.918945 4.578313e-02
1164556494.919067 -1.100981e-01
1164556494.919189 -2.417537e-01
1164556494.919312 -1.822637e-01
1164556494.919434 -1.272441e-01
1164556494.919556 -6.665892e-02
1164556494.919678 1.110857e-01
1164556494.919800 1.169422e-01
1164556494.919922 -3.667987e-02
1164556494.920044 1.301805e-02
1164556494.920166 9.295148e-02
1164556494.920288 8.621262e-05
1164556494.920410 1.381472e-02
1164556494.920532 1.613983e-01
1164556494.920654 7.356821e-02
1164556494.920776 -1.122673e-01
1164556494.920898 -8.803403e-02
1164556494.921021 -5.581888e-02
1164556494.921143 -7.559537e-02
1164556494.921265 4.197142e-02
1164556494.921387 2.255118e-01
1164556494.921509 9.489638e-02
1164556494.921631 -3.979264e-02
1164556494.921753 -2.200089e-01
1164556494.921875 -2.445212e-01
1164556494.921997 -6.573451e-02
1164556494.922119 -5.717107e-02
1164556494.922241 -1.507616e-02
1164556494.922363 1.718918e-01
1164556494.922485 2.410263e-01
1164556494.922607 1.672041e-01
1164556494.922729 1.529493e-01
1164556494.922852 4.131712e-02
1164556494.922974 -1.450834e-01
1164556494.923096 -1.071829e-01
1164556494.923218 -9.425475e-03
1164556494.923340 -1.211687e-01
1164556494.923462 -1.238679e-01
1164556494.923584 2.407574e-02
1164556494.923706 -2.413288e-02
1164556494.923828 -1.560731e-01
1164556494.923950 -6.343990e-02
1164556494.924072 5.026112e-02
1164556494.924194 5.342353e-02
1164556494.924316 1.202322e-01
1164556494.924438 2.143169e-01
1164556494.924561 1.498827e-01
1164556494.924683 9.100418e-02
1164556494.924805 4.732718e-02
1164556494.924927 -1.068089e-01
1164556494.925049 -1.755760e-01
1164556494.925171 -5.059011e-02
1164556494.925293 -4.036933e-02
1164556494.925415 -1.563889e-01
1164556494.925537 -9.989017e-02
1164556494.925659 2.858323e-03
1164556494.925781 -5.824587e-02
1164556494.925903 -4.372762e-02
1164556494.926025 1.053009e-01
1164556494.926147 1.504121e-01
1164556494.926270 9.999373e-02
1164556494.926392 1.436284e-01
1164556494.926514 1.399183e-01
1164556494.926636 3.568602e-02
1164556494.926758 -3.018187e-03
1164556494.926880 -4.315843e-02
1164556494.927002 -1.823635e-01
1164556494.927124 -1.859919e-01
1164556494.927246 -5.265312e-02
1164556494.927368 -5.162485e-02
1164556494.927490 -9.631336e-02
1164556494.927612 -2.051373e-04
1164556494.927734 5.489394e-02
1164556494.927856 2.194546e-02
1164556494.927979 7.503875e-02
1164556494.928101 1.438022e-01
1164556494.928223 8.469609e-02
1164556494.928345 5.195616e-02
1164556494.928467 7.937637e-02
1164556494.928589 3.507381e-02
1164556494.928711 -3.202250e-02
1164556494.928833 -2.929580e-02
1164556494.928955 -9.456004e-02
1164556494.929077 -1.787724e-01
1164556494.929199 -1.080707e-01
1164556494.929321 -1.197087e-02
1164556494.929443 -2.928847e-02
1164556494.929565 -1.593913e-02
1164556494.929688 4.592896e-02
1164556494.929810 3.049661e-02
1164556494.929932 2.855930e-02
1164556494.930054 1.107665e-01
1164556494.930176 1.027455e-01
1164556494.930298 4.853107e-02
1164556494.930420 7.449315e-02
1164556494.930542 8.721582e-02
1164556494.930664 -1.226805e-02
1164556494.930786 -8.336880e-02
1164556494.930908 -8.581889e-02
1164556494.931030 -1.537029e-01
1164556494.931152 -1.900211e-01
1164556494.931274 -6.917437e-02
1164556494.931396 3.080540e-02
1164556494.931519 3.304086e-02
1164556494.931641 4.325864e-02
1164556494.931763 7.087793e-02
1164556494.931885 6.405626e-02
1164556494.932007 9.012330e-02
1164556494.932129 1.134335e-01
1164556494.932251 7.444545e-02
1164556494.932373 3.370656e-02
1164556494.932495 2.017280e-02
1164556494.932617 -4.665561e-02
1164556494.932739 -1.288979e-01
1164556494.932861 -1.366745e-01
1164556494.932983 -1.061434e-01
1164556494.933105 -9.522804e-02
1164556494.933228 -3.533953e-02
1164556494.933350 6.653370e-02
1164556494.933472 8.680339e-02
1164556494.933594 4.392827e-02
1164556494.933716 1.918000e-02
1164556494.933838 8.238813e-03
1164556494.933960 4.107178e-02
1164556494.934082 9.219005e-02
1164556494.934204 9.432562e-02
1164556494.934326 4.589152e-02
1164556494.934448 2.540017e-02
1164556494.934570 -1.935136e-02
1164556494.934692 -1.137861e-01
1164556494.934814 -1.607067e-01
1164556494.934937 -1.149738e-01
1164556494.935059 -5.563750e-02
1164556494.935181 -2.841348e-02
1164556494.935303 2.008278e-02
1164556494.935425 7.637754e-02
1164556494.935547 6.841102e-02
1164556494.935669 2.858057e-02
1164556494.935791 1.786167e-02
1164556494.935913 4.659808e-02
1164556494.936035 8.125650e-02
1164556494.936157 1.007515e-01
1164556494.936279 6.739119e-02
1164556494.936401 3.850935e-03
1164556494.936523 -7.051850e-02
1164556494.936646 -1.262110e-01
1164556494.936768 -1.465926e-01
1164556494.936890 -1.293403e-01
1164556494.937012 -6.624640e-02
1164556494.937134 1.304544e-02
1164556494.937256 6.108402e-02
1164556494.937378 7.429710e-02
1164556494.937500 6.742287e-02
1164556494.937622 5.443737e-02
1164556494.937744 3.367632e-02
1164556494.937866 3.021025e-02
1164556494.937988 5.565164e-02
1164556494.938110 7.947189e-02
1164556494.938232 3.660498e-02
1164556494.938354 -3.396698e-02
1164556494.938477 -7.624278e-02
1164556494.938599 -1.080827e-01
1164556494.938721 -1.337140e-01
1164556494.938843 -9.543169e-02
1164556494.938965 -2.674178e-02
1164556494.939087 2.760789e-02
1164556494.939209 5.984019e-02
1164556494.939331 6.766443e-02
1164556494.939453 5.379308e-02
1164556494.939575 4.110727e-02
1164556494.939697 4.096155e-02
1164556494.939819 3.469014e-02
1164556494.939941 2.987354e-02
1164556494.940063 3.518831e-02
1164556494.940186 1.021897e-02
1164556494.940308 -2.239918e-02
1164556494.940430 -4.453354e-02
1164556494.940552 -7.045983e-02
1164556494.940674 -1.000339e-01
1164556494.940796 -7.783297e-02
1164556494.940918 -3.336296e-02
1164556494.941040 -1.245416e-02
1164556494.941162 2.123038e-02
1164556494.941284 6.291518e-02
1164556494.941406 6.234399e-02
1164556494.941528 4.731955e-02
1164556494.941650 6.153268e-02
1164556494.941772 6.404704e-02
1164556494.941895 2.930577e-02
1164556494.942017 8.588305e-03
1164556494.942139 -2.769780e-03
1164556494.942261 -3.502975e-02
1164556494.942383 -5.418641e-02
1164556494.942505 -4.562043e-02
1164556494.942627 -7.984426e-02
1164556494.942749 -9.672627e-02
1164556494.942871 -4.295709e-02
1164556494.942993 4.904599e-03
1164556494.943115 5.502266e-03
1164556494.943237 4.011678e-02
1164556494.943359 9.522179e-02
1164556494.943481 8.186514e-02
1164556494.943604 5.094453e-02
1164556494.943726 5.032002e-02
1164556494.943848 3.869294e-02
1164556494.943970 7.756219e-03
1164556494.944092 -1.646000e-02
1164556494.944214 -3.631903e-02
1164556494.944336 -6.095963e-02
1164556494.944458 -5.991104e-02
1164556494.944580 -7.248138e-02
1164556494.944702 -1.075570e-01
1164556494.944824 -8.817334e-02
1164556494.944946 6.785833e-05
1164556494.945068 5.888246e-02
1164556494.945190 8.269736e-02
1164556494.945312 1.181064e-01
1164556494.945435 1.215538e-01
1164556494.945557 5.762486e-02
1164556494.945679 6.574207e-03
1164556494.945801 -6.846067e-03
1164556494.945923 -2.609050e-02
1164556494.946045 -4.021761e-02
1164556494.946167 -3.591451e-02
1164556494.946289 -4.825056e-02
1164556494.946411 -6.697540e-02
1164556494.946533 -6.678163e-02
1164556494.946655 -7.321116e-02
1164556494.946777 -7.993483e-02
1164556494.946899 -3.410748e-03
1164556494.947021 9.691192e-02
1164556494.947144 1.221350e-01
1164556494.947266 1.073623e-01
1164556494.947388 9.738900e-02
1164556494.947510 5.231952e-02
1164556494.947632 -2.243054e-02
1164556494.947754 -5.493627e-02
1164556494.947876 -3.965234e-02
1164556494.947998 -3.193690e-02
1164556494.948120 -2.967750e-02
1164556494.948242 -3.784062e-02
1164556494.948364 -5.664721e-02
1164556494.948486 -6.317360e-02
1164556494.948608 -5.106511e-02
1164556494.948730 -3.694920e-02
1164556494.948853 -1.070926e-04
1164556494.948975 7.500691e-02
1164556494.949097 1.264580e-01
1164556494.949219 9.791197e-02
1164556494.949341 5.712370e-02
1164556494.949463 3.497559e-02
1164556494.949585 -7.334257e-04
1164556494.949707 -3.623577e-02
1164556494.949829 -4.182118e-02
1164556494.949951 -3.871220e-02
1164556494.950073 -4.500250e-02
1164556494.950195 -4.987793e-02
1164556494.950317 -6.086453e-02
1164556494.950439 -7.325000e-02
1164556494.950562 -4.522916e-02
1164556494.950684 3.906970e-03
1164556494.950806 4.438333e-02
1164556494.950928 8.064504e-02
1164556494.951050 1.180107e-01
1164556494.951172 1.104636e-01
1164556494.951294 5.490109e-02
1164556494.951416 -1.782728e-03
1164556494.951538 -3.620242e-02
1164556494.951660 -5.861699e-02
1164556494.951782 -6.827842e-02
1164556494.951904 -6.075368e-02
1164556494.952026 -4.230709e-02
1164556494.952148 -2.489157e-02
1164556494.952271 -1.304403e-02
1164556494.952393 -1.418622e-02
1164556494.952515 -3.010352e-03
1164556494.952637 2.309730e-02
1164556494.952759 4.355503e-02
1164556494.952881 4.710594e-02
1164556494.953003 4.460352e-02
1164556494.953125 3.383832e-02
1164556494.953247 2.274762e-02
1164556494.953369 6.998122e-03
1164556494.953491 -1.088902e-02
1164556494.953613 -1.475462e-02
1164556494.953735 -6.894715e-03
1164556494.953857 -1.712289e-02
1164556494.953979 -4.569824e-02
1164556494.954102 -5.116866e-02
1164556494.954224 -3.098551e-02
1164556494.954346 -3.008372e-02
1164556494.954468 -3.022685e-02
1164556494.954590 -6.549632e-03
1164556494.954712 3.091916e-02
1164556494.954834 6.140037e-02
1164556494.954956 7.540045e-02
1164556494.955078 5.829672e-02
1164556494.955200 3.789502e-02
1164556494.955322 3.187006e-02
1164556494.955444 1.166377e-02
1164556494.955566 -3.775300e-02
1164556494.955688 -6.885513e-02
1164556494.955811 -6.686450e-02
1164556494.955933 -5.933686e-02
1164556494.956055 -4.980363e-02
1164556494.956177 -1.263461e-02
1164556494.956299 2.451416e-02
1164556494.956421 3.048588e-02
1164556494.956543 1.889616e-02
1164556494.956665 1.728964e-02
1164556494.956787 2.331185e-02
1164556494.956909 3.640578e-02
1164556494.957031 3.946381e-02
1164556494.957153 2.060114e-02
1164556494.957275 9.781845e-03
1164556494.957397 1.859146e-02
1164556494.957520 3.018999e-03
1164556494.957642 -3.723231e-02
1164556494.957764 -5.098675e-02
1164556494.957886 -4.393001e-02
1164556494.958008 -5.125706e-02
1164556494.958130 -3.171396e-02
1164556494.958252 3.607839e-03
1164556494.958374 5.704186e-03
1164556494.958496 -1.096688e-02
1164556494.958618 2.914619e-03
1164556494.958740 3.110989e-02
1164556494.958862 5.532034e-02
1164556494.958984 8.367478e-02
1164556494.959106 8.215897e-02
1164556494.959229 4.105013e-02
1164556494.959351 3.430812e-03
1164556494.959473 -3.768517e-02
1164556494.959595 -8.727885e-02
1164556494.959717 -1.018205e-01
1164556494.959839 -7.511589e-02
1164556494.959961 -4.922912e-02
1164556494.960083 -2.226271e-02
1164556494.960205 2.393579e-02
1164556494.960327 5.550978e-02
1164556494.960449 4.483899e-02
1164556494.960571 3.676435e-02
1164556494.960693 4.577279e-02
1164556494.960815 5.439109e-02
1164556494.960938 5.032641e-02
1164556494.961060 3.191896e-02
1164556494.961182 -1.448390e-02
1164556494.961304 -5.393627e-02
1164556494.961426 -6.442506e-02
1164556494.961548 -6.138673e-02
1164556494.961670 -5.132226e-02
1164556494.961792 -2.664822e-02
1164556494.961914 4.027539e-03
1164556494.962036 1.545431e-02
1164556494.962158 1.836107e-02
1164556494.962280 3.114230e-02
1164556494.962402 2.342372e-02
1164556494.962524 3.951051e-03
1164556494.962646 6.431560e-03
1164556494.962769 3.384756e-02
1164556494.962891 4.730173e-02
1164556494.963013 3.352689e-02
1164556494.963135 5.259688e-03
1164556494.963257 -2.611715e-02
1164556494.963379 -4.542936e-02
1164556494.963501 -4.341796e-02
1164556494.963623 -3.198381e-02
1164556494.963745 -2.078076e-02
1164556494.963867 -1.223264e-02
1164556494.963989 -1.344702e-02
1164556494.964111 -1.680440e-02
1164556494.964233 7.516563e-05
1164556494.964355 2.302478e-02
1164556494.964478 3.547285e-02
1164556494.964600 4.071871e-02
1164556494.964722 4.624520e-02
1164556494.964844 4.557733e-02
1164556494.964966 3.013954e-02
1164556494.965088 -1.582966e-03
1164556494.965210 -2.442271e-02
1164556494.965332 -3.899691e-02
1164556494.965454 -4.422774e-02
1164556494.965576 -4.679394e-02
1164556494.965698 -4.305484e-02
1164556494.965820 -2.464867e-02
1164556494.965942 -8.147252e-03
1164556494.966064 9.204443e-04
1164556494.966187 2.563594e-03
1164556494.966309 1.883557e-02
1164556494.966431 4.827474e-02
1164556494.966553 5.347594e-02
1164556494.966675 4.727128e-02
1164556494.966797 4.198362e-02
1164556494.966919 4.163959e-02
1164556494.967041 1.241291e-02
1164556494.967163 -2.847239e-02
1164556494.967285 -5.342387e-02
1164556494.967407 -6.541327e-02
1164556494.967529 -6.508412e-02
1164556494.967651 -6.170440e-02
1164556494.967773 -4.913642e-02
1164556494.967896 -2.386400e-02
1164556494.968018 1.075947e-02
1164556494.968140 5.427508e-02
1164556494.968262 7.977736e-02
1164556494.968384 8.455748e-02
1164556494.968506 7.266548e-02
1164556494.968628 4.713552e-02
1164556494.968750 1.613440e-02
1164556494.968872 -1.460785e-02
1164556494.968994 -4.228757e-02
1164556494.969116 -5.747964e-02
1164556494.969238 -6.536042e-02
1164556494.969360 -6.842932e-02
1164556494.969482 -6.217623e-02
1164556494.969604 -4.018093e-02
1164556494.969727 -1.021276e-02
1164556494.969849 2.512941e-02
1164556494.969971 6.025111e-02
1164556494.970093 7.877660e-02
1164556494.970215 7.221265e-02
1164556494.970337 5.674064e-02
1164556494.970459 3.274626e-02
1164556494.970581 8.855654e-03
1164556494.970703 -1.295712e-02
1164556494.970825 -3.734903e-02
1164556494.970947 -5.696071e-02
1164556494.971069 -5.800063e-02
1164556494.971191 -5.359616e-02
1164556494.971313 -4.618909e-02
1164556494.971436 -2.696939e-02
1164556494.971558 -7.748271e-04
1164556494.971680 2.260507e-02
1164556494.971802 4.933912e-02
1164556494.971924 6.408615e-02
1164556494.972046 5.433784e-02
1164556494.972168 3.557085e-02
1164556494.972290 2.208289e-02
1164556494.972412 -4.848455e-03
1164556494.972534 -3.115337e-02
1164556494.972656 -3.258243e-02
1164556494.972778 -2.495674e-02
1164556494.972900 -2.662250e-02
1164556494.973022 -1.670598e-02
1164556494.973145 6.547798e-04
1164556494.973267 2.450436e-03
1164556494.973389 -1.318517e-02
1164556494.973511 -1.916428e-02
1164556494.973633 -1.383267e-02
1164556494.973755 -5.734994e-04
1164556494.973877 2.063113e-02
1164556494.973999 4.109801e-02
1164556494.974121 4.111543e-02
1164556494.974243 3.002537e-02
1164556494.974365 1.245082e-02
1164556494.974487 -6.770969e-03
1164556494.974609 -8.607225e-03
1164556494.974731 2.332906e-03
1164556494.974854 -9.387498e-03
1164556494.974976 -3.056164e-02
1164556494.975098 -3.741866e-02
1164556494.975220 -3.212897e-02
1164556494.975342 -3.264886e-02
1164556494.975464 -2.067951e-02
1164556494.975586 4.694346e-03
1164556494.975708 2.252770e-02
1164556494.975830 3.868240e-02
1164556494.975952 4.979106e-02
1164556494.976074 4.012441e-02
1164556494.976196 2.146921e-02
1164556494.976318 8.342347e-03
1164556494.976440 -3.520060e-03
1164556494.976562 -1.793909e-02
1164556494.976685 -1.495858e-02
1164556494.976807 -1.287899e-02
1164556494.976929 -2.898458e-02
1164556494.977051 -4.286357e-02
1164556494.977173 -3.610907e-02
1164556494.977295 -2.167507e-02
1164556494.977417 -6.261649e-03
1164556494.977539 1.884796e-02
1164556494.977661 4.269509e-02
1164556494.977783 4.576979e-02
1164556494.977905 4.027297e-02
1164556494.978027 2.305380e-02
1164556494.978149 3.161223e-03
1164556494.978271 -1.256058e-02
1164556494.978394 -1.969534e-02
1164556494.978516 -1.533704e-02
1164556494.978638 -8.098732e-03
1164556494.978760 -6.062683e-03
1164556494.978882 -9.763167e-03
1164556494.979004 -1.612040e-02
1164556494.979126 -1.541115e-02
1164556494.979248 -1.438107e-02
1164556494.979370 -7.681306e-03
1164556494.979492 -3.026239e-03
1164556494.979614 4.304674e-03
1164556494.979736 1.526858e-02
1164556494.979858 2.086143e-02
1164556494.979980 2.274388e-02
1164556494.980103 2.997861e-02
1164556494.980225 3.054571e-02
1164556494.980347 1.455543e-02
1164556494.980469 -1.715071e-03
1164556494.980591 -1.010590e-02
1164556494.980713 -3.018896e-02
1164556494.980835 -3.971745e-02
1164556494.980957 -3.714883e-02
1164556494.981079 -3.264512e-02
1164556494.981201 -1.683278e-02
1164556494.981323 3.747234e-03
1164556494.981445 1.080691e-02
1164556494.981567 1.415958e-02
1164556494.981689 3.252966e-02
1164556494.981812 4.198546e-02
1164556494.981934 2.998262e-02
1164556494.982056 2.321492e-02
1164556494.982178 1.235453e-02
1164556494.982300 -9.571742e-03
1164556494.982422 -2.099144e-02
1164556494.982544 -1.718425e-02
1164556494.982666 -2.029390e-02
1164556494.982788 -2.030837e-02
1164556494.982910 -1.717440e-02
1164556494.983032 -1.931881e-02
1164556494.983154 -1.924932e-02
1164556494.983276 -1.384295e-02
1164556494.983398 -8.325219e-03
1164556494.983521 6.388045e-03
1164556494.983643 2.696423e-02
1164556494.983765 4.204154e-02
1164556494.983887 4.669264e-02
1164556494.984009 4.473372e-02
1164556494.984131 2.392168e-02
1164556494.984253 2.775357e-04
1164556494.984375 -1.043796e-02
1164556494.984497 -2.585567e-02
1164556494.984619 -4.521075e-02
1164556494.984741 -5.097958e-02
1164556494.984863 -4.883361e-02
1164556494.984985 -3.633757e-02
1164556494.985107 -1.225457e-02
1164556494.985229 1.079995e-02
1164556494.985352 2.252700e-02
1164556494.985474 4.145998e-02
1164556494.985596 5.899756e-02
1164556494.985718 5.686371e-02
1164556494.985840 4.042084e-02
1164556494.985962 1.752854e-02
1164556494.986084 -1.430692e-02
1164556494.986206 -3.716885e-02
1164556494.986328 -4.181647e-02
1164556494.986450 -4.101079e-02
1164556494.986572 -3.495973e-02
1164556494.986694 -1.861089e-02
1164556494.986816 -9.322001e-03
1164556494.986938 -7.335308e-03
1164556494.987061 1.981333e-03
1164556494.987183 2.340812e-02
1164556494.987305 2.652727e-02
1164556494.987427 1.992822e-02
1164556494.987549 2.159382e-02
1164556494.987671 2.576959e-02
1164556494.987793 2.149870e-02
1164556494.987915 8.380711e-03
1164556494.988037 -7.127106e-03
1164556494.988159 -1.744864e-02
1164556494.988281 -1.238816e-02
1164556494.988403 -5.588594e-03
1164556494.988525 -1.978713e-02
1164556494.988647 -2.930237e-02
1164556494.988770 -2.326850e-02
1164556494.988892 -1.919065e-02
1164556494.989014 -2.113744e-02
1164556494.989136 -8.834288e-03
1164556494.989258 1.322033e-02
1164556494.989380 3.008140e-02
1164556494.989502 4.271453e-02
1164556494.989624 4.854720e-02
1164556494.989746 4.524631e-02
1164556494.989868 3.177292e-02
1164556494.989990 6.890948e-03
1164556494.990112 -2.491780e-02
1164556494.990234 -4.704466e-02
1164556494.990356 -4.536960e-02
1164556494.990479 -3.683880e-02
1164556494.990601 -3.672962e-02
1164556494.990723 -3.491354e-02
1164556494.990845 -1.621181e-02
1164556494.990967 5.646979e-03
1164556494.991089 2.386678e-02
1164556494.991211 3.895602e-02
1164556494.991333 4.949124e-02
1164556494.991455 4.627158e-02
1164556494.991577 4.170929e-02
1164556494.991699 3.040321e-02
1164556494.991821 9.385917e-03
1164556494.991943 -1.594371e-02
1164556494.992065 -4.083411e-02
1164556494.992188 -5.935227e-02
1164556494.992310 -6.090934e-02
1164556494.992432 -4.347809e-02
1164556494.992554 -1.549566e-02
1164556494.992676 5.195567e-03
1164556494.992798 1.771337e-02
1164556494.992920 2.492946e-02
1164556494.993042 2.880758e-02
1164556494.993164 2.979965e-02
1164556494.993286 3.075000e-02
1164556494.993408 2.968664e-02
1164556494.993530 1.882014e-02
1164556494.993652 6.820866e-03
1164556494.993774 1.262821e-03
1164556494.993896 -1.453738e-02
1164556494.994019 -3.341138e-02
1164556494.994141 -3.895185e-02
1164556494.994263 -3.736000e-02
1164556494.994385 -3.140643e-02
1164556494.994507 -1.480561e-02
1164556494.994629 1.090835e-03
1164556494.994751 8.251745e-03
1164556494.994873 1.810194e-02
1164556494.994995 3.081326e-02
1164556494.995117 3.193425e-02
1164556494.995239 2.865395e-02
1164556494.995361 1.979224e-02
1164556494.995483 8.007991e-03
1164556494.995605 2.789917e-03
1164556494.995728 2.164081e-03
1164556494.995850 -5.955226e-03
1164556494.995972 -1.564478e-02
1164556494.996094 -2.223090e-02
1164556494.996216 -3.136011e-02
1164556494.996338 -4.424862e-02
1164556494.996460 -3.891434e-02
1164556494.996582 -1.714806e-02
1164556494.996704 5.401709e-03
1164556494.996826 2.575864e-02
1164556494.996948 3.907159e-02
1164556494.997070 4.219105e-02
1164556494.997192 3.954305e-02
1164556494.997314 3.230739e-02
1164556494.997437 2.157634e-02
1164556494.997559 7.200265e-03
1164556494.997681 -5.337100e-03
1164556494.997803 -2.544339e-02
1164556494.997925 -4.435885e-02
1164556494.998047 -5.166313e-02
1164556494.998169 -5.370120e-02
1164556494.998291 -4.217664e-02
1164556494.998413 -9.024926e-03
1164556494.998535 2.344037e-02
1164556494.998657 4.082323e-02
1164556494.998779 4.584298e-02
1164556494.998901 4.442272e-02
1164556494.999023 2.809593e-02
1164556494.999146 1.054315e-02
1164556494.999268 5.504838e-04
1164556494.999390 -3.899709e-03
1164556494.999512 -3.560723e-03
1164556494.999634 -2.950135e-03
1164556494.999756 -1.592001e-02
1164556494.999878 -3.171657e-02
1164556495.000000 -3.810978e-02
1164556495.000122 -3.152185e-02
1164556495.000244 -2.313809e-02
1164556495.000366 -8.270014e-03
1164556495.000488 1.189942e-02
1164556495.000610 2.749019e-02
1164556495.000732 3.678976e-02
1164556495.000854 3.566438e-02
1164556495.000977 2.463638e-02
1164556495.001099 1.486980e-02
1164556495.001221 6.882570e-03
1164556495.001343 -2.034415e-03
1164556495.001465 -1.196501e-02
1164556495.001587 -1.094925e-02
1164556495.001709 -1.099192e-02
1164556495.001831 -2.411465e-02
1164556495.001953 -3.476114e-02
1164556495.002075 -3.029015e-02
1164556495.002197 -1.580851e-02
1164556495.002319 1.170855e-03
1164556495.002441 1.572786e-02
1164556495.002563 1.888256e-02
1164556495.002686 1.559375e-02
1164556495.002808 2.168745e-02
1164556495.002930 2.244328e-02
1164556495.003052 1.932039e-02
1164556495.003174 1.933599e-02
1164556495.003296 1.498132e-02
1164556495.003418 2.299656e-04
1164556495.003540 -8.289469e-03
1164556495.003662 -1.770879e-02
1164556495.003784 -3.724343e-02
1164556495.003906 -4.666819e-02
1164556495.004028 -3.726853e-02
1164556495.004150 -2.261993e-02
1164556495.004272 -5.144680e-03
1164556495.004395 1.429234e-02
1164556495.004517 2.822848e-02
1164556495.004639 4.023113e-02
1164556495.004761 4.583263e-02
1164556495.004883 3.363605e-02
1164556495.005005 1.965436e-02
1164556495.005127 4.569229e-03
1164556495.005249 -9.412056e-03
1164556495.005371 -2.086944e-02
1164556495.005493 -2.362078e-02
1164556495.005615 -2.057952e-02
1164556495.005737 -2.302680e-02
1164556495.005859 -2.705333e-02
1164556495.005981 -3.070652e-02
1164556495.006104 -2.133907e-02
1164556495.006226 -1.025490e-03
1164556495.006348 1.046683e-02
1164556495.006470 2.810641e-02
1164556495.006592 4.192069e-02
1164556495.006714 4.549548e-02
1164556495.006836 3.926317e-02
1164556495.006958 2.368478e-02
1164556495.007080 3.750184e-03
1164556495.007202 -1.798637e-02
1164556495.007324 -2.913500e-02
1164556495.007446 -3.488711e-02
1164556495.007568 -3.362808e-02
1164556495.007690 -2.285685e-02
1164556495.007812 -2.489331e-02
1164556495.007935 -2.423070e-02
1164556495.008057 -1.079610e-02
1164556495.008179 5.990934e-03
1164556495.008301 2.581389e-02
1164556495.008423 4.245555e-02
1164556495.008545 5.004017e-02
1164556495.008667 4.629139e-02
1164556495.008789 3.167498e-02
1164556495.008911 2.343013e-03
1164556495.009033 -2.851098e-02
1164556495.009155 -3.548230e-02
1164556495.009277 -3.018161e-02
1164556495.009399 -2.694123e-02
1164556495.009521 -2.537592e-02
1164556495.009644 -1.847271e-02
1164556495.009766 -1.317888e-02
1164556495.009888 -5.628465e-03
1164556495.010010 8.770892e-03
1164556495.010132 2.361736e-02
1164556495.010254 3.502256e-02
1164556495.010376 3.447638e-02
1164556495.010498 2.287510e-02
1164556495.010620 7.139298e-03
1164556495.010742 -2.844405e-03
1164556495.010864 -5.565370e-03
1164556495.010986 -1.300383e-02
1164556495.011108 -1.454422e-02
1164556495.011230 -1.321734e-02
1164556495.011353 -1.329038e-02
1164556495.011475 -1.223671e-02
1164556495.011597 -9.536651e-03
1164556495.011719 -7.401874e-03
1164556495.011841 -1.648889e-03
1164556495.011963 5.486098e-03
1164556495.012085 5.665413e-03
1164556495.012207 2.684916e-03
1164556495.012329 6.984443e-03
1164556495.012451 1.177418e-02
1164556495.012573 1.530478e-02
1164556495.012695 1.930038e-02
1164556495.012817 1.756851e-02
1164556495.012939 7.320836e-03
1164556495.013062 -5.302115e-03
1164556495.013184 -1.175289e-02
1164556495.013306 -1.239848e-02
1164556495.013428 -1.518837e-02
1164556495.013550 -1.655794e-02
1164556495.013672 -2.251001e-02
1164556495.013794 -2.756786e-02
1164556495.013916 -2.158907e-02
1164556495.014038 -3.731129e-03
1164556495.014160 1.291086e-02
1164556495.014282 2.365620e-02
1164556495.014404 3.964258e-02
1164556495.014526 4.882478e-02
1164556495.014648 3.801702e-02
1164556495.014771 2.301672e-02
1164556495.014893 7.837208e-04
1164556495.015015 -2.247628e-02
1164556495.015137 -3.753365e-02
1164556495.015259 -4.612662e-02
1164556495.015381 -4.652771e-02
1164556495.015503 -3.033196e-02
1164556495.015625 -1.064290e-02
1164556495.015747 1.120379e-03
1164556495.015869 1.355673e-02
1164556495.015991 2.464055e-02
1164556495.016113 2.812752e-02
1164556495.016235 3.109398e-02
1164556495.016357 3.215504e-02
1164556495.016479 3.218582e-02
1164556495.016602 2.031960e-02
1164556495.016724 -1.707486e-03
1164556495.016846 -2.347224e-02
1164556495.016968 -3.930095e-02
1164556495.017090 -4.304128e-02
1164556495.017212 -3.495673e-02
1164556495.017334 -1.439855e-02
1164556495.017456 6.459066e-03
1164556495.017578 1.055910e-02
1164556495.017700 1.062192e-02
1164556495.017822 4.648159e-03
1164556495.017944 4.604361e-04
1164556495.018066 8.808347e-03
1164556495.018188 1.728307e-02
1164556495.018311 1.922628e-02
1164556495.018433 1.963812e-02
1164556495.018555 2.055070e-02
1164556495.018677 1.284163e-02
1164556495.018799 -2.281438e-03
1164556495.018921 -1.197208e-02
1164556495.019043 -2.444297e-02
1164556495.019165 -3.192128e-02
1164556495.019287 -2.689021e-02
1164556495.019409 -2.079129e-02
1164556495.019531 -1.572111e-02
1164556495.019653 -9.817126e-03
1164556495.019775 -2.373097e-03
1164556495.019897 1.004066e-02
1164556495.020020 2.486312e-02
1164556495.020142 3.701021e-02
1164556495.020264 4.166533e-02
1164556495.020386 3.938200e-02
1164556495.020508 2.739268e-02
1164556495.020630 9.234831e-03
1164556495.020752 -1.013018e-02
1164556495.020874 -3.345249e-02
1164556495.020996 -5.157298e-02
1164556495.021118 -5.346233e-02
1164556495.021240 -4.806518e-02
1164556495.021362 -3.043074e-02
1164556495.021484 -4.521041e-03
1164556495.021606 1.555379e-02
1164556495.021729 2.785924e-02
1164556495.021851 4.367891e-02
1164556495.021973 5.345505e-02
1164556495.022095 4.928671e-02
1164556495.022217 3.704904e-02
1164556495.022339 1.388100e-02
1164556495.022461 -1.348854e-02
1164556495.022583 -2.800585e-02
1164556495.022705 -3.849364e-02
1164556495.022827 -4.972054e-02
1164556495.022949 -4.557315e-02
1164556495.023071 -2.741773e-02
1164556495.023193 -1.428457e-02
1164556495.023315 -2.974812e-03
1164556495.023438 1.435837e-02
1164556495.023560 3.086963e-02
1164556495.023682 3.894323e-02
1164556495.023804 3.823605e-02
1164556495.023926 3.163244e-02
1164556495.024048 2.151487e-02
1164556495.024170 1.001705e-02
1164556495.024292 -5.705946e-03
1164556495.024414 -2.070879e-02
1164556495.024536 -2.512801e-02
1164556495.024658 -2.775567e-02
1164556495.024780 -3.049316e-02
1164556495.024902 -3.187036e-02
1164556495.025024 -2.377218e-02
1164556495.025146 -4.858101e-03
1164556495.025269 1.458558e-02
1164556495.025391 2.621879e-02
1164556495.025513 2.925869e-02
1164556495.025635 2.649137e-02
1164556495.025757 2.390168e-02
1164556495.025879 1.558210e-02
1164556495.026001 2.859194e-03
1164556495.026123 -8.118314e-03
1164556495.026245 -1.161405e-02
1164556495.026367 -9.193067e-03
1164556495.026489 -7.914709e-03
1164556495.026611 -1.278407e-02
1164556495.026733 -1.860856e-02
1164556495.026855 -2.010476e-02
1164556495.026978 -1.548320e-02
1164556495.027100 -5.617417e-03
1164556495.027222 6.424657e-03
1164556495.027344 1.656785e-02
1164556495.027466 2.307707e-02
1164556495.027588 1.944004e-02
1164556495.027710 1.156885e-02
1164556495.027832 3.089158e-03
1164556495.027954 -1.982514e-04
1164556495.028076 -2.080481e-04
1164556495.028198 -3.934003e-03
1164556495.028320 -4.420090e-03
1164556495.028442 2.127767e-04
1164556495.028564 5.668756e-03
1164556495.028687 -2.846301e-03
1164556495.028809 -1.798204e-02
1164556495.028931 -1.972135e-02
1164556495.029053 -1.917198e-02
1164556495.029175 -1.435903e-02
1164556495.029297 -4.411924e-03
1164556495.029419 9.567690e-03
1164556495.029541 1.807911e-02
1164556495.029663 2.096215e-02
1164556495.029785 2.185611e-02
1164556495.029907 1.421841e-02
1164556495.030029 1.444751e-02
1164556495.030151 1.285426e-02
1164556495.030273 -1.229508e-03
1164556495.030396 -9.101154e-03
1164556495.030518 -1.324549e-02
1164556495.030640 -1.888914e-02
1164556495.030762 -2.730717e-02
1164556495.030884 -2.691649e-02
1164556495.031006 -2.009297e-02
1164556495.031128 -1.210595e-02
1164556495.031250 3.935329e-03
1164556495.031372 1.449554e-02
1164556495.031494 2.033064e-02
1164556495.031616 2.943962e-02
1164556495.031738 3.315592e-02
1164556495.031860 2.854907e-02
1164556495.031982 1.716498e-02
1164556495.032104 7.489962e-03
1164556495.032227 -6.022671e-03
1164556495.032349 -2.165737e-02
1164556495.032471 -3.165502e-02
1164556495.032593 -4.092397e-02
1164556495.032715 -3.815815e-02
1164556495.032837 -2.566477e-02
1164556495.032959 -1.306881e-02
1164556495.033081 5.963179e-03
1164556495.033203 2.935230e-02
1164556495.033325 4.062737e-02
1164556495.033447 3.668444e-02
1164556495.033569 3.025299e-02
1164556495.033691 1.884424e-02
1164556495.033813 4.286795e-03
1164556495.033936 -5.981853e-03
1164556495.034058 -1.412943e-02
1164556495.034180 -2.061648e-02
1164556495.034302 -1.873088e-02
1164556495.034424 -1.927055e-02
1164556495.034546 -2.524090e-02
1164556495.034668 -2.187004e-02
1164556495.034790 -1.013183e-02
1164556495.034912 -1.016643e-04
1164556495.035034 1.352983e-02
1164556495.035156 2.430090e-02
1164556495.035278 2.583760e-02
1164556495.035400 2.161069e-02
1164556495.035522 1.653308e-02
1164556495.035645 6.453906e-03
1164556495.035767 -2.570924e-03
1164556495.035889 -1.374093e-03
1164556495.036011 -4.249185e-03
1164556495.036133 -1.004625e-02
1164556495.036255 -7.587272e-03
1164556495.036377 -7.424669e-03
1164556495.036499 -1.060282e-02
1164556495.036621 -1.972584e-02
1164556495.036743 -2.557498e-02
1164556495.036865 -2.259865e-02
1164556495.036987 -6.137436e-03
1164556495.037109 1.441458e-02
1164556495.037231 2.190523e-02
1164556495.037354 3.065365e-02
1164556495.037476 3.618205e-02
1164556495.037598 2.853567e-02
1164556495.037720 1.825442e-02
1164556495.037842 8.207621e-03
1164556495.037964 -3.463494e-03
1164556495.038086 -2.282873e-02
1164556495.038208 -3.453610e-02
1164556495.038330 -4.057490e-02
1164556495.038452 -3.773585e-02
1164556495.038574 -2.344049e-02
1164556495.038696 -1.419219e-02
1164556495.038818 3.504610e-04
1164556495.038940 2.293811e-02
1164556495.039062 3.898614e-02
1164556495.039185 4.346802e-02
1164556495.039307 3.592633e-02
1164556495.039429 2.592683e-02
1164556495.039551 1.158167e-02
1164556495.039673 -1.590012e-03
1164556495.039795 -1.516878e-02
1164556495.039917 -3.071364e-02
1164556495.040039 -3.757143e-02
1164556495.040161 -3.487948e-02
1164556495.040283 -2.623175e-02
1164556495.040405 -1.384258e-02
1164556495.040527 8.786482e-05
1164556495.040649 1.419910e-02
1164556495.040771 2.422666e-02
1164556495.040894 2.741655e-02
1164556495.041016 2.251199e-02
1164556495.041138 1.725476e-02
1164556495.041260 1.292567e-02
1164556495.041382 6.701218e-03
1164556495.041504 -3.116353e-03
1164556495.041626 -1.256458e-02
1164556495.041748 -1.472723e-02
1164556495.041870 -1.541435e-02
1164556495.041992 -1.517236e-02
1164556495.042114 -9.809333e-03
1164556495.042236 -3.600486e-03
1164556495.042358 9.843011e-04
1164556495.042480 -3.430429e-04
1164556495.042603 -5.120590e-03
1164556495.042725 -7.740415e-03
1164556495.042847 7.036485e-04
1164556495.042969 1.355967e-02
1164556495.043091 1.709235e-02
1164556495.043213 1.614234e-02
1164556495.043335 1.952937e-02
1164556495.043457 1.785772e-02
1164556495.043579 6.215386e-03
1164556495.043701 -7.354564e-03
1164556495.043823 -1.555441e-02
1164556495.043945 -2.110760e-02
1164556495.044067 -1.976586e-02
1164556495.044189 -1.517339e-02
1164556495.044312 -1.229819e-02
1164556495.044434 -8.561766e-03
1164556495.044556 -5.118418e-03
1164556495.044678 -3.180107e-03
1164556495.044800 5.314341e-03
1164556495.044922 2.017921e-02
1164556495.045044 2.784905e-02
1164556495.045166 2.920869e-02
1164556495.045288 2.696416e-02
1164556495.045410 1.510591e-02
1164556495.045532 -1.468255e-03
1164556495.045654 -1.477472e-02
1164556495.045776 -2.707291e-02
1164556495.045898 -3.364143e-02
1164556495.046021 -2.529638e-02
1164556495.046143 -1.467427e-02
1164556495.046265 -7.877420e-03
1164556495.046387 -1.857296e-04
1164556495.046509 1.450724e-03
1164556495.046631 3.004888e-03
1164556495.046753 1.371352e-02
1164556495.046875 2.450099e-02
1164556495.046997 3.053256e-02
1164556495.047119 3.098296e-02
1164556495.047241 2.167130e-02
1164556495.047363 1.737548e-03
1164556495.047485 -1.325633e-02
1164556495.047607 -2.302176e-02
1164556495.047729 -3.140809e-02
1164556495.047852 -2.789153e-02
1164556495.047974 -1.849709e-02
1164556495.048096 -1.450980e-02
1164556495.048218 -6.647718e-03
1164556495.048340 3.994503e-03
1164556495.048462 1.205655e-02
1164556495.048584 1.672565e-02
1164556495.048706 1.942228e-02
1164556495.048828 2.117460e-02
1164556495.048950 2.038457e-02
1164556495.049072 1.839379e-02
1164556495.049194 9.999308e-03
1164556495.049316 -3.551516e-03
1164556495.049438 -1.083897e-02
1164556495.049561 -1.902449e-02
1164556495.049683 -2.672925e-02
1164556495.049805 -2.749620e-02
1164556495.049927 -2.228789e-02
1164556495.050049 -1.208711e-02
1164556495.050171 -1.761211e-04
1164556495.050293 1.009754e-02
1164556495.050415 1.815344e-02
1164556495.050537 2.025068e-02
1164556495.050659 1.872451e-02
1164556495.050781 1.815979e-02
1164556495.050903 1.872117e-02
1164556495.051025 1.248201e-02
1164556495.051147 6.157790e-04
1164556495.051270 -1.178850e-02
1164556495.051392 -2.068153e-02
1164556495.051514 -2.032013e-02
1164556495.051636 -1.817956e-02
1164556495.051758 -1.847446e-02
1164556495.051880 -1.326589e-02
1164556495.052002 -3.040540e-03
1164556495.052124 4.537901e-03
1164556495.052246 8.567368e-03
1164556495.052368 1.864668e-02
1164556495.052490 2.235672e-02
1164556495.052612 1.570206e-02
1164556495.052734 9.917107e-03
1164556495.052856 2.336012e-03
1164556495.052979 -2.557462e-03
1164556495.053101 -3.192829e-03
1164556495.053223 -3.514351e-03
1164556495.053345 -4.724944e-03
1164556495.053467 -7.772292e-03
1164556495.053589 -1.198816e-02
1164556495.053711 -1.714883e-02
1164556495.053833 -1.582217e-02
1164556495.053955 -1.072896e-02
1164556495.054077 8.284660e-04
1164556495.054199 1.358181e-02
1164556495.054321 1.589611e-02
1164556495.054443 1.251011e-02
1164556495.054565 9.316076e-03
1164556495.054688 7.114400e-03
1164556495.054810 8.235604e-03
1164556495.054932 1.039790e-02
1164556495.055054 9.727046e-03
1164556495.055176 2.105084e-03
1164556495.055298 -1.114502e-02
1164556495.055420 -2.289611e-02
1164556495.055542 -2.820660e-02
1164556495.055664 -2.309062e-02
1164556495.055786 -1.213596e-02
1164556495.055908 -7.504555e-04
1164556495.056030 1.166577e-02
1164556495.056152 1.931166e-02
1164556495.056274 2.160546e-02
1164556495.056396 1.513538e-02
1164556495.056519 6.516419e-03
1164556495.056641 5.661301e-03
1164556495.056763 4.857623e-03
1164556495.056885 5.283653e-04
1164556495.057007 -4.356576e-03
1164556495.057129 -8.017257e-03
1164556495.057251 -1.011077e-02
1164556495.057373 -1.238888e-02
1164556495.057495 -1.356197e-02
1164556495.057617 -1.520873e-02
1164556495.057739 -1.013337e-02
1164556495.057861 1.730980e-03
1164556495.057983 9.903515e-03
1164556495.058105 1.354892e-02
1164556495.058228 1.924223e-02
1164556495.058350 1.838143e-02
1164556495.058472 7.187452e-03
1164556495.058594 -4.353801e-04
1164556495.058716 -2.248034e-03
1164556495.058838 -6.137631e-03
1164556495.058960 -9.849174e-03
1164556495.059082 -9.170006e-03
1164556495.059204 -6.679046e-03
1164556495.059326 -5.293613e-03
1164556495.059448 1.363022e-03
1164556495.059570 1.963561e-03
1164556495.059692 -3.778139e-03
1164556495.059814 -1.875503e-03
1164556495.059937 2.523054e-04
1164556495.060059 -3.101895e-04
1164556495.060181 2.334383e-03
1164556495.060303 7.210050e-03
1164556495.060425 6.035119e-03
1164556495.060547 2.239152e-03
1164556495.060669 7.128505e-03
1164556495.060791 7.138064e-03
1164556495.060913 5.138102e-03
1164556495.061035 3.691233e-03
1164556495.061157 -3.253682e-03
1164556495.061279 -6.952057e-03
1164556495.061401 -1.191563e-02
1164556495.061523 -1.973582e-02
1164556495.061646 -2.328121e-02
1164556495.061768 -1.452250e-02
1164556495.061890 4.060672e-03
1164556495.062012 1.711453e-02
1164556495.062134 2.492109e-02
1164556495.062256 2.277989e-02
1164556495.062378 1.521552e-02
1164556495.062500 5.409265e-03
1164556495.062622 -4.418011e-03
1164556495.062744 -6.502021e-03
1164556495.062866 -7.901747e-03
1164556495.062988 -1.062926e-02
1164556495.063110 -9.568248e-03
1164556495.063232 -7.344915e-03
1164556495.063354 -8.030478e-03
1164556495.063477 -8.243587e-03
1164556495.063599 -4.236034e-03
1164556495.063721 -6.226752e-04
1164556495.063843 6.298802e-03
1164556495.063965 1.431372e-02
1164556495.064087 1.611441e-02
1164556495.064209 1.471641e-02
1164556495.064331 9.843548e-03
1164556495.064453 -1.843446e-03
1164556495.064575 -1.142141e-02
1164556495.064697 -1.015984e-02
1164556495.064819 -4.771797e-03
1164556495.064941 -3.225436e-03
1164556495.065063 -3.172624e-03
1164556495.065186 -3.365658e-03
1164556495.065308 -3.389062e-03
1164556495.065430 -3.093690e-03
1164556495.065552 -2.201666e-03
1164556495.065674 -8.463812e-04
1164556495.065796 5.396487e-03
1164556495.065918 9.234491e-03
1164556495.066040 6.369755e-03
1164556495.066162 1.081088e-03
1164556495.066284 -1.994985e-03
1164556495.066406 -6.654546e-04
1164556495.066528 1.699902e-03
1164556495.066650 5.103435e-03
1164556495.066772 6.452189e-03
1164556495.066895 5.158421e-03
1164556495.067017 1.042214e-03
1164556495.067139 -8.309517e-03
1164556495.067261 -1.649672e-02
1164556495.067383 -1.747350e-02
1164556495.067505 -1.199583e-02
1164556495.067627 -4.777664e-03
1164556495.067749 1.653128e-03
1164556495.067871 9.823423e-03
1164556495.067993 1.562916e-02
1164556495.068115 1.699998e-02
1164556495.068237 1.651891e-02
1164556495.068359 1.214894e-02
1164556495.068481 5.004219e-03
1164556495.068604 -2.784139e-03
1164556495.068726 -1.069143e-02
1164556495.068848 -1.743540e-02
1164556495.068970 -1.943551e-02
1164556495.069092 -1.471406e-02
1164556495.069214 -1.058919e-02
1164556495.069336 -5.751332e-03
1164556495.069458 1.712108e-03
1164556495.069580 5.437274e-03
1164556495.069702 1.190211e-02
1164556495.069824 2.185746e-02
1164556495.069946 2.488385e-02
1164556495.070068 1.688556e-02
1164556495.070190 6.046818e-03
1164556495.070312 -3.051569e-03
1164556495.070435 -1.406458e-02
1164556495.070557 -2.179660e-02
1164556495.070679 -2.324622e-02
1164556495.070801 -1.824235e-02
1164556495.070923 -7.013274e-03
1164556495.071045 3.844218e-03
1164556495.071167 8.797060e-03
1164556495.071289 1.006868e-02
1164556495.071411 9.690741e-03
1164556495.071533 8.141004e-03
1164556495.071655 6.664451e-03
1164556495.071777 8.541640e-03
1164556495.071899 9.049996e-03
1164556495.072021 3.488321e-03
1164556495.072144 -1.821666e-03
1164556495.072266 -6.057364e-03
1164556495.072388 -1.075772e-02
1164556495.072510 -1.356707e-02
1164556495.072632 -1.308251e-02
1164556495.072754 -1.259224e-02
1164556495.072876 -1.035746e-02
1164556495.072998 -1.976469e-03
1164556495.073120 9.202255e-03
1164556495.073242 1.712587e-02
1164556495.073364 2.229031e-02
1164556495.073486 2.103386e-02
1164556495.073608 1.691539e-02
1164556495.073730 1.496896e-02
