1164556494.768921 1.630440e-01
1164556494.769043 5.336132e-02
1164556494.769165 -1.078649e-02
1164556494.769287 -9.184620e-02
1164556494.769409 -1.598038e-01
1164556494.769531 -2.022373e-01
1164556494.769653 -2.432956e-01
1164556494.769775 -2.527182e-01
1164556494.769897 -2.069954e-01
1164556494.770020 -1.273259e-01
1164556494.770142 -3.513338e-02
1164556494.770264 7.479203e-02
1164556494.770386 2.014304e-01
1164556494.770508 2.685789e-01
1164556494.770630 2.929597e-01
1164556494.770752 2.812147e-01
1164556494.770874 2.185243e-01
1164556494.770996 8.449345e-02
1164556494.771118 -6.177067e-02
1164556494.771240 -1.614868e-01
1164556494.771362 -2.474358e-01
1164556494.771484 -2.865640e-01
1164556494.771606 -2.303026e-01
1164556494.771729 -1.699498e-01
1164556494.771851 -1.230912e-01
1164556494.771973 -4.806746e-02
1164556494.772095 5.448865e-02
1164556494.772217 1.114694e-01
1164556494.772339 1.779816e-01
1164556494.772461 2.483273e-01
1164556494.772583 2.163067e-01
1164556494.772705 1.555697e-01
1164556494.772827 1.223747e-01
1164556494.772949 5.089289e-02
1164556494.773071 -3.433201e-02
1164556494.773193 -8.651007e-02
1164556494.773315 -1.376791e-01
1164556494.773438 -2.020959e-01
1164556494.773560 -2.204726e-01
1164556494.773682 -1.953944e-01
1164556494.773804 -1.685782e-01
1164556494.773926 -9.095875e-02
1164556494.774048 2.879326e-02
1164556494.774170 1.105122e-01
1164556494.774292 1.562936e-01
1164556494.774414 2.222157e-01
1164556494.774536 2.707462e-01
1164556494.774658 2.340146e-01
1164556494.774780 1.411655e-01
1164556494.774902 3.038911e-02
1164556494.775024 -6.473643e-02
1164556494.775146 -1.446482e-01
1164556494.775269 -1.791414e-01
1164556494.775391 -2.078715e-01
1164556494.775513 -2.296340e-01
1164556494.775635 -1.768696e-01
1164556494.775757 -8.170912e-02
1164556494.775879 -2.936035e-02
1164556494.776001 2.327133e-02
1164556494.776123 1.258013e-01
1164556494.776245 1.834583e-01
1164556494.776367 1.720400e-01
1164556494.776489 1.787499e-01
1164556494.776611 1.554665e-01
1164556494.776733 9.595137e-02
1164556494.776855 5.283980e-02
1164556494.776978 1.068209e-02
1164556494.777100 -8.411117e-02
1164556494.777222 -1.390190e-01
1164556494.777344 -1.587983e-01
1164556494.777466 -2.058202e-01
1164556494.777588 -2.037023e-01
1164556494.777710 -1.429053e-01
1164556494.777832 -9.780408e-02
1164556494.777954 -1.537788e-02
1164556494.778076 9.341222e-02
1164556494.778198 1.703503e-01
1164556494.778320 2.074859e-01
1164556494.778442 2.385137e-01
1164556494.778564 2.263969e-01
1164556494.778687 1.738110e-01
1164556494.778809 8.356906e-02
1164556494.778931 -2.456713e-02
1164556494.779053 -1.267586e-01
1164556494.779175 -2.077636e-01
1164556494.779297 -2.769929e-01
1164556494.779419 -2.928801e-01
1164556494.779541 -2.161426e-01
1164556494.779663 -1.009486e-01
1164556494.779785 2.542152e-02
1164556494.779907 1.310584e-01
1164556494.780029 1.665884e-01
1164556494.780151 1.959597e-01
1164556494.780273 2.017040e-01
1164556494.780396 1.593463e-01
1164556494.780518 1.113910e-01
1164556494.780640 7.165812e-02
1164556494.780762 1.679049e-02
1164556494.780884 -6.244846e-02
1164556494.781006 -1.100306e-01
1164556494.781128 -1.368073e-01
1164556494.781250 -1.716933e-01
1164556494.781372 -1.596182e-01
1164556494.781494 -1.437158e-01
1164556494.781616 -1.073566e-01
1164556494.781738 -2.575209e-02
1164556494.781860 5.700250e-02
1164556494.781982 9.689029e-02
1164556494.782104 1.141033e-01
1164556494.782227 1.335596e-01
1164556494.782349 1.494203e-01
1164556494.782471 1.551929e-01
1164556494.782593 1.530035e-01
1164556494.782715 1.011980e-01
1164556494.782837 1.459009e-02
1164556494.782959 -8.598750e-02
1164556494.783081 -1.665138e-01
1164556494.783203 -2.337313e-01
1164556494.783325 -2.574950e-01
1164556494.783447 -1.974674e-01
1164556494.783569 -9.123159e-02
1164556494.783691 3.325476e-03
1164556494.783813 7.854416e-02
1164556494.783936 1.269896e-01
1164556494.784058 1.513687e-01
1164556494.784180 1.633833e-01
1164556494.784302 1.812574e-01
1164556494.784424 1.423639e-01
1164556494.784546 7.581942e-02
1164556494.784668 3.080433e-02
1164556494.784790 -2.778715e-02
1164556494.784912 -9.772871e-02
1164556494.785034 -1.333013e-01
1164556494.785156 -1.618873e-01
1164556494.785278 -1.738547e-01
1164556494.785400 -1.456138e-01
1164556494.785522 -9.203172e-02
1164556494.785645 -3.983656e-02
1164556494.785767 3.060076e-02
1164556494.785889 7.544230e-02
1164556494.786011 1.029304e-01
1164556494.786133 1.291348e-01
1164556494.786255 1.534781e-01
1164556494.786377 1.720624e-01
1164556494.786499 1.647803e-01
1164556494.786621 1.046680e-01
1164556494.786743 1.445967e-02
1164556494.786865 -8.995033e-02
1164556494.786987 -1.576235e-01
1164556494.787109 -2.005396e-01
1164556494.787231 -2.123588e-01
1164556494.787354 -1.970618e-01
1164556494.787476 -1.462950e-01
1164556494.787598 -4.504402e-02
1164556494.787720 4.427365e-02
1164556494.787842 1.079796e-01
1164556494.787964 1.741030e-01
1164556494.788086 2.023959e-01
1164556494.788208 2.016794e-01
1164556494.788330 1.539401e-01
1164556494.788452 7.818107e-02
1164556494.788574 1.176912e-02
1164556494.788696 -4.307345e-02
1164556494.788818 -8.996276e-02
1164556494.788940 -1.370161e-01
1164556494.789062 -1.395748e-01
1164556494.789185 -1.150229e-01
1164556494.789307 -1.233162e-01
1164556494.789429 -1.017825e-01
1164556494.789551 -8.492531e-02
1164556494.789673 -5.873208e-02
1164556494.789795 1.115747e-02
1164556494.789917 8.322586e-02
1164556494.790039 1.341841e-01
1164556494.790161 2.064357e-01
1164556494.790283 2.463125e-01
1164556494.790405 2.037139e-01
1164556494.790527 1.407348e-01
1164556494.790649 6.409353e-02
1164556494.790771 -6.511389e-02
1164556494.790894 -1.562518e-01
1164556494.791016 -2.283253e-01
1164556494.791138 -2.952618e-01
1164556494.791260 -3.130766e-01
1164556494.791382 -2.287427e-01
1164556494.791504 -1.062492e-01
1164556494.791626 5.508947e-02
1164556494.791748 1.923698e-01
1164556494.791870 2.455165e-01
1164556494.791992 2.815065e-01
1164556494.792114 3.040472e-01
1164556494.792236 2.313644e-01
1164556494.792358 1.016557e-01
1164556494.792480 -1.767783e-02
1164556494.792603 -1.192691e-01
1164556494.792725 -1.914487e-01
1164556494.792847 -2.105997e-01
1164556494.792969 -2.289331e-01
1164556494.793091 -1.923899e-01
1164556494.793213 -1.188458e-01
1164556494.793335 -7.338460e-02
1164556494.793457 -4.309445e-02
1164556494.793579 4.259623e-02
1164556494.793701 1.437918e-01
1164556494.793823 2.010890e-01
1164556494.793945 2.220416e-01
1164556494.794067 1.922925e-01
1164556494.794189 1.169835e-01
1164556494.794312 8.027594e-02
1164556494.794434 4.081786e-02
1164556494.794556 -3.310136e-02
1164556494.794678 -8.855441e-02
1164556494.794800 -1.388854e-01
1164556494.794922 -2.013616e-01
1164556494.795044 -2.322250e-01
1164556494.795166 -2.165265e-01
1164556494.795288 -1.612534e-01
1164556494.795410 -6.744466e-02
1164556494.795532 4.401981e-02
1164556494.795654 1.497365e-01
1164556494.795776 2.317346e-01
1164556494.795898 2.828069e-01
1164556494.796021 2.891946e-01
1164556494.796143 2.195958e-01
1164556494.796265 9.988387e-02
1164556494.796387 -4.435564e-02
1164556494.796509 -1.507447e-01
1164556494.796631 -2.258561e-01
1164556494.796753 -2.478085e-01
1164556494.796875 -2.224335e-01
1164556494.796997 -1.886614e-01
1164556494.797119 -1.265660e-01
1164556494.797241 -3.039808e-02
1164556494.797363 5.794148e-02
1164556494.797485 1.464362e-01
1164556494.797607 2.103643e-01
1164556494.797729 2.201581e-01
1164556494.797852 1.444813e-01
1164556494.797974 9.080281e-02
1164556494.798096 4.865727e-02
1164556494.798218 -1.841752e-02
1164556494.798340 -2.954769e-02
1164556494.798462 -1.381667e-02
1164556494.798584 -6.365570e-02
1164556494.798706 -1.263237e-01
1164556494.798828 -1.557011e-01
1164556494.798950 -1.575349e-01
1164556494.799072 -1.333658e-01
1164556494.799194 -5.745997e-02
1164556494.799316 -1.651233e-02
1164556494.799438 1.647647e-02
1164556494.799561 1.073408e-01
1164556494.799683 1.713350e-01
1164556494.799805 1.672232e-01
1164556494.799927 1.541247e-01
1164556494.800049 1.451728e-01
1164556494.800171 1.005874e-01
1164556494.800293 1.566152e-02
1164556494.800415 -6.583836e-02
1164556494.800537 -1.569250e-01
1164556494.800659 -1.846369e-01
1164556494.800781 -1.660571e-01
1164556494.800903 -1.313409e-01
1164556494.801025 -1.057881e-01
1164556494.801147 -7.097101e-02
1164556494.801270 1.660209e-02
1164556494.801392 9.335797e-02
1164556494.801514 1.051110e-01
1164556494.801636 1.233333e-01
1164556494.801758 1.333704e-01
1164556494.801880 1.068540e-01
1164556494.802002 8.117195e-02
1164556494.802124 8.406553e-02
1164556494.802246 2.586479e-02
1164556494.802368 -2.757653e-02
1164556494.802490 -3.722349e-02
1164556494.802612 -1.062440e-01
1164556494.802734 -1.618439e-01
1164556494.802856 -1.389884e-01
1164556494.802979 -1.219429e-01
1164556494.803101 -1.228486e-01
1164556494.803223 -6.768812e-02
1164556494.803345 1.755803e-02
1164556494.803467 6.004546e-02
1164556494.803589 1.105959e-01
1164556494.803711 1.809930e-01
1164556494.803833 2.180061e-01
1164556494.803955 1.791908e-01
1164556494.804077 1.023838e-01
1164556494.804199 3.289333e-02
1164556494.804321 -4.335229e-02
1164556494.804443 -1.129947e-01
1164556494.804565 -1.415615e-01
1164556494.804688 -1.582419e-01
1164556494.804810 -1.670892e-01
1164556494.804932 -1.579066e-01
1164556494.805054 -1.159909e-01
1164556494.805176 -7.750179e-02
1164556494.805298 2.365606e-02
1164556494.805420 1.369339e-01
1164556494.805542 1.612718e-01
1164556494.805664 1.697842e-01
1164556494.805786 2.027316e-01
1164556494.805908 1.747579e-01
1164556494.806030 1.045340e-01
1164556494.806152 4.884759e-02
1164556494.806274 -3.536081e-02
1164556494.806396 -1.577056e-01
1164556494.806519 -2.024394e-01
1164556494.806641 -2.042374e-01
1164556494.806763 -1.944509e-01
1164556494.806885 -1.597164e-01
1164556494.807007 -5.017429e-02
1164556494.807129 5.792673e-02
1164556494.807251 9.788654e-02
1164556494.807373 1.324588e-01
1164556494.807495 1.320220e-01
1164556494.807617 9.459173e-02
1164556494.807739 9.977655e-02
1164556494.807861 1.427996e-01
1164556494.807983 1.318134e-01
1164556494.808105 3.002957e-02
1164556494.808228 -3.276682e-02
1164556494.808350 -1.072891e-01
1164556494.808472 -1.733860e-01
1164556494.808594 -1.566487e-01
1164556494.808716 -1.498953e-01
1164556494.808838 -1.524437e-01
1164556494.808960 -8.620788e-02
1164556494.809082 2.150867e-02
1164556494.809204 6.185799e-02
1164556494.809326 6.918181e-02
1164556494.809448 1.466947e-01
1164556494.809570 1.594542e-01
1164556494.809692 1.183957e-01
1164556494.809814 8.819716e-02
1164556494.809937 9.008694e-02
1164556494.810059 6.915936e-02
1164556494.810181 8.700622e-03
1164556494.810303 -5.789017e-02
1164556494.810425 -1.376626e-01
1164556494.810547 -2.127991e-01
1164556494.810669 -1.980891e-01
1164556494.810791 -1.574053e-01
1164556494.810913 -1.096386e-01
1164556494.811035 -2.937008e-03
1164556494.811157 1.080052e-01
1164556494.811279 1.302984e-01
1164556494.811401 1.426671e-01
1164556494.811523 1.688076e-01
1164556494.811646 1.442858e-01
1164556494.811768 7.230013e-02
1164556494.811890 3.900252e-02
1164556494.812012 -2.483354e-02
1164556494.812134 -8.550595e-02
1164556494.812256 -8.713708e-02
1164556494.812378 -6.266613e-02
1164556494.812500 -6.961119e-02
1164556494.812622 -6.877054e-02
1164556494.812744 -4.235224e-02
1164556494.812866 -5.383924e-02
1164556494.812988 -9.068084e-02
1164556494.813110 -5.403659e-02
1164556494.813232 1.807439e-02
1164556494.813354 4.267615e-02
1164556494.813477 3.180707e-02
1164556494.813599 7.826313e-02
1164556494.813721 1.302092e-01
1164556494.813843 1.766426e-01
1164556494.813965 2.084942e-01
1164556494.814087 1.417663e-01
1164556494.814209 1.381652e-02
1164556494.814331 -8.711307e-02
1164556494.814453 -1.841833e-01
1164556494.814575 -2.701819e-01
1164556494.814697 -2.508613e-01
1164556494.814819 -1.416812e-01
1164556494.814941 -1.065528e-01
1164556494.815063 -6.667239e-02
1164556494.815186 5.123254e-02
1164556494.815308 1.524500e-01
1164556494.815430 1.749898e-01
1164556494.815552 2.073170e-01
1164556494.815674 2.292942e-01
1164556494.815796 1.761155e-01
1164556494.815918 1.120749e-01
1164556494.816040 3.801677e-02
1164556494.816162 -6.229883e-02
1164556494.816284 -1.200692e-01
1164556494.816406 -1.604369e-01
1164556494.816528 -2.450806e-01
1164556494.816650 -3.064244e-01
1164556494.816772 -1.990869e-01
1164556494.816895 -9.902557e-02
1164556494.817017 -4.621643e-02
1164556494.817139 8.407097e-02
1164556494.817261 1.989999e-01
1164556494.817383 2.401927e-01
1164556494.817505 2.462469e-01
1164556494.817627 2.597831e-01
1164556494.817749 2.325218e-01
1164556494.817871 1.116915e-01
1164556494.817993 5.697669e-03
1164556494.818115 -1.450368e-01
1164556494.818237 -2.734589e-01
1164556494.818359 -3.046681e-01
1164556494.818481 -2.980109e-01
1164556494.818604 -2.214873e-01
1164556494.818726 -8.274019e-02
1164556494.818848 2.703434e-02
1164556494.818970 5.942299e-02
1164556494.819092 1.005678e-01
1164556494.819214 1.975537e-01
1164556494.819336 2.253649e-01
1164556494.819458 2.258976e-01
1164556494.819580 1.868506e-01
1164556494.819702 1.266447e-01
1164556494.819824 5.346385e-02
1164556494.819946 -4.446812e-02
1164556494.820068 -1.504243e-01
1164556494.820190 -2.026145e-01
1164556494.820312 -2.052027e-01
1164556494.820435 -2.028024e-01
1164556494.820557 -1.853912e-01
1164556494.820679 -1.230630e-01
1164556494.820801 -4.172100e-02
1164556494.820923 6.424759e-02
1164556494.821045 1.328244e-01
1164556494.821167 1.609369e-01
1164556494.821289 1.573827e-01
1164556494.821411 1.807775e-01
1164556494.821533 1.918313e-01
1164556494.821655 1.526315e-01
1164556494.821777 8.941684e-02
1164556494.821899 -1.145491e-02
1164556494.822021 -1.135479e-01
1164556494.822144 -1.712920e-01
1164556494.822266 -2.052513e-01
1164556494.822388 -2.149334e-01
1164556494.822510 -2.005315e-01
1164556494.822632 -1.163873e-01
1164556494.822754 -8.191060e-02
1164556494.822876 -5.935887e-02
1164556494.822998 4.786285e-02
1164556494.823120 1.709674e-01
1164556494.823242 2.535966e-01
1164556494.823364 2.853134e-01
1164556494.823486 2.641314e-01
1164556494.823608 2.158202e-01
1164556494.823730 1.187102e-01
1164556494.823853 -1.834952e-02
1164556494.823975 -1.915220e-01
1164556494.824097 -2.617286e-01
1164556494.824219 -2.821100e-01
1164556494.824341 -3.009669e-01
1164556494.824463 -2.376217e-01
1164556494.824585 -1.427268e-01
1164556494.824707 -4.274867e-02
1164556494.824829 9.370903e-02
1164556494.824951 1.952241e-01
1164556494.825073 2.422026e-01
1164556494.825195 2.737563e-01
1164556494.825317 2.835292e-01
1164556494.825439 2.004011e-01
1164556494.825562 1.124772e-01
1164556494.825684 -1.348175e-02
1164556494.825806 -1.321916e-01
1164556494.825928 -1.730422e-01
1164556494.826050 -2.309927e-01
1164556494.826172 -2.727318e-01
1164556494.826294 -1.960436e-01
1164556494.826416 -1.221626e-01
1164556494.826538 -8.050020e-02
1164556494.826660 -1.880133e-02
1164556494.826782 6.956555e-02
1164556494.826904 1.402425e-01
1164556494.827026 1.947523e-01
1164556494.827148 2.149866e-01
1164556494.827271 2.053014e-01
1164556494.827393 1.872802e-01
1164556494.827515 1.545264e-01
1164556494.827637 2.883899e-03
1164556494.827759 -1.064720e-01
1164556494.827881 -1.319609e-01
1164556494.828003 -2.070571e-01
1164556494.828125 -2.524120e-01
1164556494.828247 -2.088279e-01
1164556494.828369 -1.537955e-01
1164556494.828491 -6.861642e-02
1164556494.828613 1.323755e-02
1164556494.828735 7.801318e-02
1164556494.828857 9.798714e-02
1164556494.828979 1.294819e-01
1164556494.829102 1.831361e-01
1164556494.829224 1.941644e-01
1164556494.829346 1.859321e-01
1164556494.829468 1.861917e-01
1164556494.829590 1.023575e-01
1164556494.829712 -6.088152e-02
1164556494.829834 -1.716134e-01
1164556494.829956 -1.871258e-01
1164556494.830078 -2.155782e-01
1164556494.830200 -2.474286e-01
1164556494.830322 -2.084647e-01
1164556494.830444 -1.498062e-01
1164556494.830566 -8.045527e-02
1164556494.830688 6.910722e-02
1164556494.830811 1.763402e-01
1164556494.830933 2.268135e-01
1164556494.831055 2.813120e-01
1164556494.831177 2.899392e-01
1164556494.831299 1.621412e-01
1164556494.831421 6.180981e-02
1164556494.831543 1.021475e-02
1164556494.831665 -9.241839e-02
1164556494.831787 -1.848452e-01
1164556494.831909 -1.767333e-01
1164556494.832031 -2.027554e-01
1164556494.832153 -2.401187e-01
1164556494.832275 -1.694659e-01
1164556494.832397 -7.199924e-02
1164556494.832520 -3.857112e-02
1164556494.832642 4.698505e-02
1164556494.832764 1.745039e-01
1164556494.832886 2.083844e-01
1164556494.833008 1.880991e-01
1164556494.833130 2.074443e-01
1164556494.833252 1.731853e-01
1164556494.833374 1.265922e-01
1164556494.833496 7.533134e-02
1164556494.833618 -3.640541e-02
1164556494.833740 -1.992876e-01
1164556494.833862 -2.556728e-01
1164556494.833984 -2.394001e-01
1164556494.834106 -2.363755e-01
1164556494.834229 -1.836736e-01
1164556494.834351 -4.281995e-02
1164556494.834473 4.028498e-02
1164556494.834595 1.144253e-01
1164556494.834717 1.737237e-01
1164556494.834839 1.919775e-01
1164556494.834961 1.504607e-01
1164556494.835083 1.083092e-01
1164556494.835205 9.910918e-02
1164556494.835327 6.078280e-02
1164556494.835449 3.140097e-02
1164556494.835571 8.396374e-03
1164556494.835693 -5.097969e-02
1164556494.835815 -9.436119e-02
1164556494.835938 -1.465111e-01
1164556494.836060 -1.744858e-01
1164556494.836182 -1.968475e-01
1164556494.836304 -1.765891e-01
1164556494.836426 -1.148981e-01
1164556494.836548 -5.268027e-02
1164556494.836670 4.638067e-02
1164556494.836792 1.695349e-01
1164556494.836914 2.511351e-01
1164556494.837036 2.644646e-01
1164556494.837158 2.473966e-01
1164556494.837280 2.026221e-01
1164556494.837402 6.392210e-02
1164556494.837524 -1.088104e-02
1164556494.837646 -7.986136e-02
1164556494.837769 -2.066778e-01
1164556494.837891 -2.872117e-01
1164556494.838013 -2.770020e-01
1164556494.838135 -2.350715e-01
1164556494.838257 -1.600170e-01
1164556494.838379 -5.520238e-02
1164556494.838501 3.081820e-02
1164556494.838623 1.083338e-01
1164556494.838745 2.261980e-01
1164556494.838867 2.556171e-01
1164556494.838989 2.475013e-01
1164556494.839111 2.197354e-01
1164556494.839233 1.540707e-01
1164556494.839355 8.563412e-02
1164556494.839478 2.628326e-03
1164556494.839600 -9.930648e-02
1164556494.839722 -1.957482e-01
1164556494.839844 -2.610198e-01
1164556494.839966 -3.029981e-01
1164556494.840088 -3.268604e-01
1164556494.840210 -2.130556e-01
1164556494.840332 -6.585740e-02
1164556494.840454 9.220270e-02
1164556494.840576 2.098017e-01
1164556494.840698 2.277931e-01
1164556494.840820 2.550612e-01
1164556494.840942 2.886732e-01
1164556494.841064 2.339876e-01
1164556494.841187 1.694950e-01
1164556494.841309 8.723130e-02
1164556494.841431 -5.186377e-02
1164556494.841553 -1.964251e-01
1164556494.841675 -2.452530e-01
1164556494.841797 -3.158778e-01
1164556494.841919 -3.311890e-01
1164556494.842041 -2.029136e-01
1164556494.842163 -7.002016e-02
1164556494.842285 -1.252212e-02
1164556494.842407 6.363061e-02
1164556494.842529 1.377580e-01
1164556494.842651 1.803273e-01
1164556494.842773 2.301728e-01
1164556494.842896 2.629309e-01
1164556494.843018 2.542989e-01
1164556494.843140 2.231370e-01
1164556494.843262 1.066038e-01
1164556494.843384 -6.611122e-02
1164556494.843506 -2.205674e-01
1164556494.843628 -2.609810e-01
1164556494.843750 -2.902055e-01
1164556494.843872 -2.857602e-01
1164556494.843994 -2.093753e-01
1164556494.844116 -1.164379e-01
1164556494.844238 -4.988781e-02
1164556494.844360 3.018442e-02
1164556494.844482 1.389481e-01
1164556494.844604 2.416845e-01
1164556494.844727 2.634746e-01
1164556494.844849 2.800772e-01
1164556494.844971 2.551935e-01
1164556494.845093 1.923649e-01
1164556494.845215 9.842637e-02
1164556494.845337 -1.220416e-02
1164556494.845459 -2.001435e-01
1164556494.845581 -3.413403e-01
1164556494.845703 -3.410590e-01
1164556494.845825 -2.718332e-01
1164556494.845947 -1.984043e-01
1164556494.846069 -9.184955e-02
1164556494.846191 -2.524572e-02
1164556494.846313 -5.033964e-03
1164556494.846436 7.603457e-02
1164556494.846558 2.431185e-01
1164556494.846680 3.349609e-01
1164556494.846802 3.496259e-01
1164556494.846924 3.061100e-01
1164556494.847046 1.973707e-01
1164556494.847168 4.438032e-02
1164556494.847290 -8.742391e-02
1164556494.847412 -2.292997e-01
1164556494.847534 -3.332452e-01
1164556494.847656 -3.519672e-01
1164556494.847778 -2.814769e-01
1164556494.847900 -2.389230e-01
1164556494.848022 -1.343874e-01
1164556494.848145 2.383568e-02
1164556494.848267 1.244191e-01
1164556494.848389 1.930951e-01
1164556494.848511 3.039101e-01
1164556494.848633 3.086566e-01
1164556494.848755 2.383145e-01
1164556494.848877 1.783645e-01
1164556494.848999 8.234050e-02
1164556494.849121 -4.491565e-02
1164556494.849243 -1.037566e-01
1164556494.849365 -1.088373e-01
1164556494.849487 -1.482578e-01
1164556494.849609 -2.164206e-01
1164556494.849731 -2.305843e-01
1164556494.849854 -2.316238e-01
1164556494.849976 -1.782019e-01
1164556494.850098 -9.805406e-02
1164556494.850220 -4.013750e-04
1164556494.850342 1.159331e-01
1164556494.850464 2.154495e-01
1164556494.850586 2.624449e-01
1164556494.850708 2.860694e-01
1164556494.850830 2.712696e-01
1164556494.850952 2.429345e-01
1164556494.851074 1.262504e-01
1164556494.851196 -2.067343e-02
1164556494.851318 -1.372378e-01
1164556494.851440 -2.222955e-01
1164556494.851562 -2.954225e-01
1164556494.851685 -3.308887e-01
1164556494.851807 -3.398946e-01
1164556494.851929 -2.837243e-01
1164556494.852051 -1.639989e-01
1164556494.852173 1.646407e-02
1164556494.852295 1.772925e-01
1164556494.852417 3.234417e-01
1164556494.852539 4.223388e-01
1164556494.852661 4.351117e-01
1164556494.852783 3.801498e-01
1164556494.852905 2.350560e-01
1164556494.853027 -1.837966e-03
1164556494.853149 -1.715625e-01
1164556494.853271 -2.756877e-01
1164556494.853394 -3.483766e-01
1164556494.853516 -3.683928e-01
1164556494.853638 -2.950581e-01
1164556494.853760 -2.219304e-01
1164556494.853882 -1.474919e-01
1164556494.854004 -2.686360e-02
1164556494.854126 8.171627e-02
1164556494.854248 1.763155e-01
1164556494.854370 2.903687e-01
1164556494.854492 3.254181e-01
1164556494.854614 3.294267e-01
1164556494.854736 2.915429e-01
1164556494.854858 1.787820e-01
1164556494.854980 1.160788e-03
1164556494.855103 -8.222751e-02
1164556494.855225 -1.139209e-01
1164556494.855347 -2.543157e-01
1164556494.855469 -3.753409e-01
1164556494.855591 -3.480615e-01
1164556494.855713 -2.792638e-01
1164556494.855835 -2.123315e-01
1164556494.855957 -1.092721e-01
1164556494.856079 5.926354e-02
1164556494.856201 1.913888e-01
1164556494.856323 3.320838e-01
1164556494.856445 3.876991e-01
1164556494.856567 3.488978e-01
1164556494.856689 3.006806e-01
1164556494.856812 2.075166e-01
1164556494.856934 4.767282e-02
1164556494.857056 -8.244729e-02
1164556494.857178 -1.914668e-01
1164556494.857300 -3.028489e-01
1164556494.857422 -3.802852e-01
1164556494.857544 -3.352618e-01
1164556494.857666 -2.814201e-01
1164556494.857788 -2.090554e-01
1164556494.857910 -7.024233e-02
1164556494.858032 6.820778e-02
1164556494.858154 1.326558e-01
1164556494.858276 2.461655e-01
1164556494.858398 3.731871e-01
1164556494.858521 4.224623e-01
1164556494.858643 3.398088e-01
1164556494.858765 2.275218e-01
1164556494.858887 1.220930e-01
1164556494.859009 1.566635e-04
1164556494.859131 -1.477741e-01
1164556494.859253 -3.378047e-01
1164556494.859375 -4.800893e-01
1164556494.859497 -4.499705e-01
1164556494.859619 -3.756691e-01
1164556494.859741 -2.755953e-01
1164556494.859863 -9.863015e-02
1164556494.859985 1.467166e-01
1164556494.860107 2.816082e-01
1164556494.860229 3.332264e-01
1164556494.860352 3.806887e-01
1164556494.860474 3.793752e-01
1164556494.860596 3.316122e-01
1164556494.860718 2.491064e-01
1164556494.860840 1.197554e-01
1164556494.860962 2.059258e-02
1164556494.861084 -1.282814e-01
1164556494.861206 -3.334717e-01
1164556494.861328 -5.071412e-01
1164556494.861450 -5.165109e-01
1164556494.861572 -4.673947e-01
1164556494.861694 -3.351642e-01
1164556494.861816 -1.626664e-01
1164556494.861938 4.732531e-02
1164556494.862061 3.172048e-01
1164556494.862183 4.984511e-01
1164556494.862305 5.613786e-01
1164556494.862427 5.824610e-01
1164556494.862549 4.844159e-01
1164556494.862671 2.611676e-01
1164556494.862793 -5.667695e-03
1164556494.862915 -1.954218e-01
1164556494.863037 -4.002440e-01
1164556494.863159 -5.276761e-01
1164556494.863281 -5.347433e-01
1164556494.863403 -4.884943e-01
1164556494.863525 -3.743343e-01
1164556494.863647 -1.616186e-01
1164556494.863770 2.782511e-02
1164556494.863892 2.336902e-01
1164556494.864014 4.349142e-01
1164556494.864136 4.875796e-01
1164556494.864258 3.865958e-01
1164556494.864380 3.530977e-01
1164556494.864502 3.150183e-01
1164556494.864624 1.954185e-01
1164556494.864746 1.954106e-02
1164556494.864868 -1.402474e-01
1164556494.864990 -2.919660e-01
1164556494.865112 -4.030338e-01
1164556494.865234 -4.731071e-01
1164556494.865356 -4.608495e-01
1164556494.865479 -3.983175e-01
1164556494.865601 -2.130293e-01
1164556494.865723 6.192619e-03
1164556494.865845 1.226815e-01
1164556494.865967 3.028121e-01
1164556494.866089 4.993550e-01
1164556494.866211 5.148806e-01
1164556494.866333 4.639869e-01
1164556494.866455 3.534186e-01
1164556494.866577 1.886836e-01
1164556494.866699 -1.088087e-02
1164556494.866821 -1.507408e-01
1164556494.866943 -3.243069e-01
1164556494.867065 -4.907688e-01
1164556494.867188 -4.679010e-01
1164556494.867310 -4.017782e-01
1164556494.867432 -3.834937e-01
1164556494.867554 -2.186809e-01
1164556494.867676 4.489196e-03
1164556494.867798 1.719273e-01
1164556494.867920 2.843068e-01
1164556494.868042 4.194633e-01
1164556494.868164 4.408327e-01
1164556494.868286 4.458203e-01
1164556494.868408 4.330255e-01
1164556494.868530 2.646367e-01
1164556494.868652 5.800072e-02
1164556494.868774 -1.012247e-01
1164556494.868896 -2.820760e-01
1164556494.869019 -4.759581e-01
1164556494.869141 -6.012221e-01
1164556494.869263 -5.283594e-01
1164556494.869385 -4.017693e-01
1164556494.869507 -2.578019e-01
1164556494.869629 -5.475756e-02
1164556494.869751 1.820127e-01
1164556494.869873 3.697922e-01
1164556494.869995 5.115376e-01
1164556494.870117 5.449074e-01
1164556494.870239 4.731239e-01
1164556494.870361 3.676455e-01
1164556494.870483 2.718407e-01
1164556494.870605 5.732417e-02
1164556494.870728 -1.669532e-01
1164556494.870850 -3.255957e-01
1164556494.870972 -4.326811e-01
1164556494.871094 -5.403656e-01
1164556494.871216 -5.581825e-01
1164556494.871338 -4.677911e-01
1164556494.871460 -2.948582e-01
1164556494.871582 -7.429880e-02
1164556494.871704 1.796082e-01
1164556494.871826 3.585859e-01
1164556494.871948 4.896801e-01
1164556494.872070 5.702968e-01
1164556494.872192 5.544430e-01
1164556494.872314 4.265909e-01
1164556494.872437 3.081168e-01
1164556494.872559 1.567275e-01
1164556494.872681 -8.008872e-02
1164556494.872803 -3.740165e-01
1164556494.872925 -5.690118e-01
1164556494.873047 -6.754966e-01
1164556494.873169 -6.671899e-01
1164556494.873291 -5.077544e-01
1164556494.873413 -2.683684e-01
1164556494.873535 -3.230412e-02
1164556494.873657 1.981190e-01
1164556494.873779 3.899181e-01
1164556494.873901 5.398482e-01
1164556494.874023 6.055201e-01
1164556494.874146 6.373772e-01
1164556494.874268 5.297928e-01
1164556494.874390 3.375157e-01
1164556494.874512 8.547177e-02
1164556494.874634 -1.395569e-01
1164556494.874756 -4.242200e-01
1164556494.874878 -6.728538e-01
1164556494.875000 -7.254954e-01
1164556494.875122 -6.447763e-01
1164556494.875244 -5.048302e-01
1164556494.875366 -2.469647e-01
1164556494.875488 3.992698e-03
1164556494.875610 2.067234e-01
1164556494.875732 3.732007e-01
1164556494.875854 5.576410e-01
1164556494.875977 5.865812e-01
1164556494.876099 5.637282e-01
1164556494.876221 5.734113e-01
1164556494.876343 4.576267e-01
1164556494.876465 1.751637e-01
1164556494.876587 -9.413875e-02
1164556494.876709 -3.718463e-01
1164556494.876831 -6.417392e-01
1164556494.876953 -8.003789e-01
1164556494.877075 -7.937875e-01
1164556494.877197 -6.557494e-01
1164556494.877319 -3.915677e-01
1164556494.877441 -1.091911e-01
1164556494.877563 1.901400e-01
1164556494.877686 4.219506e-01
1164556494.877808 6.674802e-01
1164556494.877930 8.219078e-01
1164556494.878052 7.974513e-01
1164556494.878174 6.233912e-01
1164556494.878296 4.471161e-01
1164556494.878418 2.195039e-01
1164556494.878540 -1.308996e-01
1164556494.878662 -4.698765e-01
1164556494.878784 -6.953112e-01
1164556494.878906 -9.232492e-01
1164556494.879028 -9.477953e-01
1164556494.879150 -8.008850e-01
1164556494.879272 -5.507390e-01
1164556494.879395 -1.913037e-01
1164556494.879517 2.727491e-01
1164556494.879639 6.461953e-01
1164556494.879761 8.768674e-01
1164556494.879883 1.005352e+00
1164556494.880005 1.003570e+00
1164556494.880127 7.666386e-01
1164556494.880249 4.435390e-01
1164556494.880371 7.613800e-02
1164556494.880493 -3.084746e-01
1164556494.880615 -7.023623e-01
1164556494.880737 -9.164478e-01
1164556494.880859 -1.007713e+00
1164556494.880981 -9.868603e-01
1164556494.881104 -7.993782e-01
1164556494.881226 -4.138442e-01
1164556494.881348 -1.697671e-02
1164556494.881470 3.657448e-01
1164556494.881592 6.791246e-01
1164556494.881714 9.012756e-01
1164556494.881836 9.855246e-01
1164556494.881958 1.005916e+00
1164556494.882080 7.813007e-01
1164556494.882202 4.331344e-01
1164556494.882324 1.335122e-01
1164556494.882446 -1.872477e-01
1164556494.882568 -6.365935e-01
1164556494.882690 -1.013954e+00
1164556494.882812 -1.197134e+00
1164556494.882935 -1.136775e+00
1164556494.883057 -9.007046e-01
1164556494.883179 -5.112807e-01
1164556494.883301 -8.553584e-02
1164556494.883423 3.732577e-01
1164556494.883545 7.364031e-01
1164556494.883667 9.687005e-01
1164556494.883789 1.120550e+00
1164556494.883911 1.219027e+00
1164556494.884033 1.023776e+00
1164556494.884155 6.708384e-01
1164556494.884277 1.856093e-01
1164556494.884399 -3.276424e-01
1164556494.884521 -8.178253e-01
1164556494.884644 -1.137334e+00
1164556494.884766 -1.350344e+00
1164556494.884888 -1.346094e+00
1164556494.885010 -1.111784e+00
1164556494.885132 -6.801630e-01
1164556494.885254 -2.298476e-01
1164556494.885376 3.722776e-01
1164556494.885498 9.039524e-01
1164556494.885620 1.337242e+00
1164556494.885742 1.503906e+00
1164556494.885864 1.528511e+00
1164556494.885986 1.029691e+00
1164556494.886108 4.377593e-01
1164556494.886230 -2.928074e-01
1164556494.886353 -1.766597e-01
1164556494.886475 3.560208e-01
1164556494.886597 -7.363113e-01
1164556494.886719 -1.594953e+00
1164556494.886841 -2.157057e+00
1164556494.886963 -2.108301e+00
1164556494.887085 -1.650876e+00
1164556494.887207 -8.586059e-01
1164556494.887329 1.522991e-01
1164556494.887451 1.222007e+00
1164556494.887573 1.985508e+00
1164556494.887695 2.436886e+00
1164556494.887817 2.628298e+00
1164556494.887939 2.375495e+00
1164556494.888062 1.583092e+00
1164556494.888184 5.952830e-01
1164556494.888306 -5.451020e-01
1164556494.888428 -1.700931e+00
1164556494.888550 -2.668304e+00
1164556494.888672 -3.292553e+00
1164556494.888794 -3.384449e+00
1164556494.888916 -2.923069e+00
1164556494.889038 -1.878671e+00
1164556494.889160 -4.155921e-01
1164556494.889282 1.390532e+00
1164556494.889404 3.376204e+00
1164556494.889526 4.925740e+00
1164556494.889648 5.120885e+00
1164556494.889771 3.737610e+00
1164556494.889893 1.770755e+00
1164556494.890015 -2.437138e-01
1164556494.890137 -2.021591e+00
1164556494.890259 -3.316082e+00
1164556494.890381 -4.100960e+00
1164556494.890503 -4.214734e+00
1164556494.890625 -3.649722e+00
1164556494.890747 -2.574874e+00
1164556494.890869 -1.039713e+00
1164556494.890991 6.846596e-01
1164556494.891113 2.298362e+00
1164556494.891235 3.574961e+00
1164556494.891357 4.280789e+00
1164556494.891479 4.258223e+00
1164556494.891602 3.472340e+00
1164556494.891724 2.208533e+00
1164556494.891846 5.399599e-01
1164556494.891968 -1.252719e+00
1164556494.892090 -2.804670e+00
1164556494.892212 -4.030085e+00
1164556494.892334 -4.632062e+00
1164556494.892456 -4.379831e+00
1164556494.892578 -3.436743e+00
1164556494.892700 -1.903986e+00
1164556494.892822 3.964724e-02
1164556494.892944 2.058503e+00
1164556494.893066 3.659240e+00
1164556494.893188 4.728003e+00
1164556494.893311 5.036633e+00
1164556494.893433 4.395762e+00
1164556494.893555 3.018796e+00
1164556494.893677 1.142996e+00
1164556494.893799 -9.928738e-01
1164556494.893921 -2.950661e+00
1164556494.894043 -4.375890e+00
1164556494.894165 -5.083332e+00
1164556494.894287 -5.020279e+00
1164556494.894409 -4.093635e+00
1164556494.894531 -2.492995e+00
1164556494.894653 -4.438552e-01
1164556494.894775 1.718773e+00
1164556494.894897 3.602360e+00
1164556494.895020 4.885504e+00
1164556494.895142 5.401675e+00
1164556494.895264 5.072520e+00
1164556494.895386 3.953220e+00
1164556494.895508 2.105503e+00
1164556494.895630 -1.094040e-01
1164556494.895752 -2.362803e+00
1164556494.895874 -4.396581e+00
1164556494.895996 -5.761669e+00
1164556494.896118 -6.081304e+00
1164556494.896240 -5.418282e+00
1164556494.896362 -3.868600e+00
1164556494.896484 -1.578898e+00
1164556494.896606 1.060035e+00
1164556494.896729 3.593027e+00
1164556494.896851 5.742669e+00
1164556494.896973 6.988186e+00
1164556494.897095 6.976327e+00
1164556494.897217 5.740467e+00
1164556494.897339 3.428201e+00
1164556494.897461 3.005566e-01
1164556494.897583 -2.971273e+00
1164556494.897705 -5.806413e+00
1164556494.897827 -7.720277e+00
1164556494.897949 -8.328217e+00
1164556494.898071 -7.336905e+00
1164556494.898193 -4.988061e+00
1164556494.898315 -1.610686e+00
1164556494.898438 2.244248e+00
1164556494.898560 5.811667e+00
1164556494.898682 8.365135e+00
1164556494.898804 9.431970e+00
1164556494.898926 8.698433e+00
1164556494.899048 6.252060e+00
1164556494.899170 2.521806e+00
1164556494.899292 -1.726249e+00
1164556494.899414 -5.753105e+00
1164556494.899536 -8.747683e+00
1164556494.899658 -1.010068e+01
1164556494.899780 -9.563584e+00
1164556494.899902 -7.181198e+00
1164556494.900024 -3.297540e+00
1164556494.900146 1.270627e+00
1164556494.900269 5.668253e+00
1164556494.900391 9.045554e+00
1164556494.900513 1.073311e+01
1164556494.900635 1.024544e+01
1164556494.900757 7.698972e+00
1164556494.900879 3.579661e+00
1164556494.901001 -1.302719e+00
1164556494.901123 -5.978224e+00
1164556494.901245 -9.476082e+00
1164556494.901367 -1.116174e+01
1164556494.901489 -1.053238e+01
1164556494.901611 -7.655441e+00
1164556494.901733 -3.083382e+00
1164556494.901855 2.131569e+00
1164556494.901978 6.947950e+00
1164556494.902100 1.031581e+01
1164556494.902222 1.149236e+01
1164556494.902344 1.008022e+01
1164556494.902466 6.353317e+00
1164556494.902588 1.094317e+00
1164556494.902710 -4.409339e+00
1164556494.902832 -8.912718e+00
1164556494.902954 -1.122196e+01
1164556494.903076 -1.076064e+01
1164556494.903198 -7.552834e+00
1164556494.903320 -2.492370e+00
1164556494.903442 3.143794e+00
1164556494.903564 7.830291e+00
1164556494.903687 1.039540e+01
1164556494.903809 1.003075e+01
1164556494.903931 6.890506e+00
1164556494.904053 1.795322e+00
1164556494.904175 -3.714285e+00
1164556494.904297 -8.033152e+00
1164556494.904419 -9.835939e+00
1164556494.904541 -8.575327e+00
1164556494.904663 -4.520671e+00
1164556494.904785 9.960674e-01
1164556494.904907 6.258958e+00
1164556494.905029 9.448387e+00
1164556494.905151 9.501276e+00
1164556494.905273 6.171229e+00
1164556494.905396 6.016498e-01
1164556494.905518 -5.485423e+00
1164556494.905640 -9.881391e+00
1164556494.905762 -1.089202e+01
1164556494.905884 -7.905999e+00
1164556494.906006 -1.878691e+00
1164556494.906128 5.266902e+00
1164556494.906250 1.069119e+01
1164556494.906372 1.220457e+01
1164556494.906494 8.860628e+00
1164556494.906616 1.857897e+00
1164556494.906738 -6.214602e+00
1164556494.906860 -1.162656e+01
1164556494.906982 -1.180248e+01
1164556494.907104 -6.141570e+00
1164556494.907227 2.655045e+00
1164556494.907349 1.005975e+01
1164556494.907471 1.132511e+01
1164556494.907593 5.021064e+00
1164556494.907715 -5.488286e+00
1164556494.907837 -1.212245e+01
1164556494.907959 -8.288632e+00
1164556494.908081 4.579211e+00
1164556494.908203 1.230313e+01
1164556494.908325 4.371039e+00
1164556494.908447 -6.751835e+00
1164556494.908569 -1.410887e+00
1164556494.908691 2.260271e+00
1164556494.908813 -6.395379e-01
1164556494.908936 3.213592e-01
1164556494.909058 -4.543060e+00
1164556494.909180 2.771772e+00
1164556494.909302 4.601981e+00
1164556494.909424 -6.305610e+00
1164556494.909546 -6.624964e+00
1164556494.909668 4.432650e+00
1164556494.909790 6.139477e+00
1164556494.909912 -4.014240e+00
1164556494.910034 -5.009439e-01
1164556494.910156 3.961758e+00
1164556494.910278 -1.967788e+00
1164556494.910400 2.079088e+00
1164556494.910522 2.268792e+00
1164556494.910645 -3.702474e+00
1164556494.910767 -7.067069e-01
1164556494.910889 3.307814e+00
1164556494.911011 -1.972379e+00
1164556494.911133 -3.994808e+00
1164556494.911255 2.597397e+00
1164556494.911377 -1.019957e+00
1164556494.911499 -2.609722e+00
1164556494.911621 3.258490e+00
1164556494.911743 3.607489e-01
1164556494.911865 -2.555655e+00
1164556494.911987 1.666045e+00
1164556494.912109 3.584662e+00
1164556494.912231 -1.357802e+00
1164556494.912354 -1.070307e+00
1164556494.912476 2.847199e+00
1164556494.912598 -6.669153e-01
1164556494.912720 -2.711967e+00
1164556494.912842 1.419091e+00
1164556494.912964 9.885446e-01
1164556494.913086 -3.007767e+00
1164556494.913208 -9.614583e-01
1164556494.913330 1.982471e+00
1164556494.913452 -1.646517e+00
1164556494.913574 -1.375451e+00
1164556494.913696 2.599549e+00
1164556494.913818 4.777491e-01
1164556494.913940 -1.431334e+00
1164556494.914062 1.582055e+00
1164556494.914185 1.931327e+00
1164556494.914307 -1.118641e+00
1164556494.914429 -3.766214e-02
1164556494.914551 1.571845e+00
1164556494.914673 -1.234968e+00
1164556494.914795 -1.656980e+00
1164556494.914917 7.237349e-01
1164556494.915039 -4.781738e-02
1164556494.915161 -1.725474e+00
1164556494.915283 -7.010989e-02
1164556494.915405 9.401015e-01
1164556494.915527 -7.797189e-01
1164556494.915649 -3.924100e-01
1164556494.915771 1.463500e+00
1164556494.915894 5.568053e-01
1164556494.916016 -6.080971e-01
1164556494.916138 8.113225e-01
1164556494.916260 1.172508e+00
1164556494.916382 -7.130976e-01
1164556494.916504 -3.131653e-01
1164556494.916626 9.711933e-01
1164556494.916748 -6.959320e-01
1164556494.916870 -1.265824e+00
1164556494.916992 5.739522e-01
1164556494.917114 -2.014897e-01
1164556494.917236 -1.623454e+00
1164556494.917358 2.366024e-01
1164556494.917480 9.412224e-01
1164556494.917603 -9.582007e-01
1164556494.917725 -3.783011e-02
1164556494.917847 1.732051e+00
1164556494.917969 -4.211651e-02
1164556494.918091 -5.587070e-01
1164556494.918213 1.496226e+00
1164556494.918335 5.862064e-01
1164556494.918457 -1.174491e+00
1164556494.918579 3.007426e-01
1164556494.918701 5.677716e-01
1164556494.918823 -1.505453e+00
1164556494.918945 -7.007369e-01
1164556494.919067 7.804771e-01
1164556494.919189 -7.782901e-01
1164556494.919312 -9.064401e-01
1164556494.919434 9.749196e-01
1164556494.919556 1.986309e-01
1164556494.919678 -8.653879e-01
1164556494.919800 8.687981e-01
1164556494.919922 1.102548e+00
1164556494.920044 -6.083486e-01
1164556494.920166 1.592930e-01
1164556494.920288 1.173646e+00
1164556494.920410 -4.798918e-01
1164556494.920532 -7.069989e-01
1164556494.920654 7.766085e-01
1164556494.920776 -6.728176e-02
1164556494.920898 -1.146432e+00
1164556494.921021 2.602926e-01
1164556494.921143 3.422025e-01
1164556494.921265 -1.059250e+00
1164556494.921387 -2.484778e-01
1164556494.921509 5.960454e-01
1164556494.921631 -8.741620e-01
1164556494.921753 -7.388204e-01
1164556494.921875 7.795966e-01
1164556494.921997 3.936640e-01
1164556494.922119 1.191555e-01
1164556494.922241 2.194904e+00
1164556494.922363 1.892212e+00
1164556494.922485 -5.225773e-01
1164556494.922607 -9.185007e-01
1164556494.922729 -1.134854e+00
1164556494.922852 -9.864482e-01
1164556494.922974 -9.007595e-01
1164556494.923096 -6.008121e-01
1164556494.923218 -2.600193e-01
1164556494.923340 8.070767e-02
1164556494.923462 2.778193e-01
1164556494.923584 5.525467e-01
1164556494.923706 6.169811e-01
1164556494.923828 6.041826e-01
1164556494.923950 5.698570e-01
1164556494.924072 5.115823e-01
1164556494.924194 2.728028e-01
1164556494.924316 5.901589e-02
1164556494.924438 -2.074505e-01
1164556494.924561 -4.615961e-01
1164556494.924683 -6.232878e-01
1164556494.924805 -6.221485e-01
1164556494.924927 -5.928816e-01
1164556494.925049 -4.245774e-01
1164556494.925171 -2.100731e-01
1164556494.925293 3.616496e-02
1164556494.925415 2.548334e-01
1164556494.925537 4.212116e-01
1164556494.925659 5.208133e-01
1164556494.925781 5.835276e-01
1164556494.925903 5.159538e-01
1164556494.926025 4.185401e-01
1164556494.926147 1.822963e-01
1164556494.926270 -6.938628e-02
1164556494.926392 -2.483034e-01
1164556494.926514 -3.779202e-01
1164556494.926636 -5.080987e-01
1164556494.926758 -5.527103e-01
1164556494.926880 -4.745517e-01
1164556494.927002 -3.621874e-01
1164556494.927124 -2.016698e-01
1164556494.927246 8.450199e-02
1164556494.927368 2.490584e-01
1164556494.927490 3.910909e-01
1164556494.927612 5.082046e-01
1164556494.927734 5.303850e-01
1164556494.927856 4.171849e-01
1164556494.927979 3.008293e-01
1164556494.928101 1.312600e-01
1164556494.928223 -9.826175e-02
1164556494.928345 -2.424203e-01
1164556494.928467 -3.403348e-01
1164556494.928589 -4.763376e-01
1164556494.928711 -4.363338e-01
1164556494.928833 -3.432877e-01
1164556494.928955 -2.337868e-01
1164556494.929077 -1.288185e-01
1164556494.929199 -6.074563e-03
1164556494.929321 1.491610e-01
1164556494.929443 2.768331e-01
1164556494.929565 4.099699e-01
1164556494.929688 4.483892e-01
1164556494.929810 3.814805e-01
1164556494.929932 3.598339e-01
1164556494.930054 1.911691e-01
1164556494.930176 -3.797602e-02
1164556494.930298 -1.873751e-01
1164556494.930420 -2.619084e-01
1164556494.930542 -3.713494e-01
1164556494.930664 -5.061343e-01
1164556494.930786 -4.905531e-01
1164556494.930908 -3.576055e-01
1164556494.931030 -1.750992e-01
1164556494.931152 5.005333e-02
1164556494.931274 2.248676e-01
1164556494.931396 4.050332e-01
1164556494.931519 5.034661e-01
1164556494.931641 4.861498e-01
1164556494.931763 3.238153e-01
1164556494.931885 1.929259e-01
1164556494.932007 9.470679e-02
1164556494.932129 -5.606192e-02
1164556494.932251 -1.497565e-01
1164556494.932373 -2.596145e-01
1164556494.932495 -4.168441e-01
1164556494.932617 -4.870737e-01
1164556494.932739 -4.378258e-01
1164556494.932861 -2.758628e-01
1164556494.932983 -8.737298e-02
1164556494.933105 1.279220e-01
1164556494.933228 2.525510e-01
1164556494.933350 3.197380e-01
1164556494.933472 3.736947e-01
1164556494.933594 3.845006e-01
1164556494.933716 3.373834e-01
1164556494.933838 2.749586e-01
1164556494.933960 1.339388e-01
1164556494.934082 -1.017440e-01
1164556494.934204 -2.548249e-01
1164556494.934326 -3.243395e-01
1164556494.934448 -4.121236e-01
1164556494.934570 -4.038116e-01
1164556494.934692 -3.203397e-01
1164556494.934814 -1.714359e-01
1164556494.934937 -7.713869e-04
1164556494.935059 1.354658e-01
1164556494.935181 1.688992e-01
1164556494.935303 2.216100e-01
1164556494.935425 3.394775e-01
1164556494.935547 3.460305e-01
1164556494.935669 2.303682e-01
1164556494.935791 2.137371e-01
1164556494.935913 1.686989e-01
1164556494.936035 5.034375e-03
1164556494.936157 -1.765813e-01
1164556494.936279 -2.877036e-01
1164556494.936401 -3.961350e-01
1164556494.936523 -4.180319e-01
1164556494.936646 -3.323602e-01
1164556494.936768 -2.347818e-01
1164556494.936890 -7.345476e-02
1164556494.937012 1.813020e-01
1164556494.937134 2.897667e-01
1164556494.937256 2.903408e-01
1164556494.937378 3.376663e-01
1164556494.937500 3.100305e-01
1164556494.937622 1.797741e-01
1164556494.937744 1.115394e-01
1164556494.937866 3.484066e-02
1164556494.937988 -1.017730e-01
1164556494.938110 -1.637268e-01
1164556494.938232 -1.582852e-01
1164556494.938354 -2.260164e-01
1164556494.938477 -2.941491e-01
1164556494.938599 -2.830579e-01
1164556494.938721 -2.067762e-01
1164556494.938843 -9.306235e-02
1164556494.938965 8.216241e-02
1164556494.939087 2.106675e-01
1164556494.939209 2.301790e-01
1164556494.939331 2.497801e-01
1164556494.939453 2.622795e-01
1164556494.939575 1.784549e-01
1164556494.939697 8.792460e-02
1164556494.939819 5.977854e-02
1164556494.939941 5.197744e-02
1164556494.940063 -4.046466e-02
1164556494.940186 -1.335123e-01
1164556494.940308 -2.091932e-01
1164556494.940430 -2.984880e-01
1164556494.940552 -2.893703e-01
1164556494.940674 -2.540329e-01
1164556494.940796 -1.857462e-01
1164556494.940918 -1.350164e-02
1164556494.941040 1.413929e-01
1164556494.941162 2.322719e-01
1164556494.941284 2.546504e-01
1164556494.941406 2.863664e-01
1164556494.941528 2.826726e-01
1164556494.941650 2.308348e-01
1164556494.941772 1.362501e-01
1164556494.941895 5.886654e-03
1164556494.942017 -7.520956e-02
1164556494.942139 -1.605898e-01
1164556494.942261 -3.061159e-01
1164556494.942383 -3.705854e-01
1164556494.942505 -3.374157e-01
1164556494.942627 -2.572335e-01
1164556494.942749 -1.189711e-01
1164556494.942871 5.908322e-02
1164556494.942993 1.456977e-01
1164556494.943115 2.227165e-01
1164556494.943237 2.952451e-01
1164556494.943359 2.938862e-01
1164556494.943481 2.761500e-01
1164556494.943604 2.600338e-01
1164556494.943726 1.879876e-01
1164556494.943848 1.401211e-02
1164556494.943970 -1.579081e-01
1164556494.944092 -3.018480e-01
1164556494.944214 -3.863151e-01
1164556494.944336 -3.853887e-01
1164556494.944458 -3.174682e-01
1164556494.944580 -1.758569e-01
1164556494.944702 -3.405721e-02
1164556494.944824 1.147320e-01
1164556494.944946 2.414140e-01
1164556494.945068 2.935482e-01
1164556494.945190 2.964772e-01
1164556494.945312 2.797327e-01
1164556494.945435 2.066817e-01
1164556494.945557 6.577087e-02
1164556494.945679 -1.465744e-02
1164556494.945801 -5.533471e-02
1164556494.945923 -1.547633e-01
1164556494.946045 -2.045026e-01
1164556494.946167 -1.932072e-01
1164556494.946289 -1.818662e-01
1164556494.946411 -1.823280e-01
1164556494.946533 -1.512608e-01
1164556494.946655 -9.567707e-02
1164556494.946777 -2.456525e-02
1164556494.946899 8.431622e-02
1164556494.947021 1.723577e-01
1164556494.947144 2.039433e-01
1164556494.947266 2.426138e-01
1164556494.947388 2.823679e-01
1164556494.947510 2.424147e-01
1164556494.947632 1.071793e-01
1164556494.947754 1.847314e-03
1164556494.947876 -7.911045e-02
1164556494.947998 -2.196919e-01
1164556494.948120 -3.260350e-01
1164556494.948242 -3.442698e-01
1164556494.948364 -2.807289e-01
1164556494.948486 -1.509430e-01
1164556494.948608 -1.772061e-02
1164556494.948730 7.714640e-02
1164556494.948853 1.464036e-01
1164556494.948975 2.311049e-01
1164556494.949097 2.677736e-01
1164556494.949219 2.065637e-01
1164556494.949341 1.391606e-01
1164556494.949463 1.418349e-01
1164556494.949585 8.815039e-02
1164556494.949707 -2.429911e-02
1164556494.949829 -1.053012e-01
1164556494.949951 -1.309613e-01
1164556494.950073 -1.763427e-01
1164556494.950195 -2.330903e-01
1164556494.950317 -2.362785e-01
1164556494.950439 -2.229161e-01
1164556494.950562 -1.467868e-01
1164556494.950684 -2.356264e-04
1164556494.950806 9.968393e-02
1164556494.950928 1.581186e-01
1164556494.951050 2.472937e-01
1164556494.951172 3.122410e-01
1164556494.951294 2.596331e-01
1164556494.951416 2.066641e-01
1164556494.951538 1.558810e-01
1164556494.951660 2.076226e-02
1164556494.951782 -1.231649e-01
1164556494.951904 -2.907291e-01
1164556494.952026 -3.634575e-01
1164556494.952148 -2.982524e-01
1164556494.952271 -2.303726e-01
1164556494.952393 -1.146042e-01
1164556494.952515 -4.018445e-02
1164556494.952637 3.617419e-02
1164556494.952759 1.537941e-01
1164556494.952881 2.319923e-01
1164556494.953003 2.317833e-01
1164556494.953125 2.155410e-01
1164556494.953247 2.566503e-01
1164556494.953369 2.016032e-01
1164556494.953491 4.503303e-02
1164556494.953613 -4.671001e-02
1164556494.953735 -1.254030e-01
1164556494.953857 -2.196195e-01
1164556494.953979 -2.895247e-01
1164556494.954102 -3.066350e-01
1164556494.954224 -2.874138e-01
1164556494.954346 -1.536977e-01
1164556494.954468 5.991521e-02
1164556494.954590 1.420345e-01
1164556494.954712 1.924671e-01
1164556494.954834 2.678133e-01
1164556494.954956 2.374011e-01
1164556494.955078 1.411112e-01
1164556494.955200 1.093822e-01
1164556494.955322 8.813171e-02
1164556494.955444 -2.514076e-02
1164556494.955566 -1.189372e-01
1164556494.955688 -8.443032e-02
1164556494.955811 -9.378053e-02
1164556494.955933 -1.834092e-01
1164556494.956055 -1.516896e-01
1164556494.956177 -1.043954e-01
1164556494.956299 -9.765941e-02
1164556494.956421 -2.679448e-02
1164556494.956543 4.713463e-03
1164556494.956665 -2.847068e-02
1164556494.956787 4.504872e-02
1164556494.956909 1.825573e-01
1164556494.957031 1.831443e-01
1164556494.957153 1.878521e-01
1164556494.957275 2.503977e-01
1164556494.957397 1.557295e-01
1164556494.957520 -1.118614e-02
1164556494.957642 -6.849162e-02
1164556494.957764 -1.077799e-01
1164556494.957886 -2.080659e-01
1164556494.958008 -2.880445e-01
1164556494.958130 -2.856191e-01
1164556494.958252 -2.172310e-01
1164556494.958374 -6.470825e-02
1164556494.958496 4.666181e-02
1164556494.958618 1.066599e-01
1164556494.958740 1.926132e-01
1164556494.958862 2.708508e-01
1164556494.958984 2.801088e-01
1164556494.959106 1.798929e-01
1164556494.959229 1.076322e-01
1164556494.959351 5.438863e-02
1164556494.959473 -5.208147e-02
1164556494.959595 -1.673940e-01
1164556494.959717 -1.944026e-01
1164556494.959839 -1.518059e-01
1164556494.959961 -1.753972e-01
1164556494.960083 -1.567172e-01
1164556494.960205 -8.512976e-02
1164556494.960327 -5.623229e-02
1164556494.960449 -6.045987e-03
1164556494.960571 5.308010e-02
1164556494.960693 1.035043e-01
1164556494.960815 1.538239e-01
1164556494.960938 2.204727e-01
1164556494.961060 2.389262e-01
1164556494.961182 1.502496e-01
1164556494.961304 5.321402e-02
1164556494.961426 -2.242868e-02
1164556494.961548 -8.689674e-02
1164556494.961670 -1.207350e-01
1164556494.961792 -1.364052e-01
1164556494.961914 -1.783107e-01
1164556494.962036 -1.816339e-01
1164556494.962158 -1.277432e-01
1164556494.962280 -1.151691e-01
1164556494.962402 -1.288867e-01
1164556494.962524 -1.178695e-02
1164556494.962646 1.674055e-01
1164556494.962769 2.254852e-01
1164556494.962891 2.338534e-01
1164556494.963013 2.561622e-01
1164556494.963135 2.269892e-01
1164556494.963257 1.298761e-01
1164556494.963379 1.553089e-02
1164556494.963501 -1.004423e-01
1164556494.963623 -2.037865e-01
1164556494.963745 -2.249100e-01
1164556494.963867 -2.386879e-01
1164556494.963989 -2.412913e-01
1164556494.964111 -1.483762e-01
1164556494.964233 -7.771343e-02
1164556494.964355 -4.214306e-02
1164556494.964478 6.364866e-02
1164556494.964600 1.984787e-01
1164556494.964722 2.235254e-01
1164556494.964844 2.042363e-01
1164556494.964966 2.541130e-01
1164556494.965088 2.210108e-01
1164556494.965210 1.163795e-01
1164556494.965332 2.946070e-02
1164556494.965454 -8.793015e-02
1164556494.965576 -2.231025e-01
1164556494.965698 -2.887733e-01
1164556494.965820 -2.695124e-01
1164556494.965942 -2.640280e-01
1164556494.966064 -1.886735e-01
1164556494.966187 -5.081651e-02
1164556494.966309 2.522236e-02
1164556494.966431 1.294272e-01
1164556494.966553 2.371896e-01
1164556494.966675 2.601078e-01
1164556494.966797 2.813626e-01
1164556494.966919 2.635172e-01
1164556494.967041 1.415519e-01
1164556494.967163 -1.644138e-02
1164556494.967285 -1.024854e-01
1164556494.967407 -1.407611e-01
1164556494.967529 -1.923507e-01
1164556494.967651 -2.078123e-01
1164556494.967773 -2.084269e-01
1164556494.967896 -1.974315e-01
1164556494.968018 -1.407122e-01
1164556494.968140 -6.520842e-02
1164556494.968262 3.027486e-02
1164556494.968384 1.523293e-01
1164556494.968506 2.271081e-01
1164556494.968628 2.522709e-01
1164556494.968750 2.346706e-01
1164556494.968872 1.837150e-01
1164556494.968994 9.958328e-02
1164556494.969116 -3.753879e-02
1164556494.969238 -1.161634e-01
1164556494.969360 -1.108595e-01
1164556494.969482 -1.078390e-01
1164556494.969604 -1.287797e-01
1164556494.969727 -1.657611e-01
1164556494.969849 -2.217500e-01
1164556494.969971 -2.144133e-01
1164556494.970093 -8.640629e-02
1164556494.970215 6.697599e-02
1164556494.970337 1.650011e-01
1164556494.970459 2.152243e-01
1164556494.970581 2.199819e-01
1164556494.970703 1.816353e-01
1164556494.970825 1.571234e-01
1164556494.970947 9.758255e-02
1164556494.971069 1.129167e-02
1164556494.971191 -3.551218e-02
1164556494.971313 -7.937127e-02
1164556494.971436 -1.488172e-01
1164556494.971558 -1.638145e-01
1164556494.971680 -1.629946e-01
1164556494.971802 -1.967797e-01
1164556494.971924 -1.872943e-01
1164556494.972046 -1.100852e-01
1164556494.972168 -1.023623e-02
1164556494.972290 1.096715e-01
1164556494.972412 2.200160e-01
1164556494.972534 2.646863e-01
1164556494.972656 2.519576e-01
1164556494.972778 2.054560e-01
1164556494.972900 1.126055e-01
1164556494.973022 3.328571e-02
1164556494.973145 -1.888057e-02
1164556494.973267 -1.102850e-01
1164556494.973389 -2.273495e-01
1164556494.973511 -2.768195e-01
1164556494.973633 -2.748015e-01
1164556494.973755 -2.310779e-01
1164556494.973877 -1.168630e-01
1164556494.973999 3.252785e-02
1164556494.974121 1.475447e-01
1164556494.974243 2.270737e-01
1164556494.974365 2.505680e-01
1164556494.974487 2.029835e-01
1164556494.974609 1.167910e-01
1164556494.974731 1.020409e-01
1164556494.974854 4.228452e-02
1164556494.974976 -3.519919e-02
1164556494.975098 -4.508893e-02
1164556494.975220 -8.507679e-02
1164556494.975342 -1.702041e-01
1164556494.975464 -2.232581e-01
1164556494.975586 -1.895337e-01
1164556494.975708 -1.081519e-01
1164556494.975830 -2.990327e-02
1164556494.975952 2.366678e-02
1164556494.976074 3.566921e-02
1164556494.976196 9.640907e-02
1164556494.976318 1.544472e-01
1164556494.976440 1.661959e-01
1164556494.976562 1.723327e-01
1164556494.976685 1.568656e-01
1164556494.976807 9.304709e-02
1164556494.976929 -3.502067e-03
1164556494.977051 -9.593449e-02
1164556494.977173 -1.526334e-01
1164556494.977295 -1.742992e-01
1164556494.977417 -1.689736e-01
1164556494.977539 -1.362445e-01
1164556494.977661 -7.483621e-02
1164556494.977783 -2.939482e-02
1164556494.977905 3.726156e-02
1164556494.978027 1.008882e-01
1164556494.978149 9.549396e-02
1164556494.978271 3.776922e-02
1164556494.978394 7.057957e-02
1164556494.978516 1.167105e-01
1164556494.978638 7.807209e-02
1164556494.978760 8.084341e-02
1164556494.978882 7.767135e-02
1164556494.979004 1.818693e-02
1164556494.979126 -1.393137e-02
1164556494.979248 -6.030709e-02
1164556494.979370 -1.503833e-01
1164556494.979492 -2.028468e-01
1164556494.979614 -1.765602e-01
1164556494.979736 -1.564879e-01
1164556494.979858 -8.732067e-02
1164556494.979980 3.335664e-02
1164556494.980103 1.112523e-01
1164556494.980225 1.840089e-01
1164556494.980347 2.118296e-01
1164556494.980469 1.614306e-01
1164556494.980591 1.225240e-01
1164556494.980713 8.256633e-02
1164556494.980835 2.593338e-02
1164556494.980957 -5.585750e-02
1164556494.981079 -1.143853e-01
1164556494.981201 -1.538029e-01
1164556494.981323 -1.576898e-01
1164556494.981445 -1.284587e-01
1164556494.981567 -1.205933e-01
1164556494.981689 -6.929937e-02
1164556494.981812 -7.434971e-04
1164556494.981934 3.878358e-02
1164556494.982056 1.094051e-01
1164556494.982178 1.454151e-01
1164556494.982300 1.141437e-01
1164556494.982422 8.269233e-02
1164556494.982544 1.014748e-01
1164556494.982666 7.354976e-02
1164556494.982788 9.090925e-03
1164556494.982910 3.827757e-03
1164556494.983032 -6.547064e-02
1164556494.983154 -1.333202e-01
1164556494.983276 -1.291655e-01
1164556494.983398 -9.724448e-02
1164556494.983521 -6.713834e-02
1164556494.983643 -5.131037e-02
1164556494.983765 -5.936026e-03
1164556494.983887 1.126689e-02
1164556494.984009 1.693213e-02
1164556494.984131 3.339418e-02
1164556494.984253 5.204487e-02
1164556494.984375 8.865455e-02
1164556494.984497 1.127147e-01
1164556494.984619 1.029484e-01
1164556494.984741 7.187698e-02
1164556494.984863 3.850761e-02
1164556494.984985 4.925837e-02
1164556494.985107 -9.230557e-03
1164556494.985229 -8.384225e-02
1164556494.985352 -1.138153e-01
1164556494.985474 -1.494191e-01
1164556494.985596 -2.016094e-01
1164556494.985718 -2.005263e-01
1164556494.985840 -1.075490e-01
1164556494.985962 -7.857019e-03
1164556494.986084 1.120368e-01
1164556494.986206 2.296336e-01
1164556494.986328 2.248961e-01
1164556494.986450 1.733711e-01
1164556494.986572 1.489661e-01
1164556494.986694 1.231658e-01
1164556494.986816 4.161360e-02
1164556494.986938 -3.523185e-02
1164556494.987061 -1.096266e-01
1164556494.987183 -2.034698e-01
1164556494.987305 -2.361738e-01
1164556494.987427 -1.875425e-01
1164556494.987549 -1.780858e-01
1164556494.987671 -1.166348e-01
1164556494.987793 2.000809e-02
1164556494.987915 1.035354e-01
1164556494.988037 1.236352e-01
1164556494.988159 1.855735e-01
1164556494.988281 2.387313e-01
1164556494.988403 1.930142e-01
1164556494.988525 1.179421e-01
1164556494.988647 7.198213e-02
1164556494.988770 -1.897373e-02
1164556494.988892 -8.721204e-02
1164556494.989014 -1.216597e-01
1164556494.989136 -1.997783e-01
1164556494.989258 -2.191498e-01
1164556494.989380 -1.646326e-01
1164556494.989502 -1.363119e-01
1164556494.989624 -9.341519e-02
1164556494.989746 1.722010e-02
1164556494.989868 1.443871e-01
1164556494.989990 1.888863e-01
1164556494.990112 1.961241e-01
1164556494.990234 2.001193e-01
1164556494.990356 1.334194e-01
1164556494.990479 6.422728e-02
1164556494.990601 2.508465e-02
1164556494.990723 -7.234521e-02
1164556494.990845 -1.062964e-01
1164556494.990967 -9.651005e-02
1164556494.991089 -1.200090e-01
1164556494.991211 -1.530599e-01
1164556494.991333 -1.364216e-01
1164556494.991455 -7.100753e-02
1164556494.991577 -4.112585e-02
1164556494.991699 -2.913696e-02
1164556494.991821 5.900409e-02
1164556494.991943 1.311694e-01
1164556494.992065 1.371799e-01
1164556494.992188 1.464891e-01
1164556494.992310 1.459026e-01
1164556494.992432 8.339464e-02
1164556494.992554 5.183779e-02
1164556494.992676 1.827675e-02
1164556494.992798 -7.131224e-02
1164556494.992920 -9.801509e-02
1164556494.993042 -6.988326e-02
1164556494.993164 -1.347855e-01
1164556494.993286 -1.898974e-01
1164556494.993408 -1.343505e-01
1164556494.993530 -8.646186e-02
1164556494.993652 -3.713617e-02
1164556494.993774 8.192761e-02
1164556494.993896 1.290384e-01
1164556494.994019 9.175196e-02
1164556494.994141 1.286706e-01
1164556494.994263 1.656115e-01
1164556494.994385 9.705903e-02
1164556494.994507 9.495514e-02
1164556494.994629 1.119423e-01
1164556494.994751 2.868709e-02
1164556494.994873 -8.785785e-02
1164556494.994995 -1.710173e-01
1164556494.995117 -2.009882e-01
1164556494.995239 -2.137140e-01
1164556494.995361 -2.125529e-01
1164556494.995483 -1.548826e-01
1164556494.995605 -5.733863e-02
1164556494.995728 7.372137e-02
1164556494.995850 1.798851e-01
1164556494.995972 2.462726e-01
1164556494.996094 2.410395e-01
1164556494.996216 2.053020e-01
1164556494.996338 1.584155e-01
1164556494.996460 2.743890e-02
1164556494.996582 -6.024549e-02
1164556494.996704 -7.938198e-02
1164556494.996826 -1.312268e-01
1164556494.996948 -1.661110e-01
1164556494.997070 -1.748192e-01
1164556494.997192 -1.722269e-01
1164556494.997314 -1.554939e-01
1164556494.997437 -5.812194e-02
1164556494.997559 5.213836e-02
1164556494.997681 5.811202e-02
1164556494.997803 6.805832e-02
1164556494.997925 1.273338e-01
1164556494.998047 1.601158e-01
1164556494.998169 1.636024e-01
1164556494.998291 1.719681e-01
1164556494.998413 1.819240e-01
1164556494.998535 1.039128e-01
1164556494.998657 2.379051e-03
1164556494.998779 -1.369570e-01
1164556494.998901 -2.763595e-01
1164556494.999023 -3.078605e-01
1164556494.999146 -2.505363e-01
1164556494.999268 -2.145722e-01
1164556494.999390 -1.416877e-01
1164556494.999512 2.025612e-02
1164556494.999634 1.553862e-01
1164556494.999756 2.313844e-01
1164556494.999878 2.910919e-01
1164556495.000000 2.967881e-01
1164556495.000122 2.313598e-01
1164556495.000244 1.079017e-01
1164556495.000366 4.590199e-03
1164556495.000488 -9.639899e-02
1164556495.000610 -1.584666e-01
1164556495.000732 -1.947175e-01
1164556495.000854 -2.455765e-01
1164556495.000977 -2.123845e-01
1164556495.001099 -1.556632e-01
1164556495.001221 -1.206575e-01
1164556495.001343 -1.851894e-02
1164556495.001465 1.093884e-01
1164556495.001587 2.007407e-01
1164556495.001709 1.776019e-01
1164556495.001831 1.499068e-01
1164556495.001953 1.552830e-01
1164556495.002075 1.467983e-01
1164556495.002197 1.203362e-01
1164556495.002319 2.896928e-02
1164556495.002441 -5.582116e-02
1164556495.002563 -1.208043e-01
1164556495.002686 -2.051173e-01
1164556495.002808 -2.350911e-01
1164556495.002930 -1.814266e-01
1164556495.003052 -9.390841e-02
1164556495.003174 -6.149352e-02
1164556495.003296 -1.252684e-02
1164556495.003418 6.651759e-02
1164556495.003540 1.237368e-01
1164556495.003662 1.665462e-01
1164556495.003784 1.620879e-01
1164556495.003906 1.374682e-01
1164556495.004028 1.152794e-01
1164556495.004150 8.188503e-02
1164556495.004272 1.738400e-02
1164556495.004395 -4.854520e-02
1164556495.004517 -5.854067e-02
1164556495.004639 -1.221505e-01
1164556495.004761 -2.037330e-01
1164556495.004883 -2.093652e-01
1164556495.005005 -1.544545e-01
1164556495.005127 -7.638640e-02
1164556495.005249 1.411809e-02
1164556495.005371 9.719596e-02
1164556495.005493 1.308550e-01
1164556495.005615 1.516689e-01
1164556495.005737 1.511530e-01
1164556495.005859 9.370659e-02
1164556495.005981 6.402242e-02
1164556495.006104 6.144406e-02
1164556495.006226 3.229880e-02
1164556495.006348 -2.702385e-02
1164556495.006470 -5.052029e-02
1164556495.006592 -9.341201e-02
1164556495.006714 -1.338040e-01
1164556495.006836 -1.299919e-01
1164556495.006958 -1.291660e-01
1164556495.007080 -1.224077e-01
1164556495.007202 -6.915193e-02
1164556495.007324 2.264062e-02
1164556495.007446 9.565448e-02
1164556495.007568 1.347654e-01
1164556495.007690 1.751338e-01
1164556495.007812 1.477943e-01
1164556495.007935 7.269163e-02
1164556495.008057 2.576202e-02
1164556495.008179 4.152025e-02
1164556495.008301 4.214723e-02
1164556495.008423 -1.533922e-02
1164556495.008545 -8.933083e-02
1164556495.008667 -1.376056e-01
1164556495.008789 -1.509370e-01
1164556495.008911 -1.190038e-01
1164556495.009033 -1.218486e-01
1164556495.009155 -1.146913e-01
1164556495.009277 -3.201595e-02
1164556495.009399 5.104874e-02
1164556495.009521 8.968419e-02
1164556495.009644 1.401595e-01
1164556495.009766 1.933341e-01
1164556495.009888 2.009891e-01
1164556495.010010 1.598129e-01
1164556495.010132 1.166106e-01
1164556495.010254 1.365685e-02
1164556495.010376 -1.045515e-01
1164556495.010498 -1.794913e-01
1164556495.010620 -2.089999e-01
1164556495.010742 -1.893850e-01
1164556495.010864 -1.602166e-01
1164556495.010986 -9.567110e-02
1164556495.011108 -3.284906e-02
1164556495.011230 7.396989e-03
1164556495.011353 8.435661e-02
1164556495.011475 1.378828e-01
1164556495.011597 1.690651e-01
1164556495.011719 1.671298e-01
1164556495.011841 1.510039e-01
1164556495.011963 9.257858e-02
1164556495.012085 2.774823e-02
1164556495.012207 8.652252e-03
1164556495.012329 -3.716757e-02
1164556495.012451 -9.970313e-02
1164556495.012573 -1.253162e-01
1164556495.012695 -1.642252e-01
1164556495.012817 -1.968741e-01
1164556495.012939 -1.707386e-01
1164556495.013062 -8.828263e-02
1164556495.013184 -4.006232e-02
1164556495.013306 3.619839e-02
1164556495.013428 1.485572e-01
1164556495.013550 2.086029e-01
1164556495.013672 2.164723e-01
1164556495.013794 2.130580e-01
1164556495.013916 1.934705e-01
1164556495.014038 1.155685e-01
1164556495.014160 -6.322394e-03
1164556495.014282 -1.154987e-01
1164556495.014404 -2.276517e-01
1164556495.014526 -2.740664e-01
1164556495.014648 -2.362748e-01
1164556495.014771 -1.940798e-01
1164556495.014893 -1.372742e-01
1164556495.015015 -1.344110e-03
1164556495.015137 1.141578e-01
1164556495.015259 1.495961e-01
1164556495.015381 2.119734e-01
1164556495.015503 2.332868e-01
1164556495.015625 1.439666e-01
1164556495.015747 8.057910e-02
1164556495.015869 6.465189e-02
1164556495.015991 1.913583e-03
1164556495.016113 -7.464551e-02
1164556495.016235 -9.390910e-02
1164556495.016357 -1.143439e-01
1164556495.016479 -1.381497e-01
1164556495.016602 -1.316596e-01
1164556495.016724 -1.229397e-01
1164556495.016846 -1.002050e-01
1164556495.016968 -4.134030e-02
1164556495.017090 3.347976e-02
1164556495.017212 7.178200e-02
1164556495.017334 5.947588e-02
1164556495.017456 9.328671e-02
1164556495.017578 1.591563e-01
1164556495.017700 1.929278e-01
1164556495.017822 1.697763e-01
1164556495.017944 1.320027e-01
1164556495.018066 3.376415e-02
1164556495.018188 -9.204243e-02
1164556495.018311 -1.546908e-01
1164556495.018433 -2.183792e-01
1164556495.018555 -2.552214e-01
1164556495.018677 -1.820474e-01
1164556495.018799 -1.046979e-01
1164556495.018921 -8.383505e-02
1164556495.019043 -1.679190e-02
1164556495.019165 1.159211e-01
1164556495.019287 1.977203e-01
1164556495.019409 2.447435e-01
1164556495.019531 2.586722e-01
1164556495.019653 1.926738e-01
1164556495.019775 9.016668e-02
1164556495.019897 -1.012002e-04
1164556495.020020 -8.543653e-02
1164556495.020142 -1.674075e-01
1164556495.020264 -2.044846e-01
1164556495.020386 -1.722236e-01
1164556495.020508 -1.531928e-01
1164556495.020630 -1.128819e-01
1164556495.020752 -3.938997e-02
1164556495.020874 2.775371e-02
1164556495.020996 4.120282e-02
1164556495.021118 5.086817e-02
1164556495.021240 9.864634e-02
1164556495.021362 1.124033e-01
1164556495.021484 1.208728e-01
1164556495.021606 1.765591e-01
1164556495.021729 1.635127e-01
1164556495.021851 7.632356e-02
1164556495.021973 -6.575970e-03
1164556495.022095 -6.425097e-02
1164556495.022217 -1.601142e-01
1164556495.022339 -1.932484e-01
1164556495.022461 -1.570120e-01
1164556495.022583 -1.803974e-01
1164556495.022705 -1.696425e-01
1164556495.022827 -6.820591e-02
1164556495.022949 1.546287e-02
1164556495.023071 8.804580e-02
1164556495.023193 1.846293e-01
1164556495.023315 2.369623e-01
1164556495.023438 2.077046e-01
1164556495.023560 1.684974e-01
1164556495.023682 1.170015e-01
1164556495.023804 9.850396e-03
1164556495.023926 -6.693344e-02
1164556495.024048 -9.642264e-02
1164556495.024170 -1.537817e-01
1164556495.024292 -2.122249e-01
1164556495.024414 -1.819783e-01
1164556495.024536 -1.053330e-01
1164556495.024658 -6.758426e-02
1164556495.024780 -4.031980e-02
1164556495.024902 -6.067913e-04
1164556495.025024 5.835848e-02
1164556495.025146 1.137326e-01
1164556495.025269 1.822120e-01
1164556495.025391 1.972413e-01
1164556495.025513 1.512421e-01
1164556495.025635 1.311309e-01
1164556495.025757 1.083722e-01
1164556495.025879 4.801231e-04
1164556495.026001 -1.104068e-01
1164556495.026123 -1.388142e-01
1164556495.026245 -1.784158e-01
1164556495.026367 -2.382444e-01
1164556495.026489 -2.072542e-01
1164556495.026611 -1.494381e-01
1164556495.026733 -8.672823e-02
1164556495.026855 2.768383e-02
1164556495.026978 1.487829e-01
1164556495.027100 1.866672e-01
1164556495.027222 2.279320e-01
1164556495.027344 2.520357e-01
1164556495.027466 1.769355e-01
1164556495.027588 9.474931e-02
1164556495.027710 3.223189e-02
1164556495.027832 -7.864424e-02
1164556495.027954 -1.551672e-01
1164556495.028076 -1.787804e-01
1164556495.028198 -1.946151e-01
1164556495.028320 -1.985893e-01
1164556495.028442 -1.437059e-01
1164556495.028564 -7.154097e-02
1164556495.028687 3.545959e-03
1164556495.028809 6.511185e-02
1164556495.028931 1.135089e-01
1164556495.029053 1.482789e-01
1164556495.029175 1.594620e-01
1164556495.029297 1.263201e-01
1164556495.029419 8.741889e-02
1164556495.029541 8.365046e-02
1164556495.029663 7.067153e-02
1164556495.029785 4.476830e-02
1164556495.029907 -6.883796e-03
1164556495.030029 -1.117221e-01
1164556495.030151 -1.756776e-01
1164556495.030273 -2.063701e-01
1164556495.030396 -2.267073e-01
1164556495.030518 -1.910564e-01
1164556495.030640 -9.801786e-02
1164556495.030762 4.353058e-03
1164556495.030884 8.272421e-02
1164556495.031006 1.727545e-01
1164556495.031128 2.398540e-01
1164556495.031250 2.393249e-01
1164556495.031372 2.259967e-01
1164556495.031494 1.557579e-01
1164556495.031616 5.835032e-02
1164556495.031738 -1.643485e-02
1164556495.031860 -8.994914e-02
1164556495.031982 -1.874370e-01
1164556495.032104 -2.660531e-01
1164556495.032227 -2.816003e-01
1164556495.032349 -2.383119e-01
1164556495.032471 -1.471996e-01
1164556495.032593 -1.511735e-02
1164556495.032715 9.350085e-02
1164556495.032837 1.669597e-01
1164556495.032959 2.049996e-01
1164556495.033081 2.211714e-01
1164556495.033203 1.899155e-01
1164556495.033325 1.375206e-01
1164556495.033447 1.102319e-01
1164556495.033569 7.864314e-02
1164556495.033691 6.309841e-03
1164556495.033813 -8.497288e-02
1164556495.033936 -1.785926e-01
1164556495.034058 -2.521945e-01
1164556495.034180 -2.763554e-01
1164556495.034302 -2.261654e-01
1164556495.034424 -1.697886e-01
1164556495.034546 -9.018314e-02
1164556495.034668 4.229462e-02
1164556495.034790 1.640387e-01
1164556495.034912 2.509328e-01
1164556495.035034 3.276912e-01
1164556495.035156 3.486363e-01
