# WAT Version : 6.3.0.0 - GIT Revision : 96ad788623c4de9d20a6c6a8795c09baa7043d66 - Tag/Branch : cWB-6.3.0 
# trigger 2 in lag 0 for 
nevent:     1
ndim:       3
run:        1
name:       ../waveform/t_hplus_APR4_q09.txt
rho:        5.399988
netCC:      0.907658
netED:      -0.007850
penalty:    0.963884
gnet:       0.509202
anet:       0.167567
inet:       0.000000
likelihood: 6.650776e+01
ecor:       9.183992e+01
ECOR:       5.831975e+01
factor:     1.000000
range:      0.000000
mchirp:     0.000000
norm:       3.223249
usize:      0
ifo:        L1 H1 V1 
eventID:    2 0 
rho:        5.399988 5.396847 
type:       1 1 
rate:       0 0 0 
volume:     26 12 0 
size:       14 12 0 
lag:        0.000000 0.000000 0.000000 
slag:       0.000000 0.000000 0.000000 
phi:        135.000000 145.365631 83.625320 323.437500 
theta:      134.597992 26.053856 -44.597992 83.720711 
psi:        0.000000 135.073029 
iota:       0.000000 -0.092063 
bp:          0.7425 -0.5076 -0.6003 
inj_bp:     -0.5187  0.6073 -0.5383 
bx:         -0.2992  0.4805 -0.5307 
inj_bx:     -0.0827  0.3368 -0.2111 
chirp:      0.000000 -0.000007 0.007630 0.999418 1.000000 1.000000 
range:      0.000000 5.054800 
Deff:       0.000000 0.000000 0.000000 
mass:       0.000000 0.000000 
spin:       0.000000 0.000000 0.000000 0.000000 0.000000 0.000000 
eBBH:       0.000000 0.000000 0.000000 0.000000 
null:       1.779914e+00 4.967070e+00 8.357675e-01 
strain:     1.037484e-22 7.042808e-22 
hrss:       7.250191e-23 4.058734e-23 6.212786e-23 
inj_hrss:   1.830581e-22 2.142997e-22 1.899686e-22 
noise:      1.535949e-23 1.542472e-23 1.024414e-23 
segment:    1164556000.0000 1164556810.0000 1164556000.0000 1164556810.0000 1164556000.0000 1164556810.0000 
start:      1164556494.8906 1164556494.8906 1164556494.8906 
time:       1164556494.9084 1164556494.9053 1164556494.9082 
stop:       1164556494.9688 1164556494.9688 1164556494.9688 
inj_time:   1164556494.8949 1164556494.8868 1164556494.8917 
left:       494.890625 494.890625 494.890625 
right:      315.031250 315.031250 315.031250 
duration:   0.009064 0.078125 
frequency:  3233.380127 3232.755127 
low:        3136.000000 
high:       3488.000000 
bandwidth:  27.278412 352.000000 
snr:        2.598690e+01 2.045954e+01 3.921127e+01 
xSNR:       2.418270e+01 1.197366e+01 3.808784e+01 
sSNR:       2.250375e+01 7.007414e+00 3.699659e+01 
iSNR:       1270.132446 1727.952637 1604.219238 
oSNR:       22.503752 7.007414 36.996593 
ioSNR:      8.114632 5.164790 20.408495 
netcc:      0.907658 0.907658 0.932903 0.883858 
neted:      -0.720963 19.241743 85.657700 112.825714 157.791611 
erA:        44.981  3.038  5.203  7.499 10.004 12.768 16.013 20.087 25.697 34.993 100.442 
sky_res:    0.458065
map_lenght: 1001
#skyID  theta   DEC     step   phi     R.A    step  probability    cumulative
167265  134.6  -44.6    0.35  135.0   83.6    0.74  4.590973e-03  4.590973e-03
166776  134.2  -44.2    0.35  133.2   81.8    0.74  4.312484e-03  8.903457e-03
164796  132.6  -42.6    0.35  137.5   86.1    0.71  3.994477e-03  1.289793e-02
164797  132.6  -42.6    0.35  138.2   86.8    0.71  3.394527e-03  1.629246e-02
 50888   61.0   29.0    0.35  320.6  269.3    0.70  3.306296e-03  1.959876e-02
 47305   58.6   31.4    0.35  321.7  270.3    0.70  3.053530e-03  2.265229e-02
167269  134.6  -44.6    0.35  138.0   86.6    0.74  2.967292e-03  2.561958e-02
 50889   61.0   29.0    0.35  321.3  270.0    0.70  2.708022e-03  2.832760e-02
167266  134.6  -44.6    0.35  135.7   84.4    0.74  2.594281e-03  3.092188e-02
 68807   72.4   17.6    0.35  320.3  268.9    0.70  2.538528e-03  3.346041e-02
168696  135.8  -45.8    0.35  131.6   80.2    0.76  2.466350e-03  3.592676e-02
 50890   61.0   29.0    0.35  322.0  270.7    0.70  2.452332e-03  3.837909e-02
169169  136.2  -46.2    0.35  133.5   82.1    0.77  2.448817e-03  4.082791e-02
 47812   59.0   31.0    0.35  317.8  266.4    0.70  2.367668e-03  4.319558e-02
160199  129.1  -39.1    0.35  139.9   88.5    0.70  2.352779e-03  4.554836e-02
 19743   36.8   53.2    0.35  308.6  257.3    0.91  2.350759e-03  4.789912e-02
167270  134.6  -44.6    0.35  138.7   87.3    0.74  2.346275e-03  5.024539e-02
162239  130.6  -40.6    0.35  134.3   82.9    0.70  2.265525e-03  5.251092e-02
 87756   83.7    6.3    0.35  323.4  272.1    0.70  2.255606e-03  5.476652e-02
 17274   34.5   55.5    0.35  157.3  105.9    0.97  2.185797e-03  5.695232e-02
 21367   38.4   51.6    0.35  310.6  259.3    0.87  2.181040e-03  5.913336e-02
 54472   63.4   26.6    0.35  321.0  269.6    0.70  2.124039e-03  6.125740e-02
171462  138.1  -48.1    0.35  133.8   82.4    0.80  2.053673e-03  6.331107e-02
  2629   13.2   76.8    0.35  273.8  222.4    2.50  1.998498e-03  6.530957e-02
 65221   70.2   19.8    0.35  318.5  267.1    0.70  1.939330e-03  6.724890e-02
162759  131.0  -41.0    0.35  140.3   88.9    0.70  1.886432e-03  6.913533e-02
162758  131.0  -41.0    0.35  139.6   88.2    0.70  1.883867e-03  7.101920e-02
 87757   83.7    6.3    0.35  324.1  272.8    0.70  1.853629e-03  7.287283e-02
 65222   70.2   19.8    0.35  319.2  267.8    0.70  1.851035e-03  7.472386e-02
 47821   59.0   31.0    0.35  324.1  272.8    0.70  1.759236e-03  7.648310e-02
 39120   52.8   37.2    0.35  326.6  275.2    0.70  1.746661e-03  7.822976e-02
162737  131.0  -41.0    0.35  124.8   73.4    0.70  1.744588e-03  7.997435e-02
 51393   61.4   28.6    0.35  316.1  264.7    0.70  1.740197e-03  8.171454e-02
165281  133.0  -43.0    0.35  124.9   73.5    0.72  1.721498e-03  8.343604e-02
 41676   54.7   35.3    0.35  323.4  272.1    0.70  1.704479e-03  8.514052e-02
 51394   61.4   28.6    0.35  316.8  265.4    0.70  1.687810e-03  8.682833e-02
162258  130.6  -40.6    0.35  147.7   96.3    0.70  1.687799e-03  8.851613e-02
 65223   70.2   19.8    0.35  319.9  268.5    0.70  1.687265e-03  9.020339e-02
 23056   39.9   50.1    0.35  313.3  261.9    0.84  1.686761e-03  9.189016e-02
 23484   40.3   49.7    0.35  310.4  259.0    0.83  1.634426e-03  9.352458e-02
  2634   13.2   76.8    0.35  286.2  234.9    2.50  1.623026e-03  9.514761e-02
159678  128.7  -38.7    0.35  133.9   82.6    0.70  1.570044e-03  9.671765e-02
 45251   57.2   32.8    0.35  317.5  266.1    0.70  1.564490e-03  9.828214e-02
 65224   70.2   19.8    0.35  320.6  269.3    0.70  1.559442e-03  9.984158e-02
 54473   63.4   26.6    0.35  321.7  270.3    0.70  1.546270e-03  1.013879e-01
155562  125.7  -35.7    0.35  119.9   68.5    0.70  1.526347e-03  1.029142e-01
164792  132.6  -42.6    0.35  134.6   83.3    0.71  1.514172e-03  1.044284e-01
157639  127.2  -37.2    0.35  140.3   88.9    0.70  1.510175e-03  1.059385e-01
 44752   56.8   33.2    0.35  326.2  274.9    0.70  1.498647e-03  1.074372e-01
 83145   81.0    9.0    0.35  321.7  270.3    0.70  1.485866e-03  1.089231e-01
159699  128.7  -38.7    0.35  148.7   97.3    0.70  1.476218e-03  1.103993e-01
171466  138.1  -48.1    0.35  137.0   85.6    0.80  1.475654e-03  1.118749e-01
164776  132.6  -42.6    0.35  123.2   71.8    0.71  1.450184e-03  1.133251e-01
173222  139.7  -49.7    0.35  132.1   80.7    0.83  1.445648e-03  1.147708e-01
 54976   63.7   26.3    0.35  315.0  263.6    0.70  1.436888e-03  1.162077e-01
171009  137.7  -47.7    0.35  131.8   80.4    0.80  1.432510e-03  1.176402e-01
 18941   36.0   54.0    0.35  294.6  243.2    0.93  1.427185e-03  1.190673e-01
169643  136.6  -46.6    0.35  139.3   87.9    0.78  1.418726e-03  1.204861e-01
160690  129.5  -39.5    0.35  125.5   74.1    0.70  1.411204e-03  1.218973e-01
 17787   34.9   55.1    0.35  290.6  239.2    0.96  1.394000e-03  1.232913e-01
  2487   12.8   77.2    0.35  276.4  225.1    2.57  1.392802e-03  1.246841e-01
 42190   55.0   35.0    0.35  325.2  273.8    0.70  1.369991e-03  1.260541e-01
 45267   57.2   32.8    0.35  328.7  277.3    0.70  1.358347e-03  1.274124e-01
 50891   61.0   29.0    0.35  322.7  271.4    0.70  1.354851e-03  1.287673e-01
  2340   12.5   77.5    0.35  255.4  204.1    2.65  1.339366e-03  1.301066e-01
  1704   10.6   79.4    0.35  249.8  198.5    3.10  1.337335e-03  1.314440e-01
 47306   58.6   31.4    0.35  322.4  271.0    0.70  1.332141e-03  1.327761e-01
 15597   32.6   57.4    0.35  292.0  240.6    1.02  1.323216e-03  1.340993e-01
 25253   41.9   48.1    0.35  313.0  261.6    0.80  1.309267e-03  1.354086e-01
  2071   11.7   78.3    0.35  246.1  194.7    2.81  1.297120e-03  1.367057e-01
 68806   72.4   17.6    0.35  319.6  268.2    0.70  1.281838e-03  1.379876e-01
  5039   18.4   71.6    0.35  251.1  199.7    1.80  1.275565e-03  1.392631e-01
 47813   59.0   31.0    0.35  318.5  267.1    0.70  1.257277e-03  1.405204e-01
152988  123.9  -33.9    0.35  109.7   58.3    0.70  1.251554e-03  1.417719e-01
118728  102.0  -12.0    0.35  141.0   89.6    0.70  1.248131e-03  1.430201e-01
  1830   11.0   79.0    0.35  271.5  220.1    3.00  1.218820e-03  1.442389e-01
 68805   72.4   17.6    0.35  318.9  267.5    0.70  1.217621e-03  1.454565e-01
  3076   14.3   75.7    0.35  259.6  208.2    2.31  1.213772e-03  1.466703e-01
  9306   25.1   64.9    0.35  257.4  206.1    1.32  1.190367e-03  1.478607e-01
 44745   56.8   33.2    0.35  321.3  270.0    0.70  1.188598e-03  1.490493e-01
  2079   11.7   78.3    0.35  268.6  217.2    2.81  1.174320e-03  1.502236e-01
  3411   15.0   75.0    0.35  288.7  237.3    2.20  1.158804e-03  1.513824e-01
150429  122.1  -32.1    0.35  110.7   59.4    0.70  1.154839e-03  1.525372e-01
 19330   36.4   53.6    0.35  292.5  241.1    0.92  1.153864e-03  1.536911e-01
 21768   38.7   51.3    0.35  298.1  246.8    0.87  1.149342e-03  1.548404e-01
 47822   59.0   31.0    0.35  324.8  273.5    0.70  1.134753e-03  1.559752e-01
 22607   39.5   50.5    0.35  295.0  243.7    0.85  1.127945e-03  1.571031e-01
  4837   18.0   72.0    0.35  245.2  193.8    1.84  1.117525e-03  1.582206e-01
 68812   72.4   17.6    0.35  323.8  272.4    0.70  1.116517e-03  1.593372e-01
 15951   33.0   57.0    0.35  290.7  239.4    1.01  1.111284e-03  1.604484e-01
  2336   12.5   77.5    0.35  244.9  193.5    2.65  1.110193e-03  1.615586e-01
149923  121.7  -31.7    0.35  114.6   63.2    0.70  1.099651e-03  1.626583e-01
  1376    9.5   80.5    0.35  264.8  213.4    3.46  1.095080e-03  1.637534e-01
 13756   30.7   59.3    0.35  156.7  105.3    1.08  1.077837e-03  1.648312e-01
 23472   40.3   49.7    0.35  300.4  249.0    0.83  1.077316e-03  1.659085e-01
175339  141.6  -51.6    0.35  135.9   84.5    0.87  1.074065e-03  1.669826e-01
 19731   36.8   53.2    0.35  297.7  246.4    0.91  1.067643e-03  1.680502e-01
 39635   53.2   36.8    0.35  328.4  277.0    0.70  1.066956e-03  1.691172e-01
 62607   68.6   21.4    0.35  280.9  229.5    0.70  1.053246e-03  1.701704e-01
 48318   59.3   30.7    0.35  313.9  262.6    0.70  1.040058e-03  1.712105e-01
163252  131.4  -41.4    0.35  126.6   75.2    0.70  1.039293e-03  1.722498e-01
  5032   18.4   71.6    0.35  238.5  187.1    1.80  1.021199e-03  1.732710e-01
166279  133.8  -43.8    0.35  128.4   77.0    0.73  1.014123e-03  1.742851e-01
158113  127.5  -37.5    0.35  113.2   61.8    0.70  1.004539e-03  1.752896e-01
 68810   72.4   17.6    0.35  322.4  271.0    0.70  9.997389e-04  1.762894e-01
 27085   43.4   46.6    0.35  314.6  263.2    0.78  9.996486e-04  1.772890e-01
 21780   38.7   51.3    0.35  308.5  257.1    0.87  9.995347e-04  1.782886e-01
159132  128.3  -38.3    0.35  109.7   58.3    0.70  9.958741e-04  1.792844e-01
161708  130.2  -40.2    0.35  121.3   69.9    0.70  9.915290e-04  1.802760e-01
157617  127.2  -37.2    0.35  124.8   73.4    0.70  9.847198e-04  1.812607e-01
 18555   35.7   54.3    0.35  295.8  244.4    0.94  9.799383e-04  1.822406e-01
  3406   15.0   75.0    0.35  277.7  226.3    2.20  9.788706e-04  1.832195e-01
 65220   70.2   19.8    0.35  317.8  266.4    0.70  9.680952e-04  1.841876e-01
  3572   15.4   74.6    0.35  275.4  224.0    2.14  9.632201e-04  1.851508e-01
171467  138.1  -48.1    0.35  137.8   86.4    0.80  9.538912e-04  1.861047e-01
 37073   51.3   38.7    0.35  327.3  275.9    0.70  9.534667e-04  1.870582e-01
 54471   63.4   26.6    0.35  320.3  268.9    0.70  9.520403e-04  1.880102e-01
 63630   69.3   20.7    0.35  280.2  228.8    0.70  9.436565e-04  1.889539e-01
  1274    9.1   80.9    0.35  268.2  216.8    3.60  9.403051e-04  1.898942e-01
 53428   62.7   27.3    0.35  306.9  255.5    0.70  9.354228e-04  1.908296e-01
  5452   19.1   70.9    0.35  257.0  205.6    1.73  9.312311e-04  1.917608e-01
155080  125.3  -35.3    0.35  140.6   89.3    0.70  9.298385e-04  1.926907e-01
163241  131.4  -41.4    0.35  118.8   67.5    0.70  9.275105e-04  1.936182e-01
164309  132.2  -42.2    0.35  151.3   99.9    0.71  9.248566e-04  1.945430e-01
  1957   11.3   78.7    0.35  283.1  231.7    2.90  9.239674e-04  1.954670e-01
  1953   11.3   78.7    0.35  271.5  220.1    2.90  9.125330e-04  1.963795e-01
  2780   13.6   76.4    0.35  283.4  232.0    2.43  9.111281e-04  1.972907e-01
158635  127.9  -37.9    0.35  120.6   69.2    0.70  9.077356e-04  1.981984e-01
164810  132.6  -42.6    0.35  147.5   96.1    0.71  9.075060e-04  1.991059e-01
  6095   20.2   69.8    0.35  254.5  203.1    1.64  9.063054e-04  2.000122e-01
  2625   13.2   76.8    0.35  263.8  212.4    2.50  8.926424e-04  2.009049e-01
164279  132.2  -42.2    0.35  130.0   78.7    0.71  8.904961e-04  2.017953e-01
 50355   60.7   29.3    0.35  306.2  254.8    0.70  8.897461e-04  2.026851e-01
 20929   38.0   52.0    0.35  287.2  235.8    0.88  8.864559e-04  2.035716e-01
 19338   36.4   53.6    0.35  299.8  248.5    0.92  8.858758e-04  2.044574e-01
163766  131.8  -41.8    0.35  128.3   76.9    0.70  8.837351e-04  2.053412e-01
 87754   83.7    6.3    0.35  322.0  270.7    0.70  8.827259e-04  2.062239e-01
  3738   15.8   74.2    0.35  264.8  213.4    2.09  8.780875e-04  2.071020e-01
 65219   70.2   19.8    0.35  317.1  265.7    0.70  8.766531e-04  2.079786e-01
154014  124.6  -34.6    0.35  111.1   59.7    0.70  8.710494e-04  2.088497e-01
 48319   59.3   30.7    0.35  314.6  263.3    0.70  8.709147e-04  2.097206e-01
  2922   13.9   76.1    0.35  261.7  210.3    2.37  8.675596e-04  2.105882e-01
 68808   72.4   17.6    0.35  321.0  269.6    0.70  8.587905e-04  2.114469e-01
 10432   26.6   63.4    0.35  260.6  209.3    1.25  8.562432e-04  2.123032e-01
 57035   65.0   25.0    0.35  322.7  271.4    0.70  8.554248e-04  2.131586e-01
 69777   73.0   17.0    0.35  282.3  230.9    0.70  8.494685e-04  2.140081e-01
   986    8.0   82.0    0.35  255.7  204.3    4.09  8.487627e-04  2.148568e-01
164766  132.6  -42.6    0.35  116.1   64.7    0.71  8.477501e-04  2.157046e-01
162754  131.0  -41.0    0.35  136.8   85.4    0.70  8.452762e-04  2.165499e-01
 64203   69.6   20.4    0.35  322.7  271.4    0.70  8.447564e-04  2.173946e-01
156572  126.4  -36.4    0.35  110.0   58.7    0.70  8.411488e-04  2.182358e-01
 70800   73.7   16.3    0.35  281.6  230.2    0.70  8.373537e-04  2.190731e-01
  1945   11.3   78.7    0.35  248.2  196.9    2.90  8.356792e-04  2.199088e-01
 20540   37.6   52.4    0.35  303.4  252.0    0.89  8.340457e-04  2.207429e-01
 20139   37.2   52.8    0.35  305.6  254.2    0.90  8.291722e-04  2.215720e-01
 23043   39.9   50.1    0.35  302.4  251.0    0.84  8.288316e-04  2.224009e-01
173226  139.7  -49.7    0.35  135.4   84.0    0.83  8.223919e-04  2.232232e-01
 45759   57.6   32.4    0.35  314.3  262.9    0.70  8.182732e-04  2.240415e-01
 21355   38.4   51.6    0.35  300.1  248.8    0.87  8.140659e-04  2.248556e-01
 57539   65.4   24.6    0.35  317.5  266.1    0.70  8.139277e-04  2.256695e-01
  4474   17.2   72.8    0.35  288.2  236.8    1.91  8.118373e-04  2.264814e-01
152489  123.5  -33.5    0.35  119.2   67.8    0.70  8.109538e-04  2.272923e-01
158120  127.5  -37.5    0.35  118.1   66.8    0.70  8.036312e-04  2.280959e-01
 53956   63.1   26.9    0.35  317.8  266.4    0.70  8.011339e-04  2.288971e-01
162212  130.6  -40.6    0.35  115.3   63.9    0.70  7.958644e-04  2.296929e-01
 21339   38.4   51.6    0.35  286.2  234.8    0.87  7.909907e-04  2.304839e-01
161752  130.2  -40.2    0.35  152.2  100.9    0.70  7.905778e-04  2.312745e-01
118727  102.0  -12.0    0.35  140.3   88.9    0.70  7.902802e-04  2.320648e-01
 47820   59.0   31.0    0.35  323.4  272.1    0.70  7.871393e-04  2.328519e-01
  4639   17.6   72.4    0.35  239.1  187.7    1.88  7.858847e-04  2.336378e-01
 62164   68.3   21.7    0.35  329.1  277.7    0.70  7.803984e-04  2.344182e-01
162726  131.0  -41.0    0.35  117.1   65.7    0.70  7.759759e-04  2.351942e-01
 55481   64.1   25.9    0.35  310.4  259.1    0.70  7.754189e-04  2.359696e-01
 53968   63.1   26.9    0.35  326.2  274.9    0.70  7.747405e-04  2.367443e-01
  1586   10.2   79.8    0.35  239.5  188.1    3.21  7.606102e-04  2.375050e-01
154576  125.0  -35.0    0.35  146.6   95.2    0.70  7.601191e-04  2.382651e-01
 15598   32.6   57.4    0.35  293.0  241.6    1.02  7.571398e-04  2.390222e-01
 82119   80.4    9.6    0.35  320.3  268.9    0.70  7.561059e-04  2.397783e-01
167734  135.0  -45.0    0.35  124.9   73.5    0.75  7.476501e-04  2.405260e-01
169173  136.2  -46.2    0.35  136.5   85.2    0.77  7.473739e-04  2.412733e-01
150422  122.1  -32.1    0.35  105.8   54.4    0.70  7.458245e-04  2.420192e-01
161205  129.8  -39.8    0.35  127.3   75.9    0.70  7.456716e-04  2.427648e-01
 17796   34.9   55.1    0.35  299.2  247.8    0.96  7.446610e-04  2.435095e-01
 29462   45.4   44.6    0.35  314.3  262.9    0.74  7.417180e-04  2.442512e-01
  1819   11.0   79.0    0.35  238.5  187.1    3.00  7.354980e-04  2.449867e-01
 21368   38.4   51.6    0.35  311.5  260.1    0.87  7.335564e-04  2.457203e-01
 57036   65.0   25.0    0.35  323.4  272.1    0.70  7.307170e-04  2.464510e-01
156566  126.4  -36.4    0.35  105.8   54.4    0.70  7.287054e-04  2.471797e-01
 50899   61.0   29.0    0.35  328.4  277.0    0.70  7.286376e-04  2.479083e-01
 62165   68.3   21.7    0.35  329.8  278.4    0.70  7.265763e-04  2.486349e-01
 65218   70.2   19.8    0.35  316.4  265.0    0.70  7.228862e-04  2.493578e-01
 31887   47.4   42.6    0.35  276.8  225.4    0.71  7.218858e-04  2.500797e-01
 24784   41.5   48.5    0.35  295.5  244.2    0.81  7.207142e-04  2.508004e-01
 68811   72.4   17.6    0.35  323.1  271.7    0.70  7.203083e-04  2.515207e-01
 24343   41.1   48.9    0.35  297.4  246.0    0.82  7.198841e-04  2.522406e-01
151455  122.8  -32.8    0.35  112.1   60.8    0.70  7.184763e-04  2.529591e-01
173660  140.1  -50.1    0.35  138.4   87.0    0.84  7.172372e-04  2.536763e-01
 45268   57.2   32.8    0.35  329.4  278.0    0.70  7.160833e-04  2.543924e-01
  8441   23.9   66.1    0.35  168.2  116.9    1.38  7.143409e-04  2.551067e-01
 27550   43.8   46.2    0.35  312.7  261.3    0.77  7.122822e-04  2.558190e-01
 68809   72.4   17.6    0.35  321.7  270.3    0.70  7.117498e-04  2.565308e-01
 42685   55.4   34.6    0.35  312.9  261.5    0.70  7.109900e-04  2.572417e-01
 47282   58.6   31.4    0.35  305.5  254.1    0.70  7.078262e-04  2.579496e-01
  2075   11.7   78.3    0.35  257.3  206.0    2.81  7.052966e-04  2.586549e-01
148897  121.0  -31.0    0.35  113.2   61.8    0.70  7.047289e-04  2.593596e-01
166780  134.2  -44.2    0.35  136.1   84.7    0.74  7.026651e-04  2.600623e-01
158634  127.9  -37.9    0.35  119.9   68.5    0.70  7.015931e-04  2.607639e-01
150949  122.4  -32.4    0.35  116.0   64.6    0.70  7.002060e-04  2.614641e-01
151495  122.8  -32.8    0.35  140.3   88.9    0.70  6.984813e-04  2.621625e-01
 17044   34.1   55.9    0.35  294.0  242.6    0.98  6.984264e-04  2.628610e-01
 62163   68.3   21.7    0.35  328.4  277.0    0.70  6.977981e-04  2.635588e-01
 23905   40.7   49.3    0.35  298.5  247.1    0.83  6.959960e-04  2.642548e-01
162244  130.6  -40.6    0.35  137.8   86.4    0.70  6.937475e-04  2.649485e-01
 49028   60.0   30.0    0.35   93.2   41.8    0.70  6.896421e-04  2.656382e-01
  8249   23.6   66.4    0.35  260.9  209.5    1.41  6.876713e-04  2.663258e-01
 53955   63.1   26.9    0.35  317.1  265.7    0.70  6.863785e-04  2.670122e-01
161720  130.2  -40.2    0.35  129.7   78.4    0.70  6.862690e-04  2.676985e-01
169644  136.6  -46.6    0.35  140.0   88.7    0.78  6.849067e-04  2.683834e-01
165771  133.4  -43.4    0.35  118.7   67.3    0.73  6.843900e-04  2.690678e-01
 24354   41.1   48.9    0.35  306.4  255.0    0.82  6.840099e-04  2.697518e-01
 23917   40.7   49.3    0.35  308.4  257.0    0.83  6.802877e-04  2.704321e-01
 47304   58.6   31.4    0.35  321.0  269.6    0.70  6.720930e-04  2.711042e-01
151487  122.8  -32.8    0.35  134.6   83.3    0.70  6.720684e-04  2.717762e-01
 16678   33.7   56.3    0.35  295.2  243.8    0.99  6.706766e-04  2.724469e-01
 44744   56.8   33.2    0.35  320.6  269.3    0.70  6.688923e-04  2.731158e-01
 23026   39.9   50.1    0.35  288.1  236.7    0.84  6.614573e-04  2.737773e-01
 65227   70.2   19.8    0.35  322.7  271.4    0.70  6.574844e-04  2.744347e-01
160198  129.1  -39.1    0.35  139.2   87.8    0.70  6.563725e-04  2.750911e-01
 47811   59.0   31.0    0.35  317.1  265.7    0.70  6.529152e-04  2.757440e-01
 36549   50.9   39.1    0.35  318.5  267.1    0.70  6.513096e-04  2.763953e-01
 57551   65.4   24.6    0.35  325.9  274.5    0.70  6.493653e-04  2.770447e-01
161206  129.8  -39.8    0.35  128.0   76.6    0.70  6.491697e-04  2.776939e-01
122303  104.2  -14.2    0.35  134.3   82.9    0.70  6.386865e-04  2.783326e-01
151494  122.8  -32.8    0.35  139.6   88.2    0.70  6.382069e-04  2.789708e-01
125909  106.3  -16.3    0.35  150.1   98.7    0.70  6.381441e-04  2.796089e-01
  1582   10.2   79.8    0.35  226.6  175.2    3.21  6.342069e-04  2.802431e-01
 61638   68.0   22.0    0.35  319.6  268.2    0.70  6.341340e-04  2.808772e-01
160672  129.5  -39.5    0.35  112.9   61.5    0.70  6.321781e-04  2.815094e-01
 61637   68.0   22.0    0.35  318.9  267.5    0.70  6.287402e-04  2.821382e-01
 58558   66.0   24.0    0.35  313.9  262.6    0.70  6.186142e-04  2.827568e-01
 86730   83.1    6.9    0.35  322.0  270.7    0.70  6.171945e-04  2.833740e-01
 10413   26.6   63.4    0.35  236.9  185.5    1.25  6.170133e-04  2.839910e-01
118730  102.0  -12.0    0.35  142.4   91.0    0.70  6.168264e-04  2.846078e-01
 10998   27.3   62.7    0.35  236.6  185.2    1.22  6.149815e-04  2.852228e-01
142285  116.6  -26.6    0.35  144.5   93.1    0.70  6.122174e-04  2.858350e-01
 56503   64.7   25.3    0.35  309.0  257.6    0.70  6.113961e-04  2.864464e-01
 25701   42.3   47.7    0.35  310.2  258.8    0.80  6.096902e-04  2.870561e-01
160194  129.1  -39.1    0.35  136.4   85.0    0.70  6.088817e-04  2.876650e-01
 56502   64.7   25.3    0.35  308.3  256.9    0.70  6.072565e-04  2.882722e-01
160193  129.1  -39.1    0.35  135.7   84.3    0.70  6.071078e-04  2.888793e-01
156631  126.4  -36.4    0.35  151.5  100.1    0.70  6.039751e-04  2.894833e-01
 56978   65.0   25.0    0.35  282.7  231.3    0.70  6.027692e-04  2.900861e-01
159653  128.7  -38.7    0.35  116.4   65.0    0.70  6.019463e-04  2.906880e-01
  7251   22.1   67.9    0.35  257.3  205.9    1.50  5.998975e-04  2.912879e-01
152499  123.5  -33.5    0.35  126.2   74.8    0.70  5.978537e-04  2.918858e-01
 48336   59.3   30.7    0.35  326.6  275.2    0.70  5.956799e-04  2.924815e-01
114123   99.3   -9.3    0.35  142.7   91.4    0.70  5.938294e-04  2.930753e-01
 58557   66.0   24.0    0.35  313.2  261.9    0.70  5.929160e-04  2.936682e-01
 51376   61.4   28.6    0.35  304.1  252.7    0.70  5.887264e-04  2.942569e-01
   735    6.9   83.1    0.35  243.9  192.6    4.74  5.882658e-04  2.948452e-01
 54975   63.7   26.3    0.35  314.3  262.9    0.70  5.881515e-04  2.954334e-01
167274  134.6  -44.6    0.35  141.7   90.3    0.74  5.880182e-04  2.960214e-01
 22618   39.5   50.5    0.35  304.4  253.0    0.85  5.877419e-04  2.966091e-01
167249  134.6  -44.6    0.35  123.1   71.7    0.74  5.865157e-04  2.971956e-01
 13225   29.9   60.1    0.35  295.0  243.6    1.11  5.864355e-04  2.977821e-01
 39618   53.2   36.8    0.35  316.4  265.0    0.70  5.850384e-04  2.983671e-01
154068  124.6  -34.6    0.35  149.1   97.7    0.70  5.838092e-04  2.989509e-01
 13551   30.3   59.7    0.35  293.6  242.2    1.10  5.830752e-04  2.995340e-01
  2760   13.6   76.4    0.35  234.7  183.4    2.43  5.821920e-04  3.001162e-01
145361  118.6  -28.6    0.35  147.3   95.9    0.70  5.817621e-04  3.006979e-01
152011  123.2  -33.2    0.35  142.7   91.4    0.70  5.803417e-04  3.012783e-01
  4456   17.2   72.8    0.35  253.7  202.3    1.91  5.778130e-04  3.018561e-01
159683  128.7  -38.7    0.35  137.5   86.1    0.70  5.777556e-04  3.024339e-01
 36560   50.9   39.1    0.35  326.2  274.9    0.70  5.769102e-04  3.030108e-01
 22617   39.5   50.5    0.35  303.5  252.2    0.85  5.762369e-04  3.035870e-01
159139  128.3  -38.3    0.35  114.6   63.2    0.70  5.759347e-04  3.041629e-01
 12219   28.8   61.2    0.35  239.4  188.0    1.15  5.757382e-04  3.047387e-01
 51900   61.7   28.3    0.35  312.2  260.8    0.70  5.757062e-04  3.053144e-01
 19350   36.4   53.6    0.35  310.9  259.5    0.92  5.756771e-04  3.058901e-01
  1831   11.0   79.0    0.35  274.5  223.1    3.00  5.756576e-04  3.064657e-01
166268  133.8  -43.8    0.35  120.4   69.0    0.73  5.747476e-04  3.070405e-01
 45783   57.6   32.4    0.35  331.2  279.8    0.70  5.729747e-04  3.076134e-01
   893    7.7   82.3    0.35  229.3  177.9    4.29  5.720544e-04  3.081855e-01
 40150   53.6   36.4    0.35  330.8  279.4    0.70  5.712815e-04  3.087568e-01
 18949   36.0   54.0    0.35  302.0  250.6    0.93  5.687345e-04  3.093255e-01
154563  125.0  -35.0    0.35  137.5   86.1    0.70  5.664357e-04  3.098919e-01
  6103   20.2   69.8    0.35  267.5  216.2    1.64  5.662820e-04  3.104582e-01
165307  133.0  -43.0    0.35  143.6   92.3    0.72  5.637059e-04  3.110219e-01
122304  104.2  -14.2    0.35  135.0   83.6    0.70  5.634300e-04  3.115854e-01
 23456   40.3   49.7    0.35  287.1  235.7    0.83  5.633411e-04  3.121487e-01
 33989   49.0   41.0    0.35  318.9  267.5    0.70  5.626175e-04  3.127113e-01
 68278   72.1   17.9    0.35  308.0  256.6    0.70  5.624815e-04  3.132738e-01
 31943   47.4   42.6    0.35  316.8  265.4    0.71  5.620903e-04  3.138359e-01
 31385   47.0   43.0    0.35  277.6  226.2    0.72  5.612356e-04  3.143971e-01
 49847   60.3   29.7    0.35  308.7  257.3    0.70  5.610156e-04  3.149581e-01
  3912   16.1   73.9    0.35  262.8  211.5    2.05  5.609994e-04  3.155191e-01
   900    7.7   82.3    0.35  259.3  207.9    4.29  5.604062e-04  3.160795e-01
 15247   32.2   57.8    0.35  293.3  241.9    1.03  5.531608e-04  3.166327e-01
129980  108.8  -18.8    0.35  132.5   81.2    0.70  5.495492e-04  3.171823e-01
 59539   66.7   23.3    0.35  283.7  232.3    0.70  5.482904e-04  3.177305e-01
121303  103.6  -13.6    0.35  151.2   99.8    0.70  5.482841e-04  3.182788e-01
 77459   77.7   12.3    0.35  283.4  232.0    0.70  5.468590e-04  3.188257e-01
 60619   67.3   22.7    0.35  323.1  271.7    0.70  5.458894e-04  3.193716e-01
 48337   59.3   30.7    0.35  327.3  275.9    0.70  5.378447e-04  3.199094e-01
 61639   68.0   22.0    0.35  320.3  268.9    0.70  5.377434e-04  3.204472e-01
152982  123.9  -33.9    0.35  105.5   54.1    0.70  5.342781e-04  3.209814e-01
 49848   60.3   29.7    0.35  309.4  258.0    0.70  5.342283e-04  3.215157e-01
 35470   50.2   39.8    0.35  279.8  228.5    0.70  5.334547e-04  3.220491e-01
177348  143.6  -53.6    0.35  132.7   81.3    0.92  5.324849e-04  3.225816e-01
 78482   78.3   11.7    0.35  282.7  231.3    0.70  5.308227e-04  3.231124e-01
173221  139.7  -49.7    0.35  131.2   79.9    0.83  5.293017e-04  3.236417e-01
 87755   83.7    6.3    0.35  322.7  271.4    0.70  5.273037e-04  3.241690e-01
157118  126.8  -36.8    0.35  133.6   82.2    0.70  5.272538e-04  3.246963e-01
 30887   46.6   43.4    0.35  278.3  227.0    0.73  5.244982e-04  3.252208e-01
  3577   15.4   74.6    0.35  286.1  234.7    2.14  5.233770e-04  3.257442e-01
148418  120.7  -30.7    0.35  136.8   85.4    0.70  5.219598e-04  3.262661e-01
 17806   34.9   55.1    0.35  308.8  257.4    0.96  5.208449e-04  3.267870e-01
  6533   20.9   69.1    0.35  236.1  184.7    1.58  5.203505e-04  3.273073e-01
 39109   52.8   37.2    0.35  318.9  267.5    0.70  5.186694e-04  3.278260e-01
169187  136.2  -46.2    0.35  147.3   95.9    0.77  5.186177e-04  3.283446e-01
 66193   70.8   19.2    0.35  282.0  230.6    0.70  5.169637e-04  3.288616e-01
 46774   58.3   31.7    0.35  308.0  256.6    0.70  5.164646e-04  3.293780e-01
 65170   70.2   19.8    0.35  282.7  231.3    0.70  5.163754e-04  3.298944e-01
162223  130.6  -40.6    0.35  123.0   71.7    0.70  5.153799e-04  3.304098e-01
145859  119.0  -29.0    0.35  137.1   85.7    0.70  5.153154e-04  3.309251e-01
165782  133.4  -43.4    0.35  126.7   75.3    0.73  5.147511e-04  3.314399e-01
161243  129.8  -39.8    0.35  154.0  102.6    0.70  5.134738e-04  3.319533e-01
 33920   49.0   41.0    0.35  270.4  219.0    0.70  5.086314e-04  3.324620e-01
  4452   17.2   72.8    0.35  246.1  194.7    1.91  5.083554e-04  3.329703e-01
 62166   68.3   21.7    0.35  330.5  279.1    0.70  5.071739e-04  3.334775e-01
141779  116.3  -26.3    0.35  148.4   97.0    0.70  5.067723e-04  3.339843e-01
 44420   56.8   33.2    0.35   92.8   41.4    0.70  5.065759e-04  3.344908e-01
 21347   38.4   51.6    0.35  293.2  241.8    0.87  5.063836e-04  3.349972e-01
156087  126.1  -36.1    0.35  128.7   77.3    0.70  5.062027e-04  3.355034e-01
156602  126.4  -36.4    0.35  131.1   79.8    0.70  5.055973e-04  3.360090e-01
 16317   33.4   56.6    0.35  297.5  246.1    1.00  5.055766e-04  3.365146e-01
  4841   18.0   72.0    0.35  252.6  201.2    1.84  5.055391e-04  3.370201e-01
 64147   69.6   20.4    0.35  283.4  232.0    0.70  5.053154e-04  3.375255e-01
153515  124.2  -34.2    0.35  120.6   69.2    0.70  5.032850e-04  3.380287e-01
 57554   65.4   24.6    0.35  328.0  276.6    0.70  5.026311e-04  3.385314e-01
 68277   72.1   17.9    0.35  307.3  255.9    0.70  5.019964e-04  3.390334e-01
  1278    9.1   80.9    0.35  282.6  231.2    3.60  5.016765e-04  3.395351e-01
 68239   72.1   17.9    0.35  280.5  229.2    0.70  4.989219e-04  3.400340e-01
169622  136.6  -46.6    0.35  123.0   71.6    0.78  4.982579e-04  3.405322e-01
 32393   47.8   42.2    0.35  276.0  224.6    0.71  4.971894e-04  3.410294e-01
 41669   54.7   35.3    0.35  318.5  267.1    0.70  4.965563e-04  3.415260e-01
   896    7.7   82.3    0.35  242.1  190.8    4.29  4.959382e-04  3.420219e-01
 53957   63.1   26.9    0.35  318.5  267.1    0.70  4.942389e-04  3.425162e-01
 83142   81.0    9.0    0.35  319.6  268.2    0.70  4.936936e-04  3.430098e-01
178883  145.1  -55.1    0.35  129.7   78.4    0.96  4.936240e-04  3.435035e-01
155079  125.3  -35.3    0.35  139.9   88.5    0.70  4.929770e-04  3.439964e-01
  2068   11.7   78.3    0.35  237.7  186.3    2.81  4.924149e-04  3.444889e-01
 73869   75.5   14.5    0.35  279.5  228.1    0.70  4.917821e-04  3.449806e-01
151502  122.8  -32.8    0.35  145.2   93.8    0.70  4.909852e-04  3.454716e-01
157135  126.8  -36.8    0.35  145.5   94.2    0.70  4.898394e-04  3.459615e-01
 20140   37.2   52.8    0.35  306.4  255.1    0.90  4.857433e-04  3.464472e-01
159163  128.3  -38.3    0.35  131.5   80.1    0.70  4.826297e-04  3.469298e-01
 15950   33.0   57.0    0.35  289.7  238.3    1.01  4.808460e-04  3.474107e-01
 10069   26.2   63.8    0.35  164.2  112.8    1.27  4.790798e-04  3.478898e-01
 72846   74.9   15.1    0.35  280.2  228.8    0.70  4.786036e-04  3.483684e-01
149428  121.4  -31.4    0.35  126.9   75.5    0.70  4.781998e-04  3.488466e-01
  7990   23.2   66.8    0.35  255.0  203.6    1.43  4.781759e-04  3.493247e-01
 65749   70.5   19.5    0.35  330.1  278.7    0.70  4.780915e-04  3.498028e-01
 51395   61.4   28.6    0.35  317.5  266.1    0.70  4.768670e-04  3.502797e-01
 55482   64.1   25.9    0.35  311.1  259.8    0.70  4.764915e-04  3.507562e-01
168680  135.8  -45.8    0.35  119.4   68.0    0.76  4.764862e-04  3.512327e-01
 47497   59.0   31.0    0.35   96.3   45.0    0.70  4.758664e-04  3.517086e-01
154042  124.6  -34.6    0.35  130.8   79.4    0.70  4.742228e-04  3.521828e-01
182308  148.5  -58.5    0.35  339.4  288.0    1.06  4.734139e-04  3.526562e-01
118726  102.0  -12.0    0.35  139.6   88.2    0.70  4.727835e-04  3.531290e-01
 16679   33.7   56.3    0.35  296.2  244.8    0.99  4.726125e-04  3.536016e-01
171912  138.5  -48.5    0.35  136.6   85.2    0.81  4.717974e-04  3.540734e-01
  5877   19.8   70.2    0.35  255.8  204.5    1.67  4.712084e-04  3.545446e-01
 30393   46.2   43.8    0.35  279.1  227.8    0.73  4.705551e-04  3.550151e-01
 25252   41.9   48.1    0.35  312.2  260.8    0.80  4.705352e-04  3.554857e-01
142286  116.6  -26.6    0.35  145.2   93.8    0.70  4.704761e-04  3.559562e-01
 65228   70.2   19.8    0.35  323.4  272.1    0.70  4.694720e-04  3.564256e-01
 27971   44.2   45.8    0.35  274.2  222.8    0.76  4.694455e-04  3.568951e-01
 68804   72.4   17.6    0.35  318.2  266.8    0.70  4.690826e-04  3.573642e-01
165270  133.0  -43.0    0.35  117.0   65.6    0.72  4.675346e-04  3.578317e-01
169642  136.6  -46.6    0.35  138.5   87.1    0.78  4.670224e-04  3.582987e-01
  5441   19.1   70.9    0.35  238.0  186.6    1.73  4.665626e-04  3.587653e-01
 57033   65.0   25.0    0.35  321.3  270.0    0.70  4.663140e-04  3.592316e-01
 19355   36.4   53.6    0.35  315.5  264.1    0.92  4.657815e-04  3.596974e-01
 63160   68.9   21.1    0.35  309.4  258.0    0.70  4.656223e-04  3.601630e-01
 36482   50.9   39.1    0.35  271.4  220.0    0.70  4.649157e-04  3.606279e-01
 52407   62.0   28.0    0.35  309.0  257.6    0.70  4.646760e-04  3.610926e-01
 42191   55.0   35.0    0.35  325.9  274.5    0.70  4.642488e-04  3.615568e-01
161707  130.2  -40.2    0.35  120.6   69.2    0.70  4.640761e-04  3.620209e-01
  5885   19.8   70.2    0.35  269.2  217.8    1.67  4.640535e-04  3.624850e-01
175749  142.0  -52.0    0.35  135.4   84.1    0.88  4.622830e-04  3.629472e-01
169153  136.2  -46.2    0.35  121.2   69.8    0.77  4.612952e-04  3.634085e-01
 56501   64.7   25.3    0.35  307.6  256.2    0.70  4.609880e-04  3.638695e-01
 20946   38.0   52.0    0.35  302.2  250.8    0.88  4.608132e-04  3.643303e-01
 51924   61.7   28.3    0.35  329.1  277.7    0.70  4.606225e-04  3.647910e-01
166760  134.2  -44.2    0.35  121.4   70.0    0.74  4.587144e-04  3.652497e-01
 57034   65.0   25.0    0.35  322.0  270.7    0.70  4.580057e-04  3.657077e-01
 27501   43.8   46.2    0.35  275.0  223.6    0.77  4.574513e-04  3.661651e-01
169639  136.6  -46.6    0.35  136.2   84.8    0.78  4.572440e-04  3.666224e-01
156123  126.1  -36.1    0.35  154.0  102.6    0.70  4.567592e-04  3.670791e-01
152012  123.2  -33.2    0.35  143.4   92.1    0.70  4.565029e-04  3.675356e-01
114122   99.3   -9.3    0.35  142.0   90.7    0.70  4.557531e-04  3.679914e-01
142284  116.6  -26.6    0.35  143.8   92.4    0.70  4.556690e-04  3.684471e-01
 67216   71.5   18.5    0.35  281.2  229.9    0.70  4.553207e-04  3.689024e-01
155546  125.7  -35.7    0.35  108.6   57.3    0.70  4.552502e-04  3.693576e-01
 66197   70.8   19.2    0.35  284.8  233.4    0.70  4.539140e-04  3.698116e-01
 79510   78.9   11.1    0.35  285.5  234.1    0.70  4.534145e-04  3.702650e-01
 55509   64.1   25.9    0.35  330.1  278.7    0.70  4.527003e-04  3.707177e-01
168723  135.8  -45.8    0.35  152.2  100.8    0.76  4.521687e-04  3.711698e-01
144314  118.0  -28.0    0.35  131.1   79.8    0.70  4.519314e-04  3.716218e-01
 60620   67.3   22.7    0.35  323.8  272.4    0.70  4.518817e-04  3.720736e-01
 44753   56.8   33.2    0.35  327.0  275.6    0.70  4.517602e-04  3.725254e-01
162763  131.0  -41.0    0.35  143.1   91.7    0.70  4.509190e-04  3.729763e-01
 16309   33.4   56.6    0.35  289.5  238.1    1.00  4.494853e-04  3.734258e-01
158121  127.5  -37.5    0.35  118.8   67.5    0.70  4.493502e-04  3.738752e-01
 20959   38.0   52.0    0.35  313.7  262.3    0.88  4.469604e-04  3.743221e-01
 58057   65.7   24.3    0.35  321.3  270.0    0.70  4.456569e-04  3.747678e-01
 27035   43.4   46.6    0.35  275.8  224.4    0.78  4.444036e-04  3.752122e-01
 64653   69.9   20.1    0.35  279.5  228.1    0.70  4.435495e-04  3.756557e-01
 72392   74.6   15.4    0.35  320.6  269.3    0.70  4.409450e-04  3.760967e-01
166280  133.8  -43.8    0.35  129.1   77.8    0.73  4.397805e-04  3.765365e-01
 37078   51.3   38.7    0.35  330.8  279.4    0.70  4.389621e-04  3.769754e-01
138703  114.3  -24.3    0.35  145.5   94.2    0.70  4.386466e-04  3.774141e-01
  3905   16.1   73.9    0.35  248.5  197.1    2.05  4.369381e-04  3.778510e-01
154577  125.0  -35.0    0.35  147.3   95.9    0.70  4.369304e-04  3.782879e-01
  5047   18.4   71.6    0.35  265.5  214.1    1.80  4.360915e-04  3.787240e-01
 39043   52.8   37.2    0.35  272.5  221.1    0.70  4.352862e-04  3.791593e-01
 61640   68.0   22.0    0.35  321.0  269.6    0.70  4.340554e-04  3.795934e-01
 29446   45.4   44.6    0.35  302.4  251.0    0.74  4.331718e-04  3.800265e-01
  9036   24.7   65.3    0.35  258.6  207.2    1.34  4.331587e-04  3.804597e-01
  1836   11.0   79.0    0.35  289.5  238.1    3.00  4.331025e-04  3.808928e-01
 31939   47.4   42.6    0.35  313.9  262.6    0.71  4.323666e-04  3.813252e-01
 27052   43.4   46.6    0.35  289.0  237.6    0.78  4.312498e-04  3.817564e-01
 83143   81.0    9.0    0.35  320.3  268.9    0.70  4.308204e-04  3.821872e-01
164280  132.2  -42.2    0.35  130.7   79.4    0.71  4.294416e-04  3.826167e-01
 68803   72.4   17.6    0.35  317.5  266.1    0.70  4.283973e-04  3.830451e-01
167275  134.6  -44.6    0.35  142.4   91.1    0.74  4.277293e-04  3.834728e-01
 57538   65.4   24.6    0.35  316.8  265.4    0.70  4.271801e-04  3.839000e-01
157103  126.8  -36.8    0.35  123.0   71.7    0.70  4.269851e-04  3.843270e-01
 83148   81.0    9.0    0.35  323.8  272.4    0.70  4.241142e-04  3.847511e-01
157123  126.8  -36.8    0.35  137.1   85.7    0.70  4.240247e-04  3.851751e-01
 46775   58.3   31.7    0.35  308.7  257.3    0.70  4.234223e-04  3.855985e-01
 34437   49.4   40.6    0.35  273.5  222.1    0.70  4.232349e-04  3.860218e-01
 83147   81.0    9.0    0.35  323.1  271.7    0.70  4.224406e-04  3.864442e-01
  2209   12.1   77.9    0.35  265.9  214.5    2.73  4.224281e-04  3.868666e-01
176144  142.4  -52.4    0.35  125.2   73.8    0.89  4.222628e-04  3.872889e-01
122801  104.5  -14.5    0.35  124.8   73.4    0.70  4.210684e-04  3.877100e-01
148937  121.0  -31.0    0.35  141.3   90.0    0.70  4.202597e-04  3.881302e-01
167283  134.6  -44.6    0.35  148.4   97.0    0.74  4.195117e-04  3.885497e-01
 68754   72.4   17.6    0.35  283.0  231.6    0.70  4.193646e-04  3.889691e-01
 54485   63.4   26.6    0.35  330.1  278.7    0.70  4.191044e-04  3.893882e-01
 25702   42.3   47.7    0.35  311.0  259.6    0.80  4.182661e-04  3.898065e-01
148436  120.7  -30.7    0.35  149.4   98.0    0.70  4.169094e-04  3.902234e-01
  8507   23.9   66.1    0.35  259.6  208.2    1.38  4.164052e-04  3.906398e-01
158106  127.5  -37.5    0.35  108.3   56.9    0.70  4.158902e-04  3.910557e-01
162785  131.0  -41.0    0.35  158.6  107.2    0.70  4.158289e-04  3.914715e-01
 54450   63.4   26.6    0.35  305.5  254.1    0.70  4.147379e-04  3.918862e-01
 78487   78.3   11.7    0.35  286.2  234.8    0.70  4.134161e-04  3.922997e-01
 38803   52.8   37.2    0.35  103.7   52.3    0.70  4.127312e-04  3.927124e-01
 34517   49.4   40.6    0.35  329.8  278.4    0.70  4.101904e-04  3.931226e-01
 36559   50.9   39.1    0.35  325.5  274.2    0.70  4.101475e-04  3.935327e-01
 45252   57.2   32.8    0.35  318.2  266.8    0.70  4.095227e-04  3.939423e-01
 42177   55.0   35.0    0.35  316.1  264.7    0.70  4.078621e-04  3.943501e-01
 49033   60.0   30.0    0.35   96.7   45.3    0.70  4.077617e-04  3.947579e-01
 33410   48.6   41.4    0.35  271.4  220.0    0.70  4.063674e-04  3.951642e-01
 58055   65.7   24.3    0.35  319.9  268.5    0.70  4.043072e-04  3.955686e-01
  4654   17.6   72.4    0.35  267.2  215.8    1.88  4.039340e-04  3.959725e-01
137659  113.6  -23.6    0.35  131.5   80.1    0.70  4.038140e-04  3.963763e-01
170087  137.0  -47.0    0.35  124.8   73.5    0.78  4.034083e-04  3.967797e-01
 23042   39.9   50.1    0.35  301.5  250.2    0.84  4.026869e-04  3.971824e-01
 34494   49.4   40.6    0.35  313.6  262.2    0.70  4.025573e-04  3.975850e-01
  6310   20.6   69.4    0.35  241.9  190.5    1.61  4.006033e-04  3.979856e-01
 74892   76.1   13.9    0.35  278.8  227.4    0.70  3.999012e-04  3.983855e-01
  2471   12.8   77.2    0.35  235.3  183.9    2.57  3.991455e-04  3.987846e-01
  2767   13.6   76.4    0.35  251.8  200.4    2.43  3.991362e-04  3.991837e-01
 35459   50.2   39.8    0.35  272.1  220.7    0.70  3.981190e-04  3.995819e-01
  5608   19.5   70.5    0.35  163.9  112.5    1.70  3.977320e-04  3.999796e-01
 24606   41.5   48.5    0.35  151.2   99.8    0.81  3.965457e-04  4.003761e-01
 68802   72.4   17.6    0.35  316.8  265.4    0.70  3.956336e-04  4.007718e-01
 26573   43.0   47.0    0.35  276.7  225.3    0.78  3.942985e-04  4.011661e-01
162262  130.6  -40.6    0.35  150.5   99.1    0.70  3.942444e-04  4.015603e-01
 17788   34.9   55.1    0.35  291.5  240.2    0.96  3.938001e-04  4.019541e-01
 11315   27.7   62.3    0.35  258.6  207.2    1.20  3.935816e-04  4.023477e-01
 52440   62.0   28.0    0.35  332.2  280.9    0.70  3.934407e-04  4.027411e-01
129979  108.8  -18.8    0.35  131.8   80.5    0.70  3.921651e-04  4.031333e-01
 39554   53.2   36.8    0.35  271.4  220.0    0.70  3.904494e-04  4.035237e-01
  6548   20.9   69.1    0.35  259.7  208.4    1.58  3.899220e-04  4.039137e-01
  3193   14.7   75.3    0.35  165.4  114.0    2.25  3.898927e-04  4.043036e-01
 33993   49.0   41.0    0.35  321.7  270.3    0.70  3.879935e-04  4.046916e-01
 13520   30.3   59.7    0.35  259.6  208.2    1.10  3.879266e-04  4.050795e-01
173656  140.1  -50.1    0.35  135.0   83.6    0.84  3.870450e-04  4.054665e-01
 20945   38.0   52.0    0.35  301.3  249.9    0.88  3.862821e-04  4.058528e-01
 22185   39.1   50.9    0.35  296.1  244.8    0.86  3.862518e-04  4.062391e-01
 19724   36.8   53.2    0.35  291.4  240.0    0.91  3.859794e-04  4.066250e-01
 17438   34.5   55.5    0.35  316.0  264.6    0.97  3.855828e-04  4.070106e-01
 15248   32.2   57.8    0.35  294.3  242.9    1.03  3.848239e-04  4.073954e-01
 48853   59.7   30.3    0.35  329.8  278.4    0.70  3.847383e-04  4.077802e-01
 37057   51.3   38.7    0.35  316.1  264.7    0.70  3.842486e-04  4.081644e-01
152500  123.5  -33.5    0.35  126.9   75.5    0.70  3.836930e-04  4.085481e-01
150971  122.4  -32.4    0.35  131.5   80.1    0.70  3.836275e-04  4.089318e-01
 14092   31.1   58.9    0.35  159.1  107.7    1.07  3.835907e-04  4.093153e-01
 36554   50.9   39.1    0.35  322.0  270.7    0.70  3.830795e-04  4.096984e-01
164310  132.2  -42.2    0.35  152.0  100.6    0.71  3.830236e-04  4.100814e-01
 48338   59.3   30.7    0.35  328.0  276.6    0.70  3.829424e-04  4.104644e-01
160176  129.1  -39.1    0.35  123.7   72.4    0.70  3.829322e-04  4.108473e-01
 18541   35.7   54.3    0.35  282.7  231.3    0.94  3.823722e-04  4.112297e-01
148935  121.0  -31.0    0.35  139.9   88.5    0.70  3.819421e-04  4.116116e-01
 27554   43.8   46.2    0.35  315.8  264.4    0.77  3.816756e-04  4.119933e-01
  6998   21.7   68.3    0.35  235.7  184.3    1.53  3.815315e-04  4.123748e-01
 33997   49.0   41.0    0.35  324.5  273.1    0.70  3.807967e-04  4.127556e-01
 44737   56.8   33.2    0.35  315.7  264.3    0.70  3.804176e-04  4.131361e-01
153051  123.9  -33.9    0.35  154.0  102.6    0.70  3.799720e-04  4.135160e-01
 40070   53.6   36.4    0.35  274.6  223.2    0.70  3.794241e-04  4.138955e-01
137660  113.6  -23.6    0.35  132.2   80.8    0.70  3.793334e-04  4.142748e-01
 62608   68.6   21.4    0.35  281.6  230.2    0.70  3.788326e-04  4.146536e-01
 12234   28.8   61.2    0.35  256.7  205.4    1.15  3.780299e-04  4.150317e-01
 18159   35.3   54.7    0.35  283.7  232.4    0.95  3.779536e-04  4.154096e-01
171032  137.7  -47.7    0.35  150.1   98.8    0.80  3.777508e-04  4.157874e-01
 11954   28.4   61.6    0.35  292.8  241.4    1.17  3.776793e-04  4.161650e-01
 72395   74.6   15.4    0.35  322.7  271.4    0.70  3.768714e-04  4.165419e-01
 36988   51.3   38.7    0.35  267.5  216.2    0.70  3.763027e-04  4.169182e-01
 18165   35.3   54.7    0.35  289.4  238.0    0.95  3.760420e-04  4.172943e-01
 17805   34.9   55.1    0.35  307.8  256.4    0.96  3.758086e-04  4.176701e-01
164283  132.2  -42.2    0.35  132.9   81.5    0.71  3.755704e-04  4.180456e-01
 75915   76.8   13.2    0.35  278.1  226.7    0.70  3.753622e-04  4.184210e-01
 38542   52.5   37.5    0.35  279.8  228.5    0.70  3.751917e-04  4.187962e-01
158133  127.5  -37.5    0.35  127.3   75.9    0.70  3.751339e-04  4.191713e-01
 42183   55.0   35.0    0.35  320.3  268.9    0.70  3.750926e-04  4.195464e-01
155571  125.7  -35.7    0.35  126.2   74.8    0.70  3.743627e-04  4.199208e-01
161691  130.2  -40.2    0.35  109.3   58.0    0.70  3.738700e-04  4.202946e-01
154048  124.6  -34.6    0.35  135.0   83.6    0.70  3.735014e-04  4.206681e-01
157124  126.8  -36.8    0.35  137.8   86.4    0.70  3.731774e-04  4.210413e-01
161753  130.2  -40.2    0.35  152.9  101.6    0.70  3.729275e-04  4.214142e-01
 29892   45.8   44.2    0.35  271.8  220.5    0.74  3.725889e-04  4.217868e-01
 45232   57.2   32.8    0.35  304.1  252.7    0.70  3.723222e-04  4.221592e-01
118732  102.0  -12.0    0.35  143.8   92.4    0.70  3.718327e-04  4.225310e-01
138702  114.3  -24.3    0.35  144.8   93.5    0.70  3.716701e-04  4.229027e-01
174917  141.3  -51.3    0.35  129.4   78.0    0.87  3.706944e-04  4.232734e-01
  8963   24.7   65.3    0.35  160.5  109.1    1.34  3.703121e-04  4.236437e-01
144815  118.3  -28.3    0.35  123.0   71.7    0.70  3.702945e-04  4.240140e-01
 27094   43.4   46.6    0.35  321.6  270.2    0.78  3.700768e-04  4.243840e-01
129978  108.8  -18.8    0.35  131.1   79.8    0.70  3.700717e-04  4.247541e-01
 38025   52.1   37.9    0.35  276.7  225.3    0.70  3.696976e-04  4.251238e-01
 67257   71.5   18.5    0.35  310.1  258.7    0.70  3.671052e-04  4.254909e-01
164801  132.6  -42.6    0.35  141.1   89.7    0.71  3.663477e-04  4.258573e-01
 39550   53.2   36.8    0.35  268.6  217.2    0.70  3.662973e-04  4.262236e-01
 41670   54.7   35.3    0.35  319.2  267.8    0.70  3.662937e-04  4.265899e-01
 61069   67.7   22.3    0.35  279.1  227.8    0.70  3.658026e-04  4.269557e-01
156632  126.4  -36.4    0.35  152.2  100.9    0.70  3.657766e-04  4.273214e-01
  7013   21.7   68.3    0.35  258.6  207.2    1.53  3.657341e-04  4.276872e-01
 28990   45.0   45.0    0.35  322.9  271.5    0.75  3.651504e-04  4.280523e-01
162767  131.0  -41.0    0.35  145.9   94.5    0.70  3.649177e-04  4.284172e-01
 35975   50.5   39.5    0.35  275.3  223.9    0.70  3.645719e-04  4.287818e-01
 24754   41.5   48.5    0.35  271.2  219.8    0.81  3.644174e-04  4.291462e-01
152010  123.2  -33.2    0.35  142.0   90.7    0.70  3.643903e-04  4.295106e-01
148936  121.0  -31.0    0.35  140.6   89.3    0.70  3.642724e-04  4.298749e-01
172785  139.3  -49.3    0.35  130.0   78.7    0.83  3.637680e-04  4.302387e-01
  7740   22.8   67.2    0.35  256.2  204.8    1.45  3.634132e-04  4.306021e-01
149417  121.4  -31.4    0.35  119.2   67.8    0.70  3.626541e-04  4.309647e-01
 54474   63.4   26.6    0.35  322.4  271.0    0.70  3.625506e-04  4.313273e-01
169174  136.2  -46.2    0.35  137.3   85.9    0.77  3.614043e-04  4.316887e-01
 18174   35.3   54.7    0.35  297.9  246.6    0.95  3.612797e-04  4.320500e-01
 31923   47.4   42.6    0.35  302.5  251.1    0.71  3.606975e-04  4.324107e-01
160204  129.1  -39.1    0.35  143.4   92.1    0.70  3.605813e-04  4.327712e-01
175753  142.0  -52.0    0.35  139.0   87.6    0.88  3.597171e-04  4.331310e-01
 69824   73.0   17.0    0.35  315.4  264.0    0.70  3.592969e-04  4.334903e-01
178117  144.3  -54.3    0.35  125.2   73.8    0.94  3.588825e-04  4.338491e-01
 23060   39.9   50.1    0.35  316.7  265.3    0.84  3.582710e-04  4.342074e-01
 19747   36.8   53.2    0.35  312.3  260.9    0.91  3.580655e-04  4.345655e-01
 61636   68.0   22.0    0.35  318.2  266.8    0.70  3.574430e-04  4.349229e-01
 81556   80.1    9.9    0.35  284.1  232.7    0.70  3.571012e-04  4.352800e-01
155033  125.3  -35.3    0.35  107.6   56.2    0.70  3.570388e-04  4.356371e-01
 83607   81.3    8.7    0.35  286.2  234.8    0.70  3.569162e-04  4.359940e-01
151448  122.8  -32.8    0.35  107.2   55.9    0.70  3.550527e-04  4.363490e-01
 60046   67.0   23.0    0.35  279.8  228.5    0.70  3.550396e-04  4.367041e-01
 13226   29.9   60.1    0.35  296.1  244.7    1.11  3.546817e-04  4.370587e-01
  7479   22.4   67.6    0.35  235.3  184.0    1.48  3.543634e-04  4.374131e-01
157645  127.2  -37.2    0.35  144.5   93.1    0.70  3.543513e-04  4.377675e-01
 23485   40.3   49.7    0.35  311.2  259.9    0.83  3.542933e-04  4.381218e-01
 76938   77.4   12.6    0.35  277.4  226.0    0.70  3.538565e-04  4.384756e-01
155561  125.7  -35.7    0.35  119.2   67.8    0.70  3.536226e-04  4.388292e-01
155572  125.7  -35.7    0.35  126.9   75.5    0.70  3.531272e-04  4.391824e-01
 63124   68.9   21.1    0.35  284.1  232.7    0.70  3.530347e-04  4.395354e-01
154558  125.0  -35.0    0.35  133.9   82.6    0.70  3.523823e-04  4.398878e-01
  4266   16.9   73.1    0.35  247.5  196.1    1.96  3.512888e-04  4.402391e-01
 85124   82.2    7.8    0.35  273.2  221.8    0.70  3.511768e-04  4.405902e-01
118729  102.0  -12.0    0.35  141.7   90.3    0.70  3.511579e-04  4.409414e-01
 56471   64.7   25.3    0.35  286.5  235.1    0.70  3.496470e-04  4.412910e-01
157638  127.2  -37.2    0.35  139.6   88.2    0.70  3.491477e-04  4.416402e-01
 17433   34.5   55.5    0.35  311.1  259.8    0.97  3.483671e-04  4.419886e-01
141780  116.3  -26.3    0.35  149.1   97.7    0.70  3.477578e-04  4.423363e-01
 31375   47.0   43.0    0.35  270.4  219.0    0.72  3.461117e-04  4.426824e-01
157142  126.8  -36.8    0.35  150.5   99.1    0.70  3.455853e-04  4.430280e-01
 37052   51.3   38.7    0.35  312.5  261.2    0.70  3.453249e-04  4.433733e-01
 57537   65.4   24.6    0.35  316.1  264.7    0.70  3.451406e-04  4.437185e-01
 22197   39.1   50.9    0.35  306.4  255.1    0.86  3.450683e-04  4.440635e-01
 31422   47.0   43.0    0.35  304.2  252.8    0.72  3.443033e-04  4.444079e-01
160195  129.1  -39.1    0.35  137.1   85.7    0.70  3.442116e-04  4.447521e-01
 27534   43.8   46.2    0.35  300.4  249.0    0.77  3.428372e-04  4.450949e-01
 39114   52.8   37.2    0.35  322.4  271.0    0.70  3.425368e-04  4.454374e-01
 22186   39.1   50.9    0.35  297.0  245.6    0.86  3.419857e-04  4.457794e-01
 68759   72.4   17.6    0.35  286.5  235.1    0.70  3.408257e-04  4.461202e-01
 86728   83.1    6.9    0.35  320.6  269.3    0.70  3.399891e-04  4.464602e-01
 35002   49.8   40.2    0.35  311.1  259.8    0.70  3.394880e-04  4.467997e-01
 20523   37.6   52.4    0.35  288.3  236.9    0.89  3.392539e-04  4.471390e-01
166761  134.2  -44.2    0.35  122.1   70.7    0.74  3.388734e-04  4.474779e-01
177347  143.6  -53.6    0.35  131.8   80.4    0.92  3.388488e-04  4.478167e-01
 42893   55.8   34.2    0.35   99.5   48.1    0.70  3.387670e-04  4.481555e-01
168215  135.4  -45.4    0.35  126.7   75.3    0.76  3.382438e-04  4.484937e-01
153016  123.9  -33.9    0.35  129.4   78.0    0.70  3.381067e-04  4.488318e-01
121304  103.6  -13.6    0.35  151.9  100.5    0.70  3.379891e-04  4.491698e-01
163745  131.8  -41.8    0.35  113.6   62.2    0.70  3.379372e-04  4.495077e-01
 17797   34.9   55.1    0.35  300.2  248.8    0.96  3.377753e-04  4.498455e-01
157119  126.8  -36.8    0.35  134.3   82.9    0.70  3.373492e-04  4.501829e-01
 45956   57.9   32.1    0.35   93.2   41.8    0.70  3.372006e-04  4.505201e-01
 80533   79.5   10.5    0.35  284.8  233.4    0.70  3.370803e-04  4.508572e-01
  5448   19.1   70.9    0.35  250.1  198.7    1.73  3.369477e-04  4.511941e-01
 72393   74.6   15.4    0.35  321.3  270.0    0.70  3.364630e-04  4.515306e-01
 72851   74.9   15.1    0.35  283.7  232.3    0.70  3.360538e-04  4.518666e-01
 42189   55.0   35.0    0.35  324.5  273.1    0.70  3.359729e-04  4.522026e-01
 97946   89.7    0.3    0.35  288.3  236.9    0.70  3.339498e-04  4.525365e-01
 40125   53.6   36.4    0.35  313.2  261.9    0.70  3.339394e-04  4.528705e-01
 74939   76.1   13.9    0.35  311.8  260.5    0.70  3.329488e-04  4.532034e-01
 34953   49.8   40.2    0.35  276.7  225.3    0.70  3.327037e-04  4.535361e-01
 62140   68.3   21.7    0.35  312.2  260.8    0.70  3.326479e-04  4.538688e-01
 83149   81.0    9.0    0.35  324.5  273.1    0.70  3.325309e-04  4.542013e-01
 17031   34.1   55.9    0.35  281.2  229.9    0.98  3.323079e-04  4.545336e-01
 84101   81.6    8.4    0.35  273.9  222.5    0.70  3.321865e-04  4.548658e-01
 98969   90.3   -0.3    0.35  287.6  236.2    0.70  3.321365e-04  4.551979e-01
 26590   43.0   47.0    0.35  290.0  238.6    0.78  3.316578e-04  4.555296e-01
133542  111.1  -21.1    0.35  116.7   65.3    0.70  3.312508e-04  4.558608e-01
 60621   67.3   22.7    0.35  324.5  273.1    0.70  3.303576e-04  4.561912e-01
 13880   30.7   59.3    0.35  291.1  239.8    1.08  3.300178e-04  4.565212e-01
134594  111.7  -21.7    0.35  136.4   85.0    0.70  3.299264e-04  4.568512e-01
 33988   49.0   41.0    0.35  318.2  266.8    0.70  3.295573e-04  4.571807e-01
 46763   58.3   31.7    0.35  300.2  248.9    0.70  3.295292e-04  4.575102e-01
 53910   63.1   26.9    0.35  285.5  234.1    0.70  3.288327e-04  4.578391e-01
178888  145.1  -55.1    0.35  134.5   83.1    0.96  3.287162e-04  4.581678e-01
165298  133.0  -43.0    0.35  137.2   85.8    0.72  3.285417e-04  4.584963e-01
 64204   69.6   20.4    0.35  323.4  272.1    0.70  3.280597e-04  4.588244e-01
113104   98.7   -8.7    0.35  146.2   94.9    0.70  3.270330e-04  4.591514e-01
175335  141.6  -51.6    0.35  132.4   81.0    0.87  3.269195e-04  4.594783e-01
167239  134.6  -44.6    0.35  115.7   64.3    0.74  3.268687e-04  4.598052e-01
154564  125.0  -35.0    0.35  138.2   86.8    0.70  3.267197e-04  4.601319e-01
116695  100.8  -10.8    0.35  151.5  100.1    0.70  3.250193e-04  4.604569e-01
156088  126.1  -36.1    0.35  129.4   78.0    0.70  3.249522e-04  4.607819e-01
131007  109.5  -19.5    0.35  134.6   83.3    0.70  3.247470e-04  4.611066e-01
 39636   53.2   36.8    0.35  329.1  277.7    0.70  3.246992e-04  4.614313e-01
 18183   35.3   54.7    0.35  306.5  255.1    0.95  3.242734e-04  4.617556e-01
  1161    8.8   81.2    0.35  215.6  164.3    3.75  3.238943e-04  4.620795e-01
 58056   65.7   24.3    0.35  320.6  269.3    0.70  3.236003e-04  4.624031e-01
173659  140.1  -50.1    0.35  137.5   86.1    0.84  3.228142e-04  4.627259e-01
136633  113.0  -23.0    0.35  130.1   78.7    0.70  3.226129e-04  4.630485e-01
 72396   74.6   15.4    0.35  323.4  272.1    0.70  3.207274e-04  4.633693e-01
142273  116.6  -26.6    0.35  136.1   84.7    0.70  3.205862e-04  4.636899e-01
  6948   21.7   68.3    0.35  159.4  108.0    1.53  3.201971e-04  4.640101e-01
  5249   18.7   71.3    0.35  263.8  212.4    1.76  3.191435e-04  4.643292e-01
164793  132.6  -42.6    0.35  135.4   84.0    0.71  3.189436e-04  4.646481e-01
192849  164.2  -74.2    0.35   53.4    2.0    2.09  3.187910e-04  4.649669e-01
147384  120.0  -30.0    0.35  129.7   78.4    0.70  3.187909e-04  4.652857e-01
  4659   17.6   72.4    0.35  276.6  225.2    1.88  3.181682e-04  4.656039e-01
141246  115.9  -25.9    0.35  133.9   82.6    0.70  3.176185e-04  4.659215e-01
 24808   41.5   48.5    0.35  315.0  263.6    0.81  3.171456e-04  4.662387e-01
173655  140.1  -50.1    0.35  134.2   82.8    0.84  3.167762e-04  4.665554e-01
118731  102.0  -12.0    0.35  143.1   91.7    0.70  3.167071e-04  4.668721e-01
102039   92.1   -2.1    0.35  286.2  234.8    0.70  3.166031e-04  4.671887e-01
138704  114.3  -24.3    0.35  146.2   94.9    0.70  3.163076e-04  4.675050e-01
 91784   86.1    3.9    0.35  275.6  224.3    0.70  3.161246e-04  4.678212e-01
118185  101.7  -11.7    0.35  118.8   67.5    0.70  3.155194e-04  4.681367e-01
154031  124.6  -34.6    0.35  123.0   71.7    0.70  3.143069e-04  4.684510e-01
 15973   33.0   57.0    0.35  313.0  261.6    1.01  3.140060e-04  4.687650e-01
  8778   24.3   65.7    0.35  270.7  219.3    1.36  3.139179e-04  4.690789e-01
 39617   53.2   36.8    0.35  315.7  264.3    0.70  3.134435e-04  4.693924e-01
 17414   34.5   55.5    0.35  292.7  241.4    0.97  3.128577e-04  4.697052e-01
  3727   15.8   74.2    0.35  241.7  190.4    2.09  3.123250e-04  4.700175e-01
 42120   55.0   35.0    0.35  276.0  224.6    0.70  3.122931e-04  4.703298e-01
 39629   53.2   36.8    0.35  324.1  272.8    0.70  3.121762e-04  4.706420e-01
 31139   47.0   43.0    0.35  100.4   49.1    0.72  3.121427e-04  4.709542e-01
 67215   71.5   18.5    0.35  280.5  229.2    0.70  3.111385e-04  4.712653e-01
 51348   61.4   28.6    0.35  284.4  233.0    0.70  3.104932e-04  4.715758e-01
 14169   31.1   58.9    0.35  241.6  190.2    1.07  3.104706e-04  4.718863e-01
148417  120.7  -30.7    0.35  136.1   84.7    0.70  3.104030e-04  4.721967e-01
134593  111.7  -21.7    0.35  135.7   84.3    0.70  3.098677e-04  4.725065e-01
 20938   38.0   52.0    0.35  295.1  243.8    0.88  3.091686e-04  4.728157e-01
 55955   64.4   25.6    0.35  283.4  232.0    0.70  3.087470e-04  4.731244e-01
 15470   32.6   57.4    0.35  162.1  110.7    1.02  3.087324e-04  4.734332e-01
162243  130.6  -40.6    0.35  137.1   85.7    0.70  3.086051e-04  4.737418e-01
 50565   61.0   29.0    0.35   93.5   42.1    0.70  3.084222e-04  4.740502e-01
145319  118.6  -28.6    0.35  117.8   66.4    0.70  3.076259e-04  4.743578e-01
 16316   33.4   56.6    0.35  296.5  245.1    1.00  3.062717e-04  4.746641e-01
 13189   29.9   60.1    0.35  255.0  203.6    1.11  3.061261e-04  4.749702e-01
 13550   30.3   59.7    0.35  292.5  241.1    1.10  3.055551e-04  4.752758e-01
 24813   41.5   48.5    0.35  319.1  267.7    0.81  3.052497e-04  4.755810e-01
 35450   50.2   39.8    0.35  265.8  214.4    0.70  3.048284e-04  4.758859e-01
 51865   61.7   28.3    0.35  287.6  236.2    0.70  3.039832e-04  4.761898e-01
159126  128.3  -38.3    0.35  105.5   54.1    0.70  3.037025e-04  4.764936e-01
 42160   55.0   35.0    0.35  304.1  252.7    0.70  3.034044e-04  4.767970e-01
151454  122.8  -32.8    0.35  111.4   60.1    0.70  3.030567e-04  4.771000e-01
 29406   45.4   44.6    0.35  272.6  221.2    0.74  3.026079e-04  4.774026e-01
 14523   31.5   58.5    0.35  257.8  206.4    1.06  3.020012e-04  4.777046e-01
 73421   75.2   14.8    0.35  324.1  272.8    0.70  3.015733e-04  4.780062e-01
 66192   70.8   19.2    0.35  281.2  229.9    0.70  3.015432e-04  4.783077e-01
 57536   65.4   24.6    0.35  315.4  264.0    0.70  3.014996e-04  4.786092e-01
 57484   65.4   24.6    0.35  278.8  227.4    0.70  3.011681e-04  4.789104e-01
 29931   45.8   44.2    0.35  300.6  249.2    0.74  3.009543e-04  4.792114e-01
146345  119.3  -29.3    0.35  119.2   67.8    0.70  3.009013e-04  4.795123e-01
157129  126.8  -36.8    0.35  141.3   90.0    0.70  3.001472e-04  4.798124e-01
154569  125.0  -35.0    0.35  141.7   90.3    0.70  2.995520e-04  4.801120e-01
 30710   46.6   43.4    0.35  149.9   98.5    0.73  2.985618e-04  4.804105e-01
179100  145.1  -55.1    0.35  337.5  286.1    0.96  2.983256e-04  4.807088e-01
151962  123.2  -33.2    0.35  108.3   56.9    0.70  2.979958e-04  4.810068e-01
  5662   19.5   70.5    0.35  255.6  204.2    1.70  2.979132e-04  4.813048e-01
 27549   43.8   46.2    0.35  311.9  260.5    0.77  2.975834e-04  4.816023e-01
 21603   38.7   51.3    0.35  155.3  104.0    0.87  2.973098e-04  4.818996e-01
123827  105.1  -15.1    0.35  126.2   74.8    0.70  2.972984e-04  4.821969e-01
150972  122.4  -32.4    0.35  132.2   80.8    0.70  2.972118e-04  4.824942e-01
 22600   39.5   50.5    0.35  289.1  237.7    0.85  2.971020e-04  4.827913e-01
151488  122.8  -32.8    0.35  135.4   84.0    0.70  2.970044e-04  4.830883e-01
 18948   36.0   54.0    0.35  301.1  249.7    0.93  2.965471e-04  4.833848e-01
155613  125.7  -35.7    0.35  155.7  104.4    0.70  2.965258e-04  4.836813e-01
157592  127.2  -37.2    0.35  107.2   55.9    0.70  2.964583e-04  4.839778e-01
 48787   59.7   30.3    0.35  283.4  232.0    0.70  2.962018e-04  4.842740e-01
 54923   63.7   26.3    0.35  277.7  226.4    0.70  2.957704e-04  4.845698e-01
 29416   45.4   44.6    0.35  280.0  228.7    0.74  2.955256e-04  4.848653e-01
162248  130.6  -40.6    0.35  140.6   89.3    0.70  2.953022e-04  4.851606e-01
156603  126.4  -36.4    0.35  131.8   80.5    0.70  2.952130e-04  4.854558e-01
150958  122.4  -32.4    0.35  122.3   71.0    0.70  2.948215e-04  4.857506e-01
 53393   62.7   27.3    0.35  282.3  230.9    0.70  2.946725e-04  4.860453e-01
 21753   38.7   51.3    0.35  285.1  233.8    0.87  2.946715e-04  4.863400e-01
156579  126.4  -36.4    0.35  115.0   63.6    0.70  2.940666e-04  4.866340e-01
193663  166.1  -76.1    0.35   46.2  354.8    2.37  2.940452e-04  4.869281e-01
  4288   16.9   73.1    0.35  290.5  239.2    1.96  2.936508e-04  4.872217e-01
160665  129.5  -39.5    0.35  107.9   56.6    0.70  2.909715e-04  4.875127e-01
153558  124.2  -34.2    0.35  150.8   99.4    0.70  2.908533e-04  4.878036e-01
 20923   38.0   52.0    0.35  281.9  230.5    0.88  2.908489e-04  4.880944e-01
 54426   63.4   26.6    0.35  288.6  237.3    0.70  2.908402e-04  4.883853e-01
151975  123.2  -33.2    0.35  117.4   66.0    0.70  2.907062e-04  4.886760e-01
116694  100.8  -10.8    0.35  150.8   99.4    0.70  2.906244e-04  4.889666e-01
 31877   47.4   42.6    0.35  269.6  218.3    0.71  2.904735e-04  4.892571e-01
 51406   61.4   28.6    0.35  325.2  273.8    0.70  2.897948e-04  4.895469e-01
 60618   67.3   22.7    0.35  322.4  271.0    0.70  2.891649e-04  4.898360e-01
 69822   73.0   17.0    0.35  313.9  262.6    0.70  2.887263e-04  4.901247e-01
 67736   71.8   18.2    0.35  287.2  235.9    0.70  2.877374e-04  4.904125e-01
 45244   57.2   32.8    0.35  312.5  261.2    0.70  2.866315e-04  4.906991e-01
 31447   47.0   43.0    0.35  322.2  270.8    0.72  2.864490e-04  4.909856e-01
147901  120.3  -30.3    0.35  132.9   81.5    0.70  2.860492e-04  4.912716e-01
166798  134.2  -44.2    0.35  149.4   98.0    0.74  2.859115e-04  4.915575e-01
 37002   51.3   38.7    0.35  277.4  226.0    0.70  2.853056e-04  4.918428e-01
 41677   54.7   35.3    0.35  324.1  272.8    0.70  2.850383e-04  4.921279e-01
 45720   57.6   32.4    0.35  286.9  235.5    0.70  2.849593e-04  4.924128e-01
 65229   70.2   19.8    0.35  324.1  272.8    0.70  2.849227e-04  4.926977e-01
 55510   64.1   25.9    0.35  330.8  279.4    0.70  2.843594e-04  4.929821e-01
122302  104.2  -14.2    0.35  133.6   82.2    0.70  2.842091e-04  4.932663e-01
154527  125.0  -35.0    0.35  112.1   60.8    0.70  2.836613e-04  4.935500e-01
135118  112.0  -22.0    0.35  145.2   93.8    0.70  2.834947e-04  4.938335e-01
 29466   45.4   44.6    0.35  317.2  265.9    0.74  2.826753e-04  4.941161e-01
 26344   43.0   47.0    0.35   97.4   46.1    0.78  2.819884e-04  4.943981e-01
 49303   60.0   30.0    0.35  286.5  235.1    0.70  2.812521e-04  4.946794e-01
 16329   33.4   56.6    0.35  309.5  258.1    1.00  2.811627e-04  4.949605e-01
 30382   46.2   43.8    0.35  271.1  219.7    0.73  2.805388e-04  4.952411e-01
155048  125.3  -35.3    0.35  118.1   66.8    0.70  2.804123e-04  4.955215e-01
 78533   78.3   11.7    0.35  318.5  267.1    0.70  2.799669e-04  4.958015e-01
160205  129.1  -39.1    0.35  144.1   92.8    0.70  2.795156e-04  4.960810e-01
 60617   67.3   22.7    0.35  321.7  270.3    0.70  2.793907e-04  4.963604e-01
 42706   55.4   34.6    0.35  327.7  276.3    0.70  2.786832e-04  4.966391e-01
141744  116.3  -26.3    0.35  123.7   72.4    0.70  2.786765e-04  4.969177e-01
 31443   47.0   43.0    0.35  319.3  267.9    0.72  2.780674e-04  4.971958e-01
 16535   33.7   56.3    0.35  153.8  102.4    0.99  2.776734e-04  4.974735e-01
 53954   63.1   26.9    0.35  316.4  265.0    0.70  2.773107e-04  4.977508e-01
125911  106.3  -16.3    0.35  151.5  100.1    0.70  2.771464e-04  4.980279e-01
157643  127.2  -37.2    0.35  143.1   91.7    0.70  2.769725e-04  4.983049e-01
 46742   58.3   31.7    0.35  285.5  234.1    0.70  2.765550e-04  4.985815e-01
 71828   74.3   15.7    0.35  284.4  233.0    0.70  2.764324e-04  4.988579e-01
 21354   38.4   51.6    0.35  299.3  247.9    0.87  2.757403e-04  4.991336e-01
 74940   76.1   13.9    0.35  312.5  261.2    0.70  2.755428e-04  4.994092e-01
 10165   26.2   63.8    0.35  285.8  234.5    1.27  2.754471e-04  4.996846e-01
135623  112.3  -22.3    0.35  139.9   88.5    0.70  2.750201e-04  4.999596e-01
105375   94.2   -4.2    0.35  112.1   60.8    0.70  2.746439e-04  5.002343e-01
168204  135.4  -45.4    0.35  118.4   67.0    0.76  2.745874e-04  5.005089e-01
137647  113.6  -23.6    0.35  123.0   71.7    0.70  2.743719e-04  5.007832e-01
 45784   57.6   32.4    0.35  331.9  280.5    0.70  2.743536e-04  5.010576e-01
154069  124.6  -34.6    0.35  149.8   98.4    0.70  2.739002e-04  5.013315e-01
 40149   53.6   36.4    0.35  330.1  278.7    0.70  2.738239e-04  5.016053e-01
 14541   31.5   58.5    0.35  276.9  225.5    1.06  2.735140e-04  5.018788e-01
 13097   29.9   60.1    0.35  152.8  101.4    1.11  2.730857e-04  5.021519e-01
 34498   49.4   40.6    0.35  316.4  265.0    0.70  2.730582e-04  5.024250e-01
144855  118.3  -28.3    0.35  151.2   99.8    0.70  2.727457e-04  5.026977e-01
184268  150.8  -60.8    0.35  342.3  291.0    1.14  2.725362e-04  5.029703e-01
 29461   45.4   44.6    0.35  313.5  262.1    0.74  2.724977e-04  5.032428e-01
  1575   10.2   79.8    0.35  204.1  152.7    3.21  2.723776e-04  5.035151e-01
 67258   71.5   18.5    0.35  310.8  259.4    0.70  2.721357e-04  5.037873e-01
153559  124.2  -34.2    0.35  151.5  100.1    0.70  2.717219e-04  5.040590e-01
 33984   49.0   41.0    0.35  315.4  264.0    0.70  2.714780e-04  5.043305e-01
 80008   79.2   10.8    0.35  276.0  224.6    0.70  2.713424e-04  5.046018e-01
180355  146.6  -56.6    0.35  127.5   76.1    1.00  2.713420e-04  5.048732e-01
  3412   15.0   75.0    0.35  290.9  239.5    2.20  2.708634e-04  5.051440e-01
 30914   46.6   43.4    0.35  297.9  246.6    0.73  2.705853e-04  5.054146e-01
 45266   57.2   32.8    0.35  328.0  276.6    0.70  2.700423e-04  5.056846e-01
178502  144.7  -54.7    0.35  127.4   76.0    0.95  2.698798e-04  5.059545e-01
169638  136.6  -46.6    0.35  135.4   84.0    0.78  2.694148e-04  5.062239e-01
 15959   33.0   57.0    0.35  298.8  247.4    1.01  2.693632e-04  5.064933e-01
162711  131.0  -41.0    0.35  106.5   55.1    0.70  2.691044e-04  5.067624e-01
 22171   39.1   50.9    0.35  284.1  232.8    0.86  2.690892e-04  5.070315e-01
 53429   62.7   27.3    0.35  307.6  256.2    0.70  2.683445e-04  5.072998e-01
 48320   59.3   30.7    0.35  315.4  264.0    0.70  2.681756e-04  5.075680e-01
 11948   28.4   61.6    0.35  285.8  234.4    1.17  2.681573e-04  5.078362e-01
148435  120.7  -30.7    0.35  148.7   97.3    0.70  2.677654e-04  5.081039e-01
  4468   17.2   72.8    0.35  276.7  225.3    1.91  2.671342e-04  5.083711e-01
  2635   13.2   76.8    0.35  288.8  237.4    2.50  2.663192e-04  5.086374e-01
 12787   29.6   60.4    0.35  165.9  114.6    1.12  2.659201e-04  5.089033e-01
 84667   81.9    8.1    0.35  311.5  260.1    0.70  2.657418e-04  5.091691e-01
129446  108.5  -18.5    0.35  116.7   65.3    0.70  2.656942e-04  5.094348e-01
 41651   54.7   35.3    0.35  305.9  254.5    0.70  2.655062e-04  5.097003e-01
 11924   28.4   61.6    0.35  257.7  206.4    1.17  2.646945e-04  5.099650e-01
 69782   73.0   17.0    0.35  285.8  234.4    0.70  2.646724e-04  5.102296e-01
 10934   27.3   62.7    0.35  158.7  107.3    1.22  2.640407e-04  5.104937e-01
 64205   69.6   20.4    0.35  324.1  272.8    0.70  2.637491e-04  5.107574e-01
164809  132.6  -42.6    0.35  146.8   95.4    0.71  2.634068e-04  5.110208e-01
 83146   81.0    9.0    0.35  322.4  271.0    0.70  2.630777e-04  5.112839e-01
136632  113.0  -23.0    0.35  129.4   78.0    0.70  2.630365e-04  5.115469e-01
 54475   63.4   26.6    0.35  323.1  271.7    0.70  2.630237e-04  5.118100e-01
 93848   87.3    2.7    0.35  286.9  235.5    0.70  2.628094e-04  5.120728e-01
 48303   59.3   30.7    0.35  303.4  252.0    0.70  2.625133e-04  5.123353e-01
 50843   61.0   29.0    0.35  289.0  237.6    0.70  2.618646e-04  5.125971e-01
 60562   67.3   22.7    0.35  283.0  231.6    0.70  2.617407e-04  5.128589e-01
 75413   76.4   13.6    0.35  284.8  233.4    0.70  2.615323e-04  5.131204e-01
147887  120.3  -30.3    0.35  123.0   71.7    0.70  2.604640e-04  5.133809e-01
 38527   52.5   37.5    0.35  269.3  217.9    0.70  2.603850e-04  5.136413e-01
144315  118.0  -28.0    0.35  131.8   80.5    0.70  2.602258e-04  5.139015e-01
 89756   84.9    5.1    0.35  289.7  238.3    0.70  2.599382e-04  5.141614e-01
 39108   52.8   37.2    0.35  318.2  266.8    0.70  2.596645e-04  5.144211e-01
 53404   62.7   27.3    0.35  290.0  238.7    0.70  2.593480e-04  5.146804e-01
122301  104.2  -14.2    0.35  132.9   81.5    0.70  2.593313e-04  5.149398e-01
132044  110.1  -20.1    0.35  143.8   92.4    0.70  2.591446e-04  5.151989e-01
157094  126.8  -36.8    0.35  116.7   65.3    0.70  2.579757e-04  5.154569e-01
156573  126.4  -36.4    0.35  110.7   59.4    0.70  2.579291e-04  5.157148e-01
 57553   65.4   24.6    0.35  327.3  275.9    0.70  2.575011e-04  5.159723e-01
 78529   78.3   11.7    0.35  315.7  264.3    0.70  2.574487e-04  5.162298e-01
 64180   69.6   20.4    0.35  306.6  255.2    0.70  2.573882e-04  5.164872e-01
 21333   38.4   51.6    0.35  280.9  229.5    0.87  2.572329e-04  5.167444e-01
165306  133.0  -43.0    0.35  142.9   91.5    0.72  2.571990e-04  5.170016e-01
 20122   37.2   52.8    0.35  290.2  238.9    0.90  2.568554e-04  5.172585e-01
 17401   34.5   55.5    0.35  280.2  228.8    0.97  2.566791e-04  5.175151e-01
 79505   78.9   11.1    0.35  282.0  230.6    0.70  2.566746e-04  5.177718e-01
 29946   45.8   44.2    0.35  311.7  260.3    0.74  2.563362e-04  5.180281e-01
 72855   74.9   15.1    0.35  286.5  235.1    0.70  2.557487e-04  5.182839e-01
 43193   55.8   34.2    0.35  310.4  259.1    0.70  2.555717e-04  5.185395e-01
 72391   74.6   15.4    0.35  319.9  268.5    0.70  2.553619e-04  5.187948e-01
153531  124.2  -34.2    0.35  131.8   80.5    0.70  2.551486e-04  5.190500e-01
148390  120.7  -30.7    0.35  117.1   65.7    0.70  2.550752e-04  5.193050e-01
 61084   67.7   22.3    0.35  289.7  238.3    0.70  2.550111e-04  5.195601e-01
 14883   31.8   58.2    0.35  275.8  224.4    1.05  2.550021e-04  5.198151e-01
 64181   69.6   20.4    0.35  307.3  255.9    0.70  2.549166e-04  5.200700e-01
118725  102.0  -12.0    0.35  138.9   87.5    0.70  2.546379e-04  5.203246e-01
161724  130.2  -40.2    0.35  132.5   81.2    0.70  2.544888e-04  5.205791e-01
141245  115.9  -25.9    0.35  133.2   81.9    0.70  2.543773e-04  5.208335e-01
 33998   49.0   41.0    0.35  325.2  273.8    0.70  2.542677e-04  5.210877e-01
140250  115.3  -25.3    0.35  153.6  102.3    0.70  2.536422e-04  5.213414e-01
 78528   78.3   11.7    0.35  315.0  263.6    0.70  2.536383e-04  5.215950e-01
166777  134.2  -44.2    0.35  133.9   82.5    0.74  2.531564e-04  5.218482e-01
 34943   49.8   40.2    0.35  269.6  218.3    0.70  2.527020e-04  5.221009e-01
 21779   38.7   51.3    0.35  307.6  256.3    0.87  2.524958e-04  5.223534e-01
 95881   88.5    1.5    0.35  276.3  225.0    0.70  2.524758e-04  5.226059e-01
 78985   78.6   11.4    0.35  276.7  225.3    0.70  2.523116e-04  5.228582e-01
 59097   66.4   23.6    0.35  332.6  281.2    0.70  2.522100e-04  5.231104e-01
179990  146.3  -56.3    0.35  125.1   73.7    0.99  2.520452e-04  5.233624e-01
 25200   41.9   48.1    0.35  270.4  219.0    0.80  2.518589e-04  5.236143e-01
113105   98.7   -8.7    0.35  147.0   95.6    0.70  2.518586e-04  5.238661e-01
158648  127.9  -37.9    0.35  129.7   78.4    0.70  2.517865e-04  5.241179e-01
 78530   78.3   11.7    0.35  316.4  265.0    0.70  2.516487e-04  5.243696e-01
 69823   73.0   17.0    0.35  314.6  263.3    0.70  2.514587e-04  5.246210e-01
 61585   68.0   22.0    0.35  282.3  230.9    0.70  2.512214e-04  5.248723e-01
 78527   78.3   11.7    0.35  314.3  262.9    0.70  2.511698e-04  5.251234e-01
 87758   83.7    6.3    0.35  324.8  273.5    0.70  2.509487e-04  5.253744e-01
 17775   34.9   55.1    0.35  279.1  227.7    0.96  2.504734e-04  5.256249e-01
 99993   90.9   -0.9    0.35  287.6  236.2    0.70  2.500254e-04  5.258749e-01
  8695   24.3   65.7    0.35  157.5  106.1    1.36  2.499717e-04  5.261248e-01
171917  138.5  -48.5    0.35  140.7   89.3    0.81  2.496526e-04  5.263745e-01
135119  112.0  -22.0    0.35  145.9   94.5    0.70  2.494104e-04  5.266239e-01
 36749   51.3   38.7    0.35   99.5   48.1    0.70  2.491209e-04  5.268730e-01
143773  117.6  -27.6    0.35  110.4   59.0    0.70  2.485876e-04  5.271216e-01
103325   93.0   -3.0    0.35  110.7   59.4    0.70  2.482655e-04  5.273699e-01
145869  119.0  -29.0    0.35  144.1   92.8    0.70  2.480795e-04  5.276180e-01
 39052   52.8   37.2    0.35  278.8  227.4    0.70  2.476790e-04  5.278656e-01
 31938   47.4   42.6    0.35  313.2  261.8    0.71  2.475498e-04  5.281132e-01
 51377   61.4   28.6    0.35  304.8  253.4    0.70  2.472653e-04  5.283605e-01
 92825   86.7    3.3    0.35  287.6  236.2    0.70  2.471464e-04  5.286076e-01
 66775   71.2   18.8    0.35  331.5  280.1    0.70  2.471349e-04  5.288547e-01
178887  145.1  -55.1    0.35  133.6   82.2    0.96  2.468410e-04  5.291016e-01
 61120   67.7   22.3    0.35  315.0  263.6    0.70  2.468356e-04  5.293484e-01
 43907   56.5   33.5    0.35   92.5   41.1    0.70  2.467734e-04  5.295952e-01
 44236   56.5   33.5    0.35  323.8  272.4    0.70  2.464841e-04  5.298417e-01
131498  109.8  -19.8    0.35  119.5   68.2    0.70  2.464733e-04  5.300881e-01
 39088   52.8   37.2    0.35  304.1  252.7    0.70  2.463252e-04  5.303345e-01
172813  139.3  -49.3    0.35  153.2  101.8    0.83  2.461913e-04  5.305807e-01
 70805   73.7   16.3    0.35  285.1  233.7    0.70  2.458871e-04  5.308266e-01
 15606   32.6   57.4    0.35  301.2  249.8    1.02  2.451339e-04  5.310717e-01
 45260   57.2   32.8    0.35  323.8  272.4    0.70  2.448912e-04  5.313166e-01
 67256   71.5   18.5    0.35  309.4  258.0    0.70  2.447965e-04  5.315614e-01
   976    8.0   82.0    0.35  214.8  163.4    4.09  2.447907e-04  5.318062e-01
 35475   50.2   39.8    0.35  283.4  232.0    0.70  2.447165e-04  5.320509e-01
101016   91.5   -1.5    0.35  286.9  235.5    0.70  2.446442e-04  5.322955e-01
 43691   56.1   33.9    0.35  300.2  248.9    0.70  2.446028e-04  5.325401e-01
 66240   70.8   19.2    0.35  315.0  263.6    0.70  2.444434e-04  5.327846e-01
 44170   56.5   33.5    0.35  277.4  226.0    0.70  2.440104e-04  5.330286e-01
 27089   43.4   46.6    0.35  317.7  266.3    0.78  2.436912e-04  5.332723e-01
 81031   79.8   10.2    0.35  275.3  223.9    0.70  2.436386e-04  5.335159e-01
162757  131.0  -41.0    0.35  138.9   87.5    0.70  2.435010e-04  5.337594e-01
131008  109.5  -19.5    0.35  135.4   84.0    0.70  2.432258e-04  5.340026e-01
 12852   29.6   60.4    0.35  239.1  187.7    1.12  2.427209e-04  5.342454e-01
  8492   23.9   66.1    0.35  238.8  187.5    1.38  2.427033e-04  5.344881e-01
 47492   59.0   31.0    0.35   92.8   41.4    0.70  2.425576e-04  5.347306e-01
 74938   76.1   13.9    0.35  311.1  259.8    0.70  2.424115e-04  5.349730e-01
 42136   55.0   35.0    0.35  287.2  235.9    0.70  2.422405e-04  5.352153e-01
 24312   41.1   48.9    0.35  272.0  220.7    0.82  2.418709e-04  5.354571e-01
190956  160.5  -70.5    0.35  123.1   71.7    1.70  2.418092e-04  5.356990e-01
 11841   28.4   61.6    0.35  160.7  109.3    1.17  2.417573e-04  5.359407e-01
 61121   67.7   22.3    0.35  315.7  264.3    0.70  2.416233e-04  5.361823e-01
164305  132.2  -42.2    0.35  148.5   97.1    0.71  2.414177e-04  5.364237e-01
188112  156.1  -66.1    0.35  117.0   65.6    1.38  2.411808e-04  5.366649e-01
 13202   29.9   60.1    0.35  269.4  218.1    1.11  2.409609e-04  5.369059e-01
 39047   52.8   37.2    0.35  275.3  223.9    0.70  2.407606e-04  5.371467e-01
170584  137.4  -47.4    0.35  155.1  103.8    0.79  2.399670e-04  5.373866e-01
 84668   81.9    8.1    0.35  312.2  260.8    0.70  2.398825e-04  5.376265e-01
 72390   74.6   15.4    0.35  319.2  267.8    0.70  2.394802e-04  5.378660e-01
 18940   36.0   54.0    0.35  293.7  242.3    0.93  2.394322e-04  5.381054e-01
188105  156.1  -66.1    0.35  107.3   55.9    1.38  2.392511e-04  5.383447e-01
154067  124.6  -34.6    0.35  148.4   97.0    0.70  2.389855e-04  5.385837e-01
189353  157.9  -67.9    0.35   98.3   46.9    1.50  2.387847e-04  5.388224e-01
 39623   53.2   36.8    0.35  319.9  268.5    0.70  2.385096e-04  5.390609e-01
157634  127.2  -37.2    0.35  136.8   85.4    0.70  2.383166e-04  5.392993e-01
 13544   30.3   59.7    0.35  285.9  234.5    1.10  2.382947e-04  5.395376e-01
167778  135.0  -45.0    0.35  157.9  106.5    0.75  2.380867e-04  5.397756e-01
 11599   28.1   61.9    0.35  236.2  184.9    1.18  2.380784e-04  5.400137e-01
166314  133.8  -43.8    0.35  154.0  102.6    0.73  2.380215e-04  5.402517e-01
149429  121.4  -31.4    0.35  127.6   76.2    0.70  2.379310e-04  5.404897e-01
  4289   16.9   73.1    0.35  292.5  241.1    1.96  2.372914e-04  5.407270e-01
177352  143.6  -53.6    0.35  136.4   85.0    0.92  2.372636e-04  5.409642e-01
 43147   55.8   34.2    0.35  278.1  226.7    0.70  2.372427e-04  5.412015e-01
117680  101.4  -11.4    0.35  124.1   72.7    0.70  2.372066e-04  5.414387e-01
 45250   57.2   32.8    0.35  316.8  265.4    0.70  2.370005e-04  5.416757e-01
 88783   84.3    5.7    0.35  325.5  274.2    0.70  2.367727e-04  5.419125e-01
 11932   28.4   61.6    0.35  267.1  215.7    1.17  2.363262e-04  5.421488e-01
 53967   63.1   26.9    0.35  325.5  274.2    0.70  2.361841e-04  5.423850e-01
134568  111.7  -21.7    0.35  118.1   66.8    0.70  2.361826e-04  5.426211e-01
 63129   68.9   21.1    0.35  287.6  236.2    0.70  2.357900e-04  5.428569e-01
184387  151.2  -61.2    0.35  119.4   68.0    1.15  2.355514e-04  5.430925e-01
 81561   80.1    9.9    0.35  287.6  236.2    0.70  2.352063e-04  5.433277e-01
 19717   36.8   53.2    0.35  285.0  233.6    0.91  2.352025e-04  5.435629e-01
171481  138.1  -48.1    0.35  149.1   97.7    0.80  2.343192e-04  5.437972e-01
135625  112.3  -22.3    0.35  141.3   90.0    0.70  2.341184e-04  5.440313e-01
  2726   13.6   76.4    0.35  152.0  100.7    2.43  2.339453e-04  5.442653e-01
186768  154.2  -64.2    0.35  129.2   77.8    1.29  2.339087e-04  5.444992e-01
166283  133.8  -43.8    0.35  131.3   80.0    0.73  2.336999e-04  5.447329e-01
147383  120.0  -30.0    0.35  129.0   77.6    0.70  2.334705e-04  5.449664e-01
171005  137.7  -47.7    0.35  128.6   77.3    0.80  2.330900e-04  5.451994e-01
 20924   38.0   52.0    0.35  282.8  231.4    0.88  2.324918e-04  5.454319e-01
154043  124.6  -34.6    0.35  131.5   80.1    0.70  2.324286e-04  5.456644e-01
 10718   26.9   63.1    0.35  254.6  203.2    1.23  2.318866e-04  5.458963e-01
 26563   43.0   47.0    0.35  268.8  217.5    0.78  2.316632e-04  5.461279e-01
 91802   86.1    3.9    0.35  288.3  236.9    0.70  2.313162e-04  5.463592e-01
175568  141.6  -51.6    0.35  336.0  284.6    0.87  2.311650e-04  5.465904e-01
154528  125.0  -35.0    0.35  112.9   61.5    0.70  2.310176e-04  5.468214e-01
 33968   49.0   41.0    0.35  304.1  252.7    0.70  2.310049e-04  5.470524e-01
190731  160.2  -70.2    0.35  105.8   54.5    1.67  2.310017e-04  5.472834e-01
122280  104.2  -14.2    0.35  118.1   66.8    0.70  2.307919e-04  5.475142e-01
 18927   36.0   54.0    0.35  281.6  230.2    0.93  2.305848e-04  5.477448e-01
 41142   54.3   35.7    0.35  308.3  256.9    0.70  2.303144e-04  5.479751e-01
 18554   35.7   54.3    0.35  294.8  243.5    0.94  2.301231e-04  5.482052e-01
  1482    9.9   80.1    0.35  261.7  210.3    3.33  2.300130e-04  5.484352e-01
 42888   55.8   34.2    0.35   96.0   44.6    0.70  2.297211e-04  5.486650e-01
167723  135.0  -45.0    0.35  116.6   65.3    0.75  2.296952e-04  5.488947e-01
130516  109.2  -19.2    0.35  149.1   97.7    0.70  2.293472e-04  5.491240e-01
 71823   74.3   15.7    0.35  280.9  229.5    0.70  2.293420e-04  5.493534e-01
  1712   10.6   79.4    0.35  274.7  223.3    3.10  2.283268e-04  5.495817e-01
  6084   20.2   69.8    0.35  236.5  185.1    1.64  2.279013e-04  5.498096e-01
 20115   37.2   52.8    0.35  283.9  232.6    0.90  2.277230e-04  5.500373e-01
 51077   61.4   28.6    0.35   93.9   42.5    0.70  2.276187e-04  5.502649e-01
 44723   56.8   33.2    0.35  305.9  254.5    0.70  2.275121e-04  5.504924e-01
 32444   47.8   42.2    0.35  312.2  260.8    0.71  2.271901e-04  5.507196e-01
154570  125.0  -35.0    0.35  142.4   91.0    0.70  2.270953e-04  5.509467e-01
  1167    8.8   81.2    0.35  238.1  186.8    3.75  2.270586e-04  5.511738e-01
 96923   89.1    0.9    0.35  289.0  237.6    0.70  2.265573e-04  5.514003e-01
 13552   30.3   59.7    0.35  294.7  243.3    1.10  2.263203e-04  5.516267e-01
123306  104.8  -14.8    0.35  119.5   68.2    0.70  2.262610e-04  5.518529e-01
 35512   50.2   39.8    0.35  309.4  258.0    0.70  2.260892e-04  5.520790e-01
 44237   56.5   33.5    0.35  324.5  273.1    0.70  2.259340e-04  5.523049e-01
 82579   80.7    9.3    0.35  283.4  232.0    0.70  2.258547e-04  5.525308e-01
 31872   47.4   42.6    0.35  266.1  214.7    0.71  2.256461e-04  5.527564e-01
 64152   69.6   20.4    0.35  286.9  235.5    0.70  2.255979e-04  5.529820e-01
 47784   59.0   31.0    0.35  298.1  246.8    0.70  2.248638e-04  5.532069e-01
 53958   63.1   26.9    0.35  319.2  267.8    0.70  2.244807e-04  5.534314e-01
 39379   53.2   36.8    0.35  148.4   97.0    0.70  2.244071e-04  5.536558e-01
185490  152.3  -62.3    0.35  339.0  287.6    1.20  2.239937e-04  5.538798e-01
 48854   59.7   30.3    0.35  330.5  279.1    0.70  2.232343e-04  5.541030e-01
187841  155.7  -65.7    0.35  105.7   54.3    1.36  2.228148e-04  5.543258e-01
 27025   43.4   46.6    0.35  268.1  216.7    0.78  2.226832e-04  5.545485e-01
 69821   73.0   17.0    0.35  313.2  261.9    0.70  2.225590e-04  5.547711e-01
 48304   59.3   30.7    0.35  304.1  252.7    0.70  2.225363e-04  5.549936e-01
173661  140.1  -50.1    0.35  139.2   87.8    0.84  2.225077e-04  5.552161e-01
 10054   26.2   63.8    0.35  145.1   93.8    1.27  8.171885e-06  0.000000e+00
