1164556494.804810 -3.406917e-02
1164556494.804932 -2.207353e-02
1164556494.805054 -8.632940e-03
1164556494.805176 -5.976957e-03
1164556494.805298 1.003552e-02
1164556494.805420 2.590924e-02
1164556494.805542 1.104716e-02
1164556494.805664 2.301993e-02
1164556494.805786 1.862862e-02
1164556494.805908 1.266107e-02
1164556494.806030 -2.370240e-02
1164556494.806152 -5.142584e-02
1164556494.806274 -3.190116e-02
1164556494.806396 -2.607714e-02
1164556494.806519 4.903161e-03
1164556494.806641 2.677858e-02
1164556494.806763 3.257021e-02
1164556494.806885 4.990248e-02
1164556494.807007 2.423978e-02
1164556494.807129 7.421712e-03
1164556494.807251 -2.230072e-02
1164556494.807373 -4.470913e-02
1164556494.807495 -3.825908e-02
1164556494.807617 -4.039211e-02
1164556494.807739 -8.798824e-03
1164556494.807861 2.285955e-02
1164556494.807983 3.586838e-02
1164556494.808105 4.617631e-02
1164556494.808228 1.454779e-02
1164556494.808350 8.905044e-03
1164556494.808472 -3.073215e-03
1164556494.808594 -1.585142e-02
1164556494.808716 -1.428874e-02
1164556494.808838 -1.953975e-02
1164556494.808960 -1.013865e-02
1164556494.809082 8.163346e-04
1164556494.809204 -4.907866e-03
1164556494.809326 -5.663424e-03
1164556494.809448 -1.334954e-02
1164556494.809570 3.965842e-03
1164556494.809692 1.183713e-02
1164556494.809814 3.294119e-03
1164556494.809937 1.105208e-02
1164556494.810059 1.483676e-02
1164556494.810181 2.202832e-02
1164556494.810303 2.502723e-02
1164556494.810425 5.834746e-03
1164556494.810547 1.797344e-03
1164556494.810669 -1.578989e-02
1164556494.810791 -3.053793e-02
1164556494.810913 -3.601479e-02
1164556494.811035 -3.292390e-02
1164556494.811157 -2.801129e-02
1164556494.811279 -2.132406e-02
1164556494.811401 -2.538477e-04
1164556494.811523 2.702075e-02
1164556494.811646 4.736388e-02
1164556494.811768 7.414675e-02
1164556494.811890 7.416239e-02
1164556494.812012 3.389433e-02
1164556494.812134 -1.350101e-02
1164556494.812256 -5.467940e-02
1164556494.812378 -7.344588e-02
1164556494.812500 -6.133635e-02
1164556494.812622 -4.540948e-02
1164556494.812744 -1.870593e-02
1164556494.812866 7.185028e-04
1164556494.812988 2.926958e-02
1164556494.813110 4.331939e-02
1164556494.813232 4.243835e-02
1164556494.813354 3.059185e-02
1164556494.813477 6.179041e-03
1164556494.813599 3.545606e-03
1164556494.813721 1.778901e-02
1164556494.813843 1.981302e-02
1164556494.813965 2.401903e-03
1164556494.814087 -2.433812e-02
1164556494.814209 -4.235886e-02
1164556494.814331 -4.849620e-02
1164556494.814453 -3.793996e-02
1164556494.814575 -2.603726e-02
1164556494.814697 -5.037157e-03
1164556494.814819 1.218597e-02
1164556494.814941 4.046819e-02
1164556494.815063 5.281088e-02
1164556494.815186 4.400145e-02
1164556494.815308 2.509277e-02
1164556494.815430 -4.787548e-03
1164556494.815552 -1.147898e-02
1164556494.815674 -1.208838e-02
1164556494.815796 -6.681935e-03
1164556494.815918 -1.128954e-02
1164556494.816040 -2.703187e-02
1164556494.816162 -2.825623e-02
1164556494.816284 -4.208803e-02
1164556494.816406 -1.875928e-02
1164556494.816528 1.519403e-02
1164556494.816650 4.027565e-02
1164556494.816772 3.593648e-02
1164556494.816895 2.089100e-02
1164556494.817017 1.023334e-02
1164556494.817139 6.004056e-03
1164556494.817261 4.929845e-04
1164556494.817383 -8.963268e-03
1164556494.817505 -1.946571e-02
1164556494.817627 -1.128387e-02
1164556494.817749 5.677847e-03
1164556494.817871 1.215469e-03
1164556494.817993 -6.372901e-03
1164556494.818115 -2.085807e-02
1164556494.818237 -1.558848e-02
1164556494.818359 -5.045193e-03
1164556494.818481 7.919970e-03
1164556494.818604 1.874480e-02
1164556494.818726 1.280733e-02
1164556494.818848 1.202263e-02
1164556494.818970 2.242874e-03
1164556494.819092 1.813117e-02
1164556494.819214 8.877129e-03
1164556494.819336 1.143899e-03
1164556494.819458 -2.304597e-02
1164556494.819580 -3.897808e-02
1164556494.819702 -3.091981e-02
1164556494.819824 -4.019682e-03
1164556494.819946 2.533693e-02
1164556494.820068 1.687573e-02
1164556494.820190 2.031288e-02
1164556494.820312 2.947825e-02
1164556494.820435 3.491873e-02
1164556494.820557 1.249667e-02
1164556494.820679 -3.620098e-02
1164556494.820801 -5.857509e-02
1164556494.820923 -6.612985e-02
1164556494.821045 -3.287576e-02
1164556494.821167 -5.015348e-03
1164556494.821289 4.405753e-02
1164556494.821411 6.703334e-02
1164556494.821533 5.304702e-02
1164556494.821655 4.430197e-02
1164556494.821777 1.348050e-02
1164556494.821899 -1.196465e-03
1164556494.822021 -3.589378e-02
1164556494.822144 -5.486803e-02
1164556494.822266 -4.593693e-02
1164556494.822388 -4.504765e-02
1164556494.822510 -1.972911e-02
1164556494.822632 -6.992618e-03
1164556494.822754 2.793172e-02
1164556494.822876 3.629595e-02
1164556494.822998 4.422633e-02
1164556494.823120 4.329835e-02
1164556494.823242 1.150679e-02
1164556494.823364 -6.738744e-03
1164556494.823486 -1.534338e-02
1164556494.823608 -6.118344e-03
1164556494.823730 -2.486749e-03
1164556494.823853 -5.046635e-04
1164556494.823975 3.606666e-03
1164556494.824097 -2.048482e-02
1164556494.824219 -2.995891e-02
1164556494.824341 -3.153486e-02
1164556494.824463 -3.236514e-02
1164556494.824585 -1.724041e-02
1164556494.824707 5.921111e-03
1164556494.824829 4.393976e-02
1164556494.824951 5.018237e-02
1164556494.825073 4.581310e-02
1164556494.825195 3.520469e-02
1164556494.825317 7.919288e-03
1164556494.825439 2.237470e-03
1164556494.825562 -2.354568e-02
1164556494.825684 -1.595361e-02
1164556494.825806 -2.419927e-02
1164556494.825928 -5.329204e-02
1164556494.826050 -5.801469e-02
1164556494.826172 -4.891777e-02
1164556494.826294 8.261994e-04
1164556494.826416 3.384104e-02
1164556494.826538 5.820771e-02
1164556494.826660 7.400479e-02
1164556494.826782 4.840691e-02
1164556494.826904 2.694639e-02
1164556494.827026 -8.071473e-03
1164556494.827148 -4.203634e-02
1164556494.827271 -6.000176e-02
1164556494.827393 -4.860502e-02
1164556494.827515 -4.890986e-03
1164556494.827637 2.347167e-02
1164556494.827759 2.821237e-02
1164556494.827881 1.699932e-02
1164556494.828003 -1.150178e-02
1164556494.828125 -2.306147e-02
1164556494.828247 -1.380841e-02
1164556494.828369 8.493094e-03
1164556494.828491 1.944918e-02
1164556494.828613 6.404997e-03
1164556494.828735 -6.049056e-03
1164556494.828857 6.037804e-03
1164556494.828979 -5.953960e-03
1164556494.829102 -1.037002e-02
1164556494.829224 -2.386503e-03
1164556494.829346 3.131060e-02
1164556494.829468 4.896988e-02
1164556494.829590 2.094102e-02
1164556494.829712 5.321300e-03
1164556494.829834 -3.712578e-02
1164556494.829956 -7.799381e-02
1164556494.830078 -7.839884e-02
1164556494.830200 -4.117603e-02
1164556494.830322 2.797377e-02
1164556494.830444 5.293794e-02
1164556494.830566 6.830339e-02
1164556494.830688 6.437777e-02
1164556494.830811 2.971664e-02
1164556494.830933 -1.259386e-02
1164556494.831055 -4.440267e-02
1164556494.831177 -5.821480e-02
1164556494.831299 -2.307823e-02
1164556494.831421 1.410933e-02
1164556494.831543 4.721887e-02
1164556494.831665 4.569993e-02
1164556494.831787 -8.372390e-03
1164556494.831909 -4.353933e-02
1164556494.832031 -6.577925e-02
1164556494.832153 -4.331708e-02
1164556494.832275 -2.709800e-03
1164556494.832397 2.543118e-02
1164556494.832520 4.749018e-02
1164556494.832642 1.631181e-02
1164556494.832764 1.826222e-02
1164556494.832886 3.072128e-02
1164556494.833008 2.876639e-02
1164556494.833130 1.612642e-02
1164556494.833252 -3.863890e-03
1164556494.833374 -1.240881e-02
1164556494.833496 -2.946863e-02
1164556494.833618 -4.655184e-02
1164556494.833740 -4.532486e-02
1164556494.833862 -3.879298e-02
1164556494.833984 -2.371604e-02
1164556494.834106 -3.147801e-03
1164556494.834229 3.112113e-02
1164556494.834351 6.638049e-02
1164556494.834473 5.300045e-02
1164556494.834595 3.306234e-02
1164556494.834717 2.956540e-02
1164556494.834839 1.337427e-03
1164556494.834961 -1.981658e-02
1164556494.835083 -3.311522e-02
1164556494.835205 -2.573578e-02
1164556494.835327 -3.811392e-02
1164556494.835449 -4.101216e-02
1164556494.835571 -1.307848e-02
1164556494.835693 -5.099357e-03
1164556494.835815 2.520935e-02
1164556494.835938 3.706669e-02
1164556494.836060 3.144151e-02
1164556494.836182 9.242936e-03
1164556494.836304 -1.527397e-02
1164556494.836426 -2.301964e-03
1164556494.836548 -1.760561e-03
1164556494.836670 9.091257e-03
1164556494.836792 7.351193e-03
1164556494.836914 1.501734e-02
1164556494.837036 -1.301940e-03
1164556494.837158 -2.302192e-02
1164556494.837280 -2.668642e-02
1164556494.837402 -2.197736e-02
1164556494.837524 4.208611e-03
1164556494.837646 1.292768e-02
1164556494.837769 2.614227e-02
1164556494.837891 1.629386e-02
1164556494.838013 8.539635e-03
1164556494.838135 -1.100978e-02
1164556494.838257 -3.430531e-02
1164556494.838379 -4.646197e-02
1164556494.838501 -4.083464e-02
1164556494.838623 1.646969e-02
1164556494.838745 5.695794e-02
1164556494.838867 7.829182e-02
1164556494.838989 3.160295e-02
1164556494.839111 1.071598e-02
1164556494.839233 1.667765e-03
1164556494.839355 -1.740417e-02
1164556494.839478 -1.599013e-02
1164556494.839600 -3.490082e-02
1164556494.839722 -4.632703e-02
1164556494.839844 -8.532472e-02
1164556494.839966 -6.075540e-02
1164556494.840088 -1.211626e-02
1164556494.840210 3.585607e-02
1164556494.840332 8.313133e-02
1164556494.840454 9.100211e-02
1164556494.840576 9.532932e-02
1164556494.840698 5.272294e-02
1164556494.840820 2.064270e-03
1164556494.840942 -6.718789e-02
1164556494.841064 -9.148756e-02
1164556494.841187 -5.365894e-02
1164556494.841309 -1.199765e-02
1164556494.841431 6.900084e-03
1164556494.841553 -1.016723e-02
1164556494.841675 -3.135803e-02
1164556494.841797 -3.678848e-02
1164556494.841919 -1.467451e-02
1164556494.842041 3.435645e-02
1164556494.842163 6.526801e-02
1164556494.842285 6.562023e-02
1164556494.842407 5.449356e-02
1164556494.842529 3.496740e-02
1164556494.842651 1.788592e-02
1164556494.842773 -1.389174e-02
1164556494.842896 -7.471953e-02
1164556494.843018 -9.411887e-02
1164556494.843140 -5.138779e-02
1164556494.843262 2.013754e-02
1164556494.843384 3.656068e-02
1164556494.843506 2.062476e-02
1164556494.843628 -1.132364e-02
1164556494.843750 -3.486634e-02
1164556494.843872 -2.573911e-02
1164556494.843994 8.653756e-03
1164556494.844116 4.771095e-02
1164556494.844238 4.513701e-02
1164556494.844360 3.798696e-02
1164556494.844482 1.823036e-02
1164556494.844604 1.750109e-02
1164556494.844727 2.383641e-02
1164556494.844849 -2.310659e-02
1164556494.844971 -4.859521e-02
1164556494.845093 -6.320619e-02
1164556494.845215 -2.582239e-02
1164556494.845337 -1.545326e-02
1164556494.845459 -1.700861e-02
1164556494.845581 -1.372161e-02
1164556494.845703 -2.583819e-02
1164556494.845825 1.195423e-02
1164556494.845947 5.252663e-02
1164556494.846069 8.406209e-02
1164556494.846191 7.415853e-02
1164556494.846313 2.688337e-02
1164556494.846436 -2.608369e-02
1164556494.846558 -5.220464e-02
1164556494.846680 -2.078781e-02
1164556494.846802 -1.070908e-04
1164556494.846924 -2.165447e-02
1164556494.847046 -3.001023e-02
1164556494.847168 -1.154085e-02
1164556494.847290 -4.141515e-03
1164556494.847412 -1.559610e-02
1164556494.847534 -3.158907e-02
1164556494.847656 -1.621818e-02
1164556494.847778 -7.379184e-03
1164556494.847900 2.636487e-02
1164556494.848022 6.134301e-02
1164556494.848145 8.030666e-02
1164556494.848267 6.671441e-02
1164556494.848389 1.674999e-02
1164556494.848511 -1.454136e-02
1164556494.848633 -2.622285e-02
1164556494.848755 -2.819815e-02
1164556494.848877 -6.052977e-02
1164556494.848999 -8.596759e-02
1164556494.849121 -7.140315e-02
1164556494.849243 -2.040075e-02
1164556494.849365 2.073782e-02
1164556494.849487 4.928293e-02
1164556494.849609 6.690477e-02
1164556494.849731 4.663961e-02
1164556494.849854 3.110350e-02
1164556494.849976 1.522619e-02
1164556494.850098 1.188212e-02
1164556494.850220 -2.681898e-03
1164556494.850342 -1.936148e-02
1164556494.850464 -1.566408e-02
1164556494.850586 -4.205499e-03
1164556494.850708 1.152162e-02
1164556494.850830 -2.530422e-02
1164556494.850952 -7.463711e-02
1164556494.851074 -7.559743e-02
1164556494.851196 -1.960623e-02
1164556494.851318 4.465270e-02
1164556494.851440 7.628922e-02
1164556494.851562 7.151183e-02
1164556494.851685 1.644743e-02
1164556494.851807 -3.051461e-02
1164556494.851929 -5.234279e-02
1164556494.852051 -2.941060e-02
1164556494.852173 1.705325e-02
1164556494.852295 5.962996e-02
1164556494.852417 9.194595e-02
1164556494.852539 4.180605e-02
1164556494.852661 -2.180995e-02
1164556494.852783 -7.358996e-02
1164556494.852905 -1.045202e-01
1164556494.853027 -9.964310e-02
1164556494.853149 -6.875437e-02
1164556494.853271 3.237728e-02
1164556494.853394 9.112180e-02
1164556494.853516 7.867602e-02
1164556494.853638 5.384973e-02
1164556494.853760 2.833916e-03
1164556494.853882 -1.153263e-02
1164556494.854004 -1.745418e-02
1164556494.854126 8.445426e-03
1164556494.854248 4.128936e-02
1164556494.854370 3.826209e-02
1164556494.854492 3.129613e-02
1164556494.854614 -3.658168e-02
1164556494.854736 -9.971158e-02
1164556494.854858 -1.146592e-01
1164556494.854980 -8.513755e-02
1164556494.855103 -6.318853e-03
1164556494.855225 6.057900e-02
1164556494.855347 9.998822e-02
1164556494.855469 9.180258e-02
1164556494.855591 4.307698e-02
1164556494.855713 -1.943424e-02
1164556494.855835 -5.940875e-02
1164556494.855957 -3.703273e-02
1164556494.856079 3.001414e-02
1164556494.856201 4.518861e-02
1164556494.856323 5.029399e-02
1164556494.856445 4.201352e-02
1164556494.856567 -3.329088e-02
1164556494.856689 -1.059507e-01
1164556494.856812 -1.280931e-01
1164556494.856934 -5.164721e-02
1164556494.857056 -1.399096e-03
1164556494.857178 4.668902e-02
1164556494.857300 8.663121e-02
1164556494.857422 5.926271e-02
1164556494.857544 2.266528e-02
1164556494.857666 -9.767891e-03
1164556494.857788 7.231714e-03
1164556494.857910 7.631074e-04
1164556494.858032 2.105995e-02
1164556494.858154 3.175676e-02
1164556494.858276 1.161548e-02
1164556494.858398 -2.445630e-02
1164556494.858521 -3.168043e-02
1164556494.858643 -3.955527e-02
1164556494.858765 -9.046846e-02
1164556494.858887 -6.963420e-02
1164556494.859009 -5.957745e-03
1164556494.859131 7.958076e-02
1164556494.859253 3.980095e-02
1164556494.859375 -4.929969e-03
1164556494.859497 1.520218e-03
1164556494.859619 1.163797e-02
1164556494.859741 3.724810e-02
1164556494.859863 4.879382e-02
1164556494.859985 9.859044e-02
1164556494.860107 5.864202e-02
1164556494.860229 -1.029960e-02
1164556494.860352 -7.200509e-02
1164556494.860474 -9.531343e-02
1164556494.860596 -1.073466e-01
1164556494.860718 -1.122093e-01
1164556494.860840 -6.206464e-02
1164556494.860962 -5.314128e-03
1164556494.861084 8.755708e-02
1164556494.861206 1.147598e-01
1164556494.861328 9.963916e-02
1164556494.861450 4.000736e-02
1164556494.861572 1.281152e-02
1164556494.861694 1.746891e-02
1164556494.861816 -7.979401e-03
1164556494.861938 -1.954319e-02
1164556494.862061 -3.455455e-02
1164556494.862183 -3.000635e-05
1164556494.862305 1.263119e-03
1164556494.862427 -9.035090e-03
1164556494.862549 -3.541281e-02
1164556494.862671 -8.128976e-02
1164556494.862793 -1.172001e-01
1164556494.862915 -1.142308e-01
1164556494.863037 5.415502e-04
1164556494.863159 1.258273e-01
1164556494.863281 1.990842e-01
1164556494.863403 1.382049e-01
1164556494.863525 7.967743e-02
1164556494.863647 2.279372e-03
1164556494.863770 -7.638450e-02
1164556494.863892 -1.041377e-01
1164556494.864014 -9.473855e-02
1164556494.864136 -4.466692e-03
1164556494.864258 9.556719e-03
1164556494.864380 3.583814e-02
1164556494.864502 1.314098e-02
1164556494.864624 -5.840608e-02
1164556494.864746 -1.150563e-01
1164556494.864868 -1.220927e-01
1164556494.864990 -1.105423e-02
1164556494.865112 8.096708e-02
1164556494.865234 1.830333e-01
1164556494.865356 2.180776e-01
1164556494.865479 1.213942e-01
1164556494.865601 -3.790253e-02
1164556494.865723 -1.223758e-01
1164556494.865845 -1.400267e-01
1164556494.865967 -1.102040e-01
1164556494.866089 -1.885751e-02
1164556494.866211 7.395329e-02
1164556494.866333 1.083948e-01
1164556494.866455 4.614525e-03
1164556494.866577 -7.294707e-02
1164556494.866699 -1.456871e-01
1164556494.866821 -1.328684e-01
1164556494.866943 -3.525367e-02
1164556494.867065 6.625605e-02
1164556494.867188 1.862830e-01
1164556494.867310 1.788067e-01
1164556494.867432 1.234931e-01
1164556494.867554 3.075702e-02
1164556494.867676 -4.454930e-02
1164556494.867798 -9.788351e-02
1164556494.867920 -1.057370e-01
1164556494.868042 -4.431442e-03
1164556494.868164 4.701654e-02
1164556494.868286 -1.282697e-02
1164556494.868408 -1.099951e-01
1164556494.868530 -1.376482e-01
1164556494.868652 -1.671266e-01
1164556494.868774 -1.109186e-01
1164556494.868896 7.348654e-02
1164556494.869019 2.464838e-01
1164556494.869141 2.587716e-01
1164556494.869263 1.871596e-01
1164556494.869385 1.487787e-01
1164556494.869507 1.191571e-02
1164556494.869629 -1.406135e-01
1164556494.869751 -1.889310e-01
1164556494.869873 -1.504569e-01
1164556494.869995 -1.124325e-01
1164556494.870117 -6.145714e-02
1164556494.870239 1.222760e-02
1164556494.870361 -1.580708e-02
1164556494.870483 -8.578002e-02
1164556494.870605 -3.983576e-02
1164556494.870728 8.606682e-02
1164556494.870850 1.438225e-01
1164556494.870972 1.974801e-01
1164556494.871094 1.874337e-01
1164556494.871216 7.508222e-02
1164556494.871338 -7.598679e-02
1164556494.871460 -1.187904e-01
1164556494.871582 -6.041894e-02
1164556494.871704 -5.921104e-02
1164556494.871826 -9.718475e-02
1164556494.871948 -7.635975e-02
1164556494.872070 -1.082025e-02
1164556494.872192 9.216588e-03
1164556494.872314 -3.673889e-02
1164556494.872437 -5.633453e-02
1164556494.872559 -1.702513e-02
1164556494.872681 4.019782e-02
1164556494.872803 1.116436e-01
1164556494.872925 1.604574e-01
1164556494.873047 1.393840e-01
1164556494.873169 4.518328e-02
1164556494.873291 -5.444233e-02
1164556494.873413 -5.092161e-02
1164556494.873535 -3.051315e-02
1164556494.873657 -3.618380e-02
1164556494.873779 -5.148549e-02
1164556494.873901 -9.166165e-02
1164556494.874023 -8.804150e-02
1164556494.874146 -9.368464e-03
1164556494.874268 4.298265e-02
1164556494.874390 -7.190848e-03
1164556494.874512 -1.063915e-01
1164556494.874634 -7.407503e-02
1164556494.874756 4.759754e-02
1164556494.874878 1.228942e-01
1164556494.875000 1.855453e-01
1164556494.875122 1.853620e-01
1164556494.875244 1.123357e-01
1164556494.875366 7.218879e-04
1164556494.875488 -4.960491e-02
1164556494.875610 -2.280068e-02
1164556494.875732 -8.510352e-02
1164556494.875854 -1.862857e-01
1164556494.875977 -2.313590e-01
1164556494.876099 -1.409730e-01
1164556494.876221 -3.878877e-02
1164556494.876343 9.324830e-03
1164556494.876465 2.042910e-02
1164556494.876587 1.758484e-02
1164556494.876709 7.434379e-02
1164556494.876831 1.955455e-01
1164556494.876953 3.161215e-01
1164556494.877075 2.682373e-01
1164556494.877197 1.481214e-01
1164556494.877319 -1.573123e-02
1164556494.877441 -1.374085e-01
1164556494.877563 -2.278386e-01
1164556494.877686 -2.864811e-01
1164556494.877808 -2.311955e-01
1164556494.877930 -2.383628e-01
1164556494.878052 -1.360797e-01
1164556494.878174 -4.272925e-03
1164556494.878296 1.333793e-01
1164556494.878418 1.450696e-01
1164556494.878540 1.118364e-01
1164556494.878662 1.502974e-01
1164556494.878784 2.237485e-01
1164556494.878906 3.325266e-01
1164556494.879028 2.562903e-01
1164556494.879150 9.235740e-02
1164556494.879272 -1.293548e-01
1164556494.879395 -2.588811e-01
1164556494.879517 -3.368415e-01
1164556494.879639 -3.496245e-01
1164556494.879761 -2.195391e-01
1164556494.879883 -1.188887e-01
1164556494.880005 -1.283246e-02
1164556494.880127 -6.791016e-03
1164556494.880249 7.516208e-02
1164556494.880371 8.712991e-02
1164556494.880493 1.139372e-01
1164556494.880615 1.883728e-01
1164556494.880737 2.975342e-01
1164556494.880859 4.268882e-01
1164556494.880981 3.769560e-01
1164556494.881104 2.087959e-01
1164556494.881226 -9.115237e-02
1164556494.881348 -3.060305e-01
1164556494.881470 -4.259276e-01
1164556494.881592 -4.470463e-01
1164556494.881714 -4.498552e-01
1164556494.881836 -3.808826e-01
1164556494.881958 -2.191582e-01
1164556494.882080 -2.087544e-01
1164556494.882202 -1.300646e-01
1164556494.882324 1.762593e-03
1164556494.882446 4.204422e-01
1164556494.882568 7.666113e-01
1164556494.882690 1.054912e+00
1164556494.882812 1.302026e+00
1164556494.882935 1.282640e+00
1164556494.883057 8.664135e-01
1164556494.883179 -2.589508e-01
1164556494.883301 -2.100166e+00
1164556494.883423 -2.908714e+00
1164556494.883545 -2.714493e+00
1164556494.883667 -1.809122e+00
1164556494.883789 -3.453839e-01
1164556494.883911 1.172269e+00
1164556494.884033 2.268391e+00
1164556494.884155 2.914574e+00
1164556494.884277 2.842033e+00
1164556494.884399 2.154634e+00
1164556494.884521 1.010229e+00
1164556494.884644 -2.536750e-01
1164556494.884766 -1.708625e+00
1164556494.884888 -2.877468e+00
1164556494.885010 -3.339898e+00
1164556494.885132 -3.142056e+00
1164556494.885254 -2.137118e+00
1164556494.885376 -5.233273e-01
1164556494.885498 1.408488e+00
1164556494.885620 2.754472e+00
1164556494.885742 3.512116e+00
1164556494.885864 3.620866e+00
1164556494.885986 2.843938e+00
1164556494.886108 1.283401e+00
1164556494.886230 -6.680701e-01
1164556494.886353 -2.232305e+00
1164556494.886475 -3.380099e+00
1164556494.886597 -3.580287e+00
1164556494.886719 -3.107772e+00
1164556494.886841 -2.015150e+00
1164556494.886963 -5.318099e-01
1164556494.887085 1.118837e+00
1164556494.887207 2.665559e+00
1164556494.887329 3.605282e+00
1164556494.887451 3.982344e+00
1164556494.887573 3.047164e+00
1164556494.887695 1.312972e+00
1164556494.887817 -6.689341e-01
1164556494.887939 -2.327988e+00
1164556494.888062 -3.587673e+00
1164556494.888184 -4.200526e+00
1164556494.888306 -3.464579e+00
1164556494.888428 -1.960713e+00
1164556494.888550 2.413583e-01
1164556494.888672 2.412184e+00
1164556494.888794 3.986609e+00
1164556494.888916 4.116300e+00
1164556494.889038 3.174068e+00
1164556494.889160 1.598769e+00
1164556494.889282 -4.289145e-01
1164556494.889404 -2.211972e+00
1164556494.889526 -3.468367e+00
1164556494.889648 -3.757255e+00
1164556494.889771 -3.236891e+00
1164556494.889893 -1.395418e+00
1164556494.890015 9.014346e-01
1164556494.890137 2.647086e+00
1164556494.890259 3.419271e+00
1164556494.890381 3.268457e+00
1164556494.890503 2.509766e+00
1164556494.890625 7.292074e-01
1164556494.890747 -1.055378e+00
1164556494.890869 -2.731568e+00
1164556494.890991 -3.607672e+00
1164556494.891113 -3.523432e+00
1164556494.891235 -2.143471e+00
1164556494.891357 2.642250e-01
1164556494.891479 2.392023e+00
1164556494.891602 3.663419e+00
1164556494.891724 3.559766e+00
1164556494.891846 2.729873e+00
1164556494.891968 9.606005e-01
1164556494.892090 -1.328449e+00
1164556494.892212 -3.359988e+00
1164556494.892334 -4.307182e+00
1164556494.892456 -3.566306e+00
1164556494.892578 -1.614893e+00
1164556494.892700 1.250471e+00
1164556494.892822 3.340459e+00
1164556494.892944 4.148655e+00
1164556494.893066 3.361098e+00
1164556494.893188 1.533246e+00
1164556494.893311 -8.109559e-01
1164556494.893433 -2.736437e+00
1164556494.893555 -3.531180e+00
1164556494.893677 -3.373750e+00
1164556494.893799 -1.812625e+00
1164556494.893921 7.654561e-01
1164556494.894043 3.200540e+00
1164556494.894165 3.762806e+00
1164556494.894287 2.660577e+00
1164556494.894409 6.598510e-01
1164556494.894531 -1.575472e+00
1164556494.894653 -3.019683e+00
1164556494.894775 -3.303010e+00
1164556494.894897 -1.931173e+00
1164556494.895020 -1.833121e-02
1164556494.895142 2.212556e+00
1164556494.895264 3.368137e+00
1164556494.895386 3.164995e+00
1164556494.895508 1.431549e+00
1164556494.895630 -1.494274e+00
1164556494.895752 -3.722846e+00
1164556494.895874 -3.859673e+00
1164556494.895996 -1.388195e+00
1164556494.896118 1.473827e+00
1164556494.896240 3.268225e+00
1164556494.896362 3.270094e+00
1164556494.896484 1.125523e+00
1164556494.896606 -1.667848e+00
1164556494.896729 -3.374212e+00
1164556494.896851 -2.412800e+00
1164556494.896973 -1.043266e-01
1164556494.897095 2.569751e+00
1164556494.897217 3.297930e+00
1164556494.897339 1.128528e+00
1164556494.897461 -2.253348e+00
1164556494.897583 -3.130271e+00
1164556494.897705 -7.565642e-01
1164556494.897827 2.318384e+00
1164556494.897949 2.445795e+00
1164556494.898071 -1.054667e+00
1164556494.898193 -2.546802e+00
1164556494.898315 8.143584e-01
1164556494.898438 3.601959e-01
1164556494.898560 -5.988013e-02
1164556494.898682 9.437215e-02
1164556494.898804 4.725778e-01
1164556494.898926 9.937163e-02
1164556494.899048 -9.374042e-01
1164556494.899170 1.321585e+00
1164556494.899292 -9.959395e-01
1164556494.899414 2.317375e-01
1164556494.899536 7.572124e-01
1164556494.899658 -5.016801e-01
1164556494.899780 3.766039e-01
1164556494.899902 -1.341456e+00
1164556494.900024 4.962863e-01
1164556494.900146 -4.346451e-01
1164556494.900269 4.348269e-01
1164556494.900391 2.995050e-02
1164556494.900513 -4.774844e-01
1164556494.900635 1.024964e+00
1164556494.900757 -2.395154e-01
1164556494.900879 4.356346e-01
1164556494.901001 -6.171193e-02
1164556494.901123 -4.748972e-01
1164556494.901245 9.334009e-02
1164556494.901367 -4.740034e-01
1164556494.901489 4.603340e-01
1164556494.901611 4.317669e-01
1164556494.901733 -6.038418e-01
1164556494.901855 5.001001e-02
1164556494.901978 -6.522141e-01
1164556494.902100 2.229171e-01
1164556494.902222 5.512617e-01
1164556494.902344 -3.800476e-01
1164556494.902466 3.116435e-01
1164556494.902588 -1.535791e-02
1164556494.902710 9.463011e-02
1164556494.902832 4.791136e-01
1164556494.902954 -4.199304e-01
1164556494.903076 1.414316e-01
1164556494.903198 -3.187867e-01
1164556494.903320 -4.878756e-01
1164556494.903442 5.317986e-01
1164556494.903564 -7.959621e-02
1164556494.903687 2.139236e-01
1164556494.903809 -5.032793e-02
1164556494.903931 -5.098989e-01
1164556494.904053 2.814639e-01
1164556494.904175 -1.696549e-01
1164556494.904297 3.661264e-01
1164556494.904419 1.764647e-02
1164556494.904541 -4.261707e-01
1164556494.904663 5.201250e-01
1164556494.904785 6.279607e-03
1164556494.904907 8.778135e-02
1164556494.905029 -1.178269e-02
1164556494.905151 -4.827347e-01
1164556494.905273 1.226994e-01
1164556494.905396 -1.802021e-01
1164556494.905518 1.964270e-01
1164556494.905640 4.842094e-01
1164556494.905762 -3.464852e-01
1164556494.905884 -4.794861e-02
1164556494.906006 -3.226065e-01
1164556494.906128 -1.108295e-01
1164556494.906250 4.097862e-01
1164556494.906372 -3.146626e-01
1164556494.906494 3.405186e-01
1164556494.906616 1.113153e-01
1164556494.906738 1.938459e-02
1164556494.906860 3.119669e-01
1164556494.906982 -3.063489e-01
1164556494.907104 -6.057588e-02
1164556494.907227 -2.504429e-01
1164556494.907349 -2.200544e-01
1164556494.907471 4.472889e-01
1164556494.907593 3.622271e-02
1164556494.907715 -7.224147e-03
1164556494.907837 6.535900e-05
1164556494.907959 -5.018227e-01
1164556494.908081 1.367363e-02
1164556494.908203 5.777135e-02
1164556494.908325 2.111645e-01
1164556494.908447 3.721863e-01
1164556494.908569 -1.447518e-01
1164556494.908691 3.830364e-01
1164556494.908813 -1.609682e-01
1164556494.908936 -2.932606e-01
1164556494.909058 -2.020550e-02
1164556494.909180 -3.181711e-01
1164556494.909302 1.132477e-01
1164556494.909424 1.029994e-02
1164556494.909546 1.603900e-01
1164556494.909668 2.388017e-01
1164556494.909790 -2.990223e-01
1164556494.909912 -8.906986e-02
1164556494.910034 -5.341341e-02
1164556494.910156 -7.801319e-02
1164556494.910278 3.859711e-01
1164556494.910400 5.320415e-02
1164556494.910522 7.744574e-02
1164556494.910645 1.282221e-01
1164556494.910767 -3.139015e-01
1164556494.910889 4.318597e-02
1164556494.911011 -3.304202e-01
1164556494.911133 6.544696e-02
1164556494.911255 2.002938e-01
1164556494.911377 -1.816135e-01
1164556494.911499 3.392981e-01
1164556494.911621 -1.047240e-01
1164556494.911743 -9.409639e-02
1164556494.911865 -4.884656e-02
1164556494.911987 -2.141510e-01
1164556494.912109 1.811499e-01
1164556494.912231 2.748339e-03
1164556494.912354 1.704749e-01
1164556494.912476 2.011692e-01
1164556494.912598 -1.443928e-01
1164556494.912720 5.012671e-02
1164556494.912842 -1.443019e-01
1164556494.912964 -1.978281e-01
1164556494.913086 1.234320e-01
1164556494.913208 -9.689907e-03
1164556494.913330 2.033746e-01
1164556494.913452 -1.205690e-01
1164556494.913574 -1.431997e-01
1164556494.913696 6.004042e-02
1164556494.913818 -2.511439e-01
1164556494.913940 1.428902e-01
1164556494.914062 7.814192e-02
1164556494.914185 1.300756e-01
1164556494.914307 2.032073e-01
1164556494.914429 -1.356024e-01
1164556494.914551 1.078285e-01
1164556494.914673 -1.280301e-01
1164556494.914795 -1.440702e-01
1164556494.914917 -5.173137e-02
1164556494.915039 -1.120866e-01
1164556494.915161 2.202845e-01
1164556494.915283 8.247816e-02
1164556494.915405 -1.944864e-02
1164556494.915527 -8.104948e-03
1164556494.915649 -2.367107e-01
1164556494.915771 2.124540e-02
1164556494.915894 -2.587036e-02
1164556494.916016 6.800768e-02
1164556494.916138 1.908395e-01
1164556494.916260 -7.540287e-02
1164556494.916382 1.710120e-01
1164556494.916504 -4.423163e-02
1164556494.916626 -9.395662e-03
1164556494.916748 6.645111e-02
1164556494.916870 -2.479982e-01
1164556494.916992 3.301507e-02
1164556494.917114 -1.445030e-01
1164556494.917236 9.562338e-02
1164556494.917358 1.060679e-01
1164556494.917480 -1.453949e-01
1164556494.917603 6.440405e-02
1164556494.917725 -1.359981e-01
1164556494.917847 1.032665e-01
1164556494.917969 1.292528e-01
1164556494.918091 1.989114e-03
1164556494.918213 1.115144e-01
1164556494.918335 -1.196701e-01
1164556494.918457 7.151858e-02
1164556494.918579 -1.086500e-03
1164556494.918701 -6.760687e-02
1164556494.918823 1.471598e-02
1164556494.918945 -2.193713e-01
1164556494.919067 6.879849e-03
1164556494.919189 5.264422e-02
1164556494.919312 9.631351e-02
1164556494.919434 1.307831e-01
1164556494.919556 -1.915606e-01
1164556494.919678 1.964331e-02
1164556494.919800 -1.112636e-01
1164556494.919922 5.434392e-02
1164556494.920044 1.970900e-01
1164556494.920166 -6.434388e-02
1164556494.920288 9.412081e-02
1164556494.920410 -9.494607e-02
1164556494.920532 9.501948e-02
1164556494.920654 4.284281e-02
1164556494.920776 -1.709649e-01
1164556494.920898 1.410495e-02
1164556494.921021 -1.820277e-01
1164556494.921143 5.836908e-02
1164556494.921265 2.631533e-02
1164556494.921387 7.158855e-02
1164556494.921509 8.773423e-02
1164556494.921631 -1.927152e-01
1164556494.921753 -2.215735e-02
1164556494.921875 -2.623559e-02
1164556494.921997 1.690356e-01
1164556494.922119 1.684745e-01
1164556494.922241 2.094402e-02
1164556494.922363 1.004951e-01
1164556494.922485 -1.473116e-01
1164556494.922607 -6.403936e-02
1164556494.922729 -1.536373e-01
1164556494.922852 -1.456740e-01
1164556494.922974 1.550927e-02
1164556494.923096 -2.088005e-02
1164556494.923218 2.352935e-01
1164556494.923340 5.370034e-02
1164556494.923462 1.653274e-03
1164556494.923584 -1.825453e-02
1164556494.923706 -1.982023e-01
1164556494.923828 4.377931e-02
1164556494.923950 3.267450e-02
1164556494.924072 2.567496e-01
1164556494.924194 1.206022e-01
1164556494.924316 -1.202969e-01
1164556494.924438 -5.209571e-02
1164556494.924561 -2.132713e-01
1164556494.924683 -6.269420e-02
1164556494.924805 -9.045745e-02
1164556494.924927 3.662027e-02
1164556494.925049 1.899761e-01
1164556494.925171 3.895860e-02
1164556494.925293 1.133324e-01
1164556494.925415 -8.799971e-02
1164556494.925537 -8.728059e-02
1164556494.925659 -1.112874e-01
1164556494.925781 -6.466994e-02
1164556494.925903 1.942901e-01
1164556494.926025 1.381741e-01
1164556494.926147 1.758410e-01
1164556494.926270 -1.182791e-02
1164556494.926392 -1.478883e-01
1164556494.926514 -1.874600e-01
1164556494.926636 -2.333241e-01
1164556494.926758 4.401738e-02
1164556494.926880 3.183277e-02
1164556494.927002 1.354561e-01
1164556494.927124 1.603096e-01
1164556494.927246 5.668391e-02
1164556494.927368 -9.807920e-03
1164556494.927490 -1.943117e-01
1164556494.927612 -3.496248e-02
1164556494.927734 -3.724535e-02
1164556494.927856 2.581297e-02
1164556494.927979 1.798828e-01
1164556494.928101 1.123842e-01
1164556494.928223 9.042775e-02
1164556494.928345 -1.555606e-01
1164556494.928467 -1.111922e-01
1164556494.928589 -1.135483e-01
1164556494.928711 -1.303832e-01
1164556494.928833 3.727156e-02
1164556494.928955 4.107868e-02
1164556494.929077 1.230462e-01
1164556494.929199 4.639473e-02
1164556494.929321 2.798087e-02
1164556494.929443 4.014384e-02
1164556494.929565 -5.815583e-02
1164556494.929688 4.378682e-02
1164556494.929810 -8.019341e-03
1164556494.929932 8.607821e-03
1164556494.930054 -6.736243e-03
1164556494.930176 -6.137510e-02
1164556494.930298 6.446495e-03
1164556494.930420 -6.901730e-02
1164556494.930542 -3.218044e-02
1164556494.930664 -3.623925e-02
1164556494.930786 8.488261e-03
1164556494.930908 1.045535e-01
1164556494.931030 9.163979e-03
1164556494.931152 7.990345e-02
1164556494.931274 -1.864167e-02
1164556494.931396 -2.196888e-02
1164556494.931519 -1.299479e-02
1164556494.931641 -2.532364e-02
1164556494.931763 5.368030e-02
1164556494.931885 -5.543249e-02
1164556494.932007 8.717240e-03
1164556494.932129 -1.463070e-02
1164556494.932251 -2.003132e-02
1164556494.932373 4.478213e-02
1164556494.932495 -6.117280e-03
1164556494.932617 1.704541e-02
1164556494.932739 -8.952444e-02
1164556494.932861 -1.181370e-02
1164556494.932983 3.421643e-02
1164556494.933105 4.398606e-02
1164556494.933228 4.186598e-02
1164556494.933350 -2.481266e-02
1164556494.933472 3.947754e-03
1164556494.933594 -4.508428e-02
1164556494.933716 -1.246624e-02
1164556494.933838 2.798198e-02
1164556494.933960 1.947067e-02
1164556494.934082 4.902782e-02
1164556494.934204 4.319464e-03
1164556494.934326 1.287571e-02
1164556494.934448 -3.150525e-02
1164556494.934570 -7.456004e-02
1164556494.934692 -6.755577e-02
1164556494.934814 -5.729152e-02
1164556494.934937 5.032757e-02
1164556494.935059 9.272954e-02
1164556494.935181 4.705687e-02
1164556494.935303 1.559199e-02
1164556494.935425 -6.895806e-02
1164556494.935547 -1.304039e-02
1164556494.935669 5.415286e-03
1164556494.935791 4.735908e-02
1164556494.935913 7.019174e-02
1164556494.936035 4.039101e-02
1164556494.936157 2.440396e-02
1164556494.936279 -8.929420e-02
1164556494.936401 -9.970179e-02
1164556494.936523 -1.055445e-01
1164556494.936646 -7.616249e-02
1164556494.936768 -1.047740e-02
1164556494.936890 4.413017e-02
1164556494.937012 1.800462e-01
1164556494.937134 1.335856e-01
1164556494.937256 4.441029e-02
1164556494.937378 -6.566236e-02
1164556494.937500 -6.107250e-02
1164556494.937622 -3.270801e-02
1164556494.937744 -2.295418e-02
1164556494.937866 3.793132e-02
1164556494.937988 6.721972e-03
1164556494.938110 -1.419035e-02
1164556494.938232 -7.693757e-02
1164556494.938354 -7.669341e-02
1164556494.938477 -3.289793e-02
1164556494.938599 1.561005e-03
1164556494.938721 9.285480e-02
1164556494.938843 1.072385e-01
1164556494.938965 1.046689e-01
1164556494.939087 1.991238e-02
1164556494.939209 -4.587750e-02
1164556494.939331 -9.263075e-02
1164556494.939453 -1.207731e-01
1164556494.939575 -4.589019e-02
1164556494.939697 5.598212e-02
1164556494.939819 7.424692e-02
1164556494.939941 6.962867e-02
1164556494.940063 3.747371e-02
1164556494.940186 -4.429336e-03
1164556494.940308 -6.688515e-02
1164556494.940430 -1.039224e-01
1164556494.940552 -3.089789e-02
1164556494.940674 -5.121171e-03
1164556494.940796 4.049210e-02
1164556494.940918 6.100788e-02
1164556494.941040 4.111401e-02
1164556494.941162 3.955673e-02
1164556494.941284 -3.517307e-02
1164556494.941406 -1.559989e-02
1164556494.941528 -1.445364e-02
1164556494.941650 1.335331e-02
1164556494.941772 3.008447e-02
1164556494.941895 6.657693e-03
1164556494.942017 -2.352539e-02
1164556494.942139 -4.113557e-02
1164556494.942261 -3.761686e-02
1164556494.942383 -4.585551e-02
1164556494.942505 -1.256282e-02
1164556494.942627 3.030957e-02
1164556494.942749 5.138521e-02
1164556494.942871 4.409597e-02
1164556494.942993 1.346061e-02
1164556494.943115 -1.170843e-02
1164556494.943237 -1.040573e-02
1164556494.943359 3.226599e-02
1164556494.943481 2.315147e-02
1164556494.943604 5.555354e-03
1164556494.943726 -1.933013e-02
1164556494.943848 -3.986582e-02
1164556494.943970 -5.212685e-02
1164556494.944092 -3.433761e-02
1164556494.944214 1.317130e-03
1164556494.944336 1.647449e-02
1164556494.944458 6.664280e-03
1164556494.944580 5.393519e-03
1164556494.944702 5.780085e-03
1164556494.944824 2.324718e-02
1164556494.944946 3.848783e-02
1164556494.945068 2.097542e-02
1164556494.945190 -2.178397e-03
1164556494.945312 1.121458e-02
1164556494.945435 2.286149e-02
1164556494.945557 1.525159e-02
1164556494.945679 -4.506697e-02
1164556494.945801 -6.397658e-02
1164556494.945923 -5.203951e-02
1164556494.946045 -3.321289e-02
1164556494.946167 1.458588e-03
1164556494.946289 1.654997e-02
1164556494.946411 2.012283e-02
1164556494.946533 2.617233e-02
1164556494.946655 2.720571e-02
1164556494.946777 6.177522e-02
1164556494.946899 4.927656e-02
1164556494.947021 2.815768e-02
1164556494.947144 -2.762234e-02
1164556494.947266 -6.844249e-02
1164556494.947388 -4.412852e-02
1164556494.947510 -3.190754e-02
1164556494.947632 -3.708561e-02
1164556494.947754 -1.854029e-02
1164556494.947876 2.044055e-02
1164556494.947998 5.870753e-02
1164556494.948120 4.319556e-02
1164556494.948242 2.285762e-02
1164556494.948364 -1.137175e-02
1164556494.948486 -3.896353e-02
1164556494.948608 -3.935674e-02
1164556494.948730 3.415520e-03
1164556494.948853 4.596531e-02
1164556494.948975 6.394695e-02
1164556494.949097 1.410860e-03
1164556494.949219 -4.310627e-02
1164556494.949341 -4.135152e-02
1164556494.949463 -2.312941e-02
1164556494.949585 -8.271343e-03
1164556494.949707 -1.738317e-02
1164556494.949829 1.373899e-02
1164556494.949951 4.501105e-02
1164556494.950073 3.815653e-02
1164556494.950195 3.980493e-02
1164556494.950317 -1.283599e-02
1164556494.950439 -4.371150e-02
1164556494.950562 -7.164389e-02
1164556494.950684 -3.563463e-02
1164556494.950806 1.444496e-02
1164556494.950928 4.061168e-02
1164556494.951050 4.086342e-02
1164556494.951172 9.373423e-03
1164556494.951294 -6.459269e-03
1164556494.951416 2.596875e-02
1164556494.951538 4.285761e-02
1164556494.951660 1.657629e-02
1164556494.951782 -3.033370e-02
1164556494.951904 -4.973081e-02
1164556494.952026 -5.656532e-02
1164556494.952148 -5.139368e-02
1164556494.952271 -2.507360e-02
1164556494.952393 2.198982e-03
1164556494.952515 1.957164e-02
1164556494.952637 4.731760e-02
1164556494.952759 6.990872e-02
1164556494.952881 8.326325e-02
1164556494.953003 3.683326e-02
1164556494.953125 -2.615916e-02
1164556494.953247 -8.272935e-02
1164556494.953369 -4.268727e-02
1164556494.953491 -3.092067e-03
1164556494.953613 1.728855e-02
1164556494.953735 -1.006835e-03
1164556494.953857 -2.570902e-02
1164556494.953979 -3.848827e-02
1164556494.954102 -4.561076e-02
1164556494.954224 1.576659e-03
1164556494.954346 2.768976e-02
1164556494.954468 4.449825e-02
1164556494.954590 5.716749e-02
1164556494.954712 4.096327e-02
1164556494.954834 3.329365e-02
1164556494.954956 -8.592404e-03
1164556494.955078 -2.103998e-02
1164556494.955200 -3.494808e-02
1164556494.955322 -1.366251e-02
1164556494.955444 9.657988e-03
1164556494.955566 -1.394963e-02
1164556494.955688 -5.062162e-02
1164556494.955811 -6.558564e-02
1164556494.955933 -4.946470e-02
1164556494.956055 2.437534e-03
1164556494.956177 4.274169e-02
1164556494.956299 7.026548e-02
1164556494.956421 7.582386e-02
1164556494.956543 6.054316e-02
1164556494.956665 4.227726e-02
1164556494.956787 7.293430e-03
1164556494.956909 -2.964548e-02
1164556494.957031 -5.412670e-02
1164556494.957153 -8.937935e-02
1164556494.957275 -6.682684e-02
1164556494.957397 -2.789195e-02
1164556494.957520 5.203470e-03
1164556494.957642 1.143668e-02
1164556494.957764 2.710243e-02
1164556494.957886 4.743575e-02
1164556494.958008 4.593833e-02
1164556494.958130 2.729287e-02
1164556494.958252 1.610893e-02
1164556494.958374 -1.084180e-02
1164556494.958496 -2.783157e-02
1164556494.958618 -7.452408e-03
1164556494.958740 -3.719791e-03
1164556494.958862 9.578101e-03
1164556494.958984 2.551785e-03
1164556494.959106 -6.102718e-03
1164556494.959229 -1.369477e-02
1164556494.959351 -5.464445e-02
1164556494.959473 -3.268423e-02
1164556494.959595 -2.385190e-02
1164556494.959717 3.185444e-02
1164556494.959839 4.501643e-02
1164556494.959961 4.124575e-02
1164556494.960083 3.745091e-02
1164556494.960205 2.518920e-03
1164556494.960327 -2.415928e-03
1164556494.960449 -1.803920e-02
1164556494.960571 -8.568684e-03
1164556494.960693 -3.822740e-03
1164556494.960815 -7.964802e-03
1164556494.960938 -7.121497e-04
1164556494.961060 -2.310002e-02
1164556494.961182 -3.622027e-02
1164556494.961304 -3.746163e-02
1164556494.961426 -6.753742e-03
1164556494.961548 1.921674e-02
1164556494.961670 5.985570e-02
1164556494.961792 7.244920e-02
1164556494.961914 6.820549e-02
1164556494.962036 -1.355433e-02
1164556494.962158 -7.799139e-02
1164556494.962280 -8.332557e-02
1164556494.962402 -6.519177e-02
1164556494.962524 -4.591962e-03
1164556494.962646 5.095325e-02
1164556494.962769 8.834084e-02
1164556494.962891 5.469904e-02
1164556494.963013 4.365958e-03
1164556494.963135 -5.562183e-03
1164556494.963257 -3.355170e-02
1164556494.963379 -3.614731e-02
1164556494.963501 -5.086655e-02
1164556494.963623 -3.449616e-02
1164556494.963745 -7.811194e-03
1164556494.963867 1.448661e-02
1164556494.963989 2.696180e-02
1164556494.964111 3.063100e-02
1164556494.964233 2.647222e-02
1164556494.964355 2.257147e-02
1164556494.964478 2.448874e-02
1164556494.964600 2.965714e-02
1164556494.964722 2.284927e-03
1164556494.964844 -2.849919e-02
1164556494.964966 -5.605483e-02
1164556494.965088 -6.530785e-02
1164556494.965210 -4.166656e-02
1164556494.965332 3.837379e-03
1164556494.965454 2.952739e-02
1164556494.965576 3.701308e-02
1164556494.965698 2.970259e-02
1164556494.965820 3.415242e-02
1164556494.965942 4.009396e-03
1164556494.966064 -1.730467e-02
1164556494.966187 -2.466910e-02
1164556494.966309 -4.593131e-03
1164556494.966431 2.633994e-02
1164556494.966553 2.522812e-02
1164556494.966675 2.138147e-02
1164556494.966797 -1.731403e-03
1164556494.966919 -4.590175e-02
1164556494.967041 -6.569157e-02
1164556494.967163 -4.703595e-02
1164556494.967285 6.768499e-03
1164556494.967407 1.220854e-02
1164556494.967529 2.729073e-02
1164556494.967651 3.751893e-02
1164556494.967773 4.749990e-02
1164556494.967896 3.310776e-02
1164556494.968018 7.687318e-03
1164556494.968140 -8.314686e-03
1164556494.968262 -2.939057e-02
1164556494.968384 -3.427010e-02
1164556494.968506 -1.982763e-02
1164556494.968628 -1.718403e-02
1164556494.968750 -1.791965e-02
1164556494.968872 -1.404682e-02
1164556494.968994 7.260740e-03
1164556494.969116 3.332382e-02
1164556494.969238 4.275866e-02
1164556494.969360 2.572629e-02
1164556494.969482 4.389453e-03
1164556494.969604 -2.631657e-02
1164556494.969727 -2.218187e-02
1164556494.969849 -1.857479e-02
1164556494.969971 1.530055e-04
1164556494.970093 1.072509e-03
1164556494.970215 -2.296782e-03
1164556494.970337 1.663011e-02
1164556494.970459 1.303365e-02
1164556494.970581 -1.034811e-03
1164556494.970703 -7.540895e-03
1164556494.970825 -2.334614e-03
1164556494.970947 3.981409e-03
1164556494.971069 7.494311e-05
1164556494.971191 1.054228e-02
1164556494.971313 3.343413e-03
1164556494.971436 -1.329903e-02
1164556494.971558 -3.090091e-02
1164556494.971680 -1.903264e-02
1164556494.971802 -3.775574e-03
1164556494.971924 1.451455e-02
1164556494.972046 2.141755e-02
1164556494.972168 2.071787e-02
1164556494.972290 2.163760e-02
1164556494.972412 1.435321e-02
1164556494.972534 6.284093e-03
1164556494.972656 3.828134e-03
1164556494.972778 -1.636242e-02
1164556494.972900 -2.220456e-02
1164556494.973022 -3.661616e-02
1164556494.973145 -2.570082e-02
1164556494.973267 -2.939760e-02
1164556494.973389 -1.272407e-02
1164556494.973511 2.224975e-02
1164556494.973633 3.417907e-02
1164556494.973755 4.894272e-02
1164556494.973877 3.726293e-02
1164556494.973999 1.806798e-02
1164556494.974121 5.728053e-04
1164556494.974243 -1.470187e-02
1164556494.974365 -4.878787e-03
1164556494.974487 -3.653060e-02
1164556494.974609 -4.029446e-02
1164556494.974731 -3.707604e-02
1164556494.974854 -2.636674e-02
1164556494.974976 3.248804e-03
1164556494.975098 2.627090e-02
1164556494.975220 4.805672e-02
1164556494.975342 3.866338e-02
1164556494.975464 1.230308e-02
1164556494.975586 2.306289e-02
1164556494.975708 8.412691e-04
1164556494.975830 -1.244530e-02
1164556494.975952 -5.375173e-02
1164556494.976074 -5.382918e-02
1164556494.976196 -1.055213e-02
1164556494.976318 1.839480e-02
1164556494.976440 4.936284e-02
1164556494.976562 2.908816e-02
1164556494.976685 7.958351e-03
1164556494.976807 -8.182168e-03
