1164556494.808716 1.701992e-02
1164556494.808838 7.132547e-03
1164556494.808960 -2.341114e-03
1164556494.809082 4.860195e-03
1164556494.809204 8.218311e-03
1164556494.809326 3.400560e-03
1164556494.809448 8.257141e-03
1164556494.809570 4.944332e-03
1164556494.809692 6.314106e-03
1164556494.809814 -2.287943e-02
1164556494.809937 -3.295766e-02
1164556494.810059 -2.264140e-02
1164556494.810181 4.059280e-03
1164556494.810303 4.545072e-02
1164556494.810425 4.194089e-02
1164556494.810547 2.447720e-02
1164556494.810669 -5.822056e-03
1164556494.810791 -4.115194e-02
1164556494.810913 -3.236349e-02
1164556494.811035 -3.931639e-02
1164556494.811157 -1.796877e-02
1164556494.811279 -1.762954e-03
1164556494.811401 2.007762e-02
1164556494.811523 4.203206e-02
1164556494.811646 4.126736e-02
1164556494.811768 3.521098e-02
1164556494.811890 4.478910e-03
1164556494.812012 -1.402570e-02
1164556494.812134 -1.237096e-02
1164556494.812256 -1.999900e-02
1164556494.812378 -2.006678e-02
1164556494.812500 -2.652589e-02
1164556494.812622 -3.143575e-02
1164556494.812744 -2.998259e-02
1164556494.812866 -9.190189e-03
1164556494.812988 1.497709e-02
1164556494.813110 5.381478e-02
1164556494.813232 5.982948e-02
1164556494.813354 4.822710e-02
1164556494.813477 1.421918e-02
1164556494.813599 -1.594079e-02
1164556494.813721 -3.296842e-02
1164556494.813843 -4.909653e-02
1164556494.813965 -3.500647e-02
1164556494.814087 -1.187538e-02
1164556494.814209 1.670665e-03
1164556494.814331 1.921581e-02
1164556494.814453 5.247723e-03
1164556494.814575 1.563052e-03
1164556494.814697 -7.562955e-03
1164556494.814819 4.630335e-03
1164556494.814941 1.943620e-02
1164556494.815063 1.828833e-02
1164556494.815186 2.331361e-02
1164556494.815308 1.207484e-02
1164556494.815430 -8.360869e-03
1164556494.815552 -2.189485e-02
1164556494.815674 -2.662646e-02
1164556494.815796 -1.315661e-02
1164556494.815918 -5.865968e-03
1164556494.816040 9.066424e-03
1164556494.816162 8.382160e-03
1164556494.816284 5.346458e-03
1164556494.816406 -1.385743e-03
1164556494.816528 -6.146833e-05
1164556494.816650 -8.905377e-03
1164556494.816772 -7.916121e-03
1164556494.816895 -4.086537e-03
1164556494.817017 -7.934474e-04
1164556494.817139 8.760084e-03
1164556494.817261 2.742581e-02
1164556494.817383 3.464882e-02
1164556494.817505 2.636742e-02
1164556494.817627 1.865095e-03
1164556494.817749 -2.522621e-02
1164556494.817871 -4.930328e-02
1164556494.817993 -4.884599e-02
1164556494.818115 -2.462910e-02
1164556494.818237 6.258157e-03
1164556494.818359 2.088003e-02
1164556494.818481 2.391716e-02
1164556494.818604 1.712909e-02
1164556494.818726 2.398989e-02
1164556494.818848 8.107030e-03
1164556494.818970 -3.372914e-03
1164556494.819092 -2.176569e-03
1164556494.819214 2.140188e-03
1164556494.819336 9.910267e-03
1164556494.819458 3.573289e-03
1164556494.819580 -2.690447e-03
1164556494.819702 -2.320372e-02
1164556494.819824 -3.883077e-02
1164556494.819946 -1.763857e-02
1164556494.820068 -3.790832e-05
1164556494.820190 1.164055e-02
1164556494.820312 8.630414e-03
1164556494.820435 9.037803e-03
1164556494.820557 5.630531e-03
1164556494.820679 7.440369e-03
1164556494.820801 1.303643e-02
1164556494.820923 1.424008e-02
1164556494.821045 -5.772881e-04
1164556494.821167 3.348001e-03
1164556494.821289 8.627049e-03
1164556494.821411 1.674510e-02
1164556494.821533 1.095118e-02
1164556494.821655 -1.682433e-02
1164556494.821777 -4.485252e-02
1164556494.821899 -6.222285e-02
1164556494.822021 -5.077292e-02
1164556494.822144 -1.115123e-02
1164556494.822266 2.328297e-02
1164556494.822388 5.011866e-02
1164556494.822510 5.552468e-02
1164556494.822632 5.551435e-02
1164556494.822754 4.245901e-02
1164556494.822876 2.639141e-02
1164556494.822998 -5.388593e-03
1164556494.823120 -4.436933e-02
1164556494.823242 -7.135169e-02
1164556494.823364 -5.733929e-02
1164556494.823486 -3.988725e-02
1164556494.823608 -2.266086e-02
1164556494.823730 -1.363412e-03
1164556494.823853 1.916332e-02
1164556494.823975 4.234416e-02
1164556494.824097 5.167840e-02
1164556494.824219 5.872911e-02
1164556494.824341 4.783002e-02
1164556494.824463 1.090422e-02
1164556494.824585 -2.015047e-02
1164556494.824707 -5.359067e-02
1164556494.824829 -5.094920e-02
1164556494.824951 -4.689753e-02
1164556494.825073 -2.333454e-02
1164556494.825195 -8.905853e-03
1164556494.825317 1.174574e-02
1164556494.825439 3.914932e-02
1164556494.825562 5.313153e-02
1164556494.825684 2.862551e-02
1164556494.825806 -4.102916e-03
1164556494.825928 -1.382284e-02
1164556494.826050 -2.086480e-03
1164556494.826172 1.945495e-03
1164556494.826294 -1.267748e-02
1164556494.826416 -2.262124e-02
1164556494.826538 -3.039657e-02
1164556494.826660 -2.091279e-02
1164556494.826782 5.648296e-03
1164556494.826904 2.169787e-02
1164556494.827026 3.421425e-02
1164556494.827148 2.075476e-02
1164556494.827271 2.314690e-02
1164556494.827393 8.072608e-03
1164556494.827515 -8.218553e-04
1164556494.827637 -1.262065e-02
1164556494.827759 -3.498389e-02
1164556494.827881 -4.373976e-02
1164556494.828003 -3.610631e-02
1164556494.828125 -3.048428e-03
1164556494.828247 1.616884e-02
1164556494.828369 1.853808e-02
1164556494.828491 2.232613e-02
1164556494.828613 2.004399e-02
1164556494.828735 3.719124e-02
1164556494.828857 3.091850e-02
1164556494.828979 2.605352e-02
1164556494.829102 -6.310074e-03
1164556494.829224 -2.816852e-02
1164556494.829346 -4.420494e-02
1164556494.829468 -5.207108e-02
1164556494.829590 -4.444206e-02
1164556494.829712 -2.939393e-02
1164556494.829834 -1.100162e-03
1164556494.829956 2.867137e-02
1164556494.830078 4.902447e-02
1164556494.830200 5.540882e-02
1164556494.830322 3.402095e-02
1164556494.830444 2.175710e-02
1164556494.830566 4.611936e-03
1164556494.830688 -1.371200e-02
1164556494.830811 -2.193364e-02
1164556494.830933 -2.569670e-02
1164556494.831055 -3.711619e-02
1164556494.831177 -2.742933e-02
1164556494.831299 -6.738790e-03
1164556494.831421 1.090033e-02
1164556494.831543 1.393788e-03
1164556494.831665 6.208969e-04
1164556494.831787 -3.577789e-03
1164556494.831909 -7.775173e-03
1164556494.832031 1.114939e-02
1164556494.832153 3.740484e-02
1164556494.832275 4.257474e-02
1164556494.832397 3.655720e-02
1164556494.832520 1.666312e-02
1164556494.832642 -2.499283e-03
1164556494.832764 -3.454400e-02
1164556494.832886 -5.889293e-02
1164556494.833008 -5.672094e-02
1164556494.833130 -3.107862e-02
1164556494.833252 3.176328e-03
1164556494.833374 1.934834e-02
1164556494.833496 2.109193e-02
1164556494.833618 3.221749e-02
1164556494.833740 1.153732e-02
1164556494.833862 1.264554e-02
1164556494.833984 1.672002e-02
1164556494.834106 2.307701e-02
1164556494.834229 1.120086e-02
1164556494.834351 -1.062869e-02
1164556494.834473 -2.315996e-02
1164556494.834595 -3.437452e-02
1164556494.834717 -3.243652e-02
1164556494.834839 -1.517028e-02
1164556494.834961 3.440567e-03
1164556494.835083 2.776531e-02
1164556494.835205 3.031539e-02
1164556494.835327 1.735875e-02
1164556494.835449 -6.084366e-03
1164556494.835571 -2.715782e-02
1164556494.835693 -3.023094e-02
1164556494.835815 -2.715649e-03
1164556494.835938 2.006633e-02
1164556494.836060 2.601392e-02
1164556494.836182 2.207691e-02
1164556494.836304 9.330920e-03
1164556494.836426 -1.766818e-02
1164556494.836548 -1.695461e-02
1164556494.836670 -9.176445e-03
1164556494.836792 5.843480e-03
1164556494.836914 8.747115e-04
1164556494.837036 1.867159e-02
1164556494.837158 2.145058e-02
1164556494.837280 -9.399679e-03
1164556494.837402 -3.746711e-02
1164556494.837524 -5.447214e-02
1164556494.837646 -4.093480e-02
1164556494.837769 -7.629537e-03
1164556494.837891 3.672117e-02
1164556494.838013 7.535400e-02
1164556494.838135 5.882766e-02
1164556494.838257 2.523362e-02
1164556494.838379 -6.117535e-03
1164556494.838501 -9.788495e-03
1164556494.838623 -7.974431e-03
1164556494.838745 -1.450418e-02
1164556494.838867 -2.975575e-02
1164556494.838989 -4.339398e-02
1164556494.839111 -5.134175e-02
1164556494.839233 -2.862096e-02
1164556494.839355 -1.063616e-02
1164556494.839478 1.630285e-02
1164556494.839600 3.495995e-02
1164556494.839722 5.201576e-02
1164556494.839844 5.850568e-02
1164556494.839966 4.365914e-02
1164556494.840088 2.958048e-02
1164556494.840210 -1.668951e-03
1164556494.840332 -4.044423e-02
1164556494.840454 -5.804375e-02
1164556494.840576 -5.248310e-02
1164556494.840698 -2.248816e-02
1164556494.840820 -9.577833e-03
1164556494.840942 4.064322e-03
1164556494.841064 1.041048e-02
1164556494.841187 2.068136e-02
1164556494.841309 8.753212e-03
1164556494.841431 -6.084111e-04
1164556494.841553 -2.465821e-03
1164556494.841675 8.780188e-03
1164556494.841797 1.612747e-02
1164556494.841919 2.655315e-02
1164556494.842041 3.776568e-02
1164556494.842163 2.265535e-02
1164556494.842285 -1.378980e-02
1164556494.842407 -2.705256e-02
1164556494.842529 -2.420738e-02
1164556494.842651 -2.115274e-02
1164556494.842773 -3.385386e-02
1164556494.842896 -3.299201e-02
1164556494.843018 -2.898489e-02
1164556494.843140 -1.568151e-02
1164556494.843262 9.545610e-03
1164556494.843384 4.253359e-02
1164556494.843506 4.795115e-02
1164556494.843628 4.945843e-02
1164556494.843750 4.914165e-02
1164556494.843872 3.276887e-02
1164556494.843994 -5.140851e-03
1164556494.844116 -3.208826e-02
1164556494.844238 -3.738469e-02
1164556494.844360 -3.845253e-02
1164556494.844482 -4.374326e-02
1164556494.844604 -4.401494e-02
1164556494.844727 -3.865154e-02
1164556494.844849 -1.574799e-02
1164556494.844971 2.474494e-02
1164556494.845093 6.402863e-02
1164556494.845215 7.178628e-02
1164556494.845337 5.577493e-02
1164556494.845459 1.050947e-02
1164556494.845581 -1.343715e-02
1164556494.845703 -2.533718e-02
1164556494.845825 -3.285276e-02
1164556494.845947 -3.306383e-02
1164556494.846069 -2.030643e-02
1164556494.846191 3.734672e-03
1164556494.846313 1.174300e-02
1164556494.846436 1.641569e-02
1164556494.846558 8.337581e-03
1164556494.846680 -1.198059e-02
1164556494.846802 -1.437284e-02
1164556494.846924 -9.330306e-03
1164556494.847046 4.797682e-03
1164556494.847168 -9.644621e-03
1164556494.847290 -9.862050e-04
1164556494.847412 9.296376e-03
1164556494.847534 1.690678e-02
1164556494.847656 5.331336e-03
1164556494.847778 1.524727e-02
1164556494.847900 4.151585e-02
1164556494.848022 3.140380e-02
1164556494.848145 1.110237e-02
1164556494.848267 -1.835467e-02
1164556494.848389 -3.385314e-02
1164556494.848511 -7.698861e-02
1164556494.848633 -8.886765e-02
1164556494.848755 -5.147616e-02
1164556494.848877 1.484541e-02
1164556494.848999 9.094082e-02
1164556494.849121 8.868927e-02
1164556494.849243 6.808068e-02
1164556494.849365 -1.122117e-02
1164556494.849487 -2.586574e-02
1164556494.849609 -1.930766e-02
1164556494.849731 -6.904922e-03
1164556494.849854 1.406740e-02
1164556494.849976 -1.160559e-02
1164556494.850098 -1.343675e-02
1164556494.850220 -3.392390e-02
1164556494.850342 -2.235985e-02
1164556494.850464 -7.678351e-03
1164556494.850586 -9.807197e-03
1164556494.850708 7.871784e-03
1164556494.850830 1.670526e-02
1164556494.850952 4.484003e-02
1164556494.851074 3.807412e-02
1164556494.851196 -1.172616e-02
1164556494.851318 -6.610417e-02
1164556494.851440 -5.595350e-02
1164556494.851562 -1.595499e-03
1164556494.851685 6.531140e-02
1164556494.851807 9.239731e-02
1164556494.851929 7.885634e-02
1164556494.852051 1.775592e-02
1164556494.852173 -5.264791e-02
1164556494.852295 -8.655263e-02
1164556494.852417 -9.386935e-02
1164556494.852539 -6.874523e-02
1164556494.852661 -4.147765e-02
1164556494.852783 7.928404e-03
1164556494.852905 6.085006e-02
1164556494.853027 7.999977e-02
1164556494.853149 7.088403e-02
1164556494.853271 2.070718e-02
1164556494.853394 5.458812e-03
1164556494.853516 5.092127e-03
1164556494.853638 2.456699e-02
1164556494.853760 1.674333e-02
1164556494.853882 -1.202817e-02
1164556494.854004 -5.371009e-02
1164556494.854126 -8.578798e-02
1164556494.854248 -7.776693e-02
1164556494.854370 -3.739067e-02
1164556494.854492 1.575265e-02
1164556494.854614 3.236866e-02
1164556494.854736 3.349593e-02
1164556494.854858 3.563638e-02
1164556494.854980 4.906754e-02
1164556494.855103 6.033928e-02
1164556494.855225 2.216772e-02
1164556494.855347 -6.973550e-03
1164556494.855469 -2.815125e-02
1164556494.855591 -1.845969e-02
1164556494.855713 -5.317623e-03
1164556494.855835 -3.830995e-03
1164556494.855957 -2.454457e-02
1164556494.856079 -4.788123e-02
1164556494.856201 -5.404309e-02
1164556494.856323 -1.695528e-02
1164556494.856445 1.034861e-02
1164556494.856567 2.663743e-02
1164556494.856689 2.211003e-02
1164556494.856812 1.135355e-02
1164556494.856934 4.182363e-02
1164556494.857056 6.158056e-02
1164556494.857178 4.352280e-02
1164556494.857300 -3.046679e-03
1164556494.857422 -3.237978e-02
1164556494.857544 -3.990437e-02
1164556494.857666 -4.753543e-02
1164556494.857788 -1.905895e-02
1164556494.857910 5.204902e-03
1164556494.858032 9.503047e-03
1164556494.858154 -1.163793e-02
1164556494.858276 -1.482984e-02
1164556494.858398 -1.611260e-02
1164556494.858521 -2.004495e-03
1164556494.858643 -5.110920e-03
1164556494.858765 8.106724e-04
1164556494.858887 3.641610e-02
1164556494.859009 7.657003e-02
1164556494.859131 6.314416e-02
1164556494.859253 5.158641e-03
1164556494.859375 -4.200018e-02
1164556494.859497 -5.000410e-02
1164556494.859619 -3.979826e-02
1164556494.859741 -7.940834e-03
1164556494.859863 2.223043e-02
1164556494.859985 2.248537e-02
1164556494.860107 1.790912e-03
1164556494.860229 -3.343331e-02
1164556494.860352 -6.882694e-02
1164556494.860474 -6.840500e-02
1164556494.860596 -2.004811e-02
1164556494.860718 5.521865e-02
1164556494.860840 8.825072e-02
1164556494.860962 1.069852e-01
1164556494.861084 8.835352e-02
1164556494.861206 2.983588e-02
1164556494.861328 -6.491618e-02
1164556494.861450 -9.366793e-02
1164556494.861572 -7.010066e-02
1164556494.861694 -2.705854e-02
1164556494.861816 1.036902e-02
1164556494.861938 2.052535e-02
1164556494.862061 8.648078e-03
1164556494.862183 -3.362560e-02
1164556494.862305 -5.119770e-02
1164556494.862427 -4.970971e-02
1164556494.862549 -6.809415e-03
1164556494.862671 7.047184e-02
1164556494.862793 1.223463e-01
1164556494.862915 1.366230e-01
1164556494.863037 6.817397e-02
1164556494.863159 -1.871092e-02
1164556494.863281 -1.122520e-01
1164556494.863403 -1.354186e-01
1164556494.863525 -1.029386e-01
1164556494.863647 -2.669619e-02
1164556494.863770 6.057403e-02
1164556494.863892 8.234584e-02
1164556494.864014 4.626692e-02
1164556494.864136 -9.730352e-03
1164556494.864258 -3.490167e-02
1164556494.864380 -6.010315e-02
1164556494.864502 -5.742453e-02
1164556494.864624 1.266595e-02
1164556494.864746 9.502356e-02
1164556494.864868 1.136141e-01
1164556494.864990 5.370129e-02
1164556494.865112 5.373209e-03
1164556494.865234 -5.455397e-02
1164556494.865356 -6.297893e-02
1164556494.865479 -4.285532e-02
1164556494.865601 -1.980500e-03
1164556494.865723 -4.008426e-04
1164556494.865845 -2.081098e-02
1164556494.865967 -2.131278e-02
1164556494.866089 -5.005743e-02
1164556494.866211 -4.508526e-02
1164556494.866333 -4.132777e-03
1164556494.866455 4.933345e-02
1164556494.866577 7.237608e-02
1164556494.866699 8.288795e-02
1164556494.866821 1.110553e-01
1164556494.866943 6.065467e-02
1164556494.867065 -3.199235e-02
1164556494.867188 -1.019265e-01
1164556494.867310 -7.421759e-02
1164556494.867432 -5.033166e-02
1164556494.867554 -4.211572e-02
1164556494.867676 -2.485471e-02
1164556494.867798 -5.166657e-03
1164556494.867920 -4.078383e-04
1164556494.868042 3.439626e-03
1164556494.868164 2.575440e-02
1164556494.868286 3.940464e-02
1164556494.868408 3.698424e-02
1164556494.868530 2.764706e-02
1164556494.868652 4.169765e-02
1164556494.868774 4.545143e-02
1164556494.868896 2.716520e-02
1164556494.869019 -3.708853e-03
1164556494.869141 -6.662447e-02
1164556494.869263 -7.785617e-02
1164556494.869385 -6.738878e-02
1164556494.869507 -8.333143e-03
1164556494.869629 -8.497630e-05
1164556494.869751 1.217698e-02
1164556494.869873 3.665962e-02
1164556494.869995 2.772776e-02
1164556494.870117 6.884409e-03
1164556494.870239 -3.703698e-02
1164556494.870361 -3.191821e-02
1164556494.870483 -2.042570e-02
1164556494.870605 1.135593e-02
1164556494.870728 6.457018e-02
1164556494.870850 1.109445e-01
1164556494.870972 1.203171e-01
1164556494.871094 3.878507e-02
1164556494.871216 -6.502652e-02
1164556494.871338 -1.298501e-01
1164556494.871460 -1.042279e-01
1164556494.871582 -1.003681e-01
1164556494.871704 -5.568235e-02
1164556494.871826 -6.642295e-03
1164556494.871948 5.144599e-02
1164556494.872070 5.268048e-02
1164556494.872192 2.216978e-02
1164556494.872314 3.933239e-02
1164556494.872437 2.488314e-02
1164556494.872559 5.522155e-02
1164556494.872681 9.912771e-02
1164556494.872803 1.308762e-01
1164556494.872925 6.716185e-02
1164556494.873047 -5.683569e-02
1164556494.873169 -1.437779e-01
1164556494.873291 -2.246569e-01
1164556494.873413 -1.948746e-01
1164556494.873535 -9.068390e-02
1164556494.873657 5.298666e-02
1164556494.873779 1.236803e-01
1164556494.873901 1.597072e-01
1164556494.874023 1.249735e-01
1164556494.874146 3.659987e-02
1164556494.874268 -4.629629e-02
1164556494.874390 -5.882208e-02
1164556494.874512 4.380383e-03
1164556494.874634 5.755243e-02
1164556494.874756 9.690670e-02
1164556494.874878 5.787982e-02
1164556494.875000 -3.059179e-02
1164556494.875122 -1.204468e-01
1164556494.875244 -1.756626e-01
1164556494.875366 -1.436652e-01
1164556494.875488 -7.831191e-02
1164556494.875610 2.454628e-02
1164556494.875732 8.910923e-02
1164556494.875854 1.528511e-01
1164556494.875977 1.217459e-01
1164556494.876099 3.025665e-02
1164556494.876221 -2.948077e-02
1164556494.876343 -7.866738e-03
1164556494.876465 3.035204e-02
1164556494.876587 3.014152e-02
1164556494.876709 5.952371e-02
1164556494.876831 3.154475e-02
1164556494.876953 -9.191665e-02
1164556494.877075 -1.582550e-01
1164556494.877197 -1.233438e-01
1164556494.877319 -8.376763e-02
1164556494.877441 -6.201688e-02
1164556494.877563 3.906570e-02
1164556494.877686 1.293095e-01
1164556494.877808 1.252579e-01
1164556494.877930 7.701273e-02
1164556494.878052 5.916742e-02
1164556494.878174 -1.209187e-02
1164556494.878296 -4.148433e-02
1164556494.878418 1.423754e-03
1164556494.878540 7.067039e-02
1164556494.878662 3.173750e-02
1164556494.878784 -4.837616e-02
1164556494.878906 -7.225044e-02
1164556494.879028 -1.341495e-01
1164556494.879150 -1.325488e-01
1164556494.879272 -3.556068e-02
1164556494.879395 7.199595e-02
1164556494.879517 7.851261e-02
1164556494.879639 1.575289e-02
1164556494.879761 4.918009e-02
1164556494.879883 6.104198e-02
1164556494.880005 2.594181e-02
1164556494.880127 -3.658300e-02
1164556494.880249 -1.869639e-02
1164556494.880371 4.389611e-02
1164556494.880493 8.472930e-02
1164556494.880615 7.397716e-02
1164556494.880737 1.445570e-02
1164556494.880859 -6.933576e-02
1164556494.880981 -1.484522e-01
1164556494.881104 -1.452908e-01
1164556494.881226 -5.490913e-02
1164556494.881348 8.703857e-03
1164556494.881470 4.298455e-03
1164556494.881592 -1.156494e-02
1164556494.881714 1.249599e-02
1164556494.881836 5.448121e-02
1164556494.881958 1.173074e-01
1164556494.882080 1.124281e-01
1164556494.882202 6.538356e-02
1164556494.882324 2.252710e-02
1164556494.882446 5.522498e-02
1164556494.882568 7.424508e-02
1164556494.882690 -1.888661e-02
1164556494.882812 -1.393711e-01
1164556494.882935 -1.841968e-01
1164556494.883057 -1.961278e-01
1164556494.883179 -1.375446e-01
1164556494.883301 -4.018158e-02
1164556494.883423 6.969835e-02
1164556494.883545 8.223548e-02
1164556494.883667 6.751377e-02
1164556494.883789 1.251093e-01
1164556494.883911 1.757759e-01
1164556494.884033 1.461563e-01
1164556494.884155 3.193882e-02
1164556494.884277 -3.022992e-02
1164556494.884399 -2.218997e-02
1164556494.884521 -8.391629e-03
1164556494.884644 1.097050e-02
1164556494.884766 -6.072791e-02
1164556494.884888 -1.778737e-01
1164556494.885010 -2.555523e-01
1164556494.885132 -1.991879e-01
1164556494.885254 -9.302522e-02
1164556494.885376 2.458959e-02
1164556494.885498 9.860912e-02
1164556494.885620 2.067780e-01
1164556494.885742 2.166030e-01
1164556494.885864 2.102043e-01
1164556494.885986 1.954706e-01
1164556494.886108 1.017112e-01
1164556494.886230 -1.556029e-02
1164556494.886353 -1.214959e-01
1164556494.886475 -7.636680e-02
1164556494.886597 -7.973144e-02
1164556494.886719 -1.274711e-01
1164556494.886841 -2.368086e-01
1164556494.886963 -3.329423e-01
1164556494.887085 -2.399938e-01
1164556494.887207 -1.025018e-01
1164556494.887329 1.389596e-01
1164556494.887451 2.512854e-01
1164556494.887573 3.742755e-01
1164556494.887695 3.611411e-01
1164556494.887817 2.207300e-01
1164556494.887939 8.174956e-02
1164556494.888062 9.136774e-04
1164556494.888184 -4.079422e-02
1164556494.888306 -1.235049e-01
1164556494.888428 -1.170365e-01
1164556494.888550 -1.419299e-01
1164556494.888672 -1.943214e-01
1164556494.888794 -3.128412e-01
1164556494.888916 -3.758750e-01
1164556494.889038 -2.762143e-01
1164556494.889160 -8.062243e-02
1164556494.889282 2.057800e-01
1164556494.889404 3.244511e-01
1164556494.889526 4.265409e-01
1164556494.889648 3.807321e-01
1164556494.889771 3.640676e-01
1164556494.889893 2.362354e-01
1164556494.890015 1.364415e-01
1164556494.890137 1.159793e-01
1164556494.890259 6.531576e-02
1164556494.890381 -8.524065e-02
1164556494.890503 -4.277487e-01
1164556494.890625 -7.014320e-01
1164556494.890747 -9.474638e-01
1164556494.890869 -1.125470e+00
1164556494.890991 -1.006195e+00
1164556494.891113 -5.383092e-01
1164556494.891235 6.773274e-01
1164556494.891357 2.112135e+00
1164556494.891479 2.468728e+00
1164556494.891602 2.107910e+00
1164556494.891724 1.200622e+00
1164556494.891846 -9.632676e-02
1164556494.891968 -1.300976e+00
1164556494.892090 -2.116575e+00
1164556494.892212 -2.524394e+00
1164556494.892334 -2.270444e+00
1164556494.892456 -1.578557e+00
1164556494.892578 -5.642239e-01
1164556494.892700 5.294062e-01
1164556494.892822 1.777517e+00
1164556494.892944 2.613239e+00
1164556494.893066 2.851767e+00
1164556494.893188 2.491851e+00
1164556494.893311 1.497878e+00
1164556494.893433 -5.417385e-03
1164556494.893555 -1.575528e+00
1164556494.893677 -2.535792e+00
1164556494.893799 -3.075106e+00
1164556494.893921 -2.957648e+00
1164556494.894043 -2.150647e+00
1164556494.894165 -6.733015e-01
1164556494.894287 9.217503e-01
1164556494.894409 2.179603e+00
1164556494.894531 3.034274e+00
1164556494.894653 3.011408e+00
1164556494.894775 2.506619e+00
1164556494.894897 1.439102e+00
1164556494.895020 1.103931e-01
1164556494.895142 -1.357242e+00
1164556494.895264 -2.581470e+00
1164556494.895386 -3.271652e+00
1164556494.895508 -3.303897e+00
1164556494.895630 -2.223911e+00
1164556494.895752 -6.703362e-01
1164556494.895874 9.906677e-01
1164556494.895996 2.292615e+00
1164556494.896118 3.311677e+00
1164556494.896240 3.501765e+00
1164556494.896362 2.664489e+00
1164556494.896484 1.204791e+00
1164556494.896606 -7.247216e-01
1164556494.896729 -2.457492e+00
1164556494.896851 -3.538242e+00
1164556494.896973 -3.333889e+00
1164556494.897095 -2.415745e+00
1164556494.897217 -9.469409e-01
1164556494.897339 7.774982e-01
1164556494.897461 2.218474e+00
1164556494.897583 3.109216e+00
1164556494.897705 3.177816e+00
1164556494.897827 2.443304e+00
1164556494.897949 6.336935e-01
1164556494.898071 -1.238548e+00
1164556494.898193 -2.519025e+00
1164556494.898315 -2.885601e+00
1164556494.898438 -2.679321e+00
1164556494.898560 -1.775585e+00
1164556494.898682 -2.052903e-01
1164556494.898804 1.306525e+00
1164556494.898926 2.623543e+00
1164556494.899048 3.122083e+00
1164556494.899170 2.817734e+00
1164556494.899292 1.283475e+00
1164556494.899414 -7.864574e-01
1164556494.899536 -2.471204e+00
1164556494.899658 -3.235578e+00
1164556494.899780 -2.876964e+00
1164556494.899902 -1.974524e+00
1164556494.900024 -2.328093e-01
1164556494.900146 1.674223e+00
1164556494.900269 3.253828e+00
1164556494.900391 3.638287e+00
1164556494.900513 2.692095e+00
1164556494.900635 6.977129e-01
1164556494.900757 -1.712929e+00
1164556494.900879 -3.214118e+00
1164556494.901001 -3.534013e+00
1164556494.901123 -2.526787e+00
1164556494.901245 -7.758898e-01
1164556494.901367 1.284151e+00
1164556494.901489 2.682690e+00
1164556494.901611 3.152084e+00
1164556494.901733 2.679162e+00
1164556494.901855 9.813762e-01
1164556494.901978 -1.345492e+00
1164556494.902100 -3.144148e+00
1164556494.902222 -3.104445e+00
1164556494.902344 -1.918099e+00
1164556494.902466 -2.394725e-03
1164556494.902588 1.779576e+00
1164556494.902710 2.833583e+00
1164556494.902832 2.667095e+00
1164556494.902954 1.275560e+00
1164556494.903076 -4.937989e-01
1164556494.903198 -2.314352e+00
1164556494.903320 -2.986042e+00
1164556494.903442 -2.513126e+00
1164556494.903564 -6.054554e-01
1164556494.903687 1.925547e+00
1164556494.903809 3.471024e+00
1164556494.903931 2.937064e+00
1164556494.904053 4.724089e-01
1164556494.904175 -1.771036e+00
1164556494.904297 -3.027273e+00
1164556494.904419 -2.429795e+00
1164556494.904541 -3.228472e-01
1164556494.904663 2.038828e+00
1164556494.904785 2.869050e+00
1164556494.904907 1.594154e+00
1164556494.905029 -6.105087e-01
1164556494.905151 -2.658099e+00
1164556494.905273 -2.561525e+00
1164556494.905396 -1.225139e-01
1164556494.905518 2.494323e+00
1164556494.905640 2.399259e+00
1164556494.905762 -1.236064e-01
1164556494.905884 -2.349777e+00
1164556494.906006 -1.523744e+00
1164556494.906128 1.725359e+00
1164556494.906250 1.474499e+00
1164556494.906372 -1.060639e+00
1164556494.906494 1.741616e-02
1164556494.906616 -1.509780e-01
1164556494.906738 8.617965e-04
1164556494.906860 -5.907729e-01
1164556494.906982 5.202781e-01
1164556494.907104 3.116024e-01
1164556494.907227 -8.739532e-01
1164556494.907349 1.171315e+00
1164556494.907471 -8.681983e-01
1164556494.907593 -9.527396e-02
1164556494.907715 -1.371962e-02
1164556494.907837 4.998093e-02
1164556494.907959 8.642164e-01
1164556494.908081 -5.640781e-01
1164556494.908203 5.363494e-01
1164556494.908325 -6.617748e-01
1164556494.908447 5.446070e-01
1164556494.908569 -2.709365e-02
1164556494.908691 -5.676088e-01
1164556494.908813 2.360858e-01
1164556494.908936 -4.825463e-01
1164556494.909058 2.650844e-01
1164556494.909180 1.660876e-01
1164556494.909302 -5.126828e-02
1164556494.909424 3.380436e-01
1164556494.909546 -6.773114e-01
1164556494.909668 -6.628980e-03
1164556494.909790 3.763520e-01
1164556494.909912 5.406654e-02
1164556494.910034 6.071094e-01
1164556494.910156 -4.509242e-01
1164556494.910278 -1.238833e-01
1164556494.910400 2.957033e-01
1164556494.910522 -3.184580e-01
1164556494.910645 1.460703e-01
1164556494.910767 -3.436129e-01
1164556494.910889 -2.544292e-01
1164556494.911011 2.657221e-01
1164556494.911133 -2.462096e-01
1164556494.911255 4.637402e-01
1164556494.911377 1.159547e-01
1164556494.911499 -3.885476e-01
1164556494.911621 2.085420e-01
1164556494.911743 -1.943632e-01
1164556494.911865 3.960748e-01
1164556494.911987 2.654763e-01
1164556494.912109 -2.299125e-01
1164556494.912231 7.558038e-02
1164556494.912354 -4.874531e-01
1164556494.912476 1.902955e-01
1164556494.912598 1.009434e-01
1164556494.912720 -4.435238e-01
1164556494.912842 1.183917e-01
1164556494.912964 -1.652962e-01
1164556494.913086 2.161551e-01
1164556494.913208 3.095073e-01
1164556494.913330 -7.328469e-02
1164556494.913452 2.403516e-01
1164556494.913574 -3.401083e-01
1164556494.913696 -2.231833e-01
1164556494.913818 2.950866e-01
1164556494.913940 -3.335956e-02
1164556494.914062 3.512796e-01
1164556494.914185 -1.842969e-01
1164556494.914307 -2.017424e-01
1164556494.914429 2.091545e-01
1164556494.914551 -3.735065e-01
1164556494.914673 8.251403e-02
1164556494.914795 -1.323843e-01
1164556494.914917 -1.092486e-01
1164556494.915039 2.824656e-01
1164556494.915161 1.609304e-03
1164556494.915283 3.173550e-01
1164556494.915405 1.236801e-02
1164556494.915527 -3.506765e-01
1164556494.915649 5.871841e-02
1164556494.915771 -1.176083e-01
1164556494.915894 8.930964e-02
1164556494.916016 3.527339e-01
1164556494.916138 -1.038233e-01
1164556494.916260 3.093336e-02
1164556494.916382 -2.855327e-01
1164556494.916504 -1.235201e-01
1164556494.916626 7.157636e-02
1164556494.916748 -2.958943e-01
1164556494.916870 2.936226e-01
1164556494.916992 9.824312e-02
1164556494.917114 9.410547e-02
1164556494.917236 1.880258e-01
1164556494.917358 -1.721603e-01
1164556494.917480 -1.307025e-02
1164556494.917603 -2.545487e-01
1164556494.917725 -8.663628e-02
1164556494.917847 2.963976e-01
1164556494.917969 4.731925e-02
1164556494.918091 1.584738e-01
1164556494.918213 1.657235e-02
1164556494.918335 -2.981891e-01
1164556494.918457 4.622131e-02
1164556494.918579 -2.037718e-01
1164556494.918701 -1.646833e-02
1164556494.918823 1.489360e-01
1164556494.918945 -5.363719e-02
1164556494.919067 2.830445e-01
1164556494.919189 -2.298514e-01
1164556494.919312 6.428786e-03
1164556494.919434 8.085789e-02
1164556494.919556 -2.283530e-01
1164556494.919678 2.484719e-01
1164556494.919800 7.370171e-02
1164556494.919922 1.689773e-01
1164556494.920044 6.072313e-02
1164556494.920166 -2.386638e-01
1164556494.920288 -7.555497e-02
1164556494.920410 -2.813501e-01
1164556494.920532 -1.042385e-01
1164556494.920654 1.334329e-01
1164556494.920776 -1.131507e-02
1164556494.920898 2.716027e-01
1164556494.921021 1.307072e-01
1164556494.921143 -6.342728e-02
1164556494.921265 -2.733517e-02
1164556494.921387 -2.020427e-01
1164556494.921509 1.590478e-01
1164556494.921631 3.329047e-03
1164556494.921753 3.999033e-02
1164556494.921875 1.841997e-01
1164556494.921997 -1.888999e-01
1164556494.922119 -2.318863e-02
1164556494.922241 -2.034195e-01
1164556494.922363 -7.801169e-02
1164556494.922485 8.940169e-02
1164556494.922607 -6.694624e-02
1164556494.922729 1.910905e-01
1164556494.922852 7.106694e-02
1164556494.922974 8.129476e-02
1164556494.923096 2.980336e-02
1164556494.923218 -2.150885e-01
1164556494.923340 -2.342080e-02
1164556494.923462 -1.708616e-02
1164556494.923584 7.672532e-02
1164556494.923706 1.619194e-01
1164556494.923828 -7.091625e-02
1164556494.923950 5.086632e-02
1164556494.924072 -1.122903e-01
1164556494.924194 -6.747474e-02
1164556494.924316 5.301318e-02
1164556494.924438 -1.553952e-01
1164556494.924561 9.902509e-02
1164556494.924683 -8.883963e-02
1164556494.924805 1.671112e-02
1164556494.924927 1.446846e-01
1164556494.925049 -3.258875e-02
1164556494.925171 1.342019e-01
1164556494.925293 -1.549552e-01
1164556494.925415 3.836724e-02
1164556494.925537 9.672664e-02
1164556494.925659 -6.806130e-03
1164556494.925781 1.303781e-01
1164556494.925903 -1.620572e-01
1164556494.926025 -7.275713e-02
1164556494.926147 -8.529707e-02
1164556494.926270 -6.926533e-02
1164556494.926392 6.632470e-02
1164556494.926514 -8.757104e-02
1164556494.926636 7.149280e-02
1164556494.926758 2.884997e-02
1164556494.926880 7.672575e-02
1164556494.927002 2.113606e-01
1164556494.927124 -2.456992e-02
1164556494.927246 -1.533805e-02
1164556494.927368 -1.668722e-01
1164556494.927490 -7.808747e-02
1164556494.927612 8.579815e-02
1164556494.927734 -5.082199e-02
1164556494.927856 1.412248e-01
1164556494.927979 -1.062538e-01
1164556494.928101 -6.168585e-02
1164556494.928223 4.804613e-02
1164556494.928345 -5.203172e-02
1164556494.928467 1.030411e-01
1164556494.928589 -1.477463e-01
1164556494.928711 5.706536e-02
1164556494.928833 7.252685e-02
1164556494.928955 -4.571153e-03
1164556494.929077 1.165930e-01
1164556494.929199 -1.162094e-01
1164556494.929321 2.115533e-02
1164556494.929443 -8.387183e-02
1164556494.929565 4.644958e-02
1164556494.929688 1.861774e-01
1164556494.929810 -9.559512e-03
1164556494.929932 -6.355958e-03
1164556494.930054 -2.282400e-01
1164556494.930176 -1.016456e-01
1164556494.930298 -3.708666e-02
1164556494.930420 -2.509590e-02
1164556494.930542 1.594760e-01
1164556494.930664 1.926304e-02
1164556494.930786 1.437119e-01
1164556494.930908 5.406519e-02
1164556494.931030 -9.550890e-03
1164556494.931152 -9.662466e-03
1164556494.931274 -1.750039e-01
1164556494.931396 5.117952e-02
1164556494.931519 -4.768536e-03
1164556494.931641 7.579729e-02
1164556494.931763 1.005414e-01
1164556494.931885 -1.068455e-01
1164556494.932007 -9.606817e-02
1164556494.932129 -2.552365e-01
1164556494.932251 9.373587e-04
1164556494.932373 1.104390e-01
1164556494.932495 9.994807e-02
1164556494.932617 1.835168e-01
1164556494.932739 5.240458e-02
1164556494.932861 9.135392e-02
1164556494.932983 -9.770857e-02
1164556494.933105 -1.297793e-01
1164556494.933228 -6.477012e-02
1164556494.933350 -7.823236e-02
1164556494.933472 7.512985e-02
1164556494.933594 3.119204e-02
1164556494.933716 1.114001e-01
1164556494.933838 -1.119646e-02
1164556494.933960 -1.370076e-01
1164556494.934082 -7.326536e-02
1164556494.934204 -1.028625e-01
1164556494.934326 8.202951e-02
1164556494.934448 9.601454e-02
1164556494.934570 1.665799e-01
1164556494.934692 1.036393e-01
1164556494.934814 -9.049391e-02
1164556494.934937 -1.944044e-02
1164556494.935059 -1.494893e-01
1164556494.935181 -6.506682e-02
1164556494.935303 -2.565979e-02
1164556494.935425 6.856383e-02
1164556494.935547 1.569539e-01
1164556494.935669 -2.983742e-02
1164556494.935791 3.925316e-02
1164556494.935913 -9.048574e-02
1164556494.936035 -1.251502e-01
1164556494.936157 -6.537138e-02
1164556494.936279 -5.023300e-03
1164556494.936401 1.705742e-01
1164556494.936523 4.652410e-02
1164556494.936646 8.261026e-02
1164556494.936768 1.858900e-02
1164556494.936890 -8.083955e-02
1164556494.937012 -5.033427e-02
1164556494.937134 -8.270892e-02
1164556494.937256 3.259480e-02
1164556494.937378 2.363215e-02
1164556494.937500 5.390869e-02
1164556494.937622 5.422872e-02
1164556494.937744 -5.764581e-02
1164556494.937866 -2.698387e-02
1164556494.937988 -8.146380e-02
1164556494.938110 -2.760806e-02
1164556494.938232 5.492483e-03
1164556494.938354 3.623952e-03
1164556494.938477 7.189406e-02
1164556494.938599 3.305647e-02
1164556494.938721 7.479813e-02
1164556494.938843 4.359157e-03
1164556494.938965 -1.689832e-02
1164556494.939087 2.607224e-03
1164556494.939209 -5.894210e-02
1164556494.939331 2.280701e-02
1164556494.939453 -3.002517e-02
1164556494.939575 -3.098312e-03
1164556494.939697 -4.879212e-02
1164556494.939819 -6.741490e-02
1164556494.939941 1.635290e-02
1164556494.940063 -2.867722e-02
1164556494.940186 6.089962e-02
1164556494.940308 3.980991e-02
1164556494.940430 4.418223e-02
1164556494.940552 4.684569e-02
1164556494.940674 2.287731e-02
1164556494.940796 6.072753e-02
1164556494.940918 -6.910894e-02
1164556494.941040 -6.692643e-02
1164556494.941162 -5.871199e-02
1164556494.941284 -1.333236e-02
1164556494.941406 1.856774e-02
1164556494.941528 2.462029e-04
1164556494.941650 3.975449e-02
1164556494.941772 -1.824235e-02
1164556494.941895 -2.190999e-02
1164556494.942017 -2.383550e-02
1164556494.942139 -2.181043e-02
1164556494.942261 2.134943e-02
1164556494.942383 2.455726e-02
1164556494.942505 6.523346e-02
1164556494.942627 6.883612e-02
1164556494.942749 5.482797e-02
1164556494.942871 9.067529e-03
1164556494.942993 -9.719417e-02
1164556494.943115 -1.018569e-01
1164556494.943237 -6.319729e-02
1164556494.943359 -1.799918e-03
1164556494.943481 6.348639e-02
1164556494.943604 3.768950e-02
1164556494.943726 2.335778e-02
1164556494.943848 -4.667172e-02
1164556494.943970 -4.829480e-02
1164556494.944092 -4.325785e-02
1164556494.944214 5.360185e-03
1164556494.944336 9.133632e-02
1164556494.944458 8.751069e-02
1164556494.944580 1.086508e-01
1164556494.944702 3.560666e-02
1164556494.944824 -1.452652e-02
1164556494.944946 -1.137221e-01
1164556494.945068 -1.840855e-01
1164556494.945190 -9.643758e-02
1164556494.945312 -5.481705e-03
1164556494.945435 1.039056e-01
1164556494.945557 6.672031e-02
1164556494.945679 5.669651e-02
1164556494.945801 1.716530e-02
1164556494.945923 -4.160024e-02
1164556494.946045 -1.673132e-02
1164556494.946167 2.247199e-03
1164556494.946289 6.328758e-02
1164556494.946411 4.279470e-02
1164556494.946533 1.523800e-02
1164556494.946655 -6.238798e-03
1164556494.946777 -7.420856e-02
1164556494.946899 -8.600098e-02
1164556494.947021 -7.744815e-02
1164556494.947144 -1.240917e-02
1164556494.947266 5.595264e-02
1164556494.947388 9.716292e-02
1164556494.947510 1.003443e-01
1164556494.947632 1.422911e-03
1164556494.947754 -7.005525e-02
1164556494.947876 -5.903691e-02
1164556494.947998 -5.055350e-02
1164556494.948120 -1.180303e-02
1164556494.948242 1.512568e-02
1164556494.948364 7.742302e-02
1164556494.948486 7.629746e-02
1164556494.948608 2.287642e-02
1164556494.948730 -2.449424e-03
1164556494.948853 -6.284819e-02
1164556494.948975 -5.528700e-02
1164556494.949097 -5.260869e-02
1164556494.949219 -1.741655e-02
1164556494.949341 3.283752e-02
1164556494.949463 1.154885e-02
1164556494.949585 1.978004e-02
1164556494.949707 -9.202135e-03
1164556494.949829 -1.464265e-03
1164556494.949951 1.946533e-02
1164556494.950073 3.703962e-02
1164556494.950195 3.821821e-02
1164556494.950317 1.118525e-02
1164556494.950439 6.044455e-03
1164556494.950562 -3.007654e-02
1164556494.950684 -5.809559e-02
1164556494.950806 -5.551266e-02
1164556494.950928 -2.969468e-02
1164556494.951050 1.675663e-02
1164556494.951172 5.340799e-02
1164556494.951294 4.642730e-02
1164556494.951416 1.555153e-02
1164556494.951538 1.818150e-03
1164556494.951660 -2.412493e-02
1164556494.951782 -3.417342e-02
1164556494.951904 -3.566062e-02
1164556494.952026 -3.635947e-03
1164556494.952148 8.612917e-03
1164556494.952271 1.701316e-02
1164556494.952393 4.629579e-02
1164556494.952515 4.767501e-02
1164556494.952637 4.192940e-02
1164556494.952759 2.754834e-03
1164556494.952881 -4.385802e-02
1164556494.953003 -6.466328e-02
1164556494.953125 -4.844676e-02
1164556494.953247 -2.714796e-02
1164556494.953369 -3.739904e-02
1164556494.953491 -2.295332e-02
1164556494.953613 2.881091e-02
1164556494.953735 7.871425e-02
1164556494.953857 6.505285e-02
1164556494.953979 4.515506e-02
1164556494.954102 1.431362e-02
1164556494.954224 -4.238512e-03
1164556494.954346 -1.142116e-02
1164556494.954468 -1.181645e-02
1164556494.954590 -1.436224e-02
1164556494.954712 -4.460795e-02
1164556494.954834 -6.864663e-02
1164556494.954956 -7.255527e-02
1164556494.955078 -2.911109e-02
1164556494.955200 3.600652e-02
1164556494.955322 6.389727e-02
1164556494.955444 5.694751e-02
1164556494.955566 5.690340e-02
1164556494.955688 6.281936e-02
1164556494.955811 2.191130e-02
1164556494.955933 -2.772787e-02
1164556494.956055 -7.072084e-02
1164556494.956177 -8.062035e-02
1164556494.956299 -4.631616e-02
1164556494.956421 1.665817e-02
1164556494.956543 5.212192e-02
1164556494.956665 4.106579e-02
1164556494.956787 -1.018448e-02
1164556494.956909 -3.940356e-02
1164556494.957031 -3.654131e-02
1164556494.957153 1.769366e-02
1164556494.957275 4.677791e-02
1164556494.957397 3.321237e-02
1164556494.957520 1.695640e-02
1164556494.957642 -8.116740e-03
1164556494.957764 -1.514187e-02
1164556494.957886 -3.407056e-02
1164556494.958008 -2.865596e-02
1164556494.958130 -6.137060e-03
1164556494.958252 1.129911e-02
1164556494.958374 3.993781e-02
1164556494.958496 3.233222e-02
1164556494.958618 1.401030e-02
1164556494.958740 -3.009719e-02
1164556494.958862 -6.004662e-02
1164556494.958984 -4.354175e-02
1164556494.959106 9.666839e-03
1164556494.959229 5.454460e-02
1164556494.959351 5.609186e-02
1164556494.959473 8.641017e-03
1164556494.959595 -2.300958e-02
1164556494.959717 -4.020436e-02
1164556494.959839 -2.365052e-02
1164556494.959961 -5.754975e-03
1164556494.960083 6.332756e-03
1164556494.960205 2.922503e-02
1164556494.960327 2.729179e-02
1164556494.960449 3.212769e-02
1164556494.960571 1.362570e-02
1164556494.960693 -1.308634e-02
1164556494.960815 -4.414281e-02
1164556494.960938 -5.835121e-02
1164556494.961060 -1.057741e-02
1164556494.961182 2.402935e-02
1164556494.961304 2.630611e-02
1164556494.961426 -1.845724e-02
1164556494.961548 -3.576991e-02
1164556494.961670 -1.849290e-02
1164556494.961792 2.627422e-02
1164556494.961914 6.970509e-02
1164556494.962036 8.095523e-02
1164556494.962158 4.562560e-02
1164556494.962280 -1.203439e-02
1164556494.962402 -4.186117e-02
1164556494.962524 -6.388964e-02
1164556494.962646 -6.358224e-02
1164556494.962769 -5.494707e-02
1164556494.962891 -4.220183e-02
1164556494.963013 -5.781413e-03
1164556494.963135 3.348242e-02
1164556494.963257 6.654880e-02
1164556494.963379 6.066885e-02
1164556494.963501 4.250203e-02
1164556494.963623 2.094956e-02
1164556494.963745 1.903056e-02
1164556494.963867 1.379601e-03
1164556494.963989 -1.781368e-02
1164556494.964111 -4.123723e-02
1164556494.964233 -3.774687e-02
1164556494.964355 -3.529203e-02
1164556494.964478 -5.388492e-02
1164556494.964600 -3.014974e-02
1164556494.964722 -3.289813e-03
1164556494.964844 3.246202e-02
1164556494.964966 3.358705e-02
1164556494.965088 4.699632e-02
1164556494.965210 5.821478e-02
1164556494.965332 3.150024e-02
1164556494.965454 1.541632e-02
1164556494.965576 -1.742388e-02
1164556494.965698 -1.149706e-02
1164556494.965820 -3.990873e-02
1164556494.965942 -3.624793e-02
1164556494.966064 -4.053037e-02
1164556494.966187 -4.544276e-02
1164556494.966309 -1.431175e-02
1164556494.966431 1.259106e-02
1164556494.966553 6.250617e-02
1164556494.966675 4.453719e-02
1164556494.966797 2.544219e-02
1164556494.966919 9.800110e-03
1164556494.967041 -6.644623e-03
1164556494.967163 -9.199270e-03
1164556494.967285 -1.897398e-02
1164556494.967407 -7.018124e-03
1164556494.967529 -1.731319e-02
1164556494.967651 -1.268003e-02
1164556494.967773 -8.694865e-03
1164556494.967896 2.457963e-03
1164556494.968018 4.530809e-03
1164556494.968140 2.021142e-02
1164556494.968262 2.791928e-02
1164556494.968384 1.999792e-02
1164556494.968506 -8.499170e-04
1164556494.968628 -3.702148e-02
1164556494.968750 -4.243228e-02
1164556494.968872 -2.980957e-02
1164556494.968994 -3.412745e-03
1164556494.969116 1.973347e-02
1164556494.969238 3.406847e-02
1164556494.969360 4.354790e-02
1164556494.969482 2.958105e-02
1164556494.969604 2.523019e-02
1164556494.969727 -4.455539e-03
1164556494.969849 -4.324651e-02
1164556494.969971 -5.566126e-02
1164556494.970093 -3.368580e-02
1164556494.970215 -6.063508e-03
1164556494.970337 3.695504e-03
1164556494.970459 1.566776e-02
1164556494.970581 2.703633e-02
1164556494.970703 1.371375e-02
1164556494.970825 3.039333e-03
1164556494.970947 7.426655e-03
1164556494.971069 5.438457e-03
1164556494.971191 -3.751903e-03
1164556494.971313 1.223552e-03
1164556494.971436 1.730027e-02
1164556494.971558 1.802157e-02
1164556494.971680 -1.782893e-02
1164556494.971802 -3.599615e-02
1164556494.971924 -3.964102e-02
1164556494.972046 -1.628154e-02
1164556494.972168 1.351712e-02
1164556494.972290 2.917924e-02
1164556494.972412 2.690966e-02
1164556494.972534 6.413927e-03
1164556494.972656 -1.740233e-02
1164556494.972778 -1.246422e-02
1164556494.972900 5.600006e-03
1164556494.973022 2.680900e-02
1164556494.973145 2.193691e-02
1164556494.973267 -3.275305e-03
1164556494.973389 -2.007583e-02
1164556494.973511 -2.583872e-02
1164556494.973633 -1.729826e-02
1164556494.973755 -5.456660e-04
1164556494.973877 -5.599925e-03
1164556494.973999 1.357153e-02
1164556494.974121 2.326384e-02
1164556494.974243 2.419821e-02
1164556494.974365 4.193747e-03
1164556494.974487 -2.378419e-02
1164556494.974609 -2.820899e-02
1164556494.974731 -2.804318e-02
1164556494.974854 -3.689169e-03
1164556494.974976 3.406880e-02
1164556494.975098 4.557607e-02
1164556494.975220 2.876340e-02
1164556494.975342 -1.078681e-02
1164556494.975464 -2.278862e-02
1164556494.975586 -2.922148e-02
1164556494.975708 -2.432944e-02
1164556494.975830 -1.388627e-02
1164556494.975952 1.097312e-02
1164556494.976074 2.100981e-02
1164556494.976196 1.862307e-02
1164556494.976318 1.311998e-02
1164556494.976440 4.015833e-03
1164556494.976562 -1.717922e-02
1164556494.976685 -1.843968e-02
1164556494.976807 -4.731397e-03
1164556494.976929 5.071430e-03
1164556494.977051 1.479057e-03
1164556494.977173 -4.301224e-04
1164556494.977295 -8.221995e-04
1164556494.977417 -1.107850e-03
1164556494.977539 1.612058e-02
1164556494.977661 2.657991e-02
1164556494.977783 1.418167e-02
1164556494.977905 1.013870e-04
1164556494.978027 -1.838268e-02
1164556494.978149 -2.477209e-02
1164556494.978271 -3.914628e-02
1164556494.978394 -2.783372e-02
1164556494.978516 -1.391771e-02
1164556494.978638 1.177522e-02
1164556494.978760 3.082464e-02
1164556494.978882 3.722335e-02
1164556494.979004 4.550876e-02
1164556494.979126 3.176824e-02
1164556494.979248 6.979889e-03
1164556494.979370 -8.936000e-03
1164556494.979492 -2.390808e-02
1164556494.979614 -3.827384e-02
1164556494.979736 -6.053024e-02
1164556494.979858 -4.768377e-02
1164556494.979980 -1.779175e-02
1164556494.980103 1.624633e-02
1164556494.980225 5.038677e-02
1164556494.980347 5.636679e-02
1164556494.980469 4.129185e-02
1164556494.980591 2.142899e-02
1164556494.980713 -6.230929e-03
1164556494.980835 -1.038054e-02
1164556494.980957 -2.045840e-02
1164556494.981079 -2.516776e-02
1164556494.981201 -3.451468e-02
1164556494.981323 -2.112127e-02
1164556494.981445 -1.089374e-02
1164556494.981567 -4.153641e-03
1164556494.981689 1.243095e-02
1164556494.981812 2.801173e-02
1164556494.981934 2.978552e-02
1164556494.982056 2.830357e-02
1164556494.982178 2.281914e-02
1164556494.982300 -6.199404e-03
1164556494.982422 -3.567832e-02
1164556494.982544 -3.707736e-02
1164556494.982666 -2.447030e-02
1164556494.982788 -6.258531e-03
1164556494.982910 9.348036e-03
1164556494.983032 1.995062e-02
1164556494.983154 1.543948e-02
1164556494.983276 2.331726e-02
1164556494.983398 2.067741e-02
1164556494.983521 7.064753e-03
1164556494.983643 -1.696552e-02
1164556494.983765 -2.704609e-02
1164556494.983887 -2.104227e-02
1164556494.984009 -6.100720e-03
1164556494.984131 -3.152660e-03
1164556494.984253 -1.037409e-02
1164556494.984375 -2.022814e-02
1164556494.984497 -2.306527e-04
1164556494.984619 2.602839e-02
1164556494.984741 4.969345e-02
1164556494.984863 5.074714e-02
1164556494.984985 2.722489e-02
1164556494.985107 -6.478625e-03
1164556494.985229 -4.110033e-02
1164556494.985352 -5.067127e-02
1164556494.985474 -4.225942e-02
1164556494.985596 -3.528190e-02
1164556494.985718 -1.148767e-02
1164556494.985840 6.340600e-03
1164556494.985962 3.942214e-02
1164556494.986084 4.692828e-02
1164556494.986206 4.234885e-02
1164556494.986328 6.003302e-03
1164556494.986450 -1.507726e-02
1164556494.986572 -1.628190e-03
1164556494.986694 6.233965e-03
1164556494.986816 2.600573e-03
1164556494.986938 -2.128093e-02
1164556494.987061 -2.555333e-02
1164556494.987183 -2.360786e-02
1164556494.987305 -2.337800e-02
1164556494.987427 -8.170229e-03
1164556494.987549 -7.223116e-03
1164556494.987671 1.587344e-02
1164556494.987793 2.582830e-02
1164556494.987915 4.406819e-02
1164556494.988037 4.025770e-02
1164556494.988159 1.481013e-02
1164556494.988281 -8.467967e-03
1164556494.988403 -3.509502e-02
1164556494.988525 -4.129247e-02
1164556494.988647 -2.170003e-02
1164556494.988770 1.068873e-03
1164556494.988892 7.613532e-03
1164556494.989014 -6.698337e-03
