      0.000000 1.104854e-02
      2.000000 1.104854e-02
      4.000000 1.104854e-02
      6.000000 1.104854e-02
      8.000000 1.104854e-02
     10.000000 1.104854e-02
     12.000000 1.104854e-02
     14.000000 1.104854e-02
     16.000000 1.104854e-02
     18.000000 1.492076e-22
     20.000000 1.492076e-22
     22.000000 3.117679e-23
     24.000000 3.117679e-23
     26.000000 1.892399e-23
     28.000000 1.892399e-23
     30.000000 1.493454e-23
     32.000000 1.493454e-23
     34.000000 1.206973e-23
     36.000000 1.206973e-23
     38.000000 1.057197e-23
     40.000000 1.057197e-23
     42.000000 8.960021e-24
     44.000000 8.960021e-24
     46.000000 7.499894e-24
     48.000000 7.499894e-24
     50.000000 7.465597e-24
     52.000000 7.465597e-24
     54.000000 7.243296e-24
     56.000000 7.243296e-24
     58.000000 8.235641e-24
     60.000000 8.235641e-24
     62.000000 6.218972e-24
     64.000000 6.218972e-24
     66.000000 6.651705e-24
     68.000000 6.651705e-24
     70.000000 6.419661e-24
     72.000000 6.419661e-24
     74.000000 5.433603e-24
     76.000000 5.433603e-24
     78.000000 5.268329e-24
     80.000000 5.268329e-24
     82.000000 5.465013e-24
     84.000000 5.465013e-24
     86.000000 5.189179e-24
     88.000000 5.189179e-24
     90.000000 5.183035e-24
     92.000000 5.183035e-24
     94.000000 4.675384e-24
     96.000000 4.675384e-24
     98.000000 5.010280e-24
    100.000000 5.010280e-24
    102.000000 4.889572e-24
    104.000000 4.889572e-24
    106.000000 4.865285e-24
    108.000000 4.865285e-24
    110.000000 4.611838e-24
    112.000000 4.611838e-24
    114.000000 4.816924e-24
    116.000000 4.816924e-24
    118.000000 4.826655e-24
    120.000000 4.826655e-24
    122.000000 4.482456e-24
    124.000000 4.482456e-24
    126.000000 4.404739e-24
    128.000000 4.404739e-24
    130.000000 4.174492e-24
    132.000000 4.174492e-24
    134.000000 4.344560e-24
    136.000000 4.344560e-24
    138.000000 4.467494e-24
    140.000000 4.467494e-24
    142.000000 4.454598e-24
    144.000000 4.454598e-24
    146.000000 4.744449e-24
    148.000000 4.744449e-24
    150.000000 4.717435e-24
    152.000000 4.717435e-24
    154.000000 4.716130e-24
    156.000000 4.716130e-24
    158.000000 4.456157e-24
    160.000000 4.456157e-24
    162.000000 4.411427e-24
    164.000000 4.411427e-24
    166.000000 4.188231e-24
    168.000000 4.188231e-24
    170.000000 4.361823e-24
    172.000000 4.361823e-24
    174.000000 4.483475e-24
    176.000000 4.483475e-24
    178.000000 1.427798e-23
    180.000000 1.427798e-23
    182.000000 4.468290e-24
    184.000000 4.468290e-24
    186.000000 4.518425e-24
    188.000000 4.518425e-24
    190.000000 4.536556e-24
    192.000000 4.536556e-24
    194.000000 4.174702e-24
    196.000000 4.174702e-24
    198.000000 4.059767e-24
    200.000000 4.059767e-24
    202.000000 4.348494e-24
    204.000000 4.348494e-24
    206.000000 4.506669e-24
    208.000000 4.506669e-24
    210.000000 4.496905e-24
    212.000000 4.496905e-24
    214.000000 4.640111e-24
    216.000000 4.640111e-24
    218.000000 4.091256e-24
    220.000000 4.091256e-24
    222.000000 4.460837e-24
    224.000000 4.460837e-24
    226.000000 4.040236e-24
    228.000000 4.040236e-24
    230.000000 4.554922e-24
    232.000000 4.554922e-24
    234.000000 4.095824e-24
    236.000000 4.095824e-24
    238.000000 4.269115e-24
    240.000000 4.269115e-24
    242.000000 4.313514e-24
    244.000000 4.313514e-24
    246.000000 4.301183e-24
    248.000000 4.301183e-24
    250.000000 4.095658e-24
    252.000000 4.095658e-24
    254.000000 4.030183e-24
    256.000000 4.030183e-24
    258.000000 4.243375e-24
    260.000000 4.243375e-24
    262.000000 3.965266e-24
    264.000000 3.965266e-24
    266.000000 3.808291e-24
    268.000000 3.808291e-24
    270.000000 4.274129e-24
    272.000000 4.274129e-24
    274.000000 4.272363e-24
    276.000000 4.272363e-24
    278.000000 4.193910e-24
    280.000000 4.193910e-24
    282.000000 4.263995e-24
    284.000000 4.263995e-24
    286.000000 4.159628e-24
    288.000000 4.159628e-24
    290.000000 4.287006e-24
    292.000000 4.287006e-24
    294.000000 4.361154e-24
    296.000000 4.361154e-24
    298.000000 5.567995e-24
    300.000000 5.567995e-24
    302.000000 4.244024e-24
    304.000000 4.244024e-24
    306.000000 8.369015e-24
    308.000000 8.369015e-24
    310.000000 4.488974e-24
    312.000000 4.488974e-24
    314.000000 8.876132e-24
    316.000000 8.876132e-24
    318.000000 4.610393e-24
    320.000000 4.610393e-24
    322.000000 4.463727e-24
    324.000000 4.463727e-24
    326.000000 1.510155e-23
    328.000000 1.510155e-23
    330.000000 1.263397e-22
    332.000000 1.263397e-22
    334.000000 3.074330e-23
    336.000000 3.074330e-23
    338.000000 3.988128e-24
    340.000000 3.988128e-24
    342.000000 4.389191e-24
    344.000000 4.389191e-24
    346.000000 4.190825e-24
    348.000000 4.190825e-24
    350.000000 4.054352e-24
    352.000000 4.054352e-24
    354.000000 4.158974e-24
    356.000000 4.158974e-24
    358.000000 4.202918e-24
    360.000000 4.202918e-24
    362.000000 4.452667e-24
    364.000000 4.452667e-24
    366.000000 4.548585e-24
    368.000000 4.548585e-24
    370.000000 4.300171e-24
    372.000000 4.300171e-24
    374.000000 4.235616e-24
    376.000000 4.235616e-24
    378.000000 4.636743e-24
    380.000000 4.636743e-24
    382.000000 4.611313e-24
    384.000000 4.611313e-24
    386.000000 4.315468e-24
    388.000000 4.315468e-24
    390.000000 4.374083e-24
    392.000000 4.374083e-24
    394.000000 4.112697e-24
    396.000000 4.112697e-24
    398.000000 4.611143e-24
    400.000000 4.611143e-24
    402.000000 4.707591e-24
    404.000000 4.707591e-24
    406.000000 4.213212e-24
    408.000000 4.213212e-24
    410.000000 4.375900e-24
    412.000000 4.375900e-24
    414.000000 4.172870e-24
    416.000000 4.172870e-24
    418.000000 4.544398e-24
    420.000000 4.544398e-24
    422.000000 4.595952e-24
    424.000000 4.595952e-24
    426.000000 4.152205e-24
    428.000000 4.152205e-24
    430.000000 4.494352e-24
    432.000000 4.494352e-24
    434.000000 4.923209e-24
    436.000000 4.923209e-24
    438.000000 4.511235e-24
    440.000000 4.511235e-24
    442.000000 5.197064e-24
    444.000000 5.197064e-24
    446.000000 4.493764e-24
    448.000000 4.493764e-24
    450.000000 4.537024e-24
    452.000000 4.537024e-24
    454.000000 4.664491e-24
    456.000000 4.664491e-24
    458.000000 4.408151e-24
    460.000000 4.408151e-24
    462.000000 4.500179e-24
    464.000000 4.500179e-24
    466.000000 4.346354e-24
    468.000000 4.346354e-24
    470.000000 4.547231e-24
    472.000000 4.547231e-24
    474.000000 4.492273e-24
    476.000000 4.492273e-24
    478.000000 4.831998e-24
    480.000000 4.831998e-24
    482.000000 4.874227e-24
    484.000000 4.874227e-24
    486.000000 4.705404e-24
    488.000000 4.705404e-24
    490.000000 4.971755e-24
    492.000000 4.971755e-24
    494.000000 4.980681e-24
    496.000000 4.980681e-24
    498.000000 1.029005e-22
    500.000000 1.029005e-22
    502.000000 9.996345e-23
    504.000000 9.996345e-23
    506.000000 4.549739e-23
    508.000000 4.549739e-23
    510.000000 6.394460e-22
    512.000000 6.394460e-22
    514.000000 8.996971e-22
    516.000000 8.996971e-22
    518.000000 1.089738e-22
    520.000000 1.089738e-22
    522.000000 4.533043e-24
    524.000000 4.533043e-24
    526.000000 5.053093e-24
    528.000000 5.053093e-24
    530.000000 5.034455e-24
    532.000000 5.034455e-24
    534.000000 4.739210e-24
    536.000000 4.739210e-24
    538.000000 4.880702e-24
    540.000000 4.880702e-24
    542.000000 5.428719e-24
    544.000000 5.428719e-24
    546.000000 5.264923e-24
    548.000000 5.264923e-24
    550.000000 4.941151e-24
    552.000000 4.941151e-24
    554.000000 5.179861e-24
    556.000000 5.179861e-24
    558.000000 5.503976e-24
    560.000000 5.503976e-24
    562.000000 5.218414e-24
    564.000000 5.218414e-24
    566.000000 5.099615e-24
    568.000000 5.099615e-24
    570.000000 5.135967e-24
    572.000000 5.135967e-24
    574.000000 5.009649e-24
    576.000000 5.009649e-24
    578.000000 4.947687e-24
    580.000000 4.947687e-24
    582.000000 4.885724e-24
    584.000000 4.885724e-24
    586.000000 5.178144e-24
    588.000000 5.178144e-24
    590.000000 4.806820e-24
    592.000000 4.806820e-24
    594.000000 4.944820e-24
    596.000000 4.944820e-24
    598.000000 5.206082e-24
    600.000000 5.206082e-24
    602.000000 5.724358e-24
    604.000000 5.724358e-24
    606.000000 5.696288e-24
    608.000000 5.696288e-24
    610.000000 5.688758e-24
    612.000000 5.688758e-24
    614.000000 6.020379e-24
    616.000000 6.020379e-24
    618.000000 5.446919e-24
    620.000000 5.446919e-24
    622.000000 5.375943e-24
    624.000000 5.375943e-24
    626.000000 6.044690e-24
    628.000000 6.044690e-24
    630.000000 6.399295e-24
    632.000000 6.399295e-24
    634.000000 5.805991e-24
    636.000000 5.805991e-24
    638.000000 6.150029e-24
    640.000000 6.150029e-24
    642.000000 5.393355e-24
    644.000000 5.393355e-24
    646.000000 5.513466e-24
    648.000000 5.513466e-24
    650.000000 5.205662e-24
    652.000000 5.205662e-24
    654.000000 5.203419e-24
    656.000000 5.203419e-24
    658.000000 5.147901e-24
    660.000000 5.147901e-24
    662.000000 5.476242e-24
    664.000000 5.476242e-24
    666.000000 6.186243e-24
    668.000000 6.186243e-24
    670.000000 5.518721e-24
    672.000000 5.518721e-24
    674.000000 5.577373e-24
    676.000000 5.577373e-24
    678.000000 5.576871e-24
    680.000000 5.576871e-24
    682.000000 5.730131e-24
    684.000000 5.730131e-24
    686.000000 5.837884e-24
    688.000000 5.837884e-24
    690.000000 5.538129e-24
    692.000000 5.538129e-24
    694.000000 5.913748e-24
    696.000000 5.913748e-24
    698.000000 5.614709e-24
    700.000000 5.614709e-24
    702.000000 5.439141e-24
    704.000000 5.439141e-24
    706.000000 5.359923e-24
    708.000000 5.359923e-24
    710.000000 5.614350e-24
    712.000000 5.614350e-24
    714.000000 5.770737e-24
    716.000000 5.770737e-24
    718.000000 5.410419e-24
    720.000000 5.410419e-24
    722.000000 5.588410e-24
    724.000000 5.588410e-24
    726.000000 5.847497e-24
    728.000000 5.847497e-24
    730.000000 5.896263e-24
    732.000000 5.896263e-24
    734.000000 5.887888e-24
    736.000000 5.887888e-24
    738.000000 5.831249e-24
    740.000000 5.831249e-24
    742.000000 5.482184e-24
    744.000000 5.482184e-24
    746.000000 6.049095e-24
    748.000000 6.049095e-24
    750.000000 6.141514e-24
    752.000000 6.141514e-24
    754.000000 6.205120e-24
    756.000000 6.205120e-24
    758.000000 6.241874e-24
    760.000000 6.241874e-24
    762.000000 5.492854e-24
    764.000000 5.492854e-24
    766.000000 5.950831e-24
    768.000000 5.950831e-24
    770.000000 6.018266e-24
    772.000000 6.018266e-24
    774.000000 5.859957e-24
    776.000000 5.859957e-24
    778.000000 6.118138e-24
    780.000000 6.118138e-24
    782.000000 5.835502e-24
    784.000000 5.835502e-24
    786.000000 6.568981e-24
    788.000000 6.568981e-24
    790.000000 6.456983e-24
    792.000000 6.456983e-24
    794.000000 5.542547e-24
    796.000000 5.542547e-24
    798.000000 6.276657e-24
    800.000000 6.276657e-24
    802.000000 5.546890e-24
    804.000000 5.546890e-24
    806.000000 6.331057e-24
    808.000000 6.331057e-24
    810.000000 5.713620e-24
    812.000000 5.713620e-24
    814.000000 6.211939e-24
    816.000000 6.211939e-24
    818.000000 6.038933e-24
    820.000000 6.038933e-24
    822.000000 6.164668e-24
    824.000000 6.164668e-24
    826.000000 6.421589e-24
    828.000000 6.421589e-24
    830.000000 6.491852e-24
    832.000000 6.491852e-24
    834.000000 6.449338e-24
    836.000000 6.449338e-24
    838.000000 6.376502e-24
    840.000000 6.376502e-24
    842.000000 6.340234e-24
    844.000000 6.340234e-24
    846.000000 6.523473e-24
    848.000000 6.523473e-24
    850.000000 6.355583e-24
    852.000000 6.355583e-24
    854.000000 6.733159e-24
    856.000000 6.733159e-24
    858.000000 6.617780e-24
    860.000000 6.617780e-24
    862.000000 6.717862e-24
    864.000000 6.717862e-24
    866.000000 6.598887e-24
    868.000000 6.598887e-24
    870.000000 6.824569e-24
    872.000000 6.824569e-24
    874.000000 6.859951e-24
    876.000000 6.859951e-24
    878.000000 7.192180e-24
    880.000000 7.192180e-24
    882.000000 7.046948e-24
    884.000000 7.046948e-24
    886.000000 6.992120e-24
    888.000000 6.992120e-24
    890.000000 6.959272e-24
    892.000000 6.959272e-24
    894.000000 7.551650e-24
    896.000000 7.551650e-24
    898.000000 6.827490e-24
    900.000000 6.827490e-24
    902.000000 6.250960e-24
    904.000000 6.250960e-24
    906.000000 6.157727e-24
    908.000000 6.157727e-24
    910.000000 6.844081e-24
    912.000000 6.844081e-24
    914.000000 7.116500e-24
    916.000000 7.116500e-24
    918.000000 6.795003e-24
    920.000000 6.795003e-24
    922.000000 7.521114e-24
    924.000000 7.521114e-24
    926.000000 6.736967e-24
    928.000000 6.736967e-24
    930.000000 6.911201e-24
    932.000000 6.911201e-24
    934.000000 7.534848e-24
    936.000000 7.534848e-24
    938.000000 6.673925e-24
    940.000000 6.673925e-24
    942.000000 7.171185e-24
    944.000000 7.171185e-24
    946.000000 7.316377e-24
    948.000000 7.316377e-24
    950.000000 7.078262e-24
    952.000000 7.078262e-24
    954.000000 7.530941e-24
    956.000000 7.530941e-24
    958.000000 7.458555e-24
    960.000000 7.458555e-24
    962.000000 7.616813e-24
    964.000000 7.616813e-24
    966.000000 7.521848e-24
    968.000000 7.521848e-24
    970.000000 7.236478e-24
    972.000000 7.236478e-24
    974.000000 7.156118e-24
    976.000000 7.156118e-24
    978.000000 6.786422e-24
    980.000000 6.786422e-24
    982.000000 7.532598e-24
    984.000000 7.532598e-24
    986.000000 8.005086e-24
    988.000000 8.005086e-24
    990.000000 9.319993e-24
    992.000000 9.319993e-24
    994.000000 8.401238e-24
    996.000000 8.401238e-24
    998.000000 7.563850e-24
   1000.000000 7.563850e-24
   1002.000000 8.546087e-24
   1004.000000 8.546087e-24
   1006.000000 7.605628e-24
   1008.000000 7.605628e-24
   1010.000000 3.495759e-23
   1012.000000 3.495759e-23
   1014.000000 8.992912e-23
   1016.000000 8.992912e-23
   1018.000000 7.806174e-23
   1020.000000 7.806174e-23
   1022.000000 2.451593e-23
   1024.000000 2.451593e-23
   1026.000000 1.270976e-23
   1028.000000 1.270976e-23
   1030.000000 9.129771e-24
   1032.000000 9.129771e-24
   1034.000000 7.938124e-24
   1036.000000 7.938124e-24
   1038.000000 7.658765e-24
   1040.000000 7.658765e-24
   1042.000000 7.566085e-24
   1044.000000 7.566085e-24
   1046.000000 7.078081e-24
   1048.000000 7.078081e-24
   1050.000000 7.089151e-24
   1052.000000 7.089151e-24
   1054.000000 7.797950e-24
   1056.000000 7.797950e-24
   1058.000000 7.625089e-24
   1060.000000 7.625089e-24
   1062.000000 7.518898e-24
   1064.000000 7.518898e-24
   1066.000000 7.624568e-24
   1068.000000 7.624568e-24
   1070.000000 7.886690e-24
   1072.000000 7.886690e-24
   1074.000000 7.535424e-24
   1076.000000 7.535424e-24
   1078.000000 7.792731e-24
   1080.000000 7.792731e-24
   1082.000000 1.305563e-23
   1084.000000 1.305563e-23
   1086.000000 2.279741e-23
   1088.000000 2.279741e-23
   1090.000000 1.872358e-23
   1092.000000 1.872358e-23
   1094.000000 9.067360e-24
   1096.000000 9.067360e-24
   1098.000000 8.093907e-24
   1100.000000 8.093907e-24
   1102.000000 8.173190e-24
   1104.000000 8.173190e-24
   1106.000000 8.129525e-24
   1108.000000 8.129525e-24
   1110.000000 8.130799e-24
   1112.000000 8.130799e-24
   1114.000000 8.703716e-24
   1116.000000 8.703716e-24
   1118.000000 8.350484e-24
   1120.000000 8.350484e-24
   1122.000000 7.931287e-24
   1124.000000 7.931287e-24
   1126.000000 7.922196e-24
   1128.000000 7.922196e-24
   1130.000000 8.162257e-24
   1132.000000 8.162257e-24
   1134.000000 7.822253e-24
   1136.000000 7.822253e-24
   1138.000000 7.811277e-24
   1140.000000 7.811277e-24
   1142.000000 8.779413e-24
   1144.000000 8.779413e-24
   1146.000000 8.399246e-24
   1148.000000 8.399246e-24
   1150.000000 8.622805e-24
   1152.000000 8.622805e-24
   1154.000000 8.510621e-24
   1156.000000 8.510621e-24
   1158.000000 8.366089e-24
   1160.000000 8.366089e-24
   1162.000000 7.558150e-24
   1164.000000 7.558150e-24
   1166.000000 8.215172e-24
   1168.000000 8.215172e-24
   1170.000000 8.206908e-24
   1172.000000 8.206908e-24
   1174.000000 8.483075e-24
   1176.000000 8.483075e-24
   1178.000000 8.439491e-24
   1180.000000 8.439491e-24
   1182.000000 8.832277e-24
   1184.000000 8.832277e-24
   1186.000000 8.889870e-24
   1188.000000 8.889870e-24
   1190.000000 8.404789e-24
   1192.000000 8.404789e-24
   1194.000000 8.439206e-24
   1196.000000 8.439206e-24
   1198.000000 8.317716e-24
   1200.000000 8.317716e-24
   1202.000000 8.226563e-24
   1204.000000 8.226563e-24
   1206.000000 8.563245e-24
   1208.000000 8.563245e-24
   1210.000000 8.506032e-24
   1212.000000 8.506032e-24
   1214.000000 8.641245e-24
   1216.000000 8.641245e-24
   1218.000000 8.715380e-24
   1220.000000 8.715380e-24
   1222.000000 8.679365e-24
   1224.000000 8.679365e-24
   1226.000000 9.189631e-24
   1228.000000 9.189631e-24
   1230.000000 8.422558e-24
   1232.000000 8.422558e-24
   1234.000000 8.887843e-24
   1236.000000 8.887843e-24
   1238.000000 8.741952e-24
   1240.000000 8.741952e-24
   1242.000000 8.842231e-24
   1244.000000 8.842231e-24
   1246.000000 8.812835e-24
   1248.000000 8.812835e-24
   1250.000000 9.017036e-24
   1252.000000 9.017036e-24
   1254.000000 8.883961e-24
   1256.000000 8.883961e-24
   1258.000000 9.171343e-24
   1260.000000 9.171343e-24
   1262.000000 9.110040e-24
   1264.000000 9.110040e-24
   1266.000000 9.108598e-24
   1268.000000 9.108598e-24
   1270.000000 9.055735e-24
   1272.000000 9.055735e-24
   1274.000000 8.912417e-24
   1276.000000 8.912417e-24
   1278.000000 8.901002e-24
   1280.000000 8.901002e-24
   1282.000000 9.248056e-24
   1284.000000 9.248056e-24
   1286.000000 9.231630e-24
   1288.000000 9.231630e-24
   1290.000000 9.415291e-24
   1292.000000 9.415291e-24
   1294.000000 8.702802e-24
   1296.000000 8.702802e-24
   1298.000000 8.713042e-24
   1300.000000 8.713042e-24
   1302.000000 9.916444e-24
   1304.000000 9.916444e-24
   1306.000000 8.434520e-24
   1308.000000 8.434520e-24
   1310.000000 9.333052e-24
   1312.000000 9.333052e-24
   1314.000000 9.339842e-24
   1316.000000 9.339842e-24
   1318.000000 9.139433e-24
   1320.000000 9.139433e-24
   1322.000000 8.983890e-24
   1324.000000 8.983890e-24
   1326.000000 8.657548e-24
   1328.000000 8.657548e-24
   1330.000000 8.678281e-24
   1332.000000 8.678281e-24
   1334.000000 9.266409e-24
   1336.000000 9.266409e-24
   1338.000000 8.742751e-24
   1340.000000 8.742751e-24
   1342.000000 9.277887e-24
   1344.000000 9.277887e-24
   1346.000000 8.850830e-24
   1348.000000 8.850830e-24
   1350.000000 9.803292e-24
   1352.000000 9.803292e-24
   1354.000000 9.531171e-24
   1356.000000 9.531171e-24
   1358.000000 9.460468e-24
   1360.000000 9.460468e-24
   1362.000000 9.689863e-24
   1364.000000 9.689863e-24
   1366.000000 9.832670e-24
   1368.000000 9.832670e-24
   1370.000000 1.008005e-23
   1372.000000 1.008005e-23
   1374.000000 9.933270e-24
   1376.000000 9.933270e-24
   1378.000000 9.949629e-24
   1380.000000 9.949629e-24
   1382.000000 1.029428e-23
   1384.000000 1.029428e-23
   1386.000000 9.161912e-24
   1388.000000 9.161912e-24
   1390.000000 9.073863e-24
   1392.000000 9.073863e-24
   1394.000000 9.390370e-24
   1396.000000 9.390370e-24
   1398.000000 9.008820e-24
   1400.000000 9.008820e-24
   1402.000000 9.211104e-24
   1404.000000 9.211104e-24
   1406.000000 1.004620e-23
   1408.000000 1.004620e-23
   1410.000000 1.025970e-23
   1412.000000 1.025970e-23
   1414.000000 9.945179e-24
   1416.000000 9.945179e-24
   1418.000000 9.753870e-24
   1420.000000 9.753870e-24
   1422.000000 9.298689e-24
   1424.000000 9.298689e-24
   1426.000000 9.894975e-24
   1428.000000 9.894975e-24
   1430.000000 1.005285e-23
   1432.000000 1.005285e-23
   1434.000000 1.049858e-23
   1436.000000 1.049858e-23
   1438.000000 9.653705e-24
   1440.000000 9.653705e-24
   1442.000000 1.032269e-23
   1444.000000 1.032269e-23
   1446.000000 9.903125e-24
   1448.000000 9.903125e-24
   1450.000000 9.347527e-24
   1452.000000 9.347527e-24
   1454.000000 2.269246e-23
   1456.000000 2.269246e-23
   1458.000000 1.658140e-22
   1460.000000 1.658140e-22
   1462.000000 3.685619e-22
   1464.000000 3.685619e-22
   1466.000000 4.626378e-22
   1468.000000 4.626378e-22
   1470.000000 4.020184e-22
   1472.000000 4.020184e-22
   1474.000000 3.584488e-22
   1476.000000 3.584488e-22
   1478.000000 1.964126e-22
   1480.000000 1.964126e-22
   1482.000000 5.312052e-23
   1484.000000 5.312052e-23
   1486.000000 2.907461e-23
   1488.000000 2.907461e-23
   1490.000000 5.618705e-23
   1492.000000 5.618705e-23
   1494.000000 1.887518e-22
   1496.000000 1.887518e-22
   1498.000000 4.332002e-22
   1500.000000 4.332002e-22
   1502.000000 7.443353e-22
   1504.000000 7.443353e-22
   1506.000000 1.331829e-21
   1508.000000 1.331829e-21
   1510.000000 1.758334e-21
   1512.000000 1.758334e-21
   1514.000000 1.216037e-21
   1516.000000 1.216037e-21
   1518.000000 4.679891e-22
   1520.000000 4.679891e-22
   1522.000000 1.173021e-23
   1524.000000 1.173021e-23
   1526.000000 1.057066e-23
   1528.000000 1.057066e-23
   1530.000000 1.074075e-23
   1532.000000 1.074075e-23
   1534.000000 1.033773e-23
   1536.000000 1.033773e-23
   1538.000000 1.035228e-23
   1540.000000 1.035228e-23
   1542.000000 9.416708e-24
   1544.000000 9.416708e-24
   1546.000000 9.998903e-24
   1548.000000 9.998903e-24
   1550.000000 1.026176e-23
   1552.000000 1.026176e-23
   1554.000000 1.007318e-23
   1556.000000 1.007318e-23
   1558.000000 1.038836e-23
   1560.000000 1.038836e-23
   1562.000000 1.055022e-23
   1564.000000 1.055022e-23
   1566.000000 1.070607e-23
   1568.000000 1.070607e-23
   1570.000000 1.113356e-23
   1572.000000 1.113356e-23
   1574.000000 1.026676e-23
   1576.000000 1.026676e-23
   1578.000000 1.178561e-23
   1580.000000 1.178561e-23
   1582.000000 1.070050e-23
   1584.000000 1.070050e-23
   1586.000000 1.000216e-23
   1588.000000 1.000216e-23
   1590.000000 1.080368e-23
   1592.000000 1.080368e-23
   1594.000000 1.105688e-23
   1596.000000 1.105688e-23
   1598.000000 1.133575e-23
   1600.000000 1.133575e-23
   1602.000000 1.172690e-23
   1604.000000 1.172690e-23
   1606.000000 1.054596e-23
   1608.000000 1.054596e-23
   1610.000000 1.118826e-23
   1612.000000 1.118826e-23
   1614.000000 1.094777e-23
   1616.000000 1.094777e-23
   1618.000000 1.110452e-23
   1620.000000 1.110452e-23
   1622.000000 1.158288e-23
   1624.000000 1.158288e-23
   1626.000000 1.102835e-23
   1628.000000 1.102835e-23
   1630.000000 1.064818e-23
   1632.000000 1.064818e-23
   1634.000000 1.137619e-23
   1636.000000 1.137619e-23
   1638.000000 1.070265e-23
   1640.000000 1.070265e-23
   1642.000000 1.150640e-23
   1644.000000 1.150640e-23
   1646.000000 1.099817e-23
   1648.000000 1.099817e-23
   1650.000000 1.089949e-23
   1652.000000 1.089949e-23
   1654.000000 1.102061e-23
   1656.000000 1.102061e-23
   1658.000000 1.159379e-23
   1660.000000 1.159379e-23
   1662.000000 1.058412e-23
   1664.000000 1.058412e-23
   1666.000000 1.154704e-23
   1668.000000 1.154704e-23
   1670.000000 1.165487e-23
   1672.000000 1.165487e-23
   1674.000000 1.197265e-23
   1676.000000 1.197265e-23
   1678.000000 1.128932e-23
   1680.000000 1.128932e-23
   1682.000000 1.186486e-23
   1684.000000 1.186486e-23
   1686.000000 1.076922e-23
   1688.000000 1.076922e-23
   1690.000000 1.139969e-23
   1692.000000 1.139969e-23
   1694.000000 1.075153e-23
   1696.000000 1.075153e-23
   1698.000000 1.199189e-23
   1700.000000 1.199189e-23
   1702.000000 1.146219e-23
   1704.000000 1.146219e-23
   1706.000000 1.207774e-23
   1708.000000 1.207774e-23
   1710.000000 1.234984e-23
   1712.000000 1.234984e-23
   1714.000000 1.187013e-23
   1716.000000 1.187013e-23
   1718.000000 1.149542e-23
   1720.000000 1.149542e-23
   1722.000000 1.156223e-23
   1724.000000 1.156223e-23
   1726.000000 1.158952e-23
   1728.000000 1.158952e-23
   1730.000000 1.115662e-23
   1732.000000 1.115662e-23
   1734.000000 1.215531e-23
   1736.000000 1.215531e-23
   1738.000000 1.208531e-23
   1740.000000 1.208531e-23
   1742.000000 1.159225e-23
   1744.000000 1.159225e-23
   1746.000000 1.190808e-23
   1748.000000 1.190808e-23
   1750.000000 1.168401e-23
   1752.000000 1.168401e-23
   1754.000000 1.212096e-23
   1756.000000 1.212096e-23
   1758.000000 1.192467e-23
   1760.000000 1.192467e-23
   1762.000000 1.158810e-23
   1764.000000 1.158810e-23
   1766.000000 1.125265e-23
   1768.000000 1.125265e-23
   1770.000000 1.176866e-23
   1772.000000 1.176866e-23
   1774.000000 1.197702e-23
   1776.000000 1.197702e-23
   1778.000000 1.256343e-23
   1780.000000 1.256343e-23
   1782.000000 1.104803e-23
   1784.000000 1.104803e-23
   1786.000000 1.172935e-23
   1788.000000 1.172935e-23
   1790.000000 1.112752e-23
   1792.000000 1.112752e-23
   1794.000000 1.125850e-23
   1796.000000 1.125850e-23
   1798.000000 1.234961e-23
   1800.000000 1.234961e-23
   1802.000000 1.260527e-23
   1804.000000 1.260527e-23
   1806.000000 1.256951e-23
   1808.000000 1.256951e-23
   1810.000000 1.259297e-23
   1812.000000 1.259297e-23
   1814.000000 1.267624e-23
   1816.000000 1.267624e-23
   1818.000000 1.295801e-23
   1820.000000 1.295801e-23
   1822.000000 1.222636e-23
   1824.000000 1.222636e-23
   1826.000000 1.336165e-23
   1828.000000 1.336165e-23
   1830.000000 1.305193e-23
   1832.000000 1.305193e-23
   1834.000000 1.325449e-23
   1836.000000 1.325449e-23
   1838.000000 1.204708e-23
   1840.000000 1.204708e-23
   1842.000000 1.294967e-23
   1844.000000 1.294967e-23
   1846.000000 1.235378e-23
   1848.000000 1.235378e-23
   1850.000000 1.293422e-23
   1852.000000 1.293422e-23
   1854.000000 1.324535e-23
   1856.000000 1.324535e-23
   1858.000000 1.283137e-23
   1860.000000 1.283137e-23
   1862.000000 1.426376e-23
   1864.000000 1.426376e-23
   1866.000000 1.241406e-23
   1868.000000 1.241406e-23
   1870.000000 1.257455e-23
   1872.000000 1.257455e-23
   1874.000000 1.365325e-23
   1876.000000 1.365325e-23
   1878.000000 1.277069e-23
   1880.000000 1.277069e-23
   1882.000000 1.205259e-23
   1884.000000 1.205259e-23
   1886.000000 1.250921e-23
   1888.000000 1.250921e-23
   1890.000000 1.238705e-23
   1892.000000 1.238705e-23
   1894.000000 1.193836e-23
   1896.000000 1.193836e-23
   1898.000000 1.290611e-23
   1900.000000 1.290611e-23
   1902.000000 1.258407e-23
   1904.000000 1.258407e-23
   1906.000000 1.233170e-23
   1908.000000 1.233170e-23
   1910.000000 1.270981e-23
   1912.000000 1.270981e-23
   1914.000000 1.629570e-23
   1916.000000 1.629570e-23
   1918.000000 2.376376e-23
   1920.000000 2.376376e-23
   1922.000000 3.267333e-23
   1924.000000 3.267333e-23
   1926.000000 2.834749e-23
   1928.000000 2.834749e-23
   1930.000000 2.341071e-23
   1932.000000 2.341071e-23
   1934.000000 1.585299e-23
   1936.000000 1.585299e-23
   1938.000000 1.417670e-23
   1940.000000 1.417670e-23
   1942.000000 1.838606e-23
   1944.000000 1.838606e-23
   1946.000000 2.144234e-23
   1948.000000 2.144234e-23
   1950.000000 2.255407e-23
   1952.000000 2.255407e-23
   1954.000000 2.049509e-23
   1956.000000 2.049509e-23
   1958.000000 2.068635e-23
   1960.000000 2.068635e-23
   1962.000000 5.409118e-23
   1964.000000 5.409118e-23
   1966.000000 1.030862e-22
   1968.000000 1.030862e-22
   1970.000000 1.617227e-22
   1972.000000 1.617227e-22
   1974.000000 1.982070e-22
   1976.000000 1.982070e-22
   1978.000000 2.296867e-22
   1980.000000 2.296867e-22
   1982.000000 2.679652e-22
   1984.000000 2.679652e-22
   1986.000000 2.595373e-22
   1988.000000 2.595373e-22
   1990.000000 2.427677e-22
   1992.000000 2.427677e-22
   1994.000000 1.882788e-22
   1996.000000 1.882788e-22
   1998.000000 1.703396e-22
   2000.000000 1.703396e-22
   2002.000000 1.144372e-22
   2004.000000 1.144372e-22
   2006.000000 5.667299e-23
   2008.000000 5.667299e-23
   2010.000000 1.546329e-23
   2012.000000 1.546329e-23
   2014.000000 1.321140e-23
   2016.000000 1.321140e-23
   2018.000000 1.466353e-23
   2020.000000 1.466353e-23
   2022.000000 1.363769e-23
   2024.000000 1.363769e-23
   2026.000000 1.360551e-23
   2028.000000 1.360551e-23
   2030.000000 1.444439e-23
   2032.000000 1.444439e-23
   2034.000000 1.334363e-23
   2036.000000 1.334363e-23
   2038.000000 1.408210e-23
   2040.000000 1.408210e-23
   2042.000000 1.316500e-23
   2044.000000 1.316500e-23
   2046.000000 1.349121e-23
   2048.000000 1.349121e-23
   2050.000000 1.487406e-23
   2052.000000 1.487406e-23
   2054.000000 1.425475e-23
   2056.000000 1.425475e-23
   2058.000000 1.381366e-23
   2060.000000 1.381366e-23
   2062.000000 1.457957e-23
   2064.000000 1.457957e-23
   2066.000000 1.397751e-23
   2068.000000 1.397751e-23
   2070.000000 1.422223e-23
   2072.000000 1.422223e-23
   2074.000000 1.424286e-23
   2076.000000 1.424286e-23
   2078.000000 1.266593e-23
   2080.000000 1.266593e-23
   2082.000000 1.410412e-23
   2084.000000 1.410412e-23
   2086.000000 1.361177e-23
   2088.000000 1.361177e-23
   2090.000000 1.372952e-23
   2092.000000 1.372952e-23
   2094.000000 1.444536e-23
   2096.000000 1.444536e-23
   2098.000000 1.492645e-23
   2100.000000 1.492645e-23
   2102.000000 1.412850e-23
   2104.000000 1.412850e-23
   2106.000000 1.308112e-23
   2108.000000 1.308112e-23
   2110.000000 1.420223e-23
   2112.000000 1.420223e-23
   2114.000000 1.376691e-23
   2116.000000 1.376691e-23
   2118.000000 1.396053e-23
   2120.000000 1.396053e-23
   2122.000000 1.418609e-23
   2124.000000 1.418609e-23
   2126.000000 1.424219e-23
   2128.000000 1.424219e-23
   2130.000000 1.557860e-23
   2132.000000 1.557860e-23
   2134.000000 1.442266e-23
   2136.000000 1.442266e-23
   2138.000000 1.443774e-23
   2140.000000 1.443774e-23
   2142.000000 1.440831e-23
   2144.000000 1.440831e-23
   2146.000000 1.483549e-23
   2148.000000 1.483549e-23
   2150.000000 1.456005e-23
   2152.000000 1.456005e-23
   2154.000000 1.378372e-23
   2156.000000 1.378372e-23
   2158.000000 1.493118e-23
   2160.000000 1.493118e-23
   2162.000000 1.516571e-23
   2164.000000 1.516571e-23
   2166.000000 1.438651e-23
   2168.000000 1.438651e-23
   2170.000000 1.487046e-23
   2172.000000 1.487046e-23
   2174.000000 1.470489e-23
   2176.000000 1.470489e-23
   2178.000000 1.467696e-23
   2180.000000 1.467696e-23
   2182.000000 1.433482e-23
   2184.000000 1.433482e-23
   2186.000000 1.401098e-23
   2188.000000 1.401098e-23
   2190.000000 1.606323e-23
   2192.000000 1.606323e-23
   2194.000000 1.386718e-23
   2196.000000 1.386718e-23
   2198.000000 1.448331e-23
   2200.000000 1.448331e-23
   2202.000000 1.555433e-23
   2204.000000 1.555433e-23
   2206.000000 1.542074e-23
   2208.000000 1.542074e-23
   2210.000000 1.585067e-23
   2212.000000 1.585067e-23
   2214.000000 1.632629e-23
   2216.000000 1.632629e-23
   2218.000000 1.526648e-23
   2220.000000 1.526648e-23
   2222.000000 3.055123e-23
   2224.000000 3.055123e-23
   2226.000000 4.869806e-23
   2228.000000 4.869806e-23
   2230.000000 6.875560e-23
   2232.000000 6.875560e-23
   2234.000000 6.734148e-23
   2236.000000 6.734148e-23
   2238.000000 5.248006e-23
   2240.000000 5.248006e-23
   2242.000000 3.776964e-23
   2244.000000 3.776964e-23
   2246.000000 2.125723e-23
   2248.000000 2.125723e-23
   2250.000000 3.068561e-23
   2252.000000 3.068561e-23
   2254.000000 4.501739e-23
   2256.000000 4.501739e-23
   2258.000000 6.284131e-23
   2260.000000 6.284131e-23
   2262.000000 5.779251e-23
   2264.000000 5.779251e-23
   2266.000000 4.774783e-23
   2268.000000 4.774783e-23
   2270.000000 3.700811e-23
   2272.000000 3.700811e-23
   2274.000000 2.615590e-23
   2276.000000 2.615590e-23
   2278.000000 2.267898e-23
   2280.000000 2.267898e-23
   2282.000000 1.923353e-23
   2284.000000 1.923353e-23
   2286.000000 1.774720e-23
   2288.000000 1.774720e-23
   2290.000000 1.756819e-23
   2292.000000 1.756819e-23
   2294.000000 2.045577e-23
   2296.000000 2.045577e-23
   2298.000000 2.173516e-23
   2300.000000 2.173516e-23
   2302.000000 2.632180e-23
   2304.000000 2.632180e-23
   2306.000000 2.475886e-23
   2308.000000 2.475886e-23
   2310.000000 2.074523e-23
   2312.000000 2.074523e-23
   2314.000000 1.971188e-23
   2316.000000 1.971188e-23
   2318.000000 1.603245e-23
   2320.000000 1.603245e-23
   2322.000000 1.713301e-23
   2324.000000 1.713301e-23
   2326.000000 1.817305e-23
   2328.000000 1.817305e-23
   2330.000000 1.738122e-23
   2332.000000 1.738122e-23
   2334.000000 1.921280e-23
   2336.000000 1.921280e-23
   2338.000000 1.799724e-23
   2340.000000 1.799724e-23
   2342.000000 2.068006e-23
   2344.000000 2.068006e-23
   2346.000000 2.038900e-23
   2348.000000 2.038900e-23
   2350.000000 2.959170e-23
   2352.000000 2.959170e-23
   2354.000000 3.432008e-23
   2356.000000 3.432008e-23
   2358.000000 4.138182e-23
   2360.000000 4.138182e-23
   2362.000000 4.623670e-23
   2364.000000 4.623670e-23
   2366.000000 4.853953e-23
   2368.000000 4.853953e-23
   2370.000000 5.463655e-23
   2372.000000 5.463655e-23
   2374.000000 5.815677e-23
   2376.000000 5.815677e-23
   2378.000000 5.331366e-23
   2380.000000 5.331366e-23
   2382.000000 4.382382e-23
   2384.000000 4.382382e-23
   2386.000000 3.601635e-23
   2388.000000 3.601635e-23
   2390.000000 2.496338e-23
   2392.000000 2.496338e-23
   2394.000000 2.848415e-23
   2396.000000 2.848415e-23
   2398.000000 2.752837e-23
   2400.000000 2.752837e-23
   2402.000000 2.719942e-23
   2404.000000 2.719942e-23
   2406.000000 3.039819e-23
   2408.000000 3.039819e-23
   2410.000000 2.675083e-23
   2412.000000 2.675083e-23
   2414.000000 2.148711e-23
   2416.000000 2.148711e-23
   2418.000000 2.028092e-23
   2420.000000 2.028092e-23
   2422.000000 2.125442e-23
   2424.000000 2.125442e-23
   2426.000000 2.621332e-23
   2428.000000 2.621332e-23
   2430.000000 3.223845e-23
   2432.000000 3.223845e-23
   2434.000000 3.468672e-23
   2436.000000 3.468672e-23
   2438.000000 4.626164e-23
   2440.000000 4.626164e-23
   2442.000000 5.739608e-23
   2444.000000 5.739608e-23
   2446.000000 6.597345e-23
   2448.000000 6.597345e-23
   2450.000000 8.134067e-23
   2452.000000 8.134067e-23
   2454.000000 7.240203e-23
   2456.000000 7.240203e-23
   2458.000000 6.479267e-23
   2460.000000 6.479267e-23
   2462.000000 6.914043e-23
   2464.000000 6.914043e-23
   2466.000000 6.097271e-23
   2468.000000 6.097271e-23
   2470.000000 4.987843e-23
   2472.000000 4.987843e-23
   2474.000000 3.461970e-23
   2476.000000 3.461970e-23
   2478.000000 2.660370e-23
   2480.000000 2.660370e-23
   2482.000000 1.727132e-23
   2484.000000 1.727132e-23
   2486.000000 1.529805e-23
   2488.000000 1.529805e-23
   2490.000000 1.635191e-23
   2492.000000 1.635191e-23
   2494.000000 1.642662e-23
   2496.000000 1.642662e-23
   2498.000000 1.623790e-23
   2500.000000 1.623790e-23
   2502.000000 1.610317e-23
   2504.000000 1.610317e-23
   2506.000000 1.697978e-23
   2508.000000 1.697978e-23
   2510.000000 1.637930e-23
   2512.000000 1.637930e-23
   2514.000000 1.785258e-23
   2516.000000 1.785258e-23
   2518.000000 1.570111e-23
   2520.000000 1.570111e-23
   2522.000000 1.638381e-23
   2524.000000 1.638381e-23
   2526.000000 1.705816e-23
   2528.000000 1.705816e-23
   2530.000000 1.638210e-23
   2532.000000 1.638210e-23
   2534.000000 1.781592e-23
   2536.000000 1.781592e-23
   2538.000000 1.704993e-23
   2540.000000 1.704993e-23
   2542.000000 1.717380e-23
   2544.000000 1.717380e-23
   2546.000000 1.745264e-23
   2548.000000 1.745264e-23
   2550.000000 1.782194e-23
   2552.000000 1.782194e-23
   2554.000000 1.861999e-23
   2556.000000 1.861999e-23
   2558.000000 1.715149e-23
   2560.000000 1.715149e-23
   2562.000000 1.646240e-23
   2564.000000 1.646240e-23
   2566.000000 1.710023e-23
   2568.000000 1.710023e-23
   2570.000000 1.816399e-23
   2572.000000 1.816399e-23
   2574.000000 1.634920e-23
   2576.000000 1.634920e-23
   2578.000000 1.743413e-23
   2580.000000 1.743413e-23
   2582.000000 1.685614e-23
   2584.000000 1.685614e-23
   2586.000000 1.729094e-23
   2588.000000 1.729094e-23
   2590.000000 1.756592e-23
   2592.000000 1.756592e-23
   2594.000000 1.668934e-23
   2596.000000 1.668934e-23
   2598.000000 1.728495e-23
   2600.000000 1.728495e-23
   2602.000000 1.854933e-23
   2604.000000 1.854933e-23
   2606.000000 1.893119e-23
   2608.000000 1.893119e-23
   2610.000000 1.921730e-23
   2612.000000 1.921730e-23
   2614.000000 1.883653e-23
   2616.000000 1.883653e-23
   2618.000000 1.888395e-23
   2620.000000 1.888395e-23
   2622.000000 1.861363e-23
   2624.000000 1.861363e-23
   2626.000000 1.930110e-23
   2628.000000 1.930110e-23
   2630.000000 1.785883e-23
   2632.000000 1.785883e-23
   2634.000000 1.789432e-23
   2636.000000 1.789432e-23
   2638.000000 1.851263e-23
   2640.000000 1.851263e-23
   2642.000000 1.758224e-23
   2644.000000 1.758224e-23
   2646.000000 1.824620e-23
   2648.000000 1.824620e-23
   2650.000000 1.791631e-23
   2652.000000 1.791631e-23
   2654.000000 1.769524e-23
   2656.000000 1.769524e-23
   2658.000000 1.777947e-23
   2660.000000 1.777947e-23
   2662.000000 1.814216e-23
   2664.000000 1.814216e-23
   2666.000000 1.828522e-23
   2668.000000 1.828522e-23
   2670.000000 1.902782e-23
   2672.000000 1.902782e-23
   2674.000000 1.974927e-23
   2676.000000 1.974927e-23
   2678.000000 1.865101e-23
   2680.000000 1.865101e-23
   2682.000000 1.807075e-23
   2684.000000 1.807075e-23
   2686.000000 1.802522e-23
   2688.000000 1.802522e-23
   2690.000000 1.806381e-23
   2692.000000 1.806381e-23
   2694.000000 1.693961e-23
   2696.000000 1.693961e-23
   2698.000000 1.835442e-23
   2700.000000 1.835442e-23
   2702.000000 1.698251e-23
   2704.000000 1.698251e-23
   2706.000000 1.808840e-23
   2708.000000 1.808840e-23
   2710.000000 1.826410e-23
   2712.000000 1.826410e-23
   2714.000000 1.784659e-23
   2716.000000 1.784659e-23
   2718.000000 1.712126e-23
   2720.000000 1.712126e-23
   2722.000000 1.712155e-23
   2724.000000 1.712155e-23
   2726.000000 1.813492e-23
   2728.000000 1.813492e-23
   2730.000000 1.926321e-23
   2732.000000 1.926321e-23
   2734.000000 1.825631e-23
   2736.000000 1.825631e-23
   2738.000000 1.808673e-23
   2740.000000 1.808673e-23
   2742.000000 1.719371e-23
   2744.000000 1.719371e-23
   2746.000000 1.824771e-23
   2748.000000 1.824771e-23
   2750.000000 1.852671e-23
   2752.000000 1.852671e-23
   2754.000000 1.862399e-23
   2756.000000 1.862399e-23
   2758.000000 1.738537e-23
   2760.000000 1.738537e-23
   2762.000000 1.789190e-23
   2764.000000 1.789190e-23
   2766.000000 1.819353e-23
   2768.000000 1.819353e-23
   2770.000000 1.998567e-23
   2772.000000 1.998567e-23
   2774.000000 1.799950e-23
   2776.000000 1.799950e-23
   2778.000000 1.842623e-23
   2780.000000 1.842623e-23
   2782.000000 1.863603e-23
   2784.000000 1.863603e-23
   2786.000000 1.884506e-23
   2788.000000 1.884506e-23
   2790.000000 1.882350e-23
   2792.000000 1.882350e-23
   2794.000000 1.813952e-23
   2796.000000 1.813952e-23
   2798.000000 2.011652e-23
   2800.000000 2.011652e-23
   2802.000000 1.951332e-23
   2804.000000 1.951332e-23
   2806.000000 1.973483e-23
   2808.000000 1.973483e-23
   2810.000000 2.079358e-23
   2812.000000 2.079358e-23
   2814.000000 1.908729e-23
   2816.000000 1.908729e-23
   2818.000000 1.969966e-23
   2820.000000 1.969966e-23
   2822.000000 1.877972e-23
   2824.000000 1.877972e-23
   2826.000000 1.995879e-23
   2828.000000 1.995879e-23
   2830.000000 1.822209e-23
   2832.000000 1.822209e-23
   2834.000000 1.911182e-23
   2836.000000 1.911182e-23
   2838.000000 2.138016e-23
   2840.000000 2.138016e-23
   2842.000000 1.960965e-23
   2844.000000 1.960965e-23
   2846.000000 2.128705e-23
   2848.000000 2.128705e-23
   2850.000000 2.212819e-23
   2852.000000 2.212819e-23
   2854.000000 2.425417e-23
   2856.000000 2.425417e-23
   2858.000000 2.467727e-23
   2860.000000 2.467727e-23
   2862.000000 2.559034e-23
   2864.000000 2.559034e-23
   2866.000000 2.396758e-23
   2868.000000 2.396758e-23
   2870.000000 2.233590e-23
   2872.000000 2.233590e-23
   2874.000000 2.318469e-23
   2876.000000 2.318469e-23
   2878.000000 2.190791e-23
   2880.000000 2.190791e-23
   2882.000000 2.082765e-23
   2884.000000 2.082765e-23
   2886.000000 2.045183e-23
   2888.000000 2.045183e-23
   2890.000000 2.171772e-23
   2892.000000 2.171772e-23
   2894.000000 2.263095e-23
   2896.000000 2.263095e-23
   2898.000000 2.197267e-23
   2900.000000 2.197267e-23
   2902.000000 2.072026e-23
   2904.000000 2.072026e-23
   2906.000000 2.078157e-23
   2908.000000 2.078157e-23
   2910.000000 2.018257e-23
   2912.000000 2.018257e-23
   2914.000000 2.067154e-23
   2916.000000 2.067154e-23
   2918.000000 2.306866e-23
   2920.000000 2.306866e-23
   2922.000000 2.737648e-23
   2924.000000 2.737648e-23
   2926.000000 2.741291e-23
   2928.000000 2.741291e-23
   2930.000000 3.301493e-23
   2932.000000 3.301493e-23
   2934.000000 3.234912e-23
   2936.000000 3.234912e-23
   2938.000000 3.158635e-23
   2940.000000 3.158635e-23
   2942.000000 2.756054e-23
   2944.000000 2.756054e-23
   2946.000000 2.367315e-23
   2948.000000 2.367315e-23
   2950.000000 2.015695e-23
   2952.000000 2.015695e-23
   2954.000000 2.011234e-23
   2956.000000 2.011234e-23
   2958.000000 2.083231e-23
   2960.000000 2.083231e-23
   2962.000000 2.058944e-23
   2964.000000 2.058944e-23
   2966.000000 1.853509e-23
   2968.000000 1.853509e-23
   2970.000000 1.987089e-23
   2972.000000 1.987089e-23
   2974.000000 1.980910e-23
   2976.000000 1.980910e-23
   2978.000000 1.940256e-23
   2980.000000 1.940256e-23
   2982.000000 2.033527e-23
   2984.000000 2.033527e-23
   2986.000000 2.101292e-23
   2988.000000 2.101292e-23
   2990.000000 2.001996e-23
   2992.000000 2.001996e-23
   2994.000000 1.979264e-23
   2996.000000 1.979264e-23
   2998.000000 1.805533e-23
   3000.000000 1.805533e-23
   3002.000000 1.965759e-23
   3004.000000 1.965759e-23
   3006.000000 1.944914e-23
   3008.000000 1.944914e-23
   3010.000000 2.056200e-23
   3012.000000 2.056200e-23
   3014.000000 1.974699e-23
   3016.000000 1.974699e-23
   3018.000000 2.036764e-23
   3020.000000 2.036764e-23
   3022.000000 1.970823e-23
   3024.000000 1.970823e-23
   3026.000000 1.992845e-23
   3028.000000 1.992845e-23
   3030.000000 2.184094e-23
   3032.000000 2.184094e-23
   3034.000000 2.060776e-23
   3036.000000 2.060776e-23
   3038.000000 1.904616e-23
   3040.000000 1.904616e-23
   3042.000000 1.898032e-23
   3044.000000 1.898032e-23
   3046.000000 2.063666e-23
   3048.000000 2.063666e-23
   3050.000000 2.002835e-23
   3052.000000 2.002835e-23
   3054.000000 1.969343e-23
   3056.000000 1.969343e-23
   3058.000000 2.107937e-23
   3060.000000 2.107937e-23
   3062.000000 1.967508e-23
   3064.000000 1.967508e-23
   3066.000000 1.971649e-23
   3068.000000 1.971649e-23
   3070.000000 2.107751e-23
   3072.000000 2.107751e-23
   3074.000000 2.036253e-23
   3076.000000 2.036253e-23
   3078.000000 2.017840e-23
   3080.000000 2.017840e-23
   3082.000000 2.047286e-23
   3084.000000 2.047286e-23
   3086.000000 2.044439e-23
   3088.000000 2.044439e-23
   3090.000000 2.019267e-23
   3092.000000 2.019267e-23
   3094.000000 2.194316e-23
   3096.000000 2.194316e-23
   3098.000000 2.097028e-23
   3100.000000 2.097028e-23
   3102.000000 1.950930e-23
   3104.000000 1.950930e-23
   3106.000000 2.061919e-23
   3108.000000 2.061919e-23
   3110.000000 2.128525e-23
   3112.000000 2.128525e-23
   3114.000000 2.058191e-23
   3116.000000 2.058191e-23
   3118.000000 2.157150e-23
   3120.000000 2.157150e-23
   3122.000000 2.078923e-23
   3124.000000 2.078923e-23
   3126.000000 2.097126e-23
   3128.000000 2.097126e-23
   3130.000000 2.106835e-23
   3132.000000 2.106835e-23
   3134.000000 2.143193e-23
   3136.000000 2.143193e-23
   3138.000000 2.180438e-23
   3140.000000 2.180438e-23
   3142.000000 2.129173e-23
   3144.000000 2.129173e-23
   3146.000000 2.155396e-23
   3148.000000 2.155396e-23
   3150.000000 2.048512e-23
   3152.000000 2.048512e-23
   3154.000000 2.119170e-23
   3156.000000 2.119170e-23
   3158.000000 2.188598e-23
   3160.000000 2.188598e-23
   3162.000000 2.275895e-23
   3164.000000 2.275895e-23
   3166.000000 2.210514e-23
   3168.000000 2.210514e-23
   3170.000000 2.130742e-23
   3172.000000 2.130742e-23
   3174.000000 2.206516e-23
   3176.000000 2.206516e-23
   3178.000000 2.030227e-23
   3180.000000 2.030227e-23
   3182.000000 2.175457e-23
   3184.000000 2.175457e-23
   3186.000000 2.165033e-23
   3188.000000 2.165033e-23
   3190.000000 1.943167e-23
   3192.000000 1.943167e-23
   3194.000000 2.128539e-23
   3196.000000 2.128539e-23
   3198.000000 2.059041e-23
   3200.000000 2.059041e-23
   3202.000000 2.423777e-23
   3204.000000 2.423777e-23
   3206.000000 2.204910e-23
   3208.000000 2.204910e-23
   3210.000000 2.139822e-23
   3212.000000 2.139822e-23
   3214.000000 2.184355e-23
   3216.000000 2.184355e-23
   3218.000000 2.232664e-23
   3220.000000 2.232664e-23
   3222.000000 2.103149e-23
   3224.000000 2.103149e-23
   3226.000000 2.302863e-23
   3228.000000 2.302863e-23
   3230.000000 2.166725e-23
   3232.000000 2.166725e-23
   3234.000000 2.150206e-23
   3236.000000 2.150206e-23
   3238.000000 2.313304e-23
   3240.000000 2.313304e-23
   3242.000000 2.201080e-23
   3244.000000 2.201080e-23
   3246.000000 2.049774e-23
   3248.000000 2.049774e-23
   3250.000000 2.213116e-23
   3252.000000 2.213116e-23
   3254.000000 2.038699e-23
   3256.000000 2.038699e-23
   3258.000000 2.302115e-23
   3260.000000 2.302115e-23
   3262.000000 2.139197e-23
   3264.000000 2.139197e-23
   3266.000000 2.203501e-23
   3268.000000 2.203501e-23
   3270.000000 2.037217e-23
   3272.000000 2.037217e-23
   3274.000000 2.233750e-23
   3276.000000 2.233750e-23
   3278.000000 2.367339e-23
   3280.000000 2.367339e-23
   3282.000000 2.322500e-23
   3284.000000 2.322500e-23
   3286.000000 2.190355e-23
   3288.000000 2.190355e-23
   3290.000000 2.186022e-23
   3292.000000 2.186022e-23
   3294.000000 2.228467e-23
   3296.000000 2.228467e-23
   3298.000000 2.260073e-23
   3300.000000 2.260073e-23
   3302.000000 2.310692e-23
   3304.000000 2.310692e-23
   3306.000000 2.427078e-23
   3308.000000 2.427078e-23
   3310.000000 2.395697e-23
   3312.000000 2.395697e-23
   3314.000000 2.490462e-23
   3316.000000 2.490462e-23
   3318.000000 2.366838e-23
   3320.000000 2.366838e-23
   3322.000000 2.601634e-23
   3324.000000 2.601634e-23
   3326.000000 2.427471e-23
   3328.000000 2.427471e-23
   3330.000000 2.424016e-23
   3332.000000 2.424016e-23
   3334.000000 2.270980e-23
   3336.000000 2.270980e-23
   3338.000000 2.201636e-23
   3340.000000 2.201636e-23
   3342.000000 2.360099e-23
   3344.000000 2.360099e-23
   3346.000000 2.499788e-23
   3348.000000 2.499788e-23
   3350.000000 2.388531e-23
   3352.000000 2.388531e-23
   3354.000000 2.546839e-23
   3356.000000 2.546839e-23
   3358.000000 2.631693e-23
   3360.000000 2.631693e-23
   3362.000000 2.536827e-23
   3364.000000 2.536827e-23
   3366.000000 2.666721e-23
   3368.000000 2.666721e-23
   3370.000000 2.643169e-23
   3372.000000 2.643169e-23
   3374.000000 2.758153e-23
   3376.000000 2.758153e-23
   3378.000000 2.846133e-23
   3380.000000 2.846133e-23
   3382.000000 2.707212e-23
   3384.000000 2.707212e-23
   3386.000000 2.554323e-23
   3388.000000 2.554323e-23
   3390.000000 2.638143e-23
   3392.000000 2.638143e-23
   3394.000000 2.371687e-23
   3396.000000 2.371687e-23
   3398.000000 2.281271e-23
   3400.000000 2.281271e-23
   3402.000000 2.418106e-23
   3404.000000 2.418106e-23
   3406.000000 2.291169e-23
   3408.000000 2.291169e-23
   3410.000000 2.062745e-23
   3412.000000 2.062745e-23
   3414.000000 2.411397e-23
   3416.000000 2.411397e-23
   3418.000000 2.362867e-23
   3420.000000 2.362867e-23
   3422.000000 2.445966e-23
   3424.000000 2.445966e-23
   3426.000000 2.451550e-23
   3428.000000 2.451550e-23
   3430.000000 2.353223e-23
   3432.000000 2.353223e-23
   3434.000000 2.255834e-23
   3436.000000 2.255834e-23
   3438.000000 2.158223e-23
   3440.000000 2.158223e-23
   3442.000000 2.194963e-23
   3444.000000 2.194963e-23
   3446.000000 2.162337e-23
   3448.000000 2.162337e-23
   3450.000000 2.239928e-23
   3452.000000 2.239928e-23
   3454.000000 2.120535e-23
   3456.000000 2.120535e-23
   3458.000000 2.360554e-23
   3460.000000 2.360554e-23
   3462.000000 2.282675e-23
   3464.000000 2.282675e-23
   3466.000000 2.239051e-23
   3468.000000 2.239051e-23
   3470.000000 2.321790e-23
   3472.000000 2.321790e-23
   3474.000000 2.312276e-23
   3476.000000 2.312276e-23
   3478.000000 2.355341e-23
   3480.000000 2.355341e-23
   3482.000000 2.286274e-23
   3484.000000 2.286274e-23
   3486.000000 2.143506e-23
   3488.000000 2.143506e-23
   3490.000000 2.236494e-23
   3492.000000 2.236494e-23
   3494.000000 2.248152e-23
   3496.000000 2.248152e-23
   3498.000000 2.327906e-23
   3500.000000 2.327906e-23
   3502.000000 2.313827e-23
   3504.000000 2.313827e-23
   3506.000000 2.213938e-23
   3508.000000 2.213938e-23
   3510.000000 2.401200e-23
   3512.000000 2.401200e-23
   3514.000000 2.366564e-23
   3516.000000 2.366564e-23
   3518.000000 2.591395e-23
   3520.000000 2.591395e-23
   3522.000000 2.398894e-23
   3524.000000 2.398894e-23
   3526.000000 2.406229e-23
   3528.000000 2.406229e-23
   3530.000000 2.388825e-23
   3532.000000 2.388825e-23
   3534.000000 2.328989e-23
   3536.000000 2.328989e-23
   3538.000000 2.306731e-23
   3540.000000 2.306731e-23
   3542.000000 2.408914e-23
   3544.000000 2.408914e-23
   3546.000000 2.365632e-23
   3548.000000 2.365632e-23
   3550.000000 2.391692e-23
   3552.000000 2.391692e-23
   3554.000000 2.247146e-23
   3556.000000 2.247146e-23
   3558.000000 2.227027e-23
   3560.000000 2.227027e-23
   3562.000000 2.044818e-23
   3564.000000 2.044818e-23
   3566.000000 2.320087e-23
   3568.000000 2.320087e-23
   3570.000000 2.371013e-23
   3572.000000 2.371013e-23
   3574.000000 2.273342e-23
   3576.000000 2.273342e-23
   3578.000000 2.377089e-23
   3580.000000 2.377089e-23
   3582.000000 2.489753e-23
   3584.000000 2.489753e-23
   3586.000000 2.375009e-23
   3588.000000 2.375009e-23
   3590.000000 2.535447e-23
   3592.000000 2.535447e-23
   3594.000000 2.572964e-23
   3596.000000 2.572964e-23
   3598.000000 2.578727e-23
   3600.000000 2.578727e-23
   3602.000000 6.315165e-23
   3604.000000 6.315165e-23
   3606.000000 1.028745e-22
   3608.000000 1.028745e-22
   3610.000000 1.339055e-22
   3612.000000 1.339055e-22
   3614.000000 1.753449e-22
   3616.000000 1.753449e-22
   3618.000000 1.958070e-22
   3620.000000 1.958070e-22
   3622.000000 2.208810e-22
   3624.000000 2.208810e-22
   3626.000000 1.997831e-22
   3628.000000 1.997831e-22
   3630.000000 1.462354e-22
   3632.000000 1.462354e-22
   3634.000000 1.079263e-22
   3636.000000 1.079263e-22
   3638.000000 7.190834e-23
   3640.000000 7.190834e-23
   3642.000000 3.855776e-23
   3644.000000 3.855776e-23
   3646.000000 2.431181e-23
   3648.000000 2.431181e-23
   3650.000000 2.281879e-23
   3652.000000 2.281879e-23
   3654.000000 2.385730e-23
   3656.000000 2.385730e-23
   3658.000000 2.488655e-23
   3660.000000 2.488655e-23
   3662.000000 2.503324e-23
   3664.000000 2.503324e-23
   3666.000000 2.682254e-23
   3668.000000 2.682254e-23
   3670.000000 2.501418e-23
   3672.000000 2.501418e-23
   3674.000000 2.775049e-23
   3676.000000 2.775049e-23
   3678.000000 2.632805e-23
   3680.000000 2.632805e-23
   3682.000000 2.646312e-23
   3684.000000 2.646312e-23
   3686.000000 2.660609e-23
   3688.000000 2.660609e-23
   3690.000000 2.412090e-23
   3692.000000 2.412090e-23
   3694.000000 2.636875e-23
   3696.000000 2.636875e-23
   3698.000000 2.618919e-23
   3700.000000 2.618919e-23
   3702.000000 2.532395e-23
   3704.000000 2.532395e-23
   3706.000000 2.582452e-23
   3708.000000 2.582452e-23
   3710.000000 2.785225e-23
   3712.000000 2.785225e-23
   3714.000000 2.796758e-23
   3716.000000 2.796758e-23
   3718.000000 2.865154e-23
   3720.000000 2.865154e-23
   3722.000000 2.668186e-23
   3724.000000 2.668186e-23
   3726.000000 2.841630e-23
   3728.000000 2.841630e-23
   3730.000000 2.781160e-23
   3732.000000 2.781160e-23
   3734.000000 2.642207e-23
   3736.000000 2.642207e-23
   3738.000000 2.695768e-23
   3740.000000 2.695768e-23
   3742.000000 2.674212e-23
   3744.000000 2.674212e-23
   3746.000000 2.707664e-23
   3748.000000 2.707664e-23
   3750.000000 2.623125e-23
   3752.000000 2.623125e-23
   3754.000000 2.748593e-23
   3756.000000 2.748593e-23
   3758.000000 2.562400e-23
   3760.000000 2.562400e-23
   3762.000000 2.715070e-23
   3764.000000 2.715070e-23
   3766.000000 2.825162e-23
   3768.000000 2.825162e-23
   3770.000000 2.829798e-23
   3772.000000 2.829798e-23
   3774.000000 2.895016e-23
   3776.000000 2.895016e-23
   3778.000000 2.915587e-23
   3780.000000 2.915587e-23
   3782.000000 2.783070e-23
   3784.000000 2.783070e-23
   3786.000000 2.795853e-23
   3788.000000 2.795853e-23
   3790.000000 2.839471e-23
   3792.000000 2.839471e-23
   3794.000000 2.851787e-23
   3796.000000 2.851787e-23
   3798.000000 2.824213e-23
   3800.000000 2.824213e-23
   3802.000000 2.804152e-23
   3804.000000 2.804152e-23
   3806.000000 2.624424e-23
   3808.000000 2.624424e-23
   3810.000000 2.725124e-23
   3812.000000 2.725124e-23
   3814.000000 2.833899e-23
   3816.000000 2.833899e-23
   3818.000000 2.731921e-23
   3820.000000 2.731921e-23
   3822.000000 2.803545e-23
   3824.000000 2.803545e-23
   3826.000000 2.885304e-23
   3828.000000 2.885304e-23
   3830.000000 2.485000e-23
   3832.000000 2.485000e-23
   3834.000000 2.729317e-23
   3836.000000 2.729317e-23
   3838.000000 2.620929e-23
   3840.000000 2.620929e-23
   3842.000000 2.711226e-23
   3844.000000 2.711226e-23
   3846.000000 2.654925e-23
   3848.000000 2.654925e-23
   3850.000000 2.701325e-23
   3852.000000 2.701325e-23
   3854.000000 2.867156e-23
   3856.000000 2.867156e-23
   3858.000000 2.805827e-23
   3860.000000 2.805827e-23
   3862.000000 2.850287e-23
   3864.000000 2.850287e-23
   3866.000000 2.567776e-23
   3868.000000 2.567776e-23
   3870.000000 2.836951e-23
   3872.000000 2.836951e-23
   3874.000000 2.571631e-23
   3876.000000 2.571631e-23
   3878.000000 2.658813e-23
   3880.000000 2.658813e-23
   3882.000000 2.732207e-23
   3884.000000 2.732207e-23
   3886.000000 2.782253e-23
   3888.000000 2.782253e-23
   3890.000000 2.650431e-23
   3892.000000 2.650431e-23
   3894.000000 2.576233e-23
   3896.000000 2.576233e-23
   3898.000000 2.767642e-23
   3900.000000 2.767642e-23
   3902.000000 2.774823e-23
   3904.000000 2.774823e-23
   3906.000000 2.813111e-23
   3908.000000 2.813111e-23
   3910.000000 2.553787e-23
   3912.000000 2.553787e-23
   3914.000000 2.562885e-23
   3916.000000 2.562885e-23
   3918.000000 2.496278e-23
   3920.000000 2.496278e-23
   3922.000000 2.777620e-23
   3924.000000 2.777620e-23
   3926.000000 2.813470e-23
   3928.000000 2.813470e-23
   3930.000000 2.512470e-23
   3932.000000 2.512470e-23
   3934.000000 2.697873e-23
   3936.000000 2.697873e-23
   3938.000000 2.671483e-23
   3940.000000 2.671483e-23
   3942.000000 2.670639e-23
   3944.000000 2.670639e-23
   3946.000000 2.583297e-23
   3948.000000 2.583297e-23
   3950.000000 2.658744e-23
   3952.000000 2.658744e-23
   3954.000000 2.682762e-23
   3956.000000 2.682762e-23
   3958.000000 2.689391e-23
   3960.000000 2.689391e-23
   3962.000000 2.766574e-23
   3964.000000 2.766574e-23
   3966.000000 2.863219e-23
   3968.000000 2.863219e-23
   3970.000000 2.894820e-23
   3972.000000 2.894820e-23
   3974.000000 2.834877e-23
   3976.000000 2.834877e-23
   3978.000000 2.774288e-23
   3980.000000 2.774288e-23
   3982.000000 2.866915e-23
   3984.000000 2.866915e-23
   3986.000000 2.700175e-23
   3988.000000 2.700175e-23
   3990.000000 2.937760e-23
   3992.000000 2.937760e-23
   3994.000000 2.784232e-23
   3996.000000 2.784232e-23
   3998.000000 2.812467e-23
   4000.000000 2.812467e-23
   4002.000000 2.899822e-23
   4004.000000 2.899822e-23
   4006.000000 2.827946e-23
   4008.000000 2.827946e-23
   4010.000000 2.875169e-23
   4012.000000 2.875169e-23
   4014.000000 2.986948e-23
   4016.000000 2.986948e-23
   4018.000000 2.726850e-23
   4020.000000 2.726850e-23
   4022.000000 2.653057e-23
   4024.000000 2.653057e-23
   4026.000000 2.595739e-23
   4028.000000 2.595739e-23
   4030.000000 2.839784e-23
   4032.000000 2.839784e-23
   4034.000000 2.753004e-23
   4036.000000 2.753004e-23
   4038.000000 2.874553e-23
   4040.000000 2.874553e-23
   4042.000000 2.848827e-23
   4044.000000 2.848827e-23
   4046.000000 2.803066e-23
   4048.000000 2.803066e-23
   4050.000000 2.777279e-23
   4052.000000 2.777279e-23
   4054.000000 2.919670e-23
   4056.000000 2.919670e-23
   4058.000000 2.794065e-23
   4060.000000 2.794065e-23
   4062.000000 2.720232e-23
   4064.000000 2.720232e-23
   4066.000000 2.617339e-23
   4068.000000 2.617339e-23
   4070.000000 2.779146e-23
   4072.000000 2.779146e-23
   4074.000000 2.795482e-23
   4076.000000 2.795482e-23
   4078.000000 2.911853e-23
   4080.000000 2.911853e-23
   4082.000000 2.909503e-23
   4084.000000 2.909503e-23
   4086.000000 2.696532e-23
   4088.000000 2.696532e-23
   4090.000000 2.668311e-23
   4092.000000 2.668311e-23
   4094.000000 1.104854e-02
