1164764997.593140 8.191326e-02
1164764997.593262 6.489621e-02
1164764997.593384 4.426125e-02
1164764997.593506 3.647631e-02
1164764997.593628 -1.231855e-02
1164764997.593750 -5.789393e-02
1164764997.593872 -1.051576e-01
1164764997.593994 -1.266222e-01
1164764997.594116 -1.254019e-01
1164764997.594238 -8.514103e-02
1164764997.594360 1.226397e-02
1164764997.594482 8.491542e-02
1164764997.594604 1.452735e-01
1164764997.594727 1.424563e-01
1164764997.594849 1.033605e-01
1164764997.594971 6.208926e-02
1164764997.595093 1.555378e-02
1164764997.595215 -4.992495e-02
1164764997.595337 -1.116887e-01
1164764997.595459 -1.142639e-01
1164764997.595581 -9.671301e-02
1164764997.595703 -7.306831e-02
1164764997.595825 -3.598098e-02
1164764997.595947 1.824773e-02
1164764997.596069 4.993034e-02
1164764997.596191 7.749837e-02
1164764997.596313 9.289307e-02
1164764997.596436 7.113551e-02
1164764997.596558 3.432432e-02
1164764997.596680 6.505162e-03
1164764997.596802 -9.942853e-03
1164764997.596924 -3.112420e-02
1164764997.597046 -3.412595e-02
1164764997.597168 -1.778167e-02
1164764997.597290 -2.939856e-02
1164764997.597412 -6.035133e-02
1164764997.597534 -5.259191e-02
1164764997.597656 -4.160429e-02
1164764997.597778 -2.395092e-02
1164764997.597900 4.754495e-03
1164764997.598022 5.893484e-02
1164764997.598145 1.090893e-01
1164764997.598267 9.630465e-02
1164764997.598389 6.979567e-02
1164764997.598511 1.211242e-02
1164764997.598633 -1.685640e-02
1164764997.598755 -4.834593e-02
1164764997.598877 -8.814956e-02
1164764997.598999 -8.827090e-02
1164764997.599121 -9.199294e-02
1164764997.599243 -4.781847e-02
1164764997.599365 1.673542e-03
1164764997.599487 8.273082e-02
1164764997.599609 1.057277e-01
1164764997.599731 7.479136e-02
1164764997.599854 6.382995e-02
1164764997.599976 3.579898e-02
1164764997.600098 -6.691815e-03
1164764997.600220 -7.641329e-02
1164764997.600342 -1.083470e-01
1164764997.600464 -1.111169e-01
1164764997.600586 -6.935183e-02
1164764997.600708 2.212367e-02
1164764997.600830 1.017145e-01
1164764997.600952 1.367236e-01
1164764997.601074 1.014554e-01
1164764997.601196 3.058956e-02
1164764997.601318 -4.712833e-02
1164764997.601440 -8.638911e-02
1164764997.601562 -7.880325e-02
1164764997.601685 -4.615615e-02
1164764997.601807 -3.636764e-02
1164764997.601929 -1.121585e-02
1164764997.602051 1.760238e-02
1164764997.602173 2.946157e-02
1164764997.602295 1.966399e-02
1164764997.602417 1.337447e-02
1164764997.602539 5.243213e-02
1164764997.602661 6.182481e-02
1164764997.602783 6.438177e-02
1164764997.602905 5.077156e-02
1164764997.603027 -4.163637e-05
1164764997.603149 -7.774345e-02
1164764997.603271 -1.450854e-01
1164764997.603394 -8.860012e-02
1164764997.603516 -3.238985e-02
1164764997.603638 -2.112388e-02
1164764997.603760 -8.345209e-03
1164764997.603882 2.182647e-02
1164764997.604004 5.998308e-02
1164764997.604126 7.998321e-02
1164764997.604248 1.010370e-01
1164764997.604370 9.883970e-02
1164764997.604492 4.949355e-02
1164764997.604614 1.081722e-02
1164764997.604736 -4.018778e-02
1164764997.604858 -9.954210e-02
1164764997.604980 -1.343300e-01
1164764997.605103 -1.318989e-01
1164764997.605225 -9.724071e-02
1164764997.605347 -2.107089e-02
1164764997.605469 8.188537e-02
1164764997.605591 1.337409e-01
1164764997.605713 1.173046e-01
1164764997.605835 6.167538e-02
1164764997.605957 1.327884e-02
1164764997.606079 -1.128489e-02
1164764997.606201 -1.601661e-02
1164764997.606323 -2.406429e-02
1164764997.606445 -3.672359e-02
1164764997.606567 -1.472533e-03
1164764997.606689 -8.746345e-03
1164764997.606812 -1.572873e-02
1164764997.606934 -4.500544e-02
1164764997.607056 -4.289030e-02
1164764997.607178 -2.705483e-02
1164764997.607300 -1.853167e-02
1164764997.607422 3.210236e-02
1164764997.607544 3.763760e-02
1164764997.607666 4.167230e-02
1164764997.607788 2.575440e-02
1164764997.607910 3.307134e-02
1164764997.608032 2.781578e-02
1164764997.608154 1.329079e-02
1164764997.608276 2.116391e-02
1164764997.608398 6.857013e-03
1164764997.608521 -3.481562e-02
1164764997.608643 -7.851867e-02
1164764997.608765 -4.733729e-02
1164764997.608887 -5.823127e-02
1164764997.609009 -1.741320e-02
1164764997.609131 7.665045e-03
1164764997.609253 3.487045e-02
1164764997.609375 4.785854e-02
1164764997.609497 9.010139e-03
1164764997.609619 3.051070e-02
1164764997.609741 1.979184e-02
1164764997.609863 4.773795e-02
1164764997.609985 2.241339e-02
1164764997.610107 -2.421220e-02
1164764997.610229 -4.423767e-02
1164764997.610352 -4.228001e-02
1164764997.610474 -2.484969e-03
1164764997.610596 2.511252e-03
1164764997.610718 1.939789e-02
1164764997.610840 -4.142765e-03
1164764997.610962 -2.303842e-04
1164764997.611084 -2.629459e-02
1164764997.611206 -1.518135e-02
1164764997.611328 -1.386472e-02
1164764997.611450 -3.032721e-02
1164764997.611572 -1.298451e-02
1164764997.611694 7.438407e-04
1164764997.611816 7.214952e-02
1164764997.611938 7.296679e-02
1164764997.612061 5.743165e-02
1164764997.612183 1.670233e-02
1164764997.612305 -1.478884e-02
1164764997.612427 -6.619795e-03
1164764997.612549 -3.039272e-02
1164764997.612671 -2.656354e-02
1164764997.612793 -4.270386e-02
1164764997.612915 -5.444791e-02
1164764997.613037 -8.668020e-02
1164764997.613159 -5.219572e-02
1164764997.613281 -5.927931e-03
1164764997.613403 2.114628e-02
1164764997.613525 5.981304e-02
1164764997.613647 1.036002e-01
1164764997.613770 1.420135e-01
1164764997.613892 1.097712e-01
1164764997.614014 4.485511e-02
1164764997.614136 -6.718705e-02
1164764997.614258 -1.349570e-01
1164764997.614380 -1.156530e-01
1164764997.614502 -5.548598e-02
1164764997.614624 1.242250e-02
1164764997.614746 2.312772e-03
1164764997.614868 -2.642186e-02
1164764997.614990 -5.552521e-02
1164764997.615112 -4.160312e-02
1164764997.615234 2.215530e-02
1164764997.615356 9.542869e-02
1164764997.615479 1.290093e-01
1164764997.615601 1.154088e-01
1164764997.615723 5.726562e-02
1164764997.615845 1.244047e-02
1164764997.615967 -4.646558e-02
1164764997.616089 -1.217640e-01
1164764997.616211 -1.433674e-01
1164764997.616333 -8.799953e-02
1164764997.616455 2.691815e-02
1164764997.616577 9.383365e-02
1164764997.616699 6.827059e-02
1164764997.616821 2.011503e-02
1164764997.616943 -8.057706e-02
1164764997.617065 -9.638410e-02
1164764997.617188 -4.565308e-02
1164764997.617310 4.424220e-02
1164764997.617432 1.198389e-01
1164764997.617554 1.008863e-01
1164764997.617676 6.366039e-02
1164764997.617798 2.633365e-02
1164764997.617920 -7.494989e-04
1164764997.618042 -3.539280e-02
1164764997.618164 -1.041607e-01
1164764997.618286 -8.739899e-02
1164764997.618408 -3.997238e-02
1164764997.618530 5.768890e-03
1164764997.618652 3.001973e-02
1164764997.618774 -2.851388e-02
1164764997.618896 -5.138117e-02
1164764997.619019 -2.130323e-02
1164764997.619141 3.069850e-02
1164764997.619263 1.049389e-01
1164764997.619385 9.406792e-02
1164764997.619507 8.609946e-02
1164764997.619629 -3.601366e-03
1164764997.619751 -6.409722e-02
1164764997.619873 -2.249996e-02
1164764997.619995 -3.402365e-03
1164764997.620117 -4.100894e-03
1164764997.620239 -4.025698e-02
1164764997.620361 -3.076017e-02
1164764997.620483 -7.091791e-03
1164764997.620605 -4.578805e-02
1164764997.620728 -6.870495e-02
1164764997.620850 -7.698939e-02
1164764997.620972 -3.613758e-02
1164764997.621094 5.362872e-02
1164764997.621216 1.399554e-01
1164764997.621338 1.571068e-01
1164764997.621460 1.109387e-01
1164764997.621582 1.175410e-02
1164764997.621704 -3.052747e-02
1164764997.621826 -3.856670e-02
1164764997.621948 -1.656280e-02
1164764997.622070 -4.717475e-02
1164764997.622192 -1.319983e-01
1164764997.622314 -1.444254e-01
1164764997.622437 -9.483908e-02
1164764997.622559 -5.674372e-03
1164764997.622681 8.531101e-02
1164764997.622803 1.065866e-01
1164764997.622925 1.154444e-01
1164764997.623047 6.692471e-02
1164764997.623169 1.986405e-02
1164764997.623291 -7.609305e-03
1164764997.623413 -1.965861e-02
1164764997.623535 2.257465e-03
1164764997.623657 -1.301969e-02
1164764997.623779 -8.383329e-03
1164764997.623901 2.805848e-02
1164764997.624023 -1.800024e-02
1164764997.624146 -8.147515e-02
1164764997.624268 -1.169537e-01
1164764997.624390 -7.912876e-02
1164764997.624512 1.560442e-02
1164764997.624634 6.726435e-02
1164764997.624756 8.197935e-02
1164764997.624878 5.514463e-02
1164764997.625000 -2.960118e-02
1164764997.625122 -2.067880e-02
1164764997.625244 -3.278522e-03
1164764997.625366 5.493416e-02
1164764997.625488 1.018792e-01
1164764997.625610 8.053967e-02
1164764997.625732 6.303843e-02
1164764997.625854 -4.926253e-02
1164764997.625977 -1.223898e-01
1164764997.626099 -1.511267e-01
1164764997.626221 -1.800342e-01
1164764997.626343 -7.693506e-02
1164764997.626465 3.248067e-02
1164764997.626587 1.519272e-01
1164764997.626709 1.340276e-01
1164764997.626831 3.713272e-02
1164764997.626953 -1.264087e-02
1164764997.627075 -4.831907e-02
1164764997.627197 -2.045099e-02
1164764997.627319 6.002086e-02
1164764997.627441 1.118537e-01
1164764997.627563 1.498504e-01
1164764997.627686 9.469426e-02
1164764997.627808 -6.049892e-02
1164764997.627930 -2.066916e-01
1164764997.628052 -2.923975e-01
1164764997.628174 -2.324276e-01
1164764997.628296 -7.382427e-02
1164764997.628418 9.903001e-02
1164764997.628540 2.349772e-01
1164764997.628662 2.050085e-01
1164764997.628784 1.373950e-01
1164764997.628906 2.006335e-02
1164764997.629028 -6.825776e-02
1164764997.629150 -7.377251e-02
1164764997.629272 -1.345551e-02
1164764997.629395 3.878335e-02
1164764997.629517 6.306254e-02
1164764997.629639 5.411937e-02
1164764997.629761 -2.751113e-02
1164764997.629883 -1.704471e-01
1164764997.630005 -2.494526e-01
1164764997.630127 -1.385600e-01
1164764997.630249 1.822665e-02
1164764997.630371 1.257748e-01
1164764997.630493 1.846029e-01
1164764997.630615 1.499063e-01
1164764997.630737 8.150202e-02
1164764997.630859 -2.312202e-02
1164764997.630981 -4.000201e-02
1164764997.631104 -8.573615e-02
1164764997.631226 -5.238384e-02
1164764997.631348 5.977171e-02
1164764997.631470 7.478975e-02
1164764997.631592 2.619649e-02
1164764997.631714 -3.263269e-02
1164764997.631836 -6.583549e-02
1164764997.631958 -1.203395e-01
1164764997.632080 -1.485935e-01
1164764997.632202 -3.279589e-02
1164764997.632324 9.177589e-02
1164764997.632446 9.868824e-02
1164764997.632568 4.290478e-02
1164764997.632690 1.341057e-02
1164764997.632812 -3.800565e-03
1164764997.632935 6.712595e-03
1164764997.633057 2.910299e-02
1164764997.633179 1.194945e-01
1164764997.633301 9.250935e-02
1164764997.633423 3.397713e-02
1164764997.633545 -3.493100e-02
1164764997.633667 -6.842223e-02
1164764997.633789 -1.011140e-01
1164764997.633911 -1.804355e-01
1164764997.634033 -1.742065e-01
1164764997.634155 -1.321888e-01
1164764997.634277 1.777486e-02
1164764997.634399 1.530857e-01
1164764997.634521 1.880644e-01
1164764997.634644 1.496689e-01
1164764997.634766 7.290476e-02
1164764997.634888 7.931487e-02
1164764997.635010 1.176265e-02
1164764997.635132 -2.368494e-02
1164764997.635254 -6.330800e-02
1164764997.635376 -3.083437e-02
1164764997.635498 -1.958130e-02
1164764997.635620 -3.335527e-02
1164764997.635742 -4.307556e-02
1164764997.635864 -1.014282e-01
1164764997.635986 -1.791187e-01
1164764997.636108 -2.110503e-01
1164764997.636230 -7.931537e-02
1164764997.636353 1.242975e-01
1164764997.636475 2.777020e-01
1164764997.636597 2.731064e-01
1164764997.636719 2.105142e-01
1164764997.636841 1.493694e-01
1164764997.636963 -2.934860e-02
1164764997.637085 -1.563376e-01
1164764997.637207 -2.155532e-01
1164764997.637329 -1.127087e-01
1164764997.637451 -6.097537e-02
1164764997.637573 -7.385147e-03
1164764997.637695 1.119053e-03
1164764997.637817 -5.899181e-02
1164764997.637939 -1.214645e-01
1164764997.638062 -1.440371e-01
1164764997.638184 -3.142832e-02
1164764997.638306 1.023026e-01
1164764997.638428 2.665483e-01
1164764997.638550 3.582552e-01
1164764997.638672 2.472080e-01
1164764997.638794 1.954495e-02
1164764997.638916 -1.661585e-01
1164764997.639038 -2.187985e-01
1164764997.639160 -2.372988e-01
1164764997.639282 -1.152722e-01
1164764997.639404 2.618984e-02
1164764997.639526 1.206620e-01
1164764997.639648 4.348230e-02
1164764997.639771 -5.398673e-02
1164764997.639893 -1.681754e-01
1164764997.640015 -1.705224e-01
1164764997.640137 -4.029061e-02
1164764997.640259 1.043486e-01
1164764997.640381 2.705709e-01
1164764997.640503 2.849327e-01
1164764997.640625 2.078672e-01
1164764997.640747 4.436678e-02
1164764997.640869 -1.037684e-01
1164764997.640991 -1.828282e-01
1164764997.641113 -2.117210e-01
1164764997.641235 -2.449654e-02
1164764997.641357 6.930229e-02
1164764997.641479 2.289023e-02
1164764997.641602 -1.378167e-01
1164764997.641724 -1.979594e-01
1164764997.641846 -1.971308e-01
1164764997.641968 -1.552673e-01
1164764997.642090 9.309416e-02
1164764997.642212 3.624462e-01
1164764997.642334 3.757327e-01
1164764997.642456 2.518827e-01
1164764997.642578 1.740542e-01
1164764997.642700 1.573221e-02
1164764997.642822 -2.144709e-01
1164764997.642944 -2.982227e-01
1164764997.643066 -1.934334e-01
1164764997.643188 -1.065517e-01
1164764997.643311 -8.518832e-02
1164764997.643433 5.897960e-02
1164764997.643555 1.860822e-02
1164764997.643677 -1.016610e-01
1164764997.643799 -1.266849e-01
1164764997.643921 3.775134e-02
1164764997.644043 1.588021e-01
1164764997.644165 2.140261e-01
1164764997.644287 2.883992e-01
1164764997.644409 1.795976e-01
1164764997.644531 -7.580622e-02
1164764997.644653 -1.626178e-01
1164764997.644775 -5.884027e-02
1164764997.644897 -8.923604e-03
1164764997.645020 -7.476453e-02
1164764997.645142 -1.129650e-01
1164764997.645264 -3.361977e-02
1164764997.645386 8.284682e-03
1164764997.645508 -1.068153e-01
1164764997.645630 -1.812009e-01
1164764997.645752 -1.908242e-01
1164764997.645874 -3.778920e-02
1164764997.645996 1.347161e-01
1164764997.646118 3.374637e-01
1164764997.646240 4.297225e-01
1164764997.646362 2.393144e-01
1164764997.646484 -1.660334e-02
1164764997.646606 -1.216297e-01
1164764997.646729 -1.343079e-01
1164764997.646851 -8.291178e-02
1164764997.646973 -1.181113e-01
1164764997.647095 -1.427079e-01
1164764997.647217 -1.914561e-01
1164764997.647339 -1.107772e-01
1164764997.647461 3.806898e-02
1164764997.647583 1.701762e-02
1164764997.647705 -7.829170e-02
1164764997.647827 -7.881928e-02
1164764997.647949 7.264997e-02
1164764997.648071 2.045833e-01
1164764997.648193 2.468811e-01
1164764997.648315 3.023146e-01
1164764997.648438 2.105500e-01
1164764997.648560 5.548042e-02
1164764997.648682 -7.156335e-02
1164764997.648804 -5.588634e-02
1164764997.648926 -1.484497e-01
1164764997.649048 -3.137845e-01
1164764997.649170 -4.190821e-01
1164764997.649292 -2.514441e-01
1164764997.649414 -5.540555e-02
1164764997.649536 1.062608e-02
1164764997.649658 3.029397e-02
1164764997.649780 4.615590e-02
1164764997.649902 1.536904e-01
1164764997.650024 3.352982e-01
1164764997.650146 4.876136e-01
1164764997.650269 4.463244e-01
1164764997.650391 2.071023e-01
1164764997.650513 -3.018814e-02
1164764997.650635 -2.344786e-01
1164764997.650757 -3.582423e-01
1164764997.650879 -4.395706e-01
1164764997.651001 -3.309239e-01
1164764997.651123 -3.158075e-01
1164764997.651245 -1.939665e-01
1164764997.651367 -3.707236e-02
1164764997.651489 1.582305e-01
1164764997.651611 1.511822e-01
1164764997.651733 8.167023e-02
1164764997.651855 1.535381e-01
1164764997.651978 3.065737e-01
1164764997.652100 5.886963e-01
1164764997.652222 5.908152e-01
1164764997.652344 3.339968e-01
1164764997.652466 -7.062329e-02
1164764997.652588 -4.116836e-01
1164764997.652710 -5.810246e-01
1164764997.652832 -7.161526e-01
1164764997.652954 -4.983311e-01
1164764997.653076 -2.568167e-01
1164764997.653198 -2.515764e-02
1164764997.653320 -3.980500e-03
1164764997.653442 1.228223e-01
1164764997.653564 1.800307e-01
1164764997.653687 2.237186e-01
1164764997.653809 3.178940e-01
1164764997.653931 4.625960e-01
1164764997.654053 6.676207e-01
1164764997.654175 6.491510e-01
1164764997.654297 4.031052e-01
1164764997.654419 -6.974652e-02
1164764997.654541 -4.714913e-01
1164764997.654663 -6.926330e-01
1164764997.654785 -7.938212e-01
1164764997.654907 -7.264862e-01
1164764997.655029 -6.984559e-01
1164764997.655151 -4.158421e-01
1164764997.655273 -3.457666e-01
1164764997.655396 -1.582279e-01
1164764997.655518 2.187744e-02
1164764997.655640 6.049900e-01
1164764997.655762 1.190977e+00
1164764997.655884 1.636083e+00
1164764997.656006 2.001399e+00
1164764997.656128 2.069867e+00
1164764997.656250 1.486756e+00
1164764997.656372 2.287268e-02
1164764997.656494 -2.882971e+00
1164764997.656616 -4.616665e+00
1164764997.656738 -4.478526e+00
1164764997.656860 -3.245417e+00
1164764997.656982 -1.057827e+00
1164764997.657104 1.465838e+00
1164764997.657227 3.363818e+00
1164764997.657349 4.565799e+00
1164764997.657471 4.713067e+00
1164764997.657593 3.769081e+00
1164764997.657715 2.092043e+00
1164764997.657837 1.869897e-02
1164764997.657959 -2.263200e+00
1164764997.658081 -4.383959e+00
1164764997.658203 -5.361672e+00
1164764997.658325 -5.265279e+00
1164764997.658447 -3.919754e+00
1164764997.658569 -1.477047e+00
1164764997.658691 1.656691e+00
1164764997.658813 4.091116e+00
1164764997.658936 5.482679e+00
1164764997.659058 5.959720e+00
1164764997.659180 5.044096e+00
1164764997.659302 2.799755e+00
1164764997.659424 -4.027149e-01
1164764997.659546 -3.106188e+00
1164764997.659668 -5.247365e+00
1164764997.659790 -5.937364e+00
1164764997.659912 -5.304302e+00
1164764997.660034 -3.763063e+00
1164764997.660156 -1.387511e+00
1164764997.660278 1.208332e+00
1164764997.660400 3.883861e+00
1164764997.660522 5.586851e+00
1164764997.660645 6.462071e+00
1164764997.660767 5.436310e+00
1164764997.660889 2.785548e+00
1164764997.661011 -3.246305e-01
1164764997.661133 -3.234999e+00
1164764997.661255 -5.396693e+00
1164764997.661377 -6.766758e+00
1164764997.661499 -6.003268e+00
1164764997.661621 -3.837684e+00
1164764997.661743 -4.773748e-01
1164764997.661865 3.131366e+00
1164764997.661987 6.001228e+00
1164764997.662109 6.783179e+00
1164764997.662231 5.566540e+00
1164764997.662354 3.308768e+00
1164764997.662476 6.717228e-02
1164764997.662598 -2.938475e+00
1164764997.662720 -5.273139e+00
1164764997.662842 -6.079222e+00
1164764997.662964 -5.554855e+00
1164764997.663086 -3.058088e+00
1164764997.663208 7.130081e-01
1164764997.663330 3.703985e+00
1164764997.663452 5.339868e+00
1164764997.663574 5.295032e+00
1164764997.663696 4.426539e+00
1164764997.663818 1.883667e+00
1164764997.663940 -1.046530e+00
1164764997.664062 -3.784341e+00
1164764997.664185 -5.551069e+00
1164764997.664307 -5.821014e+00
1164764997.664429 -4.165020e+00
1164764997.664551 -4.826880e-01
1164764997.664673 3.126312e+00
1164764997.664795 5.611865e+00
1164764997.664917 5.899981e+00
1164764997.665039 4.801884e+00
1164764997.665161 2.299648e+00
1164764997.665283 -1.331971e+00
1164764997.665405 -4.716802e+00
1164764997.665527 -6.888557e+00
1164764997.665649 -6.190722e+00
1164764997.665771 -3.507833e+00
1164764997.665894 1.026792e+00
1164764997.666016 4.842776e+00
1164764997.666138 6.614791e+00
1164764997.666260 5.946039e+00
1164764997.666382 3.193025e+00
1164764997.666504 -4.670262e-01
1164764997.666626 -3.905223e+00
1164764997.666748 -5.580886e+00
1164764997.666870 -5.686757e+00
1164764997.666992 -3.680702e+00
1164764997.667114 2.955026e-01
1164764997.667236 4.531444e+00
1164764997.667358 6.229090e+00
1164764997.667480 4.819486e+00
1164764997.667603 1.859981e+00
1164764997.667725 -1.905936e+00
1164764997.667847 -4.528145e+00
1164764997.667969 -5.564454e+00
1164764997.668091 -3.735131e+00
1164764997.668213 -7.058030e-01
1164764997.668335 2.901942e+00
1164764997.668457 5.326335e+00
1164764997.668579 5.408494e+00
1164764997.668701 3.199333e+00
1164764997.668823 -1.412229e+00
1164764997.668945 -5.528535e+00
1164764997.669067 -6.641694e+00
1164764997.669189 -3.405023e+00
1164764997.669312 1.518430e+00
1164764997.669434 4.849395e+00
1164764997.669556 5.679528e+00
1164764997.669678 2.758489e+00
1164764997.669800 -1.721114e+00
1164764997.669922 -5.248172e+00
1164764997.670044 -4.509717e+00
1164764997.670166 -1.092217e+00
1164764997.670288 3.412707e+00
1164764997.670410 5.538067e+00
1164764997.670532 2.971256e+00
1164764997.670654 -2.654580e+00
1164764997.670776 -5.367997e+00
1164764997.670898 -2.453376e+00
1164764997.671021 2.855598e+00
1164764997.671143 4.479899e+00
1164764997.671265 -2.152221e-01
1164764997.671387 -4.512934e+00
1164764997.671509 3.739450e-01
1164764997.671631 1.330505e+00
1164764997.671753 -2.795563e-01
1164764997.671875 3.264728e-01
1164764997.671997 3.217750e-01
1164764997.672119 7.750464e-01
1164764997.672241 -1.950296e+00
1164764997.672363 1.692972e+00
1164764997.672485 -6.521614e-01
1164764997.672607 -7.840345e-01
1164764997.672729 1.964491e+00
1164764997.672852 -9.847227e-01
1164764997.672974 8.895897e-01
1164764997.673096 -1.907343e+00
1164764997.673218 2.034908e-01
1164764997.673340 -9.944151e-02
1164764997.673462 -8.187197e-03
1164764997.673584 7.610854e-01
1164764997.673706 -1.342378e+00
1164764997.673828 1.562486e+00
1164764997.673950 -1.306356e-01
1164764997.674072 3.325787e-01
1164764997.674194 3.018426e-01
1164764997.674316 -8.959079e-01
1164764997.674438 1.829336e-01
1164764997.674561 -5.368921e-01
1164764997.674683 2.927169e-01
1164764997.674805 1.207914e+00
1164764997.674927 -9.127170e-01
1164764997.675049 -4.370273e-02
1164764997.675171 -9.054106e-01
1164764997.675293 -2.494430e-01
1164764997.675415 1.110588e+00
1164764997.675537 -5.632007e-01
1164764997.675659 2.203919e-01
1164764997.675781 2.539341e-01
1164764997.675903 -1.257526e-01
1164764997.676025 9.635771e-01
1164764997.676147 -4.505775e-01
1164764997.676270 2.527373e-02
1164764997.676392 -6.452307e-02
1164764997.676514 -1.003438e+00
1164764997.676636 7.439031e-01
1164764997.676758 1.086039e-01
1164764997.676880 2.822496e-03
1164764997.677002 1.282743e-01
1164764997.677124 -1.093041e+00
1164764997.677246 2.912314e-01
1164764997.677368 -9.976143e-02
1164764997.677490 3.679650e-01
1164764997.677612 5.021126e-01
1164764997.677734 -7.563253e-01
1164764997.677856 6.826915e-01
1164764997.677979 3.042068e-01
1164764997.678101 -5.638081e-02
1164764997.678223 2.136335e-01
1164764997.678345 -8.650167e-01
1164764997.678467 1.075656e-03
1164764997.678589 -1.552311e-01
1164764997.678711 -4.085298e-02
1164764997.678833 9.360134e-01
1164764997.678955 -3.460628e-01
1164764997.679077 -2.440837e-01
1164764997.679199 -3.205393e-01
1164764997.679321 -5.081324e-01
1164764997.679443 7.862516e-01
1164764997.679565 -3.542746e-01
1164764997.679688 3.363054e-01
1164764997.679810 4.898003e-01
1164764997.679932 -1.461414e-01
1164764997.680054 5.667695e-01
1164764997.680176 -3.862777e-01
1164764997.680298 -2.706029e-01
1164764997.680420 -2.731563e-01
1164764997.680542 -6.012939e-01
1164764997.680664 5.651080e-01
1164764997.680786 2.406113e-01
1164764997.680908 -8.029105e-02
1164764997.681030 2.206377e-01
1164764997.681152 -6.208280e-01
1164764997.681274 -1.351079e-01
1164764997.681396 1.825911e-01
1164764997.681519 9.095014e-02
1164764997.681641 6.455369e-01
1164764997.681763 -2.971812e-01
1164764997.681885 3.922072e-01
1164764997.682007 8.867250e-02
1164764997.682129 -5.279659e-01
1164764997.682251 1.031754e-01
1164764997.682373 -4.648603e-01
1164764997.682495 3.758132e-02
1164764997.682617 7.942248e-02
1164764997.682739 6.067953e-02
1164764997.682861 4.690013e-01
1164764997.682983 -3.914122e-01
1164764997.683105 -2.948085e-01
1164764997.683228 9.706915e-03
1164764997.683350 -1.781550e-01
1164764997.683472 5.600903e-01
1164764997.683594 3.163819e-01
1164764997.683716 -1.512375e-02
1164764997.683838 3.195247e-01
1164764997.683960 -5.172216e-01
1164764997.684082 -8.210561e-02
1164764997.684204 -4.317530e-01
1164764997.684326 -1.625767e-01
1164764997.684448 5.516040e-01
1164764997.684570 -2.551440e-01
1164764997.684692 5.024380e-01
1164764997.684814 1.037453e-01
1164764997.684937 -3.057218e-01
1164764997.685059 -6.522987e-02
1164764997.685181 -5.018664e-01
1164764997.685303 1.314495e-01
1164764997.685425 7.301179e-02
1164764997.685547 1.745342e-01
1164764997.685669 4.717428e-01
1164764997.685791 -8.471280e-02
1164764997.685913 7.857853e-02
1164764997.686035 -4.971444e-02
1164764997.686157 -4.369894e-01
1164764997.686279 1.013546e-01
1164764997.686401 -4.091649e-02
1164764997.686523 2.333573e-01
1164764997.686646 -1.259281e-02
1164764997.686768 -3.517352e-01
1164764997.686890 9.610668e-02
1164764997.687012 -4.010338e-01
1164764997.687134 6.599505e-02
1164764997.687256 2.543209e-01
1164764997.687378 1.409498e-01
1164764997.687500 4.590646e-01
1164764997.687622 -9.432618e-02
1164764997.687744 1.401482e-01
1164764997.687866 -9.399632e-02
1164764997.687988 -3.532491e-01
1164764997.688110 -1.164545e-01
1164764997.688232 -2.389105e-01
1164764997.688354 2.229908e-01
1164764997.688477 2.455503e-01
1164764997.688599 -7.329762e-02
1164764997.688721 2.393687e-03
1164764997.688843 -3.456681e-01
1164764997.688965 -2.552656e-02
1164764997.689087 6.842619e-02
1164764997.689209 3.528045e-02
1164764997.689331 3.977983e-01
1164764997.689453 -5.231149e-02
1164764997.689575 1.882988e-01
1164764997.689697 3.093181e-02
1164764997.689819 -1.708719e-01
1164764997.689941 1.533223e-01
1164764997.690063 -4.171075e-01
1164764997.690186 -5.958084e-02
1164764997.690308 -1.610249e-01
1164764997.690430 4.312519e-02
1164764997.690552 3.324863e-01
1164764997.690674 -2.125923e-01
1164764997.690796 1.071839e-01
1164764997.690918 -1.617708e-01
1164764997.691040 1.415389e-02
1164764997.691162 2.850798e-01
1164764997.691284 -2.647141e-02
1164764997.691406 2.093302e-01
1164764997.691528 -1.625914e-01
1164764997.691650 1.929321e-02
1164764997.691772 6.149172e-02
1164764997.691895 -1.730697e-01
1164764997.692017 8.026695e-02
1164764997.692139 -2.971808e-01
1164764997.692261 -1.068574e-01
1164764997.692383 8.506680e-02
1164764997.692505 7.344560e-02
1164764997.692627 3.515734e-01
1164764997.692749 -1.807857e-01
1164764997.692871 -5.290158e-03
1164764997.692993 -1.377034e-01
1164764997.693115 -1.501915e-01
1164764997.693237 3.191227e-01
1164764997.693359 -9.520339e-02
1164764997.693481 1.494892e-01
1164764997.693604 -9.387085e-04
1164764997.693726 7.974218e-02
1164764997.693848 2.083629e-01
1164764997.693970 -3.585677e-01
1164764997.694092 -3.838172e-02
1164764997.694214 -2.677103e-01
1164764997.694336 -5.591781e-03
1164764997.694458 1.580852e-01
1164764997.694580 4.309124e-02
1164764997.694702 2.120136e-01
1164764997.694824 -2.942490e-01
1164764997.694946 -1.048243e-01
1164764997.695068 7.309791e-03
1164764997.695190 1.913008e-01
1164764997.695312 3.657358e-01
1164764997.695435 -1.032401e-02
1164764997.695557 1.409704e-01
1164764997.695679 -1.844575e-01
1164764997.695801 -1.425658e-01
1164764997.695923 -1.332470e-01
1164764997.696045 -3.113269e-01
1164764997.696167 -1.948991e-03
1164764997.696289 -7.856633e-02
1164764997.696411 3.086540e-01
1164764997.696533 2.353126e-01
1164764997.696655 -2.602882e-02
1164764997.696777 6.885734e-02
1164764997.696899 -3.310570e-01
1164764997.697021 -9.840797e-03
1164764997.697144 3.960516e-02
1164764997.697266 2.840510e-01
1164764997.697388 2.956792e-01
1164764997.697510 -2.151719e-01
1164764997.697632 -3.073329e-02
1164764997.697754 -2.494853e-01
1164764997.697876 -1.360436e-01
1164764997.697998 -1.038413e-01
1164764997.698120 -6.868319e-02
1164764997.698242 3.071568e-01
1164764997.698364 6.086916e-02
1164764997.698486 1.809368e-01
1164764997.698608 -7.402043e-02
1164764997.698730 -1.700527e-01
1164764997.698853 -1.221473e-01
1164764997.698975 -1.802800e-01
1164764997.699097 2.725203e-01
1164764997.699219 2.192190e-01
1164764997.699341 2.453763e-01
1164764997.699463 8.380920e-02
1164764997.699585 -2.237555e-01
1164764997.699707 -2.313461e-01
1164764997.699829 -4.051677e-01
1164764997.699951 4.730755e-02
1164764997.700073 9.736037e-02
1164764997.700195 1.284892e-01
1164764997.700317 2.497790e-01
1164764997.700439 1.110882e-02
1164764997.700562 -9.714311e-04
1164764997.700684 -2.943932e-01
1164764997.700806 -6.153138e-02
1164764997.700928 6.759232e-02
1164764997.701050 1.684148e-02
1164764997.701172 3.007406e-01
1164764997.701294 1.537198e-01
1164764997.701416 1.316255e-01
1164764997.701538 -2.240039e-01
1164764997.701660 -2.697593e-01
1164764997.701782 -1.364447e-01
1164764997.701904 -1.951690e-01
1164764997.702026 8.243945e-02
1164764997.702148 1.055530e-01
1164764997.702271 1.572145e-01
1164764997.702393 8.453434e-02
1164764997.702515 -4.481524e-02
1164764997.702637 2.555526e-02
1164764997.702759 -9.774861e-02
1164764997.702881 6.394006e-02
1164764997.703003 8.540476e-02
1164764997.703125 5.698061e-02
1164764997.703247 6.373328e-02
1164764997.703369 -8.311750e-02
1164764997.703491 -2.918741e-02
1164764997.703613 -1.393183e-01
1164764997.703735 -1.253837e-01
1164764997.703857 -8.150578e-02
1164764997.703979 -5.041952e-02
1164764997.704102 1.772494e-01
1164764997.704224 5.285971e-02
1164764997.704346 1.329603e-01
1164764997.704468 3.380971e-02
1164764997.704590 -2.064670e-02
1164764997.704712 1.900618e-02
1164764997.704834 -9.026131e-02
1164764997.704956 6.731866e-02
1164764997.705078 -6.262527e-02
1164764997.705200 8.446763e-03
1164764997.705322 2.769614e-02
1164764997.705444 -7.999239e-02
1164764997.705566 3.926244e-02
1164764997.705688 -7.272567e-02
1164764997.705811 2.493022e-02
1164764997.705933 -9.935741e-02
1164764997.706055 -3.272008e-02
1164764997.706177 1.201090e-01
1164764997.706299 8.033025e-02
1164764997.706421 8.795627e-02
1164764997.706543 -8.103088e-02
1164764997.706665 -3.774938e-02
1164764997.706787 -5.367017e-02
1164764997.706909 -4.124712e-02
1164764997.707031 1.008569e-01
1164764997.707153 5.803899e-02
1164764997.707275 9.984564e-02
1164764997.707397 1.266552e-02
1164764997.707520 -4.167436e-02
1164764997.707642 -8.831977e-02
1164764997.707764 -1.788189e-01
1164764997.707886 -1.476452e-01
1164764997.708008 -8.034753e-02
1164764997.708130 1.191277e-01
1164764997.708252 2.645045e-01
1164764997.708374 1.685894e-01
1164764997.708496 5.842902e-02
1164764997.708618 -1.378083e-01
1164764997.708740 -1.368027e-01
1164764997.708862 -8.158456e-02
1164764997.708984 1.833739e-02
1164764997.709106 1.072891e-01
1164764997.709229 1.065053e-01
1164764997.709351 1.140299e-01
1164764997.709473 -5.782576e-02
1164764997.709595 -1.329226e-01
1164764997.709717 -1.965219e-01
1164764997.709839 -1.835865e-01
1164764997.709961 -4.067996e-02
1164764997.710083 2.979420e-02
1164764997.710205 2.751590e-01
1164764997.710327 2.262772e-01
1164764997.710449 1.293786e-01
1164764997.710571 -3.774605e-02
1164764997.710693 -1.194153e-01
1164764997.710815 -5.199723e-02
1164764997.710938 -1.095783e-01
1164764997.711060 3.198079e-02
1164764997.711182 4.384633e-02
1164764997.711304 -5.318603e-03
1164764997.711426 -7.683075e-02
1164764997.711548 -1.672935e-01
1164764997.711670 -4.359934e-02
1164764997.711792 -1.024254e-02
1164764997.711914 9.065852e-02
1164764997.712036 1.638374e-01
1164764997.712158 1.611151e-01
1164764997.712280 1.127201e-01
1164764997.712402 -9.124088e-03
1164764997.712524 -1.137787e-01
1164764997.712646 -1.859767e-01
1164764997.712769 -1.373467e-01
1164764997.712891 4.716140e-02
1164764997.713013 8.891990e-02
1164764997.713135 7.064692e-02
1164764997.713257 3.520237e-02
1164764997.713379 -2.717893e-02
1164764997.713501 -8.633224e-02
1164764997.713623 -9.410732e-02
1164764997.713745 -1.450675e-02
1164764997.713867 3.333113e-02
1164764997.713989 9.127685e-02
1164764997.714111 1.104686e-01
1164764997.714233 5.812832e-02
1164764997.714355 2.549181e-02
1164764997.714478 -7.959218e-02
1164764997.714600 -7.678502e-02
1164764997.714722 -7.230924e-02
1164764997.714844 -8.316755e-03
1164764997.714966 3.556540e-02
1164764997.715088 2.400562e-02
1164764997.715210 -1.145879e-03
1164764997.715332 -3.160644e-02
1164764997.715454 1.659694e-02
1164764997.715576 -4.901913e-03
1164764997.715698 -5.099199e-03
1164764997.715820 4.918135e-02
1164764997.715942 3.273463e-02
1164764997.716064 3.411977e-02
1164764997.716187 -3.237960e-02
1164764997.716309 -7.912432e-02
1164764997.716431 -8.534811e-02
1164764997.716553 -5.153164e-03
1164764997.716675 7.973877e-02
1164764997.716797 9.517827e-02
1164764997.716919 7.246312e-02
1164764997.717041 2.156798e-02
1164764997.717163 -4.709009e-02
1164764997.717285 -6.054623e-02
1164764997.717407 -5.931049e-02
1164764997.717529 -5.027455e-02
1164764997.717651 -4.445342e-02
1164764997.717773 -3.009437e-02
1164764997.717896 4.304273e-03
1164764997.718018 3.328598e-02
1164764997.718140 5.838949e-02
1164764997.718262 5.739170e-02
1164764997.718384 4.159589e-02
1164764997.718506 8.553110e-02
1164764997.718628 8.636397e-02
1164764997.718750 3.263299e-02
1164764997.718872 -9.330792e-02
1164764997.718994 -1.421131e-01
1164764997.719116 -1.284188e-01
1164764997.719238 -7.611001e-02
1164764997.719360 -2.189786e-02
1164764997.719482 1.894486e-02
1164764997.719604 3.668291e-02
1164764997.719727 3.517487e-03
1164764997.719849 3.646084e-02
1164764997.719971 1.217340e-01
1164764997.720093 1.682870e-01
1164764997.720215 1.502667e-01
1164764997.720337 1.765151e-02
1164764997.720459 -8.415638e-02
1164764997.720581 -1.615349e-01
1164764997.720703 -1.610450e-01
1164764997.720825 -1.518288e-01
1164764997.720947 -1.212049e-01
1164764997.721069 -9.959535e-03
1164764997.721191 1.030266e-01
1164764997.721313 1.688231e-01
1164764997.721436 1.685072e-01
1164764997.721558 9.345450e-02
1164764997.721680 1.720381e-03
1164764997.721802 -6.652597e-02
1164764997.721924 -4.572581e-02
1164764997.722046 3.273179e-03
1164764997.722168 1.754077e-02
1164764997.722290 -4.812901e-02
1164764997.722412 -1.102805e-01
1164764997.722534 -1.030117e-01
1164764997.722656 -3.347666e-02
1164764997.722778 1.650091e-02
1164764997.722900 4.792825e-02
1164764997.723022 8.894856e-02
1164764997.723145 1.175914e-01
1164764997.723267 8.067476e-02
1164764997.723389 2.570248e-02
1164764997.723511 -3.856769e-02
1164764997.723633 -9.721445e-02
1164764997.723755 -1.228253e-01
1164764997.723877 -4.635195e-02
1164764997.723999 4.423749e-02
1164764997.724121 8.070656e-02
1164764997.724243 2.708921e-02
1164764997.724365 -3.543479e-02
1164764997.724487 -6.807433e-02
1164764997.724609 -2.339240e-02
1164764997.724731 5.084208e-02
1164764997.724854 7.303187e-02
1164764997.724976 5.000959e-02
1164764997.725098 2.396627e-02
1164764997.725220 1.167736e-02
1164764997.725342 -3.221431e-02
1164764997.725464 -8.014355e-02
1164764997.725586 -7.520948e-02
1164764997.725708 -6.482612e-02
1164764997.725830 -8.608898e-03
1164764997.725952 4.140536e-02
1164764997.726074 9.690548e-02
1164764997.726196 6.814150e-02
1164764997.726318 1.745563e-02
1164764997.726440 -3.155708e-02
1164764997.726562 -7.766101e-03
1164764997.726685 4.947892e-02
1164764997.726807 2.374852e-02
1164764997.726929 -2.745152e-02
1164764997.727051 -7.980640e-02
1164764997.727173 -9.902882e-02
1164764997.727295 -5.724957e-02
1164764997.727417 -1.761815e-02
1164764997.727539 5.010618e-02
1164764997.727661 5.687853e-02
1164764997.727783 5.955580e-02
1164764997.727905 8.068505e-02
1164764997.728027 5.416099e-02
1164764997.728149 3.029607e-02
1164764997.728271 -1.793474e-02
1164764997.728394 -7.795200e-02
1164764997.728516 -6.448320e-02
1164764997.728638 -6.612279e-02
1164764997.728760 -6.925179e-03
1164764997.728882 -4.954115e-03
1164764997.729004 -2.134608e-02
1164764997.729126 3.469744e-03
1164764997.729248 7.981756e-03
1164764997.729370 5.198654e-02
1164764997.729492 4.760761e-02
1164764997.729614 2.226748e-02
1164764997.729736 3.805126e-02
1164764997.729858 1.203054e-02
1164764997.729980 1.842412e-02
1164764997.730103 -2.980649e-03
1164764997.730225 -1.334500e-02
1164764997.730347 -3.781973e-02
1164764997.730469 -9.221204e-02
1164764997.730591 -7.197605e-02
1164764997.730713 -2.355363e-02
1164764997.730835 -1.736781e-02
1164764997.730957 2.646600e-02
1164764997.731079 4.200537e-02
1164764997.731201 7.829645e-02
1164764997.731323 9.946359e-02
1164764997.731445 6.608212e-02
1164764997.731567 4.077846e-02
1164764997.731689 -5.026557e-02
1164764997.731812 -1.005400e-01
1164764997.731934 -9.624880e-02
1164764997.732056 -7.177718e-02
1164764997.732178 2.908269e-02
1164764997.732300 3.657248e-02
1164764997.732422 4.363298e-02
1164764997.732544 1.416654e-02
1164764997.732666 -9.771231e-03
1164764997.732788 -1.226982e-02
1164764997.732910 -2.109546e-02
1164764997.733032 -7.522806e-03
1164764997.733154 1.949952e-02
1164764997.733276 3.490240e-02
1164764997.733398 2.921161e-02
1164764997.733521 3.305540e-02
1164764997.733643 1.426709e-02
1164764997.733765 2.589148e-02
1164764997.733887 -6.767983e-03
1164764997.734009 -3.928016e-02
1164764997.734131 -5.545182e-02
1164764997.734253 -9.149544e-02
1164764997.734375 -5.429653e-02
1164764997.734497 -6.574565e-02
1164764997.734619 1.452287e-02
1164764997.734741 7.080553e-02
1164764997.734863 1.038696e-01
