      0.000000 1.104854e-02
      2.000000 1.104854e-02
      4.000000 1.104854e-02
      6.000000 1.104854e-02
      8.000000 1.104854e-02
     10.000000 1.104854e-02
     12.000000 1.104854e-02
     14.000000 1.104854e-02
     16.000000 1.104854e-02
     18.000000 1.303337e-22
     20.000000 1.303337e-22
     22.000000 3.390566e-23
     24.000000 3.390566e-23
     26.000000 1.972552e-23
     28.000000 1.972552e-23
     30.000000 1.467677e-23
     32.000000 1.467677e-23
     34.000000 1.074065e-23
     36.000000 1.074065e-23
     38.000000 1.032962e-23
     40.000000 1.032962e-23
     42.000000 8.199148e-24
     44.000000 8.199148e-24
     46.000000 8.331681e-24
     48.000000 8.331681e-24
     50.000000 7.283760e-24
     52.000000 7.283760e-24
     54.000000 6.770151e-24
     56.000000 6.770151e-24
     58.000000 8.237578e-24
     60.000000 8.237578e-24
     62.000000 6.092495e-24
     64.000000 6.092495e-24
     66.000000 6.313533e-24
     68.000000 6.313533e-24
     70.000000 5.876150e-24
     72.000000 5.876150e-24
     74.000000 5.384257e-24
     76.000000 5.384257e-24
     78.000000 5.527482e-24
     80.000000 5.527482e-24
     82.000000 5.406611e-24
     84.000000 5.406611e-24
     86.000000 5.372300e-24
     88.000000 5.372300e-24
     90.000000 5.125971e-24
     92.000000 5.125971e-24
     94.000000 4.768466e-24
     96.000000 4.768466e-24
     98.000000 4.498852e-24
    100.000000 4.498852e-24
    102.000000 4.834343e-24
    104.000000 4.834343e-24
    106.000000 4.888650e-24
    108.000000 4.888650e-24
    110.000000 4.853661e-24
    112.000000 4.853661e-24
    114.000000 4.655723e-24
    116.000000 4.655723e-24
    118.000000 4.881943e-24
    120.000000 4.881943e-24
    122.000000 4.482199e-24
    124.000000 4.482199e-24
    126.000000 4.563143e-24
    128.000000 4.563143e-24
    130.000000 4.289707e-24
    132.000000 4.289707e-24
    134.000000 4.558237e-24
    136.000000 4.558237e-24
    138.000000 4.715442e-24
    140.000000 4.715442e-24
    142.000000 4.586530e-24
    144.000000 4.586530e-24
    146.000000 4.501813e-24
    148.000000 4.501813e-24
    150.000000 4.623701e-24
    152.000000 4.623701e-24
    154.000000 4.558457e-24
    156.000000 4.558457e-24
    158.000000 4.464523e-24
    160.000000 4.464523e-24
    162.000000 4.165275e-24
    164.000000 4.165275e-24
    166.000000 4.358854e-24
    168.000000 4.358854e-24
    170.000000 4.426952e-24
    172.000000 4.426952e-24
    174.000000 4.296697e-24
    176.000000 4.296697e-24
    178.000000 1.473119e-23
    180.000000 1.473119e-23
    182.000000 4.875407e-24
    184.000000 4.875407e-24
    186.000000 4.124275e-24
    188.000000 4.124275e-24
    190.000000 4.302894e-24
    192.000000 4.302894e-24
    194.000000 4.300545e-24
    196.000000 4.300545e-24
    198.000000 4.339403e-24
    200.000000 4.339403e-24
    202.000000 4.695494e-24
    204.000000 4.695494e-24
    206.000000 4.323974e-24
    208.000000 4.323974e-24
    210.000000 4.334260e-24
    212.000000 4.334260e-24
    214.000000 4.328305e-24
    216.000000 4.328305e-24
    218.000000 4.172243e-24
    220.000000 4.172243e-24
    222.000000 4.529706e-24
    224.000000 4.529706e-24
    226.000000 3.909127e-24
    228.000000 3.909127e-24
    230.000000 4.425995e-24
    232.000000 4.425995e-24
    234.000000 4.196493e-24
    236.000000 4.196493e-24
    238.000000 4.452184e-24
    240.000000 4.452184e-24
    242.000000 4.061429e-24
    244.000000 4.061429e-24
    246.000000 4.455979e-24
    248.000000 4.455979e-24
    250.000000 4.292934e-24
    252.000000 4.292934e-24
    254.000000 4.098479e-24
    256.000000 4.098479e-24
    258.000000 4.119808e-24
    260.000000 4.119808e-24
    262.000000 3.835508e-24
    264.000000 3.835508e-24
    266.000000 4.048981e-24
    268.000000 4.048981e-24
    270.000000 4.257084e-24
    272.000000 4.257084e-24
    274.000000 4.123166e-24
    276.000000 4.123166e-24
    278.000000 4.239635e-24
    280.000000 4.239635e-24
    282.000000 4.501698e-24
    284.000000 4.501698e-24
    286.000000 4.240703e-24
    288.000000 4.240703e-24
    290.000000 4.433358e-24
    292.000000 4.433358e-24
    294.000000 4.185046e-24
    296.000000 4.185046e-24
    298.000000 5.275112e-24
    300.000000 5.275112e-24
    302.000000 4.526812e-24
    304.000000 4.526812e-24
    306.000000 8.591188e-24
    308.000000 8.591188e-24
    310.000000 4.564767e-24
    312.000000 4.564767e-24
    314.000000 8.900347e-24
    316.000000 8.900347e-24
    318.000000 4.584846e-24
    320.000000 4.584846e-24
    322.000000 4.288791e-24
    324.000000 4.288791e-24
    326.000000 1.548975e-23
    328.000000 1.548975e-23
    330.000000 1.428977e-22
    332.000000 1.428977e-22
    334.000000 2.920110e-23
    336.000000 2.920110e-23
    338.000000 3.980881e-24
    340.000000 3.980881e-24
    342.000000 4.103987e-24
    344.000000 4.103987e-24
    346.000000 4.252429e-24
    348.000000 4.252429e-24
    350.000000 4.389913e-24
    352.000000 4.389913e-24
    354.000000 4.414552e-24
    356.000000 4.414552e-24
    358.000000 4.253081e-24
    360.000000 4.253081e-24
    362.000000 4.471702e-24
    364.000000 4.471702e-24
    366.000000 4.295056e-24
    368.000000 4.295056e-24
    370.000000 4.263088e-24
    372.000000 4.263088e-24
    374.000000 4.414076e-24
    376.000000 4.414076e-24
    378.000000 4.439912e-24
    380.000000 4.439912e-24
    382.000000 4.616874e-24
    384.000000 4.616874e-24
    386.000000 4.599695e-24
    388.000000 4.599695e-24
    390.000000 4.326918e-24
    392.000000 4.326918e-24
    394.000000 4.275586e-24
    396.000000 4.275586e-24
    398.000000 4.494674e-24
    400.000000 4.494674e-24
    402.000000 4.471100e-24
    404.000000 4.471100e-24
    406.000000 4.142995e-24
    408.000000 4.142995e-24
    410.000000 4.428205e-24
    412.000000 4.428205e-24
    414.000000 4.863488e-24
    416.000000 4.863488e-24
    418.000000 4.519589e-24
    420.000000 4.519589e-24
    422.000000 4.709755e-24
    424.000000 4.709755e-24
    426.000000 4.284401e-24
    428.000000 4.284401e-24
    430.000000 4.699750e-24
    432.000000 4.699750e-24
    434.000000 4.630390e-24
    436.000000 4.630390e-24
    438.000000 4.895029e-24
    440.000000 4.895029e-24
    442.000000 4.561255e-24
    444.000000 4.561255e-24
    446.000000 4.581259e-24
    448.000000 4.581259e-24
    450.000000 4.599590e-24
    452.000000 4.599590e-24
    454.000000 4.635851e-24
    456.000000 4.635851e-24
    458.000000 4.923159e-24
    460.000000 4.923159e-24
    462.000000 4.618104e-24
    464.000000 4.618104e-24
    466.000000 4.473025e-24
    468.000000 4.473025e-24
    470.000000 4.404151e-24
    472.000000 4.404151e-24
    474.000000 4.560096e-24
    476.000000 4.560096e-24
    478.000000 4.787078e-24
    480.000000 4.787078e-24
    482.000000 4.619082e-24
    484.000000 4.619082e-24
    486.000000 5.021593e-24
    488.000000 5.021593e-24
    490.000000 5.391993e-24
    492.000000 5.391993e-24
    494.000000 5.008474e-24
    496.000000 5.008474e-24
    498.000000 9.557689e-23
    500.000000 9.557689e-23
    502.000000 1.058516e-22
    504.000000 1.058516e-22
    506.000000 4.139409e-23
    508.000000 4.139409e-23
    510.000000 5.732576e-22
    512.000000 5.732576e-22
    514.000000 9.052221e-22
    516.000000 9.052221e-22
    518.000000 1.118734e-22
    520.000000 1.118734e-22
    522.000000 4.911635e-24
    524.000000 4.911635e-24
    526.000000 5.091709e-24
    528.000000 5.091709e-24
    530.000000 5.344907e-24
    532.000000 5.344907e-24
    534.000000 5.168023e-24
    536.000000 5.168023e-24
    538.000000 4.872361e-24
    540.000000 4.872361e-24
    542.000000 5.471988e-24
    544.000000 5.471988e-24
    546.000000 4.872756e-24
    548.000000 4.872756e-24
    550.000000 5.167842e-24
    552.000000 5.167842e-24
    554.000000 4.858109e-24
    556.000000 4.858109e-24
    558.000000 4.774918e-24
    560.000000 4.774918e-24
    562.000000 5.309578e-24
    564.000000 5.309578e-24
    566.000000 5.303155e-24
    568.000000 5.303155e-24
    570.000000 5.121005e-24
    572.000000 5.121005e-24
    574.000000 5.343019e-24
    576.000000 5.343019e-24
    578.000000 4.757615e-24
    580.000000 4.757615e-24
    582.000000 5.713357e-24
    584.000000 5.713357e-24
    586.000000 4.968751e-24
    588.000000 4.968751e-24
    590.000000 5.122516e-24
    592.000000 5.122516e-24
    594.000000 5.401092e-24
    596.000000 5.401092e-24
    598.000000 5.722907e-24
    600.000000 5.722907e-24
    602.000000 5.468815e-24
    604.000000 5.468815e-24
    606.000000 5.156056e-24
    608.000000 5.156056e-24
    610.000000 5.277073e-24
    612.000000 5.277073e-24
    614.000000 6.190948e-24
    616.000000 6.190948e-24
    618.000000 5.512944e-24
    620.000000 5.512944e-24
    622.000000 4.921988e-24
    624.000000 4.921988e-24
    626.000000 5.936304e-24
    628.000000 5.936304e-24
    630.000000 6.303004e-24
    632.000000 6.303004e-24
    634.000000 5.580728e-24
    636.000000 5.580728e-24
    638.000000 5.637122e-24
    640.000000 5.637122e-24
    642.000000 5.690720e-24
    644.000000 5.690720e-24
    646.000000 5.364281e-24
    648.000000 5.364281e-24
    650.000000 5.554870e-24
    652.000000 5.554870e-24
    654.000000 5.536083e-24
    656.000000 5.536083e-24
    658.000000 5.784439e-24
    660.000000 5.784439e-24
    662.000000 5.775207e-24
    664.000000 5.775207e-24
    666.000000 5.807593e-24
    668.000000 5.807593e-24
    670.000000 5.520959e-24
    672.000000 5.520959e-24
    674.000000 5.360926e-24
    676.000000 5.360926e-24
    678.000000 5.419055e-24
    680.000000 5.419055e-24
    682.000000 5.599709e-24
    684.000000 5.599709e-24
    686.000000 5.731386e-24
    688.000000 5.731386e-24
    690.000000 5.425516e-24
    692.000000 5.425516e-24
    694.000000 6.478668e-24
    696.000000 6.478668e-24
    698.000000 5.759219e-24
    700.000000 5.759219e-24
    702.000000 5.580567e-24
    704.000000 5.580567e-24
    706.000000 5.882481e-24
    708.000000 5.882481e-24
    710.000000 5.947612e-24
    712.000000 5.947612e-24
    714.000000 5.756637e-24
    716.000000 5.756637e-24
    718.000000 5.936897e-24
    720.000000 5.936897e-24
    722.000000 5.559312e-24
    724.000000 5.559312e-24
    726.000000 5.977032e-24
    728.000000 5.977032e-24
    730.000000 6.025908e-24
    732.000000 6.025908e-24
    734.000000 6.194751e-24
    736.000000 6.194751e-24
    738.000000 5.937816e-24
    740.000000 5.937816e-24
    742.000000 5.231148e-24
    744.000000 5.231148e-24
    746.000000 5.717584e-24
    748.000000 5.717584e-24
    750.000000 5.510602e-24
    752.000000 5.510602e-24
    754.000000 5.552655e-24
    756.000000 5.552655e-24
    758.000000 6.173016e-24
    760.000000 6.173016e-24
    762.000000 5.792658e-24
    764.000000 5.792658e-24
    766.000000 6.058256e-24
    768.000000 6.058256e-24
    770.000000 5.973421e-24
    772.000000 5.973421e-24
    774.000000 5.746837e-24
    776.000000 5.746837e-24
    778.000000 6.354621e-24
    780.000000 6.354621e-24
    782.000000 6.401449e-24
    784.000000 6.401449e-24
    786.000000 6.281225e-24
    788.000000 6.281225e-24
    790.000000 6.063803e-24
    792.000000 6.063803e-24
    794.000000 6.084658e-24
    796.000000 6.084658e-24
    798.000000 5.890935e-24
    800.000000 5.890935e-24
    802.000000 6.501844e-24
    804.000000 6.501844e-24
    806.000000 6.411089e-24
    808.000000 6.411089e-24
    810.000000 6.320846e-24
    812.000000 6.320846e-24
    814.000000 6.226467e-24
    816.000000 6.226467e-24
    818.000000 6.096733e-24
    820.000000 6.096733e-24
    822.000000 5.969614e-24
    824.000000 5.969614e-24
    826.000000 6.492882e-24
    828.000000 6.492882e-24
    830.000000 6.712555e-24
    832.000000 6.712555e-24
    834.000000 6.584940e-24
    836.000000 6.584940e-24
    838.000000 7.105876e-24
    840.000000 7.105876e-24
    842.000000 6.439532e-24
    844.000000 6.439532e-24
    846.000000 6.525967e-24
    848.000000 6.525967e-24
    850.000000 6.370683e-24
    852.000000 6.370683e-24
    854.000000 6.486414e-24
    856.000000 6.486414e-24
    858.000000 6.599489e-24
    860.000000 6.599489e-24
    862.000000 6.835497e-24
    864.000000 6.835497e-24
    866.000000 6.623833e-24
    868.000000 6.623833e-24
    870.000000 6.556373e-24
    872.000000 6.556373e-24
    874.000000 6.569988e-24
    876.000000 6.569988e-24
    878.000000 6.856966e-24
    880.000000 6.856966e-24
    882.000000 6.776792e-24
    884.000000 6.776792e-24
    886.000000 6.462086e-24
    888.000000 6.462086e-24
    890.000000 6.597549e-24
    892.000000 6.597549e-24
    894.000000 7.005643e-24
    896.000000 7.005643e-24
    898.000000 6.916549e-24
    900.000000 6.916549e-24
    902.000000 6.547930e-24
    904.000000 6.547930e-24
    906.000000 6.539057e-24
    908.000000 6.539057e-24
    910.000000 6.354097e-24
    912.000000 6.354097e-24
    914.000000 7.084249e-24
    916.000000 7.084249e-24
    918.000000 7.523517e-24
    920.000000 7.523517e-24
    922.000000 7.075361e-24
    924.000000 7.075361e-24
    926.000000 7.382747e-24
    928.000000 7.382747e-24
    930.000000 7.044486e-24
    932.000000 7.044486e-24
    934.000000 7.178072e-24
    936.000000 7.178072e-24
    938.000000 7.072472e-24
    940.000000 7.072472e-24
    942.000000 6.816555e-24
    944.000000 6.816555e-24
    946.000000 6.960279e-24
    948.000000 6.960279e-24
    950.000000 6.991130e-24
    952.000000 6.991130e-24
    954.000000 7.001992e-24
    956.000000 7.001992e-24
    958.000000 7.413399e-24
    960.000000 7.413399e-24
    962.000000 6.834158e-24
    964.000000 6.834158e-24
    966.000000 7.076789e-24
    968.000000 7.076789e-24
    970.000000 6.723115e-24
    972.000000 6.723115e-24
    974.000000 7.464201e-24
    976.000000 7.464201e-24
    978.000000 6.820709e-24
    980.000000 6.820709e-24
    982.000000 7.345297e-24
    984.000000 7.345297e-24
    986.000000 8.099890e-24
    988.000000 8.099890e-24
    990.000000 9.139008e-24
    992.000000 9.139008e-24
    994.000000 8.030846e-24
    996.000000 8.030846e-24
    998.000000 7.616017e-24
   1000.000000 7.616017e-24
   1002.000000 8.211284e-24
   1004.000000 8.211284e-24
   1006.000000 7.758232e-24
   1008.000000 7.758232e-24
   1010.000000 3.599931e-23
   1012.000000 3.599931e-23
   1014.000000 9.026107e-23
   1016.000000 9.026107e-23
   1018.000000 8.037628e-23
   1020.000000 8.037628e-23
   1022.000000 2.500213e-23
   1024.000000 2.500213e-23
   1026.000000 1.216326e-23
   1028.000000 1.216326e-23
   1030.000000 8.960716e-24
   1032.000000 8.960716e-24
   1034.000000 8.059867e-24
   1036.000000 8.059867e-24
   1038.000000 7.569889e-24
   1040.000000 7.569889e-24
   1042.000000 7.734042e-24
   1044.000000 7.734042e-24
   1046.000000 7.792041e-24
   1048.000000 7.792041e-24
   1050.000000 7.258311e-24
   1052.000000 7.258311e-24
   1054.000000 7.574081e-24
   1056.000000 7.574081e-24
   1058.000000 7.266430e-24
   1060.000000 7.266430e-24
   1062.000000 7.416350e-24
   1064.000000 7.416350e-24
   1066.000000 7.182627e-24
   1068.000000 7.182627e-24
   1070.000000 7.235137e-24
   1072.000000 7.235137e-24
   1074.000000 7.712743e-24
   1076.000000 7.712743e-24
   1078.000000 7.744223e-24
   1080.000000 7.744223e-24
   1082.000000 1.304601e-23
   1084.000000 1.304601e-23
   1086.000000 2.505614e-23
   1088.000000 2.505614e-23
   1090.000000 1.796099e-23
   1092.000000 1.796099e-23
   1094.000000 9.028418e-24
   1096.000000 9.028418e-24
   1098.000000 8.013175e-24
   1100.000000 8.013175e-24
   1102.000000 7.419375e-24
   1104.000000 7.419375e-24
   1106.000000 7.495428e-24
   1108.000000 7.495428e-24
   1110.000000 7.994505e-24
   1112.000000 7.994505e-24
   1114.000000 7.466862e-24
   1116.000000 7.466862e-24
   1118.000000 8.077160e-24
   1120.000000 8.077160e-24
   1122.000000 8.034307e-24
   1124.000000 8.034307e-24
   1126.000000 8.914782e-24
   1128.000000 8.914782e-24
   1130.000000 8.534930e-24
   1132.000000 8.534930e-24
   1134.000000 7.762851e-24
   1136.000000 7.762851e-24
   1138.000000 8.124171e-24
   1140.000000 8.124171e-24
   1142.000000 8.368363e-24
   1144.000000 8.368363e-24
   1146.000000 8.519196e-24
   1148.000000 8.519196e-24
   1150.000000 8.126888e-24
   1152.000000 8.126888e-24
   1154.000000 8.061435e-24
   1156.000000 8.061435e-24
   1158.000000 8.044033e-24
   1160.000000 8.044033e-24
   1162.000000 8.819817e-24
   1164.000000 8.819817e-24
   1166.000000 8.986982e-24
   1168.000000 8.986982e-24
   1170.000000 8.545358e-24
   1172.000000 8.545358e-24
   1174.000000 8.052201e-24
   1176.000000 8.052201e-24
   1178.000000 8.259449e-24
   1180.000000 8.259449e-24
   1182.000000 8.667101e-24
   1184.000000 8.667101e-24
   1186.000000 8.869000e-24
   1188.000000 8.869000e-24
   1190.000000 8.400839e-24
   1192.000000 8.400839e-24
   1194.000000 8.430797e-24
   1196.000000 8.430797e-24
   1198.000000 8.207523e-24
   1200.000000 8.207523e-24
   1202.000000 8.105870e-24
   1204.000000 8.105870e-24
   1206.000000 9.048028e-24
   1208.000000 9.048028e-24
   1210.000000 8.570586e-24
   1212.000000 8.570586e-24
   1214.000000 8.619474e-24
   1216.000000 8.619474e-24
   1218.000000 8.911372e-24
   1220.000000 8.911372e-24
   1222.000000 8.267551e-24
   1224.000000 8.267551e-24
   1226.000000 8.414284e-24
   1228.000000 8.414284e-24
   1230.000000 8.511502e-24
   1232.000000 8.511502e-24
   1234.000000 8.848222e-24
   1236.000000 8.848222e-24
   1238.000000 9.131855e-24
   1240.000000 9.131855e-24
   1242.000000 9.325180e-24
   1244.000000 9.325180e-24
   1246.000000 9.052575e-24
   1248.000000 9.052575e-24
   1250.000000 9.266783e-24
   1252.000000 9.266783e-24
   1254.000000 9.438495e-24
   1256.000000 9.438495e-24
   1258.000000 9.005339e-24
   1260.000000 9.005339e-24
   1262.000000 9.225016e-24
   1264.000000 9.225016e-24
   1266.000000 8.809751e-24
   1268.000000 8.809751e-24
   1270.000000 8.532344e-24
   1272.000000 8.532344e-24
   1274.000000 8.663124e-24
   1276.000000 8.663124e-24
   1278.000000 9.512077e-24
   1280.000000 9.512077e-24
   1282.000000 9.334446e-24
   1284.000000 9.334446e-24
   1286.000000 9.196711e-24
   1288.000000 9.196711e-24
   1290.000000 8.991685e-24
   1292.000000 8.991685e-24
   1294.000000 8.709213e-24
   1296.000000 8.709213e-24
   1298.000000 9.239902e-24
   1300.000000 9.239902e-24
   1302.000000 9.350838e-24
   1304.000000 9.350838e-24
   1306.000000 9.325827e-24
   1308.000000 9.325827e-24
   1310.000000 1.013402e-23
   1312.000000 1.013402e-23
   1314.000000 9.341785e-24
   1316.000000 9.341785e-24
   1318.000000 9.352459e-24
   1320.000000 9.352459e-24
   1322.000000 8.885637e-24
   1324.000000 8.885637e-24
   1326.000000 8.795470e-24
   1328.000000 8.795470e-24
   1330.000000 9.011793e-24
   1332.000000 9.011793e-24
   1334.000000 9.285999e-24
   1336.000000 9.285999e-24
   1338.000000 9.257371e-24
   1340.000000 9.257371e-24
   1342.000000 9.266784e-24
   1344.000000 9.266784e-24
   1346.000000 9.098048e-24
   1348.000000 9.098048e-24
   1350.000000 9.961299e-24
   1352.000000 9.961299e-24
   1354.000000 9.631133e-24
   1356.000000 9.631133e-24
   1358.000000 1.037541e-23
   1360.000000 1.037541e-23
   1362.000000 9.956547e-24
   1364.000000 9.956547e-24
   1366.000000 9.694071e-24
   1368.000000 9.694071e-24
   1370.000000 9.728185e-24
   1372.000000 9.728185e-24
   1374.000000 9.316106e-24
   1376.000000 9.316106e-24
   1378.000000 9.241467e-24
   1380.000000 9.241467e-24
   1382.000000 9.685788e-24
   1384.000000 9.685788e-24
   1386.000000 9.730310e-24
   1388.000000 9.730310e-24
   1390.000000 9.937613e-24
   1392.000000 9.937613e-24
   1394.000000 9.795827e-24
   1396.000000 9.795827e-24
   1398.000000 9.497966e-24
   1400.000000 9.497966e-24
   1402.000000 1.039221e-23
   1404.000000 1.039221e-23
   1406.000000 9.112581e-24
   1408.000000 9.112581e-24
   1410.000000 9.634839e-24
   1412.000000 9.634839e-24
   1414.000000 1.056505e-23
   1416.000000 1.056505e-23
   1418.000000 1.007350e-23
   1420.000000 1.007350e-23
   1422.000000 9.202898e-24
   1424.000000 9.202898e-24
   1426.000000 9.153148e-24
   1428.000000 9.153148e-24
   1430.000000 9.949530e-24
   1432.000000 9.949530e-24
   1434.000000 9.738044e-24
   1436.000000 9.738044e-24
   1438.000000 1.008720e-23
   1440.000000 1.008720e-23
   1442.000000 9.719886e-24
   1444.000000 9.719886e-24
   1446.000000 9.638571e-24
   1448.000000 9.638571e-24
   1450.000000 9.639217e-24
   1452.000000 9.639217e-24
   1454.000000 1.944273e-23
   1456.000000 1.944273e-23
   1458.000000 1.669672e-22
   1460.000000 1.669672e-22
   1462.000000 3.666944e-22
   1464.000000 3.666944e-22
   1466.000000 4.511783e-22
   1468.000000 4.511783e-22
   1470.000000 4.377032e-22
   1472.000000 4.377032e-22
   1474.000000 3.729051e-22
   1476.000000 3.729051e-22
   1478.000000 1.982178e-22
   1480.000000 1.982178e-22
   1482.000000 5.651159e-23
   1484.000000 5.651159e-23
   1486.000000 3.092619e-23
   1488.000000 3.092619e-23
   1490.000000 5.416033e-23
   1492.000000 5.416033e-23
   1494.000000 1.749689e-22
   1496.000000 1.749689e-22
   1498.000000 4.029998e-22
   1500.000000 4.029998e-22
   1502.000000 7.422097e-22
   1504.000000 7.422097e-22
   1506.000000 1.282560e-21
   1508.000000 1.282560e-21
   1510.000000 1.754428e-21
   1512.000000 1.754428e-21
   1514.000000 1.249463e-21
   1516.000000 1.249463e-21
   1518.000000 4.297346e-22
   1520.000000 4.297346e-22
   1522.000000 1.185838e-23
   1524.000000 1.185838e-23
   1526.000000 1.084270e-23
   1528.000000 1.084270e-23
   1530.000000 1.100483e-23
   1532.000000 1.100483e-23
   1534.000000 1.020887e-23
   1536.000000 1.020887e-23
   1538.000000 1.096924e-23
   1540.000000 1.096924e-23
   1542.000000 1.019737e-23
   1544.000000 1.019737e-23
   1546.000000 1.014466e-23
   1548.000000 1.014466e-23
   1550.000000 1.107144e-23
   1552.000000 1.107144e-23
   1554.000000 1.088220e-23
   1556.000000 1.088220e-23
   1558.000000 1.102012e-23
   1560.000000 1.102012e-23
   1562.000000 1.081038e-23
   1564.000000 1.081038e-23
   1566.000000 1.041348e-23
   1568.000000 1.041348e-23
   1570.000000 1.134528e-23
   1572.000000 1.134528e-23
   1574.000000 1.079062e-23
   1576.000000 1.079062e-23
   1578.000000 1.148557e-23
   1580.000000 1.148557e-23
   1582.000000 1.117102e-23
   1584.000000 1.117102e-23
   1586.000000 1.127789e-23
   1588.000000 1.127789e-23
   1590.000000 1.151287e-23
   1592.000000 1.151287e-23
   1594.000000 1.191204e-23
   1596.000000 1.191204e-23
   1598.000000 1.216506e-23
   1600.000000 1.216506e-23
   1602.000000 1.055137e-23
   1604.000000 1.055137e-23
   1606.000000 1.043621e-23
   1608.000000 1.043621e-23
   1610.000000 1.056749e-23
   1612.000000 1.056749e-23
   1614.000000 1.122500e-23
   1616.000000 1.122500e-23
   1618.000000 1.083595e-23
   1620.000000 1.083595e-23
   1622.000000 1.133313e-23
   1624.000000 1.133313e-23
   1626.000000 1.180596e-23
   1628.000000 1.180596e-23
   1630.000000 1.165799e-23
   1632.000000 1.165799e-23
   1634.000000 1.047113e-23
   1636.000000 1.047113e-23
   1638.000000 1.119935e-23
   1640.000000 1.119935e-23
   1642.000000 1.159908e-23
   1644.000000 1.159908e-23
   1646.000000 1.099509e-23
   1648.000000 1.099509e-23
   1650.000000 1.138053e-23
   1652.000000 1.138053e-23
   1654.000000 1.146265e-23
   1656.000000 1.146265e-23
   1658.000000 1.166775e-23
   1660.000000 1.166775e-23
   1662.000000 1.148593e-23
   1664.000000 1.148593e-23
   1666.000000 1.122978e-23
   1668.000000 1.122978e-23
   1670.000000 1.198114e-23
   1672.000000 1.198114e-23
   1674.000000 1.131768e-23
   1676.000000 1.131768e-23
   1678.000000 1.123703e-23
   1680.000000 1.123703e-23
   1682.000000 1.095440e-23
   1684.000000 1.095440e-23
   1686.000000 1.163331e-23
   1688.000000 1.163331e-23
   1690.000000 1.057564e-23
   1692.000000 1.057564e-23
   1694.000000 1.173646e-23
   1696.000000 1.173646e-23
   1698.000000 1.194799e-23
   1700.000000 1.194799e-23
   1702.000000 1.194249e-23
   1704.000000 1.194249e-23
   1706.000000 1.160298e-23
   1708.000000 1.160298e-23
   1710.000000 1.161988e-23
   1712.000000 1.161988e-23
   1714.000000 1.100009e-23
   1716.000000 1.100009e-23
   1718.000000 1.193617e-23
   1720.000000 1.193617e-23
   1722.000000 1.146611e-23
   1724.000000 1.146611e-23
   1726.000000 1.131989e-23
   1728.000000 1.131989e-23
   1730.000000 1.198767e-23
   1732.000000 1.198767e-23
   1734.000000 1.219479e-23
   1736.000000 1.219479e-23
   1738.000000 1.160629e-23
   1740.000000 1.160629e-23
   1742.000000 1.199991e-23
   1744.000000 1.199991e-23
   1746.000000 1.200547e-23
   1748.000000 1.200547e-23
   1750.000000 1.171389e-23
   1752.000000 1.171389e-23
   1754.000000 1.192927e-23
   1756.000000 1.192927e-23
   1758.000000 1.187377e-23
   1760.000000 1.187377e-23
   1762.000000 1.180757e-23
   1764.000000 1.180757e-23
   1766.000000 1.264288e-23
   1768.000000 1.264288e-23
   1770.000000 1.169829e-23
   1772.000000 1.169829e-23
   1774.000000 1.299643e-23
   1776.000000 1.299643e-23
   1778.000000 1.177717e-23
   1780.000000 1.177717e-23
   1782.000000 1.181603e-23
   1784.000000 1.181603e-23
   1786.000000 1.148060e-23
   1788.000000 1.148060e-23
   1790.000000 1.170624e-23
   1792.000000 1.170624e-23
   1794.000000 1.197385e-23
   1796.000000 1.197385e-23
   1798.000000 1.229092e-23
   1800.000000 1.229092e-23
   1802.000000 1.267755e-23
   1804.000000 1.267755e-23
   1806.000000 1.323553e-23
   1808.000000 1.323553e-23
   1810.000000 1.221868e-23
   1812.000000 1.221868e-23
   1814.000000 1.232884e-23
   1816.000000 1.232884e-23
   1818.000000 1.226371e-23
   1820.000000 1.226371e-23
   1822.000000 1.264645e-23
   1824.000000 1.264645e-23
   1826.000000 1.222980e-23
   1828.000000 1.222980e-23
   1830.000000 1.236208e-23
   1832.000000 1.236208e-23
   1834.000000 1.302092e-23
   1836.000000 1.302092e-23
   1838.000000 1.326923e-23
   1840.000000 1.326923e-23
   1842.000000 1.309955e-23
   1844.000000 1.309955e-23
   1846.000000 1.269101e-23
   1848.000000 1.269101e-23
   1850.000000 1.202208e-23
   1852.000000 1.202208e-23
   1854.000000 1.236212e-23
   1856.000000 1.236212e-23
   1858.000000 1.269296e-23
   1860.000000 1.269296e-23
   1862.000000 1.391472e-23
   1864.000000 1.391472e-23
   1866.000000 1.267017e-23
   1868.000000 1.267017e-23
   1870.000000 1.337270e-23
   1872.000000 1.337270e-23
   1874.000000 1.328350e-23
   1876.000000 1.328350e-23
   1878.000000 1.246290e-23
   1880.000000 1.246290e-23
   1882.000000 1.203430e-23
   1884.000000 1.203430e-23
   1886.000000 1.346698e-23
   1888.000000 1.346698e-23
   1890.000000 1.269700e-23
   1892.000000 1.269700e-23
   1894.000000 1.341654e-23
   1896.000000 1.341654e-23
   1898.000000 1.319694e-23
   1900.000000 1.319694e-23
   1902.000000 1.228840e-23
   1904.000000 1.228840e-23
   1906.000000 1.221085e-23
   1908.000000 1.221085e-23
   1910.000000 1.280675e-23
   1912.000000 1.280675e-23
   1914.000000 1.593435e-23
   1916.000000 1.593435e-23
   1918.000000 2.398071e-23
   1920.000000 2.398071e-23
   1922.000000 3.075090e-23
   1924.000000 3.075090e-23
   1926.000000 2.959896e-23
   1928.000000 2.959896e-23
   1930.000000 2.334029e-23
   1932.000000 2.334029e-23
   1934.000000 1.581386e-23
   1936.000000 1.581386e-23
   1938.000000 1.483900e-23
   1940.000000 1.483900e-23
   1942.000000 1.756852e-23
   1944.000000 1.756852e-23
   1946.000000 2.059577e-23
   1948.000000 2.059577e-23
   1950.000000 2.056615e-23
   1952.000000 2.056615e-23
   1954.000000 1.887046e-23
   1956.000000 1.887046e-23
   1958.000000 2.029208e-23
   1960.000000 2.029208e-23
   1962.000000 5.212784e-23
   1964.000000 5.212784e-23
   1966.000000 1.028836e-22
   1968.000000 1.028836e-22
   1970.000000 1.505583e-22
   1972.000000 1.505583e-22
   1974.000000 2.046857e-22
   1976.000000 2.046857e-22
   1978.000000 2.456197e-22
   1980.000000 2.456197e-22
   1982.000000 2.776878e-22
   1984.000000 2.776878e-22
   1986.000000 2.651014e-22
   1988.000000 2.651014e-22
   1990.000000 2.408054e-22
   1992.000000 2.408054e-22
   1994.000000 1.935000e-22
   1996.000000 1.935000e-22
   1998.000000 1.627544e-22
   2000.000000 1.627544e-22
   2002.000000 1.076818e-22
   2004.000000 1.076818e-22
   2006.000000 5.393619e-23
   2008.000000 5.393619e-23
   2010.000000 1.539532e-23
   2012.000000 1.539532e-23
   2014.000000 1.367041e-23
   2016.000000 1.367041e-23
   2018.000000 1.356405e-23
   2020.000000 1.356405e-23
   2022.000000 1.357704e-23
   2024.000000 1.357704e-23
   2026.000000 1.367224e-23
   2028.000000 1.367224e-23
   2030.000000 1.404110e-23
   2032.000000 1.404110e-23
   2034.000000 1.413763e-23
   2036.000000 1.413763e-23
   2038.000000 1.273864e-23
   2040.000000 1.273864e-23
   2042.000000 1.289815e-23
   2044.000000 1.289815e-23
   2046.000000 1.455662e-23
   2048.000000 1.455662e-23
   2050.000000 1.389026e-23
   2052.000000 1.389026e-23
   2054.000000 1.449434e-23
   2056.000000 1.449434e-23
   2058.000000 1.422512e-23
   2060.000000 1.422512e-23
   2062.000000 1.465710e-23
   2064.000000 1.465710e-23
   2066.000000 1.408507e-23
   2068.000000 1.408507e-23
   2070.000000 1.289183e-23
   2072.000000 1.289183e-23
   2074.000000 1.394943e-23
   2076.000000 1.394943e-23
   2078.000000 1.442996e-23
   2080.000000 1.442996e-23
   2082.000000 1.515884e-23
   2084.000000 1.515884e-23
   2086.000000 1.505603e-23
   2088.000000 1.505603e-23
   2090.000000 1.447623e-23
   2092.000000 1.447623e-23
   2094.000000 1.407343e-23
   2096.000000 1.407343e-23
   2098.000000 1.397588e-23
   2100.000000 1.397588e-23
   2102.000000 1.497738e-23
   2104.000000 1.497738e-23
   2106.000000 1.369917e-23
   2108.000000 1.369917e-23
   2110.000000 1.381167e-23
   2112.000000 1.381167e-23
   2114.000000 1.272558e-23
   2116.000000 1.272558e-23
   2118.000000 1.373933e-23
   2120.000000 1.373933e-23
   2122.000000 1.510000e-23
   2124.000000 1.510000e-23
   2126.000000 1.501217e-23
   2128.000000 1.501217e-23
   2130.000000 1.478971e-23
   2132.000000 1.478971e-23
   2134.000000 1.424083e-23
   2136.000000 1.424083e-23
   2138.000000 1.372959e-23
   2140.000000 1.372959e-23
   2142.000000 1.440100e-23
   2144.000000 1.440100e-23
   2146.000000 1.438422e-23
   2148.000000 1.438422e-23
   2150.000000 1.440593e-23
   2152.000000 1.440593e-23
   2154.000000 1.422428e-23
   2156.000000 1.422428e-23
   2158.000000 1.499999e-23
   2160.000000 1.499999e-23
   2162.000000 1.472883e-23
   2164.000000 1.472883e-23
   2166.000000 1.478755e-23
   2168.000000 1.478755e-23
   2170.000000 1.502493e-23
   2172.000000 1.502493e-23
   2174.000000 1.412465e-23
   2176.000000 1.412465e-23
   2178.000000 1.495210e-23
   2180.000000 1.495210e-23
   2182.000000 1.444243e-23
   2184.000000 1.444243e-23
   2186.000000 1.465021e-23
   2188.000000 1.465021e-23
   2190.000000 1.411612e-23
   2192.000000 1.411612e-23
   2194.000000 1.548386e-23
   2196.000000 1.548386e-23
   2198.000000 1.516329e-23
   2200.000000 1.516329e-23
   2202.000000 1.481271e-23
   2204.000000 1.481271e-23
   2206.000000 1.481088e-23
   2208.000000 1.481088e-23
   2210.000000 1.566814e-23
   2212.000000 1.566814e-23
   2214.000000 1.459708e-23
   2216.000000 1.459708e-23
   2218.000000 1.557656e-23
   2220.000000 1.557656e-23
   2222.000000 3.105011e-23
   2224.000000 3.105011e-23
   2226.000000 4.731261e-23
   2228.000000 4.731261e-23
   2230.000000 6.994728e-23
   2232.000000 6.994728e-23
   2234.000000 7.367669e-23
   2236.000000 7.367669e-23
   2238.000000 5.326048e-23
   2240.000000 5.326048e-23
   2242.000000 3.673354e-23
   2244.000000 3.673354e-23
   2246.000000 2.138743e-23
   2248.000000 2.138743e-23
   2250.000000 2.722335e-23
   2252.000000 2.722335e-23
   2254.000000 4.688422e-23
   2256.000000 4.688422e-23
   2258.000000 5.753332e-23
   2260.000000 5.753332e-23
   2262.000000 6.492765e-23
   2264.000000 6.492765e-23
   2266.000000 5.043416e-23
   2268.000000 5.043416e-23
   2270.000000 3.635054e-23
   2272.000000 3.635054e-23
   2274.000000 2.503618e-23
   2276.000000 2.503618e-23
   2278.000000 2.096802e-23
   2280.000000 2.096802e-23
   2282.000000 2.001921e-23
   2284.000000 2.001921e-23
   2286.000000 1.779323e-23
   2288.000000 1.779323e-23
   2290.000000 1.764880e-23
   2292.000000 1.764880e-23
   2294.000000 1.931849e-23
   2296.000000 1.931849e-23
   2298.000000 2.352271e-23
   2300.000000 2.352271e-23
   2302.000000 2.507088e-23
   2304.000000 2.507088e-23
   2306.000000 2.387718e-23
   2308.000000 2.387718e-23
   2310.000000 2.159449e-23
   2312.000000 2.159449e-23
   2314.000000 1.935725e-23
   2316.000000 1.935725e-23
   2318.000000 1.696217e-23
   2320.000000 1.696217e-23
   2322.000000 1.824247e-23
   2324.000000 1.824247e-23
   2326.000000 1.760968e-23
   2328.000000 1.760968e-23
   2330.000000 2.020667e-23
   2332.000000 2.020667e-23
   2334.000000 1.822198e-23
   2336.000000 1.822198e-23
   2338.000000 1.962205e-23
   2340.000000 1.962205e-23
   2342.000000 2.105056e-23
   2344.000000 2.105056e-23
   2346.000000 2.357116e-23
   2348.000000 2.357116e-23
   2350.000000 2.862906e-23
   2352.000000 2.862906e-23
   2354.000000 3.796338e-23
   2356.000000 3.796338e-23
   2358.000000 4.383054e-23
   2360.000000 4.383054e-23
   2362.000000 4.616425e-23
   2364.000000 4.616425e-23
   2366.000000 4.905583e-23
   2368.000000 4.905583e-23
   2370.000000 5.426787e-23
   2372.000000 5.426787e-23
   2374.000000 5.685932e-23
   2376.000000 5.685932e-23
   2378.000000 4.855233e-23
   2380.000000 4.855233e-23
   2382.000000 4.257093e-23
   2384.000000 4.257093e-23
   2386.000000 3.554243e-23
   2388.000000 3.554243e-23
   2390.000000 2.684234e-23
   2392.000000 2.684234e-23
   2394.000000 2.859112e-23
   2396.000000 2.859112e-23
   2398.000000 2.635465e-23
   2400.000000 2.635465e-23
   2402.000000 2.895226e-23
   2404.000000 2.895226e-23
   2406.000000 2.943784e-23
   2408.000000 2.943784e-23
   2410.000000 2.666739e-23
   2412.000000 2.666739e-23
   2414.000000 2.338062e-23
   2416.000000 2.338062e-23
   2418.000000 2.029050e-23
   2420.000000 2.029050e-23
   2422.000000 2.240237e-23
   2424.000000 2.240237e-23
   2426.000000 2.733569e-23
   2428.000000 2.733569e-23
   2430.000000 3.052934e-23
   2432.000000 3.052934e-23
   2434.000000 3.607933e-23
   2436.000000 3.607933e-23
   2438.000000 4.646414e-23
   2440.000000 4.646414e-23
   2442.000000 5.814528e-23
   2444.000000 5.814528e-23
   2446.000000 6.816806e-23
   2448.000000 6.816806e-23
   2450.000000 7.976820e-23
   2452.000000 7.976820e-23
   2454.000000 7.862472e-23
   2456.000000 7.862472e-23
   2458.000000 7.192452e-23
   2460.000000 7.192452e-23
   2462.000000 6.617025e-23
   2464.000000 6.617025e-23
   2466.000000 5.833287e-23
   2468.000000 5.833287e-23
   2470.000000 4.804153e-23
   2472.000000 4.804153e-23
   2474.000000 3.782555e-23
   2476.000000 3.782555e-23
   2478.000000 2.531393e-23
   2480.000000 2.531393e-23
   2482.000000 1.663454e-23
   2484.000000 1.663454e-23
   2486.000000 1.689733e-23
   2488.000000 1.689733e-23
   2490.000000 1.652461e-23
   2492.000000 1.652461e-23
   2494.000000 1.601542e-23
   2496.000000 1.601542e-23
   2498.000000 1.586833e-23
   2500.000000 1.586833e-23
   2502.000000 1.745317e-23
   2504.000000 1.745317e-23
   2506.000000 1.616130e-23
   2508.000000 1.616130e-23
   2510.000000 1.653692e-23
   2512.000000 1.653692e-23
   2514.000000 1.690724e-23
   2516.000000 1.690724e-23
   2518.000000 1.676518e-23
   2520.000000 1.676518e-23
   2522.000000 1.641023e-23
   2524.000000 1.641023e-23
   2526.000000 1.758432e-23
   2528.000000 1.758432e-23
   2530.000000 1.678980e-23
   2532.000000 1.678980e-23
   2534.000000 1.752526e-23
   2536.000000 1.752526e-23
   2538.000000 1.684807e-23
   2540.000000 1.684807e-23
   2542.000000 1.601544e-23
   2544.000000 1.601544e-23
   2546.000000 1.636769e-23
   2548.000000 1.636769e-23
   2550.000000 1.670132e-23
   2552.000000 1.670132e-23
   2554.000000 1.782454e-23
   2556.000000 1.782454e-23
   2558.000000 1.759235e-23
   2560.000000 1.759235e-23
   2562.000000 1.673295e-23
   2564.000000 1.673295e-23
   2566.000000 1.746830e-23
   2568.000000 1.746830e-23
   2570.000000 1.741927e-23
   2572.000000 1.741927e-23
   2574.000000 1.689780e-23
   2576.000000 1.689780e-23
   2578.000000 1.653544e-23
   2580.000000 1.653544e-23
   2582.000000 1.737731e-23
   2584.000000 1.737731e-23
   2586.000000 1.754237e-23
   2588.000000 1.754237e-23
   2590.000000 1.773199e-23
   2592.000000 1.773199e-23
   2594.000000 1.588319e-23
   2596.000000 1.588319e-23
   2598.000000 1.695469e-23
   2600.000000 1.695469e-23
   2602.000000 1.861563e-23
   2604.000000 1.861563e-23
   2606.000000 1.761874e-23
   2608.000000 1.761874e-23
   2610.000000 1.886389e-23
   2612.000000 1.886389e-23
   2614.000000 1.784991e-23
   2616.000000 1.784991e-23
   2618.000000 1.935659e-23
   2620.000000 1.935659e-23
   2622.000000 1.788198e-23
   2624.000000 1.788198e-23
   2626.000000 1.767872e-23
   2628.000000 1.767872e-23
   2630.000000 1.792754e-23
   2632.000000 1.792754e-23
   2634.000000 1.910349e-23
   2636.000000 1.910349e-23
   2638.000000 1.714891e-23
   2640.000000 1.714891e-23
   2642.000000 1.886368e-23
   2644.000000 1.886368e-23
   2646.000000 1.762193e-23
   2648.000000 1.762193e-23
   2650.000000 1.759145e-23
   2652.000000 1.759145e-23
   2654.000000 1.742145e-23
   2656.000000 1.742145e-23
   2658.000000 1.746279e-23
   2660.000000 1.746279e-23
   2662.000000 1.744765e-23
   2664.000000 1.744765e-23
   2666.000000 1.709634e-23
   2668.000000 1.709634e-23
   2670.000000 1.717507e-23
   2672.000000 1.717507e-23
   2674.000000 1.796431e-23
   2676.000000 1.796431e-23
   2678.000000 1.799614e-23
   2680.000000 1.799614e-23
   2682.000000 1.779026e-23
   2684.000000 1.779026e-23
   2686.000000 1.725976e-23
   2688.000000 1.725976e-23
   2690.000000 1.822108e-23
   2692.000000 1.822108e-23
   2694.000000 1.991503e-23
   2696.000000 1.991503e-23
   2698.000000 1.882688e-23
   2700.000000 1.882688e-23
   2702.000000 1.692300e-23
   2704.000000 1.692300e-23
   2706.000000 1.857085e-23
   2708.000000 1.857085e-23
   2710.000000 1.863681e-23
   2712.000000 1.863681e-23
   2714.000000 1.879999e-23
   2716.000000 1.879999e-23
   2718.000000 1.679535e-23
   2720.000000 1.679535e-23
   2722.000000 1.813749e-23
   2724.000000 1.813749e-23
   2726.000000 1.722278e-23
   2728.000000 1.722278e-23
   2730.000000 1.773518e-23
   2732.000000 1.773518e-23
   2734.000000 1.851220e-23
   2736.000000 1.851220e-23
   2738.000000 1.852582e-23
   2740.000000 1.852582e-23
   2742.000000 1.827566e-23
   2744.000000 1.827566e-23
   2746.000000 1.744279e-23
   2748.000000 1.744279e-23
   2750.000000 1.952598e-23
   2752.000000 1.952598e-23
   2754.000000 1.846086e-23
   2756.000000 1.846086e-23
   2758.000000 1.788038e-23
   2760.000000 1.788038e-23
   2762.000000 1.925833e-23
   2764.000000 1.925833e-23
   2766.000000 1.951868e-23
   2768.000000 1.951868e-23
   2770.000000 1.751571e-23
   2772.000000 1.751571e-23
   2774.000000 1.888839e-23
   2776.000000 1.888839e-23
   2778.000000 1.882921e-23
   2780.000000 1.882921e-23
   2782.000000 1.973611e-23
   2784.000000 1.973611e-23
   2786.000000 1.751064e-23
   2788.000000 1.751064e-23
   2790.000000 1.697191e-23
   2792.000000 1.697191e-23
   2794.000000 1.893909e-23
   2796.000000 1.893909e-23
   2798.000000 1.873980e-23
   2800.000000 1.873980e-23
   2802.000000 1.945133e-23
   2804.000000 1.945133e-23
   2806.000000 1.891025e-23
   2808.000000 1.891025e-23
   2810.000000 1.869393e-23
   2812.000000 1.869393e-23
   2814.000000 1.851195e-23
   2816.000000 1.851195e-23
   2818.000000 1.856188e-23
   2820.000000 1.856188e-23
   2822.000000 1.750529e-23
   2824.000000 1.750529e-23
   2826.000000 1.878055e-23
   2828.000000 1.878055e-23
   2830.000000 1.936551e-23
   2832.000000 1.936551e-23
   2834.000000 1.968772e-23
   2836.000000 1.968772e-23
   2838.000000 1.993322e-23
   2840.000000 1.993322e-23
   2842.000000 2.277151e-23
   2844.000000 2.277151e-23
   2846.000000 2.222933e-23
   2848.000000 2.222933e-23
   2850.000000 2.338453e-23
   2852.000000 2.338453e-23
   2854.000000 2.551307e-23
   2856.000000 2.551307e-23
   2858.000000 2.514190e-23
   2860.000000 2.514190e-23
   2862.000000 2.542282e-23
   2864.000000 2.542282e-23
   2866.000000 2.506789e-23
   2868.000000 2.506789e-23
   2870.000000 2.307260e-23
   2872.000000 2.307260e-23
   2874.000000 2.293666e-23
   2876.000000 2.293666e-23
   2878.000000 2.207702e-23
   2880.000000 2.207702e-23
   2882.000000 2.152883e-23
   2884.000000 2.152883e-23
   2886.000000 2.108634e-23
   2888.000000 2.108634e-23
   2890.000000 2.166324e-23
   2892.000000 2.166324e-23
   2894.000000 2.302467e-23
   2896.000000 2.302467e-23
   2898.000000 2.223715e-23
   2900.000000 2.223715e-23
   2902.000000 2.161812e-23
   2904.000000 2.161812e-23
   2906.000000 2.076569e-23
   2908.000000 2.076569e-23
   2910.000000 1.989009e-23
   2912.000000 1.989009e-23
   2914.000000 1.952572e-23
   2916.000000 1.952572e-23
   2918.000000 2.187424e-23
   2920.000000 2.187424e-23
   2922.000000 2.627665e-23
   2924.000000 2.627665e-23
   2926.000000 3.021073e-23
   2928.000000 3.021073e-23
   2930.000000 3.262958e-23
   2932.000000 3.262958e-23
   2934.000000 3.350740e-23
   2936.000000 3.350740e-23
   2938.000000 3.130852e-23
   2940.000000 3.130852e-23
   2942.000000 2.850963e-23
   2944.000000 2.850963e-23
   2946.000000 2.303876e-23
   2948.000000 2.303876e-23
   2950.000000 2.080894e-23
   2952.000000 2.080894e-23
   2954.000000 1.997985e-23
   2956.000000 1.997985e-23
   2958.000000 2.005856e-23
   2960.000000 2.005856e-23
   2962.000000 1.880564e-23
   2964.000000 1.880564e-23
   2966.000000 1.918357e-23
   2968.000000 1.918357e-23
   2970.000000 1.922629e-23
   2972.000000 1.922629e-23
   2974.000000 2.051087e-23
   2976.000000 2.051087e-23
   2978.000000 2.051330e-23
   2980.000000 2.051330e-23
   2982.000000 1.992186e-23
   2984.000000 1.992186e-23
   2986.000000 2.079215e-23
   2988.000000 2.079215e-23
   2990.000000 2.145465e-23
   2992.000000 2.145465e-23
   2994.000000 1.852142e-23
   2996.000000 1.852142e-23
   2998.000000 2.130212e-23
   3000.000000 2.130212e-23
   3002.000000 1.915113e-23
   3004.000000 1.915113e-23
   3006.000000 2.121290e-23
   3008.000000 2.121290e-23
   3010.000000 1.954559e-23
   3012.000000 1.954559e-23
   3014.000000 1.879548e-23
   3016.000000 1.879548e-23
   3018.000000 2.123364e-23
   3020.000000 2.123364e-23
   3022.000000 2.066028e-23
   3024.000000 2.066028e-23
   3026.000000 1.984165e-23
   3028.000000 1.984165e-23
   3030.000000 2.068748e-23
   3032.000000 2.068748e-23
   3034.000000 2.028760e-23
   3036.000000 2.028760e-23
   3038.000000 2.061686e-23
   3040.000000 2.061686e-23
   3042.000000 1.928664e-23
   3044.000000 1.928664e-23
   3046.000000 1.912034e-23
   3048.000000 1.912034e-23
   3050.000000 1.854582e-23
   3052.000000 1.854582e-23
   3054.000000 1.998345e-23
   3056.000000 1.998345e-23
   3058.000000 1.938539e-23
   3060.000000 1.938539e-23
   3062.000000 1.947326e-23
   3064.000000 1.947326e-23
   3066.000000 1.994873e-23
   3068.000000 1.994873e-23
   3070.000000 2.015411e-23
   3072.000000 2.015411e-23
   3074.000000 1.968644e-23
   3076.000000 1.968644e-23
   3078.000000 1.984236e-23
   3080.000000 1.984236e-23
   3082.000000 1.835124e-23
   3084.000000 1.835124e-23
   3086.000000 1.987130e-23
   3088.000000 1.987130e-23
   3090.000000 2.054078e-23
   3092.000000 2.054078e-23
   3094.000000 1.969349e-23
   3096.000000 1.969349e-23
   3098.000000 2.086239e-23
   3100.000000 2.086239e-23
   3102.000000 2.295690e-23
   3104.000000 2.295690e-23
   3106.000000 1.991612e-23
   3108.000000 1.991612e-23
   3110.000000 2.051105e-23
   3112.000000 2.051105e-23
   3114.000000 2.131787e-23
   3116.000000 2.131787e-23
   3118.000000 2.067159e-23
   3120.000000 2.067159e-23
   3122.000000 2.213142e-23
   3124.000000 2.213142e-23
   3126.000000 2.100229e-23
   3128.000000 2.100229e-23
   3130.000000 2.156931e-23
   3132.000000 2.156931e-23
   3134.000000 2.112887e-23
   3136.000000 2.112887e-23
   3138.000000 2.155681e-23
   3140.000000 2.155681e-23
   3142.000000 2.099116e-23
   3144.000000 2.099116e-23
   3146.000000 2.199658e-23
   3148.000000 2.199658e-23
   3150.000000 2.224123e-23
   3152.000000 2.224123e-23
   3154.000000 2.141625e-23
   3156.000000 2.141625e-23
   3158.000000 2.251958e-23
   3160.000000 2.251958e-23
   3162.000000 2.228248e-23
   3164.000000 2.228248e-23
   3166.000000 2.212734e-23
   3168.000000 2.212734e-23
   3170.000000 2.260978e-23
   3172.000000 2.260978e-23
   3174.000000 2.104496e-23
   3176.000000 2.104496e-23
   3178.000000 2.144957e-23
   3180.000000 2.144957e-23
   3182.000000 2.218579e-23
   3184.000000 2.218579e-23
   3186.000000 2.235646e-23
   3188.000000 2.235646e-23
   3190.000000 2.097144e-23
   3192.000000 2.097144e-23
   3194.000000 2.232983e-23
   3196.000000 2.232983e-23
   3198.000000 2.209711e-23
   3200.000000 2.209711e-23
   3202.000000 2.229297e-23
   3204.000000 2.229297e-23
   3206.000000 2.217169e-23
   3208.000000 2.217169e-23
   3210.000000 2.284576e-23
   3212.000000 2.284576e-23
   3214.000000 2.195707e-23
   3216.000000 2.195707e-23
   3218.000000 2.109563e-23
   3220.000000 2.109563e-23
   3222.000000 2.298638e-23
   3224.000000 2.298638e-23
   3226.000000 2.078150e-23
   3228.000000 2.078150e-23
   3230.000000 2.115147e-23
   3232.000000 2.115147e-23
   3234.000000 2.401546e-23
   3236.000000 2.401546e-23
   3238.000000 2.112320e-23
   3240.000000 2.112320e-23
   3242.000000 2.229259e-23
   3244.000000 2.229259e-23
   3246.000000 2.122415e-23
   3248.000000 2.122415e-23
   3250.000000 2.061676e-23
   3252.000000 2.061676e-23
   3254.000000 2.174161e-23
   3256.000000 2.174161e-23
   3258.000000 2.067713e-23
   3260.000000 2.067713e-23
   3262.000000 2.115746e-23
   3264.000000 2.115746e-23
   3266.000000 2.270533e-23
   3268.000000 2.270533e-23
   3270.000000 2.112684e-23
   3272.000000 2.112684e-23
   3274.000000 2.211474e-23
   3276.000000 2.211474e-23
   3278.000000 2.243015e-23
   3280.000000 2.243015e-23
   3282.000000 2.168247e-23
   3284.000000 2.168247e-23
   3286.000000 2.302306e-23
   3288.000000 2.302306e-23
   3290.000000 2.422699e-23
   3292.000000 2.422699e-23
   3294.000000 2.153488e-23
   3296.000000 2.153488e-23
   3298.000000 2.317970e-23
   3300.000000 2.317970e-23
   3302.000000 2.397709e-23
   3304.000000 2.397709e-23
   3306.000000 2.242314e-23
   3308.000000 2.242314e-23
   3310.000000 2.439416e-23
   3312.000000 2.439416e-23
   3314.000000 2.310032e-23
   3316.000000 2.310032e-23
   3318.000000 2.391339e-23
   3320.000000 2.391339e-23
   3322.000000 2.616944e-23
   3324.000000 2.616944e-23
   3326.000000 2.419485e-23
   3328.000000 2.419485e-23
   3330.000000 2.414014e-23
   3332.000000 2.414014e-23
   3334.000000 2.313218e-23
   3336.000000 2.313218e-23
   3338.000000 2.347990e-23
   3340.000000 2.347990e-23
   3342.000000 2.271874e-23
   3344.000000 2.271874e-23
   3346.000000 2.340842e-23
   3348.000000 2.340842e-23
   3350.000000 2.487118e-23
   3352.000000 2.487118e-23
   3354.000000 2.378769e-23
   3356.000000 2.378769e-23
   3358.000000 2.447426e-23
   3360.000000 2.447426e-23
   3362.000000 2.809100e-23
   3364.000000 2.809100e-23
   3366.000000 2.499511e-23
   3368.000000 2.499511e-23
   3370.000000 2.712535e-23
   3372.000000 2.712535e-23
   3374.000000 2.764064e-23
   3376.000000 2.764064e-23
   3378.000000 2.775318e-23
   3380.000000 2.775318e-23
   3382.000000 2.840664e-23
   3384.000000 2.840664e-23
   3386.000000 2.742521e-23
   3388.000000 2.742521e-23
   3390.000000 2.782668e-23
   3392.000000 2.782668e-23
   3394.000000 2.574634e-23
   3396.000000 2.574634e-23
   3398.000000 2.488491e-23
   3400.000000 2.488491e-23
   3402.000000 2.352248e-23
   3404.000000 2.352248e-23
   3406.000000 2.387852e-23
   3408.000000 2.387852e-23
   3410.000000 2.507508e-23
   3412.000000 2.507508e-23
   3414.000000 2.421378e-23
   3416.000000 2.421378e-23
   3418.000000 2.366904e-23
   3420.000000 2.366904e-23
   3422.000000 2.296771e-23
   3424.000000 2.296771e-23
   3426.000000 2.252871e-23
   3428.000000 2.252871e-23
   3430.000000 2.202527e-23
   3432.000000 2.202527e-23
   3434.000000 2.441400e-23
   3436.000000 2.441400e-23
   3438.000000 2.169910e-23
   3440.000000 2.169910e-23
   3442.000000 2.200999e-23
   3444.000000 2.200999e-23
   3446.000000 2.220397e-23
   3448.000000 2.220397e-23
   3450.000000 2.391486e-23
   3452.000000 2.391486e-23
   3454.000000 2.291496e-23
   3456.000000 2.291496e-23
   3458.000000 2.294030e-23
   3460.000000 2.294030e-23
   3462.000000 2.387414e-23
   3464.000000 2.387414e-23
   3466.000000 2.431184e-23
   3468.000000 2.431184e-23
   3470.000000 2.242244e-23
   3472.000000 2.242244e-23
   3474.000000 2.324308e-23
   3476.000000 2.324308e-23
   3478.000000 2.474948e-23
   3480.000000 2.474948e-23
   3482.000000 2.487947e-23
   3484.000000 2.487947e-23
   3486.000000 2.399109e-23
   3488.000000 2.399109e-23
   3490.000000 2.319475e-23
   3492.000000 2.319475e-23
   3494.000000 2.259134e-23
   3496.000000 2.259134e-23
   3498.000000 2.392832e-23
   3500.000000 2.392832e-23
   3502.000000 2.423377e-23
   3504.000000 2.423377e-23
   3506.000000 2.349350e-23
   3508.000000 2.349350e-23
   3510.000000 2.448715e-23
   3512.000000 2.448715e-23
   3514.000000 2.171822e-23
   3516.000000 2.171822e-23
   3518.000000 2.432819e-23
   3520.000000 2.432819e-23
   3522.000000 2.409916e-23
   3524.000000 2.409916e-23
   3526.000000 2.571820e-23
   3528.000000 2.571820e-23
   3530.000000 2.279829e-23
   3532.000000 2.279829e-23
   3534.000000 2.249576e-23
   3536.000000 2.249576e-23
   3538.000000 2.345544e-23
   3540.000000 2.345544e-23
   3542.000000 2.386559e-23
   3544.000000 2.386559e-23
   3546.000000 2.295641e-23
   3548.000000 2.295641e-23
   3550.000000 2.385981e-23
   3552.000000 2.385981e-23
   3554.000000 2.447423e-23
   3556.000000 2.447423e-23
   3558.000000 2.438860e-23
   3560.000000 2.438860e-23
   3562.000000 2.331819e-23
   3564.000000 2.331819e-23
   3566.000000 2.360895e-23
   3568.000000 2.360895e-23
   3570.000000 2.279131e-23
   3572.000000 2.279131e-23
   3574.000000 2.465427e-23
   3576.000000 2.465427e-23
   3578.000000 2.466815e-23
   3580.000000 2.466815e-23
   3582.000000 2.492813e-23
   3584.000000 2.492813e-23
   3586.000000 2.391703e-23
   3588.000000 2.391703e-23
   3590.000000 2.492650e-23
   3592.000000 2.492650e-23
   3594.000000 2.610869e-23
   3596.000000 2.610869e-23
   3598.000000 2.779372e-23
   3600.000000 2.779372e-23
   3602.000000 5.883404e-23
   3604.000000 5.883404e-23
   3606.000000 9.646780e-23
   3608.000000 9.646780e-23
   3610.000000 1.365187e-22
   3612.000000 1.365187e-22
   3614.000000 1.853140e-22
   3616.000000 1.853140e-22
   3618.000000 2.262669e-22
   3620.000000 2.262669e-22
   3622.000000 2.410989e-22
   3624.000000 2.410989e-22
   3626.000000 1.830778e-22
   3628.000000 1.830778e-22
   3630.000000 1.422897e-22
   3632.000000 1.422897e-22
   3634.000000 1.202688e-22
   3636.000000 1.202688e-22
   3638.000000 7.377888e-23
   3640.000000 7.377888e-23
   3642.000000 3.763440e-23
   3644.000000 3.763440e-23
   3646.000000 2.517083e-23
   3648.000000 2.517083e-23
   3650.000000 2.490970e-23
   3652.000000 2.490970e-23
   3654.000000 2.428502e-23
   3656.000000 2.428502e-23
   3658.000000 2.745881e-23
   3660.000000 2.745881e-23
   3662.000000 2.578608e-23
   3664.000000 2.578608e-23
   3666.000000 2.479402e-23
   3668.000000 2.479402e-23
   3670.000000 2.292070e-23
   3672.000000 2.292070e-23
   3674.000000 2.501880e-23
   3676.000000 2.501880e-23
   3678.000000 2.541570e-23
   3680.000000 2.541570e-23
   3682.000000 2.539355e-23
   3684.000000 2.539355e-23
   3686.000000 2.580797e-23
   3688.000000 2.580797e-23
   3690.000000 2.414847e-23
   3692.000000 2.414847e-23
   3694.000000 2.414959e-23
   3696.000000 2.414959e-23
   3698.000000 2.476641e-23
   3700.000000 2.476641e-23
   3702.000000 2.811104e-23
   3704.000000 2.811104e-23
   3706.000000 2.755097e-23
   3708.000000 2.755097e-23
   3710.000000 2.850502e-23
   3712.000000 2.850502e-23
   3714.000000 2.855680e-23
   3716.000000 2.855680e-23
   3718.000000 2.755973e-23
   3720.000000 2.755973e-23
   3722.000000 2.853173e-23
   3724.000000 2.853173e-23
   3726.000000 2.783949e-23
   3728.000000 2.783949e-23
   3730.000000 2.628729e-23
   3732.000000 2.628729e-23
   3734.000000 2.631572e-23
   3736.000000 2.631572e-23
   3738.000000 2.700740e-23
   3740.000000 2.700740e-23
   3742.000000 2.831776e-23
   3744.000000 2.831776e-23
   3746.000000 2.599538e-23
   3748.000000 2.599538e-23
   3750.000000 2.706697e-23
   3752.000000 2.706697e-23
   3754.000000 2.422522e-23
   3756.000000 2.422522e-23
   3758.000000 2.711401e-23
   3760.000000 2.711401e-23
   3762.000000 2.542837e-23
   3764.000000 2.542837e-23
   3766.000000 2.655012e-23
   3768.000000 2.655012e-23
   3770.000000 2.630601e-23
   3772.000000 2.630601e-23
   3774.000000 2.504271e-23
   3776.000000 2.504271e-23
   3778.000000 2.652419e-23
   3780.000000 2.652419e-23
   3782.000000 2.857618e-23
   3784.000000 2.857618e-23
   3786.000000 2.754903e-23
   3788.000000 2.754903e-23
   3790.000000 3.022103e-23
   3792.000000 3.022103e-23
   3794.000000 2.889942e-23
   3796.000000 2.889942e-23
   3798.000000 2.880128e-23
   3800.000000 2.880128e-23
   3802.000000 2.932725e-23
   3804.000000 2.932725e-23
   3806.000000 2.886495e-23
   3808.000000 2.886495e-23
   3810.000000 2.740362e-23
   3812.000000 2.740362e-23
   3814.000000 2.726643e-23
   3816.000000 2.726643e-23
   3818.000000 2.690781e-23
   3820.000000 2.690781e-23
   3822.000000 2.726139e-23
   3824.000000 2.726139e-23
   3826.000000 2.897998e-23
   3828.000000 2.897998e-23
   3830.000000 2.640180e-23
   3832.000000 2.640180e-23
   3834.000000 2.793515e-23
   3836.000000 2.793515e-23
   3838.000000 2.667482e-23
   3840.000000 2.667482e-23
   3842.000000 2.770437e-23
   3844.000000 2.770437e-23
   3846.000000 2.565493e-23
   3848.000000 2.565493e-23
   3850.000000 2.874850e-23
   3852.000000 2.874850e-23
   3854.000000 2.879911e-23
   3856.000000 2.879911e-23
   3858.000000 2.736642e-23
   3860.000000 2.736642e-23
   3862.000000 2.726562e-23
   3864.000000 2.726562e-23
   3866.000000 2.636942e-23
   3868.000000 2.636942e-23
   3870.000000 2.742092e-23
   3872.000000 2.742092e-23
   3874.000000 2.616764e-23
   3876.000000 2.616764e-23
   3878.000000 2.633464e-23
   3880.000000 2.633464e-23
   3882.000000 2.717708e-23
   3884.000000 2.717708e-23
   3886.000000 2.668347e-23
   3888.000000 2.668347e-23
   3890.000000 2.735188e-23
   3892.000000 2.735188e-23
   3894.000000 2.933028e-23
   3896.000000 2.933028e-23
   3898.000000 2.760179e-23
   3900.000000 2.760179e-23
   3902.000000 2.815520e-23
   3904.000000 2.815520e-23
   3906.000000 2.788541e-23
   3908.000000 2.788541e-23
   3910.000000 2.677221e-23
   3912.000000 2.677221e-23
   3914.000000 2.646821e-23
   3916.000000 2.646821e-23
   3918.000000 2.655935e-23
   3920.000000 2.655935e-23
   3922.000000 2.660665e-23
   3924.000000 2.660665e-23
   3926.000000 2.693648e-23
   3928.000000 2.693648e-23
   3930.000000 2.654365e-23
   3932.000000 2.654365e-23
   3934.000000 2.596277e-23
   3936.000000 2.596277e-23
   3938.000000 2.746957e-23
   3940.000000 2.746957e-23
   3942.000000 2.813560e-23
   3944.000000 2.813560e-23
   3946.000000 2.629765e-23
   3948.000000 2.629765e-23
   3950.000000 2.745569e-23
   3952.000000 2.745569e-23
   3954.000000 2.699443e-23
   3956.000000 2.699443e-23
   3958.000000 2.859713e-23
   3960.000000 2.859713e-23
   3962.000000 2.672313e-23
   3964.000000 2.672313e-23
   3966.000000 2.721482e-23
   3968.000000 2.721482e-23
   3970.000000 2.752336e-23
   3972.000000 2.752336e-23
   3974.000000 2.640253e-23
   3976.000000 2.640253e-23
   3978.000000 2.630991e-23
   3980.000000 2.630991e-23
   3982.000000 2.862469e-23
   3984.000000 2.862469e-23
   3986.000000 2.621192e-23
   3988.000000 2.621192e-23
   3990.000000 2.804121e-23
   3992.000000 2.804121e-23
   3994.000000 2.855285e-23
   3996.000000 2.855285e-23
   3998.000000 2.814214e-23
   4000.000000 2.814214e-23
   4002.000000 2.809086e-23
   4004.000000 2.809086e-23
   4006.000000 2.573583e-23
   4008.000000 2.573583e-23
   4010.000000 2.716505e-23
   4012.000000 2.716505e-23
   4014.000000 2.683477e-23
   4016.000000 2.683477e-23
   4018.000000 2.736155e-23
   4020.000000 2.736155e-23
   4022.000000 2.558497e-23
   4024.000000 2.558497e-23
   4026.000000 2.525888e-23
   4028.000000 2.525888e-23
   4030.000000 2.634645e-23
   4032.000000 2.634645e-23
   4034.000000 2.560272e-23
   4036.000000 2.560272e-23
   4038.000000 2.788645e-23
   4040.000000 2.788645e-23
   4042.000000 2.927987e-23
   4044.000000 2.927987e-23
   4046.000000 2.726956e-23
   4048.000000 2.726956e-23
   4050.000000 2.548816e-23
   4052.000000 2.548816e-23
   4054.000000 2.912421e-23
   4056.000000 2.912421e-23
   4058.000000 2.703222e-23
   4060.000000 2.703222e-23
   4062.000000 2.885426e-23
   4064.000000 2.885426e-23
   4066.000000 2.654878e-23
   4068.000000 2.654878e-23
   4070.000000 2.870241e-23
   4072.000000 2.870241e-23
   4074.000000 2.921498e-23
   4076.000000 2.921498e-23
   4078.000000 2.813637e-23
   4080.000000 2.813637e-23
   4082.000000 2.857213e-23
   4084.000000 2.857213e-23
   4086.000000 2.838677e-23
   4088.000000 2.838677e-23
   4090.000000 2.950566e-23
   4092.000000 2.950566e-23
   4094.000000 1.104854e-02
