      0.000000 1.104854e-02
      2.000000 1.104854e-02
      4.000000 1.104854e-02
      6.000000 1.104854e-02
      8.000000 1.104854e-02
     10.000000 1.104854e-02
     12.000000 1.104854e-02
     14.000000 1.104854e-02
     16.000000 1.104854e-02
     18.000000 1.090409e-22
     20.000000 1.090409e-22
     22.000000 6.044885e-23
     24.000000 6.044885e-23
     26.000000 3.694927e-23
     28.000000 3.694927e-23
     30.000000 2.587084e-23
     32.000000 2.587084e-23
     34.000000 1.738228e-23
     36.000000 1.738228e-23
     38.000000 1.427362e-23
     40.000000 1.427362e-23
     42.000000 1.360980e-23
     44.000000 1.360980e-23
     46.000000 1.118700e-23
     48.000000 1.118700e-23
     50.000000 9.595440e-24
     52.000000 9.595440e-24
     54.000000 9.159881e-24
     56.000000 9.159881e-24
     58.000000 8.155866e-24
     60.000000 8.155866e-24
     62.000000 7.899164e-24
     64.000000 7.899164e-24
     66.000000 7.602428e-24
     68.000000 7.602428e-24
     70.000000 7.673206e-24
     72.000000 7.673206e-24
     74.000000 7.604593e-24
     76.000000 7.604593e-24
     78.000000 6.853296e-24
     80.000000 6.853296e-24
     82.000000 7.235746e-24
     84.000000 7.235746e-24
     86.000000 6.980064e-24
     88.000000 6.980064e-24
     90.000000 6.987115e-24
     92.000000 6.987115e-24
     94.000000 6.614702e-24
     96.000000 6.614702e-24
     98.000000 6.959409e-24
    100.000000 6.959409e-24
    102.000000 6.669177e-24
    104.000000 6.669177e-24
    106.000000 6.428477e-24
    108.000000 6.428477e-24
    110.000000 6.603080e-24
    112.000000 6.603080e-24
    114.000000 6.688569e-24
    116.000000 6.688569e-24
    118.000000 6.393566e-24
    120.000000 6.393566e-24
    122.000000 5.998354e-24
    124.000000 5.998354e-24
    126.000000 6.131682e-24
    128.000000 6.131682e-24
    130.000000 6.185531e-24
    132.000000 6.185531e-24
    134.000000 6.294257e-24
    136.000000 6.294257e-24
    138.000000 5.947491e-24
    140.000000 5.947491e-24
    142.000000 6.019981e-24
    144.000000 6.019981e-24
    146.000000 5.656367e-24
    148.000000 5.656367e-24
    150.000000 5.903845e-24
    152.000000 5.903845e-24
    154.000000 5.653837e-24
    156.000000 5.653837e-24
    158.000000 5.844669e-24
    160.000000 5.844669e-24
    162.000000 6.184803e-24
    164.000000 6.184803e-24
    166.000000 6.010666e-24
    168.000000 6.010666e-24
    170.000000 6.239355e-24
    172.000000 6.239355e-24
    174.000000 5.851271e-24
    176.000000 5.851271e-24
    178.000000 5.594867e-24
    180.000000 5.594867e-24
    182.000000 5.725067e-24
    184.000000 5.725067e-24
    186.000000 5.820671e-24
    188.000000 5.820671e-24
    190.000000 6.173950e-24
    192.000000 6.173950e-24
    194.000000 5.887158e-24
    196.000000 5.887158e-24
    198.000000 5.864222e-24
    200.000000 5.864222e-24
    202.000000 5.859172e-24
    204.000000 5.859172e-24
    206.000000 5.295131e-24
    208.000000 5.295131e-24
    210.000000 5.657352e-24
    212.000000 5.657352e-24
    214.000000 5.813181e-24
    216.000000 5.813181e-24
    218.000000 5.965638e-24
    220.000000 5.965638e-24
    222.000000 5.567987e-24
    224.000000 5.567987e-24
    226.000000 5.665809e-24
    228.000000 5.665809e-24
    230.000000 5.674965e-24
    232.000000 5.674965e-24
    234.000000 5.549466e-24
    236.000000 5.549466e-24
    238.000000 5.386507e-24
    240.000000 5.386507e-24
    242.000000 5.326328e-24
    244.000000 5.326328e-24
    246.000000 5.468164e-24
    248.000000 5.468164e-24
    250.000000 5.679579e-24
    252.000000 5.679579e-24
    254.000000 5.675640e-24
    256.000000 5.675640e-24
    258.000000 5.397416e-24
    260.000000 5.397416e-24
    262.000000 5.717022e-24
    264.000000 5.717022e-24
    266.000000 5.397909e-24
    268.000000 5.397909e-24
    270.000000 5.948753e-24
    272.000000 5.948753e-24
    274.000000 5.296452e-24
    276.000000 5.296452e-24
    278.000000 5.172253e-24
    280.000000 5.172253e-24
    282.000000 5.356881e-24
    284.000000 5.356881e-24
    286.000000 5.963431e-24
    288.000000 5.963431e-24
    290.000000 5.126852e-24
    292.000000 5.126852e-24
    294.000000 5.548207e-24
    296.000000 5.548207e-24
    298.000000 5.434981e-24
    300.000000 5.434981e-24
    302.000000 5.944218e-24
    304.000000 5.944218e-24
    306.000000 5.391993e-24
    308.000000 5.391993e-24
    310.000000 5.632586e-24
    312.000000 5.632586e-24
    314.000000 5.637126e-24
    316.000000 5.637126e-24
    318.000000 5.816222e-24
    320.000000 5.816222e-24
    322.000000 5.635334e-24
    324.000000 5.635334e-24
    326.000000 5.171634e-24
    328.000000 5.171634e-24
    330.000000 5.308030e-24
    332.000000 5.308030e-24
    334.000000 5.297434e-24
    336.000000 5.297434e-24
    338.000000 5.376038e-24
    340.000000 5.376038e-24
    342.000000 5.153029e-24
    344.000000 5.153029e-24
    346.000000 5.330859e-24
    348.000000 5.330859e-24
    350.000000 5.244042e-24
    352.000000 5.244042e-24
    354.000000 5.302610e-24
    356.000000 5.302610e-24
    358.000000 5.173179e-24
    360.000000 5.173179e-24
    362.000000 5.457310e-24
    364.000000 5.457310e-24
    366.000000 5.401894e-24
    368.000000 5.401894e-24
    370.000000 5.616965e-24
    372.000000 5.616965e-24
    374.000000 5.816850e-24
    376.000000 5.816850e-24
    378.000000 5.414066e-24
    380.000000 5.414066e-24
    382.000000 5.355705e-24
    384.000000 5.355705e-24
    386.000000 5.541142e-24
    388.000000 5.541142e-24
    390.000000 5.726656e-24
    392.000000 5.726656e-24
    394.000000 5.035335e-24
    396.000000 5.035335e-24
    398.000000 5.326864e-24
    400.000000 5.326864e-24
    402.000000 5.575347e-24
    404.000000 5.575347e-24
    406.000000 5.039370e-24
    408.000000 5.039370e-24
    410.000000 5.535548e-24
    412.000000 5.535548e-24
    414.000000 5.289470e-24
    416.000000 5.289470e-24
    418.000000 5.823418e-24
    420.000000 5.823418e-24
    422.000000 5.297391e-24
    424.000000 5.297391e-24
    426.000000 5.306584e-24
    428.000000 5.306584e-24
    430.000000 5.753430e-24
    432.000000 5.753430e-24
    434.000000 5.045235e-24
    436.000000 5.045235e-24
    438.000000 5.258046e-24
    440.000000 5.258046e-24
    442.000000 5.830251e-24
    444.000000 5.830251e-24
    446.000000 5.425850e-24
    448.000000 5.425850e-24
    450.000000 5.733823e-24
    452.000000 5.733823e-24
    454.000000 5.696556e-24
    456.000000 5.696556e-24
    458.000000 5.210855e-24
    460.000000 5.210855e-24
    462.000000 5.729506e-24
    464.000000 5.729506e-24
    466.000000 4.923294e-24
    468.000000 4.923294e-24
    470.000000 5.475684e-24
    472.000000 5.475684e-24
    474.000000 5.209334e-24
    476.000000 5.209334e-24
    478.000000 5.341576e-24
    480.000000 5.341576e-24
    482.000000 5.638755e-24
    484.000000 5.638755e-24
    486.000000 5.594255e-24
    488.000000 5.594255e-24
    490.000000 5.443082e-24
    492.000000 5.443082e-24
    494.000000 5.322500e-24
    496.000000 5.322500e-24
    498.000000 5.233334e-24
    500.000000 5.233334e-24
    502.000000 5.094107e-24
    504.000000 5.094107e-24
    506.000000 5.333070e-24
    508.000000 5.333070e-24
    510.000000 5.288611e-24
    512.000000 5.288611e-24
    514.000000 5.224545e-24
    516.000000 5.224545e-24
    518.000000 5.154887e-24
    520.000000 5.154887e-24
    522.000000 5.335604e-24
    524.000000 5.335604e-24
    526.000000 5.557832e-24
    528.000000 5.557832e-24
    530.000000 5.137860e-24
    532.000000 5.137860e-24
    534.000000 5.134035e-24
    536.000000 5.134035e-24
    538.000000 5.235302e-24
    540.000000 5.235302e-24
    542.000000 5.534705e-24
    544.000000 5.534705e-24
    546.000000 5.263225e-24
    548.000000 5.263225e-24
    550.000000 5.603990e-24
    552.000000 5.603990e-24
    554.000000 5.523981e-24
    556.000000 5.523981e-24
    558.000000 5.524589e-24
    560.000000 5.524589e-24
    562.000000 5.517919e-24
    564.000000 5.517919e-24
    566.000000 5.136934e-24
    568.000000 5.136934e-24
    570.000000 5.400521e-24
    572.000000 5.400521e-24
    574.000000 5.075368e-24
    576.000000 5.075368e-24
    578.000000 5.490066e-24
    580.000000 5.490066e-24
    582.000000 5.307751e-24
    584.000000 5.307751e-24
    586.000000 5.717524e-24
    588.000000 5.717524e-24
    590.000000 5.335327e-24
    592.000000 5.335327e-24
    594.000000 5.593785e-24
    596.000000 5.593785e-24
    598.000000 5.492567e-24
    600.000000 5.492567e-24
    602.000000 5.945040e-24
    604.000000 5.945040e-24
    606.000000 5.236821e-24
    608.000000 5.236821e-24
    610.000000 5.500863e-24
    612.000000 5.500863e-24
    614.000000 5.320086e-24
    616.000000 5.320086e-24
    618.000000 5.619471e-24
    620.000000 5.619471e-24
    622.000000 5.483919e-24
    624.000000 5.483919e-24
    626.000000 5.845727e-24
    628.000000 5.845727e-24
    630.000000 5.260948e-24
    632.000000 5.260948e-24
    634.000000 5.491802e-24
    636.000000 5.491802e-24
    638.000000 5.732529e-24
    640.000000 5.732529e-24
    642.000000 5.697152e-24
    644.000000 5.697152e-24
    646.000000 5.911158e-24
    648.000000 5.911158e-24
    650.000000 5.395935e-24
    652.000000 5.395935e-24
    654.000000 5.628359e-24
    656.000000 5.628359e-24
    658.000000 5.698193e-24
    660.000000 5.698193e-24
    662.000000 5.556422e-24
    664.000000 5.556422e-24
    666.000000 5.728561e-24
    668.000000 5.728561e-24
    670.000000 5.866305e-24
    672.000000 5.866305e-24
    674.000000 5.656321e-24
    676.000000 5.656321e-24
    678.000000 5.721247e-24
    680.000000 5.721247e-24
    682.000000 5.613112e-24
    684.000000 5.613112e-24
    686.000000 5.857978e-24
    688.000000 5.857978e-24
    690.000000 5.958267e-24
    692.000000 5.958267e-24
    694.000000 5.362877e-24
    696.000000 5.362877e-24
    698.000000 5.667710e-24
    700.000000 5.667710e-24
    702.000000 5.707553e-24
    704.000000 5.707553e-24
    706.000000 5.844452e-24
    708.000000 5.844452e-24
    710.000000 5.570658e-24
    712.000000 5.570658e-24
    714.000000 5.774368e-24
    716.000000 5.774368e-24
    718.000000 5.961491e-24
    720.000000 5.961491e-24
    722.000000 5.928547e-24
    724.000000 5.928547e-24
    726.000000 5.734559e-24
    728.000000 5.734559e-24
    730.000000 5.947318e-24
    732.000000 5.947318e-24
    734.000000 6.050156e-24
    736.000000 6.050156e-24
    738.000000 5.604297e-24
    740.000000 5.604297e-24
    742.000000 5.474816e-24
    744.000000 5.474816e-24
    746.000000 5.927529e-24
    748.000000 5.927529e-24
    750.000000 5.907743e-24
    752.000000 5.907743e-24
    754.000000 5.796491e-24
    756.000000 5.796491e-24
    758.000000 5.729103e-24
    760.000000 5.729103e-24
    762.000000 5.751841e-24
    764.000000 5.751841e-24
    766.000000 5.515432e-24
    768.000000 5.515432e-24
    770.000000 5.851940e-24
    772.000000 5.851940e-24
    774.000000 5.611655e-24
    776.000000 5.611655e-24
    778.000000 5.674474e-24
    780.000000 5.674474e-24
    782.000000 5.977957e-24
    784.000000 5.977957e-24
    786.000000 5.722094e-24
    788.000000 5.722094e-24
    790.000000 5.943689e-24
    792.000000 5.943689e-24
    794.000000 5.573763e-24
    796.000000 5.573763e-24
    798.000000 5.760826e-24
    800.000000 5.760826e-24
    802.000000 5.935977e-24
    804.000000 5.935977e-24
    806.000000 5.960358e-24
    808.000000 5.960358e-24
    810.000000 6.081729e-24
    812.000000 6.081729e-24
    814.000000 6.340468e-24
    816.000000 6.340468e-24
    818.000000 5.753060e-24
    820.000000 5.753060e-24
    822.000000 5.883956e-24
    824.000000 5.883956e-24
    826.000000 6.158421e-24
    828.000000 6.158421e-24
    830.000000 5.805178e-24
    832.000000 5.805178e-24
    834.000000 5.752669e-24
    836.000000 5.752669e-24
    838.000000 6.030470e-24
    840.000000 6.030470e-24
    842.000000 5.951923e-24
    844.000000 5.951923e-24
    846.000000 6.007035e-24
    848.000000 6.007035e-24
    850.000000 5.996347e-24
    852.000000 5.996347e-24
    854.000000 6.429162e-24
    856.000000 6.429162e-24
    858.000000 6.051236e-24
    860.000000 6.051236e-24
    862.000000 6.102616e-24
    864.000000 6.102616e-24
    866.000000 5.901476e-24
    868.000000 5.901476e-24
    870.000000 6.120389e-24
    872.000000 6.120389e-24
    874.000000 6.076989e-24
    876.000000 6.076989e-24
    878.000000 6.053734e-24
    880.000000 6.053734e-24
    882.000000 5.804434e-24
    884.000000 5.804434e-24
    886.000000 5.916857e-24
    888.000000 5.916857e-24
    890.000000 5.888592e-24
    892.000000 5.888592e-24
    894.000000 5.594866e-24
    896.000000 5.594866e-24
    898.000000 6.657546e-24
    900.000000 6.657546e-24
    902.000000 6.524755e-24
    904.000000 6.524755e-24
    906.000000 6.656761e-24
    908.000000 6.656761e-24
    910.000000 6.673476e-24
    912.000000 6.673476e-24
    914.000000 6.703495e-24
    916.000000 6.703495e-24
    918.000000 6.191083e-24
    920.000000 6.191083e-24
    922.000000 5.805187e-24
    924.000000 5.805187e-24
    926.000000 6.257649e-24
    928.000000 6.257649e-24
    930.000000 6.137795e-24
    932.000000 6.137795e-24
    934.000000 6.029652e-24
    936.000000 6.029652e-24
    938.000000 6.524624e-24
    940.000000 6.524624e-24
    942.000000 6.465782e-24
    944.000000 6.465782e-24
    946.000000 6.001950e-24
    948.000000 6.001950e-24
    950.000000 6.321582e-24
    952.000000 6.321582e-24
    954.000000 6.620315e-24
    956.000000 6.620315e-24
    958.000000 6.392167e-24
    960.000000 6.392167e-24
    962.000000 6.383934e-24
    964.000000 6.383934e-24
    966.000000 6.485558e-24
    968.000000 6.485558e-24
    970.000000 6.438894e-24
    972.000000 6.438894e-24
    974.000000 6.343026e-24
    976.000000 6.343026e-24
    978.000000 6.101319e-24
    980.000000 6.101319e-24
    982.000000 6.428930e-24
    984.000000 6.428930e-24
    986.000000 6.582661e-24
    988.000000 6.582661e-24
    990.000000 5.882671e-24
    992.000000 5.882671e-24
    994.000000 6.031571e-24
    996.000000 6.031571e-24
    998.000000 6.239537e-24
   1000.000000 6.239537e-24
   1002.000000 6.631520e-24
   1004.000000 6.631520e-24
   1006.000000 6.551824e-24
   1008.000000 6.551824e-24
   1010.000000 6.343817e-24
   1012.000000 6.343817e-24
   1014.000000 6.536935e-24
   1016.000000 6.536935e-24
   1018.000000 6.689456e-24
   1020.000000 6.689456e-24
   1022.000000 6.303110e-24
   1024.000000 6.303110e-24
   1026.000000 6.681714e-24
   1028.000000 6.681714e-24
   1030.000000 6.390125e-24
   1032.000000 6.390125e-24
   1034.000000 6.466236e-24
   1036.000000 6.466236e-24
   1038.000000 6.214592e-24
   1040.000000 6.214592e-24
   1042.000000 6.314355e-24
   1044.000000 6.314355e-24
   1046.000000 6.381905e-24
   1048.000000 6.381905e-24
   1050.000000 6.455266e-24
   1052.000000 6.455266e-24
   1054.000000 6.630964e-24
   1056.000000 6.630964e-24
   1058.000000 6.617854e-24
   1060.000000 6.617854e-24
   1062.000000 6.499392e-24
   1064.000000 6.499392e-24
   1066.000000 6.608120e-24
   1068.000000 6.608120e-24
   1070.000000 6.536596e-24
   1072.000000 6.536596e-24
   1074.000000 6.869741e-24
   1076.000000 6.869741e-24
   1078.000000 6.605650e-24
   1080.000000 6.605650e-24
   1082.000000 5.985465e-24
   1084.000000 5.985465e-24
   1086.000000 7.044567e-24
   1088.000000 7.044567e-24
   1090.000000 6.465688e-24
   1092.000000 6.465688e-24
   1094.000000 6.471890e-24
   1096.000000 6.471890e-24
   1098.000000 6.739917e-24
   1100.000000 6.739917e-24
   1102.000000 6.504992e-24
   1104.000000 6.504992e-24
   1106.000000 6.610039e-24
   1108.000000 6.610039e-24
   1110.000000 6.320709e-24
   1112.000000 6.320709e-24
   1114.000000 6.348155e-24
   1116.000000 6.348155e-24
   1118.000000 6.474285e-24
   1120.000000 6.474285e-24
   1122.000000 6.579312e-24
   1124.000000 6.579312e-24
   1126.000000 6.897974e-24
   1128.000000 6.897974e-24
   1130.000000 6.612783e-24
   1132.000000 6.612783e-24
   1134.000000 6.603228e-24
   1136.000000 6.603228e-24
   1138.000000 6.744815e-24
   1140.000000 6.744815e-24
   1142.000000 6.709965e-24
   1144.000000 6.709965e-24
   1146.000000 6.775144e-24
   1148.000000 6.775144e-24
   1150.000000 6.694196e-24
   1152.000000 6.694196e-24
   1154.000000 7.179270e-24
   1156.000000 7.179270e-24
   1158.000000 7.015856e-24
   1160.000000 7.015856e-24
   1162.000000 6.791916e-24
   1164.000000 6.791916e-24
   1166.000000 7.067014e-24
   1168.000000 7.067014e-24
   1170.000000 6.962049e-24
   1172.000000 6.962049e-24
   1174.000000 7.039651e-24
   1176.000000 7.039651e-24
   1178.000000 7.486413e-24
   1180.000000 7.486413e-24
   1182.000000 6.674112e-24
   1184.000000 6.674112e-24
   1186.000000 6.781202e-24
   1188.000000 6.781202e-24
   1190.000000 7.181227e-24
   1192.000000 7.181227e-24
   1194.000000 7.280212e-24
   1196.000000 7.280212e-24
   1198.000000 6.598592e-24
   1200.000000 6.598592e-24
   1202.000000 7.507639e-24
   1204.000000 7.507639e-24
   1206.000000 7.206138e-24
   1208.000000 7.206138e-24
   1210.000000 7.091278e-24
   1212.000000 7.091278e-24
   1214.000000 7.008239e-24
   1216.000000 7.008239e-24
   1218.000000 7.439445e-24
   1220.000000 7.439445e-24
   1222.000000 7.106878e-24
   1224.000000 7.106878e-24
   1226.000000 6.945249e-24
   1228.000000 6.945249e-24
   1230.000000 7.639538e-24
   1232.000000 7.639538e-24
   1234.000000 7.383876e-24
   1236.000000 7.383876e-24
   1238.000000 7.207455e-24
   1240.000000 7.207455e-24
   1242.000000 7.318271e-24
   1244.000000 7.318271e-24
   1246.000000 7.148866e-24
   1248.000000 7.148866e-24
   1250.000000 6.904267e-24
   1252.000000 6.904267e-24
   1254.000000 7.487030e-24
   1256.000000 7.487030e-24
   1258.000000 7.465810e-24
   1260.000000 7.465810e-24
   1262.000000 7.712254e-24
   1264.000000 7.712254e-24
   1266.000000 6.736129e-24
   1268.000000 6.736129e-24
   1270.000000 7.411165e-24
   1272.000000 7.411165e-24
   1274.000000 7.373467e-24
   1276.000000 7.373467e-24
   1278.000000 7.302826e-24
   1280.000000 7.302826e-24
   1282.000000 6.980502e-24
   1284.000000 6.980502e-24
   1286.000000 7.514972e-24
   1288.000000 7.514972e-24
   1290.000000 7.100882e-24
   1292.000000 7.100882e-24
   1294.000000 7.001600e-24
   1296.000000 7.001600e-24
   1298.000000 7.389063e-24
   1300.000000 7.389063e-24
   1302.000000 7.319568e-24
   1304.000000 7.319568e-24
   1306.000000 7.300827e-24
   1308.000000 7.300827e-24
   1310.000000 6.760020e-24
   1312.000000 6.760020e-24
   1314.000000 7.172754e-24
   1316.000000 7.172754e-24
   1318.000000 7.679436e-24
   1320.000000 7.679436e-24
   1322.000000 7.109596e-24
   1324.000000 7.109596e-24
   1326.000000 7.417495e-24
   1328.000000 7.417495e-24
   1330.000000 7.583477e-24
   1332.000000 7.583477e-24
   1334.000000 7.799752e-24
   1336.000000 7.799752e-24
   1338.000000 7.731948e-24
   1340.000000 7.731948e-24
   1342.000000 7.018940e-24
   1344.000000 7.018940e-24
   1346.000000 7.430090e-24
   1348.000000 7.430090e-24
   1350.000000 7.452781e-24
   1352.000000 7.452781e-24
   1354.000000 7.493259e-24
   1356.000000 7.493259e-24
   1358.000000 7.021655e-24
   1360.000000 7.021655e-24
   1362.000000 7.099444e-24
   1364.000000 7.099444e-24
   1366.000000 7.871188e-24
   1368.000000 7.871188e-24
   1370.000000 7.544302e-24
   1372.000000 7.544302e-24
   1374.000000 7.498223e-24
   1376.000000 7.498223e-24
   1378.000000 7.174283e-24
   1380.000000 7.174283e-24
   1382.000000 6.920252e-24
   1384.000000 6.920252e-24
   1386.000000 7.742913e-24
   1388.000000 7.742913e-24
   1390.000000 7.466921e-24
   1392.000000 7.466921e-24
   1394.000000 7.646073e-24
   1396.000000 7.646073e-24
   1398.000000 7.743302e-24
   1400.000000 7.743302e-24
   1402.000000 7.353988e-24
   1404.000000 7.353988e-24
   1406.000000 8.158488e-24
   1408.000000 8.158488e-24
   1410.000000 7.668677e-24
   1412.000000 7.668677e-24
   1414.000000 7.388394e-24
   1416.000000 7.388394e-24
   1418.000000 7.185466e-24
   1420.000000 7.185466e-24
   1422.000000 7.499278e-24
   1424.000000 7.499278e-24
   1426.000000 7.666962e-24
   1428.000000 7.666962e-24
   1430.000000 7.344421e-24
   1432.000000 7.344421e-24
   1434.000000 7.880017e-24
   1436.000000 7.880017e-24
   1438.000000 7.333322e-24
   1440.000000 7.333322e-24
   1442.000000 7.939864e-24
   1444.000000 7.939864e-24
   1446.000000 7.993069e-24
   1448.000000 7.993069e-24
   1450.000000 7.746593e-24
   1452.000000 7.746593e-24
   1454.000000 7.544267e-24
   1456.000000 7.544267e-24
   1458.000000 8.045190e-24
   1460.000000 8.045190e-24
   1462.000000 7.790134e-24
   1464.000000 7.790134e-24
   1466.000000 8.135872e-24
   1468.000000 8.135872e-24
   1470.000000 7.224393e-24
   1472.000000 7.224393e-24
   1474.000000 7.893763e-24
   1476.000000 7.893763e-24
   1478.000000 7.903311e-24
   1480.000000 7.903311e-24
   1482.000000 7.604868e-24
   1484.000000 7.604868e-24
   1486.000000 7.787441e-24
   1488.000000 7.787441e-24
   1490.000000 7.470276e-24
   1492.000000 7.470276e-24
   1494.000000 7.223709e-24
   1496.000000 7.223709e-24
   1498.000000 7.254593e-24
   1500.000000 7.254593e-24
   1502.000000 8.176896e-24
   1504.000000 8.176896e-24
   1506.000000 8.365521e-24
   1508.000000 8.365521e-24
   1510.000000 8.036230e-24
   1512.000000 8.036230e-24
   1514.000000 7.743321e-24
   1516.000000 7.743321e-24
   1518.000000 7.788924e-24
   1520.000000 7.788924e-24
   1522.000000 7.986840e-24
   1524.000000 7.986840e-24
   1526.000000 7.305082e-24
   1528.000000 7.305082e-24
   1530.000000 8.146392e-24
   1532.000000 8.146392e-24
   1534.000000 8.402937e-24
   1536.000000 8.402937e-24
   1538.000000 8.497598e-24
   1540.000000 8.497598e-24
   1542.000000 7.404803e-24
   1544.000000 7.404803e-24
   1546.000000 7.850699e-24
   1548.000000 7.850699e-24
   1550.000000 8.066753e-24
   1552.000000 8.066753e-24
   1554.000000 7.820277e-24
   1556.000000 7.820277e-24
   1558.000000 8.581413e-24
   1560.000000 8.581413e-24
   1562.000000 7.369763e-24
   1564.000000 7.369763e-24
   1566.000000 8.114186e-24
   1568.000000 8.114186e-24
   1570.000000 7.878369e-24
   1572.000000 7.878369e-24
   1574.000000 7.868162e-24
   1576.000000 7.868162e-24
   1578.000000 8.239984e-24
   1580.000000 8.239984e-24
   1582.000000 7.691322e-24
   1584.000000 7.691322e-24
   1586.000000 8.516643e-24
   1588.000000 8.516643e-24
   1590.000000 7.302096e-24
   1592.000000 7.302096e-24
   1594.000000 8.508796e-24
   1596.000000 8.508796e-24
   1598.000000 8.298091e-24
   1600.000000 8.298091e-24
   1602.000000 8.575435e-24
   1604.000000 8.575435e-24
   1606.000000 9.348908e-24
   1608.000000 9.348908e-24
   1610.000000 8.163212e-24
   1612.000000 8.163212e-24
   1614.000000 7.928708e-24
   1616.000000 7.928708e-24
   1618.000000 8.203021e-24
   1620.000000 8.203021e-24
   1622.000000 8.519664e-24
   1624.000000 8.519664e-24
   1626.000000 8.007996e-24
   1628.000000 8.007996e-24
   1630.000000 7.607360e-24
   1632.000000 7.607360e-24
   1634.000000 8.312662e-24
   1636.000000 8.312662e-24
   1638.000000 9.106825e-24
   1640.000000 9.106825e-24
   1642.000000 8.571299e-24
   1644.000000 8.571299e-24
   1646.000000 8.505262e-24
   1648.000000 8.505262e-24
   1650.000000 8.311639e-24
   1652.000000 8.311639e-24
   1654.000000 8.297026e-24
   1656.000000 8.297026e-24
   1658.000000 8.558369e-24
   1660.000000 8.558369e-24
   1662.000000 9.035433e-24
   1664.000000 9.035433e-24
   1666.000000 8.638841e-24
   1668.000000 8.638841e-24
   1670.000000 8.651392e-24
   1672.000000 8.651392e-24
   1674.000000 8.756973e-24
   1676.000000 8.756973e-24
   1678.000000 8.662784e-24
   1680.000000 8.662784e-24
   1682.000000 8.363093e-24
   1684.000000 8.363093e-24
   1686.000000 8.723432e-24
   1688.000000 8.723432e-24
   1690.000000 8.436174e-24
   1692.000000 8.436174e-24
   1694.000000 8.859034e-24
   1696.000000 8.859034e-24
   1698.000000 8.471485e-24
   1700.000000 8.471485e-24
   1702.000000 7.851650e-24
   1704.000000 7.851650e-24
   1706.000000 8.568783e-24
   1708.000000 8.568783e-24
   1710.000000 8.793346e-24
   1712.000000 8.793346e-24
   1714.000000 9.019836e-24
   1716.000000 9.019836e-24
   1718.000000 8.746288e-24
   1720.000000 8.746288e-24
   1722.000000 8.781692e-24
   1724.000000 8.781692e-24
   1726.000000 8.926302e-24
   1728.000000 8.926302e-24
   1730.000000 9.112761e-24
   1732.000000 9.112761e-24
   1734.000000 8.492325e-24
   1736.000000 8.492325e-24
   1738.000000 8.243621e-24
   1740.000000 8.243621e-24
   1742.000000 8.178183e-24
   1744.000000 8.178183e-24
   1746.000000 8.547617e-24
   1748.000000 8.547617e-24
   1750.000000 8.908880e-24
   1752.000000 8.908880e-24
   1754.000000 8.883143e-24
   1756.000000 8.883143e-24
   1758.000000 9.014370e-24
   1760.000000 9.014370e-24
   1762.000000 8.540735e-24
   1764.000000 8.540735e-24
   1766.000000 9.030209e-24
   1768.000000 9.030209e-24
   1770.000000 8.997710e-24
   1772.000000 8.997710e-24
   1774.000000 8.600203e-24
   1776.000000 8.600203e-24
   1778.000000 8.413512e-24
   1780.000000 8.413512e-24
   1782.000000 8.976502e-24
   1784.000000 8.976502e-24
   1786.000000 8.721250e-24
   1788.000000 8.721250e-24
   1790.000000 8.964354e-24
   1792.000000 8.964354e-24
   1794.000000 9.128072e-24
   1796.000000 9.128072e-24
   1798.000000 9.087715e-24
   1800.000000 9.087715e-24
   1802.000000 8.490467e-24
   1804.000000 8.490467e-24
   1806.000000 7.961311e-24
   1808.000000 7.961311e-24
   1810.000000 8.819947e-24
   1812.000000 8.819947e-24
   1814.000000 9.510556e-24
   1816.000000 9.510556e-24
   1818.000000 9.451947e-24
   1820.000000 9.451947e-24
   1822.000000 9.345007e-24
   1824.000000 9.345007e-24
   1826.000000 9.678035e-24
   1828.000000 9.678035e-24
   1830.000000 9.742323e-24
   1832.000000 9.742323e-24
   1834.000000 8.525909e-24
   1836.000000 8.525909e-24
   1838.000000 9.500138e-24
   1840.000000 9.500138e-24
   1842.000000 9.223180e-24
   1844.000000 9.223180e-24
   1846.000000 9.404223e-24
   1848.000000 9.404223e-24
   1850.000000 9.391895e-24
   1852.000000 9.391895e-24
   1854.000000 8.912328e-24
   1856.000000 8.912328e-24
   1858.000000 8.908565e-24
   1860.000000 8.908565e-24
   1862.000000 8.746876e-24
   1864.000000 8.746876e-24
   1866.000000 9.016823e-24
   1868.000000 9.016823e-24
   1870.000000 8.171903e-24
   1872.000000 8.171903e-24
   1874.000000 9.103491e-24
   1876.000000 9.103491e-24
   1878.000000 9.129857e-24
   1880.000000 9.129857e-24
   1882.000000 9.264556e-24
   1884.000000 9.264556e-24
   1886.000000 8.734206e-24
   1888.000000 8.734206e-24
   1890.000000 8.929458e-24
   1892.000000 8.929458e-24
   1894.000000 8.916233e-24
   1896.000000 8.916233e-24
   1898.000000 9.984339e-24
   1900.000000 9.984339e-24
   1902.000000 9.338545e-24
   1904.000000 9.338545e-24
   1906.000000 9.672210e-24
   1908.000000 9.672210e-24
   1910.000000 9.907636e-24
   1912.000000 9.907636e-24
   1914.000000 9.502677e-24
   1916.000000 9.502677e-24
   1918.000000 9.687083e-24
   1920.000000 9.687083e-24
   1922.000000 8.763307e-24
   1924.000000 8.763307e-24
   1926.000000 9.649988e-24
   1928.000000 9.649988e-24
   1930.000000 9.771580e-24
   1932.000000 9.771580e-24
   1934.000000 9.381962e-24
   1936.000000 9.381962e-24
   1938.000000 9.021021e-24
   1940.000000 9.021021e-24
   1942.000000 9.683014e-24
   1944.000000 9.683014e-24
   1946.000000 8.794435e-24
   1948.000000 8.794435e-24
   1950.000000 9.605865e-24
   1952.000000 9.605865e-24
   1954.000000 9.490160e-24
   1956.000000 9.490160e-24
   1958.000000 1.004877e-23
   1960.000000 1.004877e-23
   1962.000000 9.827572e-24
   1964.000000 9.827572e-24
   1966.000000 9.425663e-24
   1968.000000 9.425663e-24
   1970.000000 9.789359e-24
   1972.000000 9.789359e-24
   1974.000000 9.288449e-24
   1976.000000 9.288449e-24
   1978.000000 9.728139e-24
   1980.000000 9.728139e-24
   1982.000000 9.904716e-24
   1984.000000 9.904716e-24
   1986.000000 9.879843e-24
   1988.000000 9.879843e-24
   1990.000000 9.122325e-24
   1992.000000 9.122325e-24
   1994.000000 9.787085e-24
   1996.000000 9.787085e-24
   1998.000000 9.863329e-24
   2000.000000 9.863329e-24
   2002.000000 9.695459e-24
   2004.000000 9.695459e-24
   2006.000000 8.745798e-24
   2008.000000 8.745798e-24
   2010.000000 1.015243e-23
   2012.000000 1.015243e-23
   2014.000000 9.431020e-24
   2016.000000 9.431020e-24
   2018.000000 1.048377e-23
   2020.000000 1.048377e-23
   2022.000000 9.981746e-24
   2024.000000 9.981746e-24
   2026.000000 9.275522e-24
   2028.000000 9.275522e-24
   2030.000000 9.185626e-24
   2032.000000 9.185626e-24
   2034.000000 9.383561e-24
   2036.000000 9.383561e-24
   2038.000000 9.971473e-24
   2040.000000 9.971473e-24
   2042.000000 1.070427e-23
   2044.000000 1.070427e-23
   2046.000000 1.020683e-23
   2048.000000 1.020683e-23
   2050.000000 1.018775e-23
   2052.000000 1.018775e-23
   2054.000000 9.817367e-24
   2056.000000 9.817367e-24
   2058.000000 9.946252e-24
   2060.000000 9.946252e-24
   2062.000000 1.024079e-23
   2064.000000 1.024079e-23
   2066.000000 1.056921e-23
   2068.000000 1.056921e-23
   2070.000000 9.984586e-24
   2072.000000 9.984586e-24
   2074.000000 9.842210e-24
   2076.000000 9.842210e-24
   2078.000000 9.929752e-24
   2080.000000 9.929752e-24
   2082.000000 1.017465e-23
   2084.000000 1.017465e-23
   2086.000000 9.496817e-24
   2088.000000 9.496817e-24
   2090.000000 1.005031e-23
   2092.000000 1.005031e-23
   2094.000000 9.892631e-24
   2096.000000 9.892631e-24
   2098.000000 9.808269e-24
   2100.000000 9.808269e-24
   2102.000000 1.047352e-23
   2104.000000 1.047352e-23
   2106.000000 1.060201e-23
   2108.000000 1.060201e-23
   2110.000000 9.894697e-24
   2112.000000 9.894697e-24
   2114.000000 1.064623e-23
   2116.000000 1.064623e-23
   2118.000000 1.027694e-23
   2120.000000 1.027694e-23
   2122.000000 1.050448e-23
   2124.000000 1.050448e-23
   2126.000000 9.640446e-24
   2128.000000 9.640446e-24
   2130.000000 1.025730e-23
   2132.000000 1.025730e-23
   2134.000000 1.022869e-23
   2136.000000 1.022869e-23
   2138.000000 1.034090e-23
   2140.000000 1.034090e-23
   2142.000000 1.028019e-23
   2144.000000 1.028019e-23
   2146.000000 9.756061e-24
   2148.000000 9.756061e-24
   2150.000000 1.011799e-23
   2152.000000 1.011799e-23
   2154.000000 1.061509e-23
   2156.000000 1.061509e-23
   2158.000000 1.008296e-23
   2160.000000 1.008296e-23
   2162.000000 1.011665e-23
   2164.000000 1.011665e-23
   2166.000000 1.056857e-23
   2168.000000 1.056857e-23
   2170.000000 1.113952e-23
   2172.000000 1.113952e-23
   2174.000000 9.931757e-24
   2176.000000 9.931757e-24
   2178.000000 9.346342e-24
   2180.000000 9.346342e-24
   2182.000000 1.039050e-23
   2184.000000 1.039050e-23
   2186.000000 1.021873e-23
   2188.000000 1.021873e-23
   2190.000000 1.124918e-23
   2192.000000 1.124918e-23
   2194.000000 1.132311e-23
   2196.000000 1.132311e-23
   2198.000000 1.083123e-23
   2200.000000 1.083123e-23
   2202.000000 1.090393e-23
   2204.000000 1.090393e-23
   2206.000000 1.001709e-23
   2208.000000 1.001709e-23
   2210.000000 1.038401e-23
   2212.000000 1.038401e-23
   2214.000000 1.009084e-23
   2216.000000 1.009084e-23
   2218.000000 1.166659e-23
   2220.000000 1.166659e-23
   2222.000000 1.128412e-23
   2224.000000 1.128412e-23
   2226.000000 1.053062e-23
   2228.000000 1.053062e-23
   2230.000000 1.024713e-23
   2232.000000 1.024713e-23
   2234.000000 9.610717e-24
   2236.000000 9.610717e-24
   2238.000000 1.029956e-23
   2240.000000 1.029956e-23
   2242.000000 1.116134e-23
   2244.000000 1.116134e-23
   2246.000000 1.065425e-23
   2248.000000 1.065425e-23
   2250.000000 1.006275e-23
   2252.000000 1.006275e-23
   2254.000000 1.084549e-23
   2256.000000 1.084549e-23
   2258.000000 1.074832e-23
   2260.000000 1.074832e-23
   2262.000000 1.035380e-23
   2264.000000 1.035380e-23
   2266.000000 1.042722e-23
   2268.000000 1.042722e-23
   2270.000000 1.086518e-23
   2272.000000 1.086518e-23
   2274.000000 9.877037e-24
   2276.000000 9.877037e-24
   2278.000000 1.090850e-23
   2280.000000 1.090850e-23
   2282.000000 1.107448e-23
   2284.000000 1.107448e-23
   2286.000000 1.092019e-23
   2288.000000 1.092019e-23
   2290.000000 1.129254e-23
   2292.000000 1.129254e-23
   2294.000000 9.840648e-24
   2296.000000 9.840648e-24
   2298.000000 9.970547e-24
   2300.000000 9.970547e-24
   2302.000000 1.089177e-23
   2304.000000 1.089177e-23
   2306.000000 1.042702e-23
   2308.000000 1.042702e-23
   2310.000000 1.119490e-23
   2312.000000 1.119490e-23
   2314.000000 1.097969e-23
   2316.000000 1.097969e-23
   2318.000000 1.071594e-23
   2320.000000 1.071594e-23
   2322.000000 1.094155e-23
   2324.000000 1.094155e-23
   2326.000000 1.117868e-23
   2328.000000 1.117868e-23
   2330.000000 1.096801e-23
   2332.000000 1.096801e-23
   2334.000000 1.159468e-23
   2336.000000 1.159468e-23
   2338.000000 1.124914e-23
   2340.000000 1.124914e-23
   2342.000000 1.053026e-23
   2344.000000 1.053026e-23
   2346.000000 1.020956e-23
   2348.000000 1.020956e-23
   2350.000000 1.108209e-23
   2352.000000 1.108209e-23
   2354.000000 1.117604e-23
   2356.000000 1.117604e-23
   2358.000000 1.076768e-23
   2360.000000 1.076768e-23
   2362.000000 1.156828e-23
   2364.000000 1.156828e-23
   2366.000000 1.096099e-23
   2368.000000 1.096099e-23
   2370.000000 1.123347e-23
   2372.000000 1.123347e-23
   2374.000000 1.136704e-23
   2376.000000 1.136704e-23
   2378.000000 1.121053e-23
   2380.000000 1.121053e-23
   2382.000000 1.100546e-23
   2384.000000 1.100546e-23
   2386.000000 1.134850e-23
   2388.000000 1.134850e-23
   2390.000000 1.020026e-23
   2392.000000 1.020026e-23
   2394.000000 1.114246e-23
   2396.000000 1.114246e-23
   2398.000000 1.148466e-23
   2400.000000 1.148466e-23
   2402.000000 1.076505e-23
   2404.000000 1.076505e-23
   2406.000000 1.155455e-23
   2408.000000 1.155455e-23
   2410.000000 1.080222e-23
   2412.000000 1.080222e-23
   2414.000000 1.187359e-23
   2416.000000 1.187359e-23
   2418.000000 1.085861e-23
   2420.000000 1.085861e-23
   2422.000000 1.154329e-23
   2424.000000 1.154329e-23
   2426.000000 1.144932e-23
   2428.000000 1.144932e-23
   2430.000000 1.050860e-23
   2432.000000 1.050860e-23
   2434.000000 1.122050e-23
   2436.000000 1.122050e-23
   2438.000000 1.124358e-23
   2440.000000 1.124358e-23
   2442.000000 1.125594e-23
   2444.000000 1.125594e-23
   2446.000000 1.076980e-23
   2448.000000 1.076980e-23
   2450.000000 1.112478e-23
   2452.000000 1.112478e-23
   2454.000000 1.118216e-23
   2456.000000 1.118216e-23
   2458.000000 1.268478e-23
   2460.000000 1.268478e-23
   2462.000000 1.142790e-23
   2464.000000 1.142790e-23
   2466.000000 1.112404e-23
   2468.000000 1.112404e-23
   2470.000000 1.128518e-23
   2472.000000 1.128518e-23
   2474.000000 1.117548e-23
   2476.000000 1.117548e-23
   2478.000000 1.160421e-23
   2480.000000 1.160421e-23
   2482.000000 1.165647e-23
   2484.000000 1.165647e-23
   2486.000000 1.252917e-23
   2488.000000 1.252917e-23
   2490.000000 1.199866e-23
   2492.000000 1.199866e-23
   2494.000000 1.110305e-23
   2496.000000 1.110305e-23
   2498.000000 1.186648e-23
   2500.000000 1.186648e-23
   2502.000000 1.133351e-23
   2504.000000 1.133351e-23
   2506.000000 1.170878e-23
   2508.000000 1.170878e-23
   2510.000000 1.114146e-23
   2512.000000 1.114146e-23
   2514.000000 1.185486e-23
   2516.000000 1.185486e-23
   2518.000000 1.241098e-23
   2520.000000 1.241098e-23
   2522.000000 1.050932e-23
   2524.000000 1.050932e-23
   2526.000000 1.194577e-23
   2528.000000 1.194577e-23
   2530.000000 1.132644e-23
   2532.000000 1.132644e-23
   2534.000000 1.142397e-23
   2536.000000 1.142397e-23
   2538.000000 1.115724e-23
   2540.000000 1.115724e-23
   2542.000000 1.100076e-23
   2544.000000 1.100076e-23
   2546.000000 1.121110e-23
   2548.000000 1.121110e-23
   2550.000000 1.110652e-23
   2552.000000 1.110652e-23
   2554.000000 1.202646e-23
   2556.000000 1.202646e-23
   2558.000000 1.153715e-23
   2560.000000 1.153715e-23
   2562.000000 1.170647e-23
   2564.000000 1.170647e-23
   2566.000000 1.147449e-23
   2568.000000 1.147449e-23
   2570.000000 1.172025e-23
   2572.000000 1.172025e-23
   2574.000000 1.115996e-23
   2576.000000 1.115996e-23
   2578.000000 1.239661e-23
   2580.000000 1.239661e-23
   2582.000000 1.184751e-23
   2584.000000 1.184751e-23
   2586.000000 1.154780e-23
   2588.000000 1.154780e-23
   2590.000000 1.191600e-23
   2592.000000 1.191600e-23
   2594.000000 1.201643e-23
   2596.000000 1.201643e-23
   2598.000000 1.111289e-23
   2600.000000 1.111289e-23
   2602.000000 1.244665e-23
   2604.000000 1.244665e-23
   2606.000000 1.214141e-23
   2608.000000 1.214141e-23
   2610.000000 1.203124e-23
   2612.000000 1.203124e-23
   2614.000000 1.243013e-23
   2616.000000 1.243013e-23
   2618.000000 1.250118e-23
   2620.000000 1.250118e-23
   2622.000000 1.180543e-23
   2624.000000 1.180543e-23
   2626.000000 1.208833e-23
   2628.000000 1.208833e-23
   2630.000000 1.218265e-23
   2632.000000 1.218265e-23
   2634.000000 1.133585e-23
   2636.000000 1.133585e-23
   2638.000000 1.251476e-23
   2640.000000 1.251476e-23
   2642.000000 1.207877e-23
   2644.000000 1.207877e-23
   2646.000000 1.216445e-23
   2648.000000 1.216445e-23
   2650.000000 1.190563e-23
   2652.000000 1.190563e-23
   2654.000000 1.253066e-23
   2656.000000 1.253066e-23
   2658.000000 1.202966e-23
   2660.000000 1.202966e-23
   2662.000000 1.233225e-23
   2664.000000 1.233225e-23
   2666.000000 1.244234e-23
   2668.000000 1.244234e-23
   2670.000000 1.174853e-23
   2672.000000 1.174853e-23
   2674.000000 1.289621e-23
   2676.000000 1.289621e-23
   2678.000000 1.199745e-23
   2680.000000 1.199745e-23
   2682.000000 1.240110e-23
   2684.000000 1.240110e-23
   2686.000000 1.155673e-23
   2688.000000 1.155673e-23
   2690.000000 1.241535e-23
   2692.000000 1.241535e-23
   2694.000000 1.239733e-23
   2696.000000 1.239733e-23
   2698.000000 1.168139e-23
   2700.000000 1.168139e-23
   2702.000000 1.279511e-23
   2704.000000 1.279511e-23
   2706.000000 1.251699e-23
   2708.000000 1.251699e-23
   2710.000000 1.214002e-23
   2712.000000 1.214002e-23
   2714.000000 1.180777e-23
   2716.000000 1.180777e-23
   2718.000000 1.208428e-23
   2720.000000 1.208428e-23
   2722.000000 1.283759e-23
   2724.000000 1.283759e-23
   2726.000000 1.312672e-23
   2728.000000 1.312672e-23
   2730.000000 1.271907e-23
   2732.000000 1.271907e-23
   2734.000000 1.203139e-23
   2736.000000 1.203139e-23
   2738.000000 1.224587e-23
   2740.000000 1.224587e-23
   2742.000000 1.213064e-23
   2744.000000 1.213064e-23
   2746.000000 1.145496e-23
   2748.000000 1.145496e-23
   2750.000000 1.226179e-23
   2752.000000 1.226179e-23
   2754.000000 1.312003e-23
   2756.000000 1.312003e-23
   2758.000000 1.305453e-23
   2760.000000 1.305453e-23
   2762.000000 1.247780e-23
   2764.000000 1.247780e-23
   2766.000000 1.254750e-23
   2768.000000 1.254750e-23
   2770.000000 1.324197e-23
   2772.000000 1.324197e-23
   2774.000000 1.323808e-23
   2776.000000 1.323808e-23
   2778.000000 1.219610e-23
   2780.000000 1.219610e-23
   2782.000000 1.265300e-23
   2784.000000 1.265300e-23
   2786.000000 1.354468e-23
   2788.000000 1.354468e-23
   2790.000000 1.299743e-23
   2792.000000 1.299743e-23
   2794.000000 1.265363e-23
   2796.000000 1.265363e-23
   2798.000000 1.272750e-23
   2800.000000 1.272750e-23
   2802.000000 1.344530e-23
   2804.000000 1.344530e-23
   2806.000000 1.350418e-23
   2808.000000 1.350418e-23
   2810.000000 1.283999e-23
   2812.000000 1.283999e-23
   2814.000000 1.321808e-23
   2816.000000 1.321808e-23
   2818.000000 1.319629e-23
   2820.000000 1.319629e-23
   2822.000000 1.286953e-23
   2824.000000 1.286953e-23
   2826.000000 1.359067e-23
   2828.000000 1.359067e-23
   2830.000000 1.400728e-23
   2832.000000 1.400728e-23
   2834.000000 1.323342e-23
   2836.000000 1.323342e-23
   2838.000000 1.312387e-23
   2840.000000 1.312387e-23
   2842.000000 1.258713e-23
   2844.000000 1.258713e-23
   2846.000000 1.380042e-23
   2848.000000 1.380042e-23
   2850.000000 1.264497e-23
   2852.000000 1.264497e-23
   2854.000000 1.270858e-23
   2856.000000 1.270858e-23
   2858.000000 1.247845e-23
   2860.000000 1.247845e-23
   2862.000000 1.296065e-23
   2864.000000 1.296065e-23
   2866.000000 1.378867e-23
   2868.000000 1.378867e-23
   2870.000000 1.333750e-23
   2872.000000 1.333750e-23
   2874.000000 1.441872e-23
   2876.000000 1.441872e-23
   2878.000000 1.252492e-23
   2880.000000 1.252492e-23
   2882.000000 1.249845e-23
   2884.000000 1.249845e-23
   2886.000000 1.301494e-23
   2888.000000 1.301494e-23
   2890.000000 1.337892e-23
   2892.000000 1.337892e-23
   2894.000000 1.343220e-23
   2896.000000 1.343220e-23
   2898.000000 1.370441e-23
   2900.000000 1.370441e-23
   2902.000000 1.339433e-23
   2904.000000 1.339433e-23
   2906.000000 1.399006e-23
   2908.000000 1.399006e-23
   2910.000000 1.332216e-23
   2912.000000 1.332216e-23
   2914.000000 1.365750e-23
   2916.000000 1.365750e-23
   2918.000000 1.294158e-23
   2920.000000 1.294158e-23
   2922.000000 1.312497e-23
   2924.000000 1.312497e-23
   2926.000000 1.307441e-23
   2928.000000 1.307441e-23
   2930.000000 1.336849e-23
   2932.000000 1.336849e-23
   2934.000000 1.277983e-23
   2936.000000 1.277983e-23
   2938.000000 1.357096e-23
   2940.000000 1.357096e-23
   2942.000000 1.360866e-23
   2944.000000 1.360866e-23
   2946.000000 1.309801e-23
   2948.000000 1.309801e-23
   2950.000000 1.344027e-23
   2952.000000 1.344027e-23
   2954.000000 1.448194e-23
   2956.000000 1.448194e-23
   2958.000000 1.327765e-23
   2960.000000 1.327765e-23
   2962.000000 1.328455e-23
   2964.000000 1.328455e-23
   2966.000000 1.318491e-23
   2968.000000 1.318491e-23
   2970.000000 1.345049e-23
   2972.000000 1.345049e-23
   2974.000000 1.321450e-23
   2976.000000 1.321450e-23
   2978.000000 1.339859e-23
   2980.000000 1.339859e-23
   2982.000000 1.371205e-23
   2984.000000 1.371205e-23
   2986.000000 1.330408e-23
   2988.000000 1.330408e-23
   2990.000000 1.334877e-23
   2992.000000 1.334877e-23
   2994.000000 1.269165e-23
   2996.000000 1.269165e-23
   2998.000000 1.354077e-23
   3000.000000 1.354077e-23
   3002.000000 1.320038e-23
   3004.000000 1.320038e-23
   3006.000000 1.371080e-23
   3008.000000 1.371080e-23
   3010.000000 1.394123e-23
   3012.000000 1.394123e-23
   3014.000000 1.369440e-23
   3016.000000 1.369440e-23
   3018.000000 1.367781e-23
   3020.000000 1.367781e-23
   3022.000000 1.334045e-23
   3024.000000 1.334045e-23
   3026.000000 1.418974e-23
   3028.000000 1.418974e-23
   3030.000000 1.372379e-23
   3032.000000 1.372379e-23
   3034.000000 1.372946e-23
   3036.000000 1.372946e-23
   3038.000000 1.365710e-23
   3040.000000 1.365710e-23
   3042.000000 1.328991e-23
   3044.000000 1.328991e-23
   3046.000000 1.433489e-23
   3048.000000 1.433489e-23
   3050.000000 1.412807e-23
   3052.000000 1.412807e-23
   3054.000000 1.368077e-23
   3056.000000 1.368077e-23
   3058.000000 1.427123e-23
   3060.000000 1.427123e-23
   3062.000000 1.429053e-23
   3064.000000 1.429053e-23
   3066.000000 1.344937e-23
   3068.000000 1.344937e-23
   3070.000000 1.329181e-23
   3072.000000 1.329181e-23
   3074.000000 1.317311e-23
   3076.000000 1.317311e-23
   3078.000000 1.384728e-23
   3080.000000 1.384728e-23
   3082.000000 1.450344e-23
   3084.000000 1.450344e-23
   3086.000000 1.282800e-23
   3088.000000 1.282800e-23
   3090.000000 1.316784e-23
   3092.000000 1.316784e-23
   3094.000000 1.358186e-23
   3096.000000 1.358186e-23
   3098.000000 1.288416e-23
   3100.000000 1.288416e-23
   3102.000000 1.407434e-23
   3104.000000 1.407434e-23
   3106.000000 1.377858e-23
   3108.000000 1.377858e-23
   3110.000000 1.382263e-23
   3112.000000 1.382263e-23
   3114.000000 1.365347e-23
   3116.000000 1.365347e-23
   3118.000000 1.402794e-23
   3120.000000 1.402794e-23
   3122.000000 1.452514e-23
   3124.000000 1.452514e-23
   3126.000000 1.300724e-23
   3128.000000 1.300724e-23
   3130.000000 1.466536e-23
   3132.000000 1.466536e-23
   3134.000000 1.441670e-23
   3136.000000 1.441670e-23
   3138.000000 1.452718e-23
   3140.000000 1.452718e-23
   3142.000000 1.386790e-23
   3144.000000 1.386790e-23
   3146.000000 1.369424e-23
   3148.000000 1.369424e-23
   3150.000000 1.422658e-23
   3152.000000 1.422658e-23
   3154.000000 1.396566e-23
   3156.000000 1.396566e-23
   3158.000000 1.463146e-23
   3160.000000 1.463146e-23
   3162.000000 1.334564e-23
   3164.000000 1.334564e-23
   3166.000000 1.362830e-23
   3168.000000 1.362830e-23
   3170.000000 1.442982e-23
   3172.000000 1.442982e-23
   3174.000000 1.444172e-23
   3176.000000 1.444172e-23
   3178.000000 1.443423e-23
   3180.000000 1.443423e-23
   3182.000000 1.422365e-23
   3184.000000 1.422365e-23
   3186.000000 1.451540e-23
   3188.000000 1.451540e-23
   3190.000000 1.425799e-23
   3192.000000 1.425799e-23
   3194.000000 1.403752e-23
   3196.000000 1.403752e-23
   3198.000000 1.412852e-23
   3200.000000 1.412852e-23
   3202.000000 1.463839e-23
   3204.000000 1.463839e-23
   3206.000000 1.476664e-23
   3208.000000 1.476664e-23
   3210.000000 1.391635e-23
   3212.000000 1.391635e-23
   3214.000000 1.377860e-23
   3216.000000 1.377860e-23
   3218.000000 1.414772e-23
   3220.000000 1.414772e-23
   3222.000000 1.568338e-23
   3224.000000 1.568338e-23
   3226.000000 1.422190e-23
   3228.000000 1.422190e-23
   3230.000000 1.375556e-23
   3232.000000 1.375556e-23
   3234.000000 1.425196e-23
   3236.000000 1.425196e-23
   3238.000000 1.448951e-23
   3240.000000 1.448951e-23
   3242.000000 1.508419e-23
   3244.000000 1.508419e-23
   3246.000000 1.489496e-23
   3248.000000 1.489496e-23
   3250.000000 1.531941e-23
   3252.000000 1.531941e-23
   3254.000000 1.338931e-23
   3256.000000 1.338931e-23
   3258.000000 1.437315e-23
   3260.000000 1.437315e-23
   3262.000000 1.441347e-23
   3264.000000 1.441347e-23
   3266.000000 1.498204e-23
   3268.000000 1.498204e-23
   3270.000000 1.411021e-23
   3272.000000 1.411021e-23
   3274.000000 1.453887e-23
   3276.000000 1.453887e-23
   3278.000000 1.390882e-23
   3280.000000 1.390882e-23
   3282.000000 1.530303e-23
   3284.000000 1.530303e-23
   3286.000000 1.549381e-23
   3288.000000 1.549381e-23
   3290.000000 1.578548e-23
   3292.000000 1.578548e-23
   3294.000000 1.377981e-23
   3296.000000 1.377981e-23
   3298.000000 1.490938e-23
   3300.000000 1.490938e-23
   3302.000000 1.558266e-23
   3304.000000 1.558266e-23
   3306.000000 1.416413e-23
   3308.000000 1.416413e-23
   3310.000000 1.473705e-23
   3312.000000 1.473705e-23
   3314.000000 1.486221e-23
   3316.000000 1.486221e-23
   3318.000000 1.614339e-23
   3320.000000 1.614339e-23
   3322.000000 1.471667e-23
   3324.000000 1.471667e-23
   3326.000000 1.593503e-23
   3328.000000 1.593503e-23
   3330.000000 1.488121e-23
   3332.000000 1.488121e-23
   3334.000000 1.433917e-23
   3336.000000 1.433917e-23
   3338.000000 1.509814e-23
   3340.000000 1.509814e-23
   3342.000000 1.511025e-23
   3344.000000 1.511025e-23
   3346.000000 1.517553e-23
   3348.000000 1.517553e-23
   3350.000000 1.614999e-23
   3352.000000 1.614999e-23
   3354.000000 1.586799e-23
   3356.000000 1.586799e-23
   3358.000000 1.402225e-23
   3360.000000 1.402225e-23
   3362.000000 1.480717e-23
   3364.000000 1.480717e-23
   3366.000000 1.504597e-23
   3368.000000 1.504597e-23
   3370.000000 1.568920e-23
   3372.000000 1.568920e-23
   3374.000000 1.506210e-23
   3376.000000 1.506210e-23
   3378.000000 1.473759e-23
   3380.000000 1.473759e-23
   3382.000000 1.595005e-23
   3384.000000 1.595005e-23
   3386.000000 1.572011e-23
   3388.000000 1.572011e-23
   3390.000000 1.663074e-23
   3392.000000 1.663074e-23
   3394.000000 1.587491e-23
   3396.000000 1.587491e-23
   3398.000000 1.456737e-23
   3400.000000 1.456737e-23
   3402.000000 1.534681e-23
   3404.000000 1.534681e-23
   3406.000000 1.465906e-23
   3408.000000 1.465906e-23
   3410.000000 1.461429e-23
   3412.000000 1.461429e-23
   3414.000000 1.547670e-23
   3416.000000 1.547670e-23
   3418.000000 1.476288e-23
   3420.000000 1.476288e-23
   3422.000000 1.498863e-23
   3424.000000 1.498863e-23
   3426.000000 1.528851e-23
   3428.000000 1.528851e-23
   3430.000000 1.592079e-23
   3432.000000 1.592079e-23
   3434.000000 1.419417e-23
   3436.000000 1.419417e-23
   3438.000000 1.668957e-23
   3440.000000 1.668957e-23
   3442.000000 1.577037e-23
   3444.000000 1.577037e-23
   3446.000000 1.607077e-23
   3448.000000 1.607077e-23
   3450.000000 1.551168e-23
   3452.000000 1.551168e-23
   3454.000000 1.501423e-23
   3456.000000 1.501423e-23
   3458.000000 1.645045e-23
   3460.000000 1.645045e-23
   3462.000000 1.523584e-23
   3464.000000 1.523584e-23
   3466.000000 1.544139e-23
   3468.000000 1.544139e-23
   3470.000000 1.613309e-23
   3472.000000 1.613309e-23
   3474.000000 1.568001e-23
   3476.000000 1.568001e-23
   3478.000000 1.557264e-23
   3480.000000 1.557264e-23
   3482.000000 1.541181e-23
   3484.000000 1.541181e-23
   3486.000000 1.525613e-23
   3488.000000 1.525613e-23
   3490.000000 1.544264e-23
   3492.000000 1.544264e-23
   3494.000000 1.594346e-23
   3496.000000 1.594346e-23
   3498.000000 1.537387e-23
   3500.000000 1.537387e-23
   3502.000000 1.533645e-23
   3504.000000 1.533645e-23
   3506.000000 1.532834e-23
   3508.000000 1.532834e-23
   3510.000000 1.552970e-23
   3512.000000 1.552970e-23
   3514.000000 1.690443e-23
   3516.000000 1.690443e-23
   3518.000000 1.571730e-23
   3520.000000 1.571730e-23
   3522.000000 1.666310e-23
   3524.000000 1.666310e-23
   3526.000000 1.502752e-23
   3528.000000 1.502752e-23
   3530.000000 1.630275e-23
   3532.000000 1.630275e-23
   3534.000000 1.537558e-23
   3536.000000 1.537558e-23
   3538.000000 1.449154e-23
   3540.000000 1.449154e-23
   3542.000000 1.517040e-23
   3544.000000 1.517040e-23
   3546.000000 1.549061e-23
   3548.000000 1.549061e-23
   3550.000000 1.519285e-23
   3552.000000 1.519285e-23
   3554.000000 1.619220e-23
   3556.000000 1.619220e-23
   3558.000000 1.490357e-23
   3560.000000 1.490357e-23
   3562.000000 1.646998e-23
   3564.000000 1.646998e-23
   3566.000000 1.602079e-23
   3568.000000 1.602079e-23
   3570.000000 1.566904e-23
   3572.000000 1.566904e-23
   3574.000000 1.569517e-23
   3576.000000 1.569517e-23
   3578.000000 1.606328e-23
   3580.000000 1.606328e-23
   3582.000000 1.658626e-23
   3584.000000 1.658626e-23
   3586.000000 1.648412e-23
   3588.000000 1.648412e-23
   3590.000000 1.561699e-23
   3592.000000 1.561699e-23
   3594.000000 1.578727e-23
   3596.000000 1.578727e-23
   3598.000000 1.644520e-23
   3600.000000 1.644520e-23
   3602.000000 1.651421e-23
   3604.000000 1.651421e-23
   3606.000000 1.614707e-23
   3608.000000 1.614707e-23
   3610.000000 1.506834e-23
   3612.000000 1.506834e-23
   3614.000000 1.580588e-23
   3616.000000 1.580588e-23
   3618.000000 1.650817e-23
   3620.000000 1.650817e-23
   3622.000000 1.585621e-23
   3624.000000 1.585621e-23
   3626.000000 1.612922e-23
   3628.000000 1.612922e-23
   3630.000000 1.663959e-23
   3632.000000 1.663959e-23
   3634.000000 1.623435e-23
   3636.000000 1.623435e-23
   3638.000000 1.537177e-23
   3640.000000 1.537177e-23
   3642.000000 1.541007e-23
   3644.000000 1.541007e-23
   3646.000000 1.652442e-23
   3648.000000 1.652442e-23
   3650.000000 1.700455e-23
   3652.000000 1.700455e-23
   3654.000000 1.599732e-23
   3656.000000 1.599732e-23
   3658.000000 1.676517e-23
   3660.000000 1.676517e-23
   3662.000000 1.595563e-23
   3664.000000 1.595563e-23
   3666.000000 1.656393e-23
   3668.000000 1.656393e-23
   3670.000000 1.594495e-23
   3672.000000 1.594495e-23
   3674.000000 1.731108e-23
   3676.000000 1.731108e-23
   3678.000000 1.625275e-23
   3680.000000 1.625275e-23
   3682.000000 1.753628e-23
   3684.000000 1.753628e-23
   3686.000000 1.640221e-23
   3688.000000 1.640221e-23
   3690.000000 1.634672e-23
   3692.000000 1.634672e-23
   3694.000000 1.712272e-23
   3696.000000 1.712272e-23
   3698.000000 1.665167e-23
   3700.000000 1.665167e-23
   3702.000000 1.603175e-23
   3704.000000 1.603175e-23
   3706.000000 1.771887e-23
   3708.000000 1.771887e-23
   3710.000000 1.708289e-23
   3712.000000 1.708289e-23
   3714.000000 1.600464e-23
   3716.000000 1.600464e-23
   3718.000000 1.622503e-23
   3720.000000 1.622503e-23
   3722.000000 1.676835e-23
   3724.000000 1.676835e-23
   3726.000000 1.771220e-23
   3728.000000 1.771220e-23
   3730.000000 1.610702e-23
   3732.000000 1.610702e-23
   3734.000000 1.640769e-23
   3736.000000 1.640769e-23
   3738.000000 1.555272e-23
   3740.000000 1.555272e-23
   3742.000000 1.660570e-23
   3744.000000 1.660570e-23
   3746.000000 1.489001e-23
   3748.000000 1.489001e-23
   3750.000000 1.708586e-23
   3752.000000 1.708586e-23
   3754.000000 1.678508e-23
   3756.000000 1.678508e-23
   3758.000000 1.713824e-23
   3760.000000 1.713824e-23
   3762.000000 1.668374e-23
   3764.000000 1.668374e-23
   3766.000000 1.635256e-23
   3768.000000 1.635256e-23
   3770.000000 1.726040e-23
   3772.000000 1.726040e-23
   3774.000000 1.749565e-23
   3776.000000 1.749565e-23
   3778.000000 1.655741e-23
   3780.000000 1.655741e-23
   3782.000000 1.639874e-23
   3784.000000 1.639874e-23
   3786.000000 1.624442e-23
   3788.000000 1.624442e-23
   3790.000000 1.732246e-23
   3792.000000 1.732246e-23
   3794.000000 1.689847e-23
   3796.000000 1.689847e-23
   3798.000000 1.683300e-23
   3800.000000 1.683300e-23
   3802.000000 1.662838e-23
   3804.000000 1.662838e-23
   3806.000000 1.789401e-23
   3808.000000 1.789401e-23
   3810.000000 1.688191e-23
   3812.000000 1.688191e-23
   3814.000000 1.741036e-23
   3816.000000 1.741036e-23
   3818.000000 1.591660e-23
   3820.000000 1.591660e-23
   3822.000000 1.721908e-23
   3824.000000 1.721908e-23
   3826.000000 1.629617e-23
   3828.000000 1.629617e-23
   3830.000000 1.644319e-23
   3832.000000 1.644319e-23
   3834.000000 1.755410e-23
   3836.000000 1.755410e-23
   3838.000000 1.730712e-23
   3840.000000 1.730712e-23
   3842.000000 1.630171e-23
   3844.000000 1.630171e-23
   3846.000000 1.780578e-23
   3848.000000 1.780578e-23
   3850.000000 1.746205e-23
   3852.000000 1.746205e-23
   3854.000000 1.774655e-23
   3856.000000 1.774655e-23
   3858.000000 1.744572e-23
   3860.000000 1.744572e-23
   3862.000000 1.728489e-23
   3864.000000 1.728489e-23
   3866.000000 1.693377e-23
   3868.000000 1.693377e-23
   3870.000000 1.729303e-23
   3872.000000 1.729303e-23
   3874.000000 1.703331e-23
   3876.000000 1.703331e-23
   3878.000000 1.703058e-23
   3880.000000 1.703058e-23
   3882.000000 1.623705e-23
   3884.000000 1.623705e-23
   3886.000000 1.772463e-23
   3888.000000 1.772463e-23
   3890.000000 1.802932e-23
   3892.000000 1.802932e-23
   3894.000000 1.732392e-23
   3896.000000 1.732392e-23
   3898.000000 1.633695e-23
   3900.000000 1.633695e-23
   3902.000000 1.833156e-23
   3904.000000 1.833156e-23
   3906.000000 1.764985e-23
   3908.000000 1.764985e-23
   3910.000000 1.742185e-23
   3912.000000 1.742185e-23
   3914.000000 1.869535e-23
   3916.000000 1.869535e-23
   3918.000000 1.818720e-23
   3920.000000 1.818720e-23
   3922.000000 1.803142e-23
   3924.000000 1.803142e-23
   3926.000000 1.933580e-23
   3928.000000 1.933580e-23
   3930.000000 1.738084e-23
   3932.000000 1.738084e-23
   3934.000000 1.776401e-23
   3936.000000 1.776401e-23
   3938.000000 1.725377e-23
   3940.000000 1.725377e-23
   3942.000000 1.686794e-23
   3944.000000 1.686794e-23
   3946.000000 1.703843e-23
   3948.000000 1.703843e-23
   3950.000000 1.922175e-23
   3952.000000 1.922175e-23
   3954.000000 1.711815e-23
   3956.000000 1.711815e-23
   3958.000000 1.911514e-23
   3960.000000 1.911514e-23
   3962.000000 1.666324e-23
   3964.000000 1.666324e-23
   3966.000000 1.757828e-23
   3968.000000 1.757828e-23
   3970.000000 1.712219e-23
   3972.000000 1.712219e-23
   3974.000000 1.760527e-23
   3976.000000 1.760527e-23
   3978.000000 1.716695e-23
   3980.000000 1.716695e-23
   3982.000000 1.665684e-23
   3984.000000 1.665684e-23
   3986.000000 1.756388e-23
   3988.000000 1.756388e-23
   3990.000000 1.719985e-23
   3992.000000 1.719985e-23
   3994.000000 1.890482e-23
   3996.000000 1.890482e-23
   3998.000000 1.944710e-23
   4000.000000 1.944710e-23
   4002.000000 1.779830e-23
   4004.000000 1.779830e-23
   4006.000000 1.714255e-23
   4008.000000 1.714255e-23
   4010.000000 1.711927e-23
   4012.000000 1.711927e-23
   4014.000000 1.778147e-23
   4016.000000 1.778147e-23
   4018.000000 1.760354e-23
   4020.000000 1.760354e-23
   4022.000000 1.756225e-23
   4024.000000 1.756225e-23
   4026.000000 1.712746e-23
   4028.000000 1.712746e-23
   4030.000000 1.693863e-23
   4032.000000 1.693863e-23
   4034.000000 1.764500e-23
   4036.000000 1.764500e-23
   4038.000000 1.656157e-23
   4040.000000 1.656157e-23
   4042.000000 1.671010e-23
   4044.000000 1.671010e-23
   4046.000000 1.864742e-23
   4048.000000 1.864742e-23
   4050.000000 1.638807e-23
   4052.000000 1.638807e-23
   4054.000000 1.921341e-23
   4056.000000 1.921341e-23
   4058.000000 1.788717e-23
   4060.000000 1.788717e-23
   4062.000000 1.805570e-23
   4064.000000 1.805570e-23
   4066.000000 1.697333e-23
   4068.000000 1.697333e-23
   4070.000000 1.812049e-23
   4072.000000 1.812049e-23
   4074.000000 1.637081e-23
   4076.000000 1.637081e-23
   4078.000000 1.710745e-23
   4080.000000 1.710745e-23
   4082.000000 1.839996e-23
   4084.000000 1.839996e-23
   4086.000000 1.753315e-23
   4088.000000 1.753315e-23
   4090.000000 1.835048e-23
   4092.000000 1.835048e-23
   4094.000000 1.104854e-02
