1164556494.728149 -4.084601e-02
1164556494.728271 -4.663598e-02
1164556494.728394 -4.138475e-02
1164556494.728516 -3.595012e-02
1164556494.728638 -2.368007e-02
1164556494.728760 -6.144002e-03
1164556494.728882 9.386591e-03
1164556494.729004 2.423381e-02
1164556494.729126 3.499233e-02
1164556494.729248 4.014992e-02
1164556494.729370 3.454769e-02
1164556494.729492 2.754847e-02
1164556494.729614 1.751126e-02
1164556494.729736 2.566760e-03
1164556494.729858 -5.123729e-03
1164556494.729980 -1.522609e-02
1164556494.730103 -2.953383e-02
1164556494.730225 -3.845353e-02
1164556494.730347 -4.031965e-02
1164556494.730469 -3.190941e-02
1164556494.730591 -1.979063e-02
1164556494.730713 -1.967504e-03
1164556494.730835 1.260289e-02
1164556494.730957 2.262095e-02
1164556494.731079 3.283453e-02
1164556494.731201 3.308400e-02
1164556494.731323 3.357508e-02
1164556494.731445 3.169279e-02
1164556494.731567 1.746395e-02
1164556494.731689 5.507099e-04
1164556494.731812 -9.660232e-03
1164556494.731934 -1.471628e-02
1164556494.732056 -2.923209e-02
1164556494.732178 -4.153002e-02
1164556494.732300 -4.534018e-02
1164556494.732422 -3.566622e-02
1164556494.732544 -1.602289e-02
1164556494.732666 -9.869222e-04
1164556494.732788 1.334623e-02
1164556494.732910 2.855724e-02
1164556494.733032 3.915987e-02
1164556494.733154 4.146290e-02
1164556494.733276 3.763779e-02
1164556494.733398 3.490114e-02
1164556494.733521 2.497045e-02
1164556494.733643 5.408321e-03
1164556494.733765 -1.983947e-02
1164556494.733887 -3.921768e-02
1164556494.734009 -5.378316e-02
1164556494.734131 -6.235589e-02
1164556494.734253 -5.518396e-02
1164556494.734375 -3.358296e-02
1164556494.734497 2.242041e-04
1164556494.734619 3.408852e-02
1164556494.734741 5.350730e-02
1164556494.734863 5.313789e-02
1164556494.734985 4.467381e-02
1164556494.735107 3.777501e-02
1164556494.735229 2.346055e-02
1164556494.735352 3.548919e-03
1164556494.735474 -1.401478e-02
1164556494.735596 -2.573399e-02
1164556494.735718 -3.419275e-02
1164556494.735840 -3.736916e-02
1164556494.735962 -3.843567e-02
1164556494.736084 -3.152634e-02
1164556494.736206 -1.825098e-02
1164556494.736328 -7.220724e-03
1164556494.736450 5.431972e-03
1164556494.736572 2.306526e-02
1164556494.736694 3.717076e-02
1164556494.736816 4.394971e-02
1164556494.736938 3.835177e-02
1164556494.737061 2.616812e-02
1164556494.737183 1.655002e-02
1164556494.737305 5.389683e-03
1164556494.737427 -1.042793e-02
1164556494.737549 -2.701427e-02
1164556494.737671 -3.792553e-02
1164556494.737793 -4.497156e-02
1164556494.737915 -4.127185e-02
1164556494.738037 -2.622942e-02
1164556494.738159 -1.386910e-02
1164556494.738281 1.345969e-03
1164556494.738403 2.400176e-02
1164556494.738525 4.421028e-02
1164556494.738647 4.819735e-02
1164556494.738770 4.074324e-02
1164556494.738892 2.574403e-02
1164556494.739014 5.429559e-03
1164556494.739136 -8.641739e-03
1164556494.739258 -1.675007e-02
1164556494.739380 -2.494384e-02
1164556494.739502 -2.810363e-02
1164556494.739624 -2.501271e-02
1164556494.739746 -2.067953e-02
1164556494.739868 -1.589343e-02
1164556494.739990 -4.427628e-03
1164556494.740112 4.107554e-03
1164556494.740234 5.908143e-03
1164556494.740356 1.049430e-02
1164556494.740479 1.841923e-02
1164556494.740601 2.046704e-02
1164556494.740723 1.986142e-02
1164556494.740845 2.292504e-02
1164556494.740967 1.586612e-02
1164556494.741089 1.093664e-03
1164556494.741211 -6.954823e-03
1164556494.741333 -1.454653e-02
1164556494.741455 -2.159743e-02
1164556494.741577 -2.065882e-02
1164556494.741699 -1.756951e-02
1164556494.741821 -2.077734e-02
1164556494.741943 -1.640993e-02
1164556494.742065 -2.626054e-03
1164556494.742188 5.583896e-03
1164556494.742310 1.317755e-02
1164556494.742432 2.305425e-02
1164556494.742554 2.358473e-02
1164556494.742676 2.367715e-02
1164556494.742798 2.127899e-02
1164556494.742920 5.782452e-03
1164556494.743042 -8.846717e-03
1164556494.743164 -8.591813e-03
1164556494.743286 -8.125805e-03
1164556494.743408 -1.380340e-02
1164556494.743530 -1.600256e-02
1164556494.743652 -1.472056e-02
1164556494.743774 -1.224925e-02
1164556494.743896 -7.671029e-03
1164556494.744019 -1.064443e-02
1164556494.744141 -1.042630e-02
1164556494.744263 1.227803e-03
1164556494.744385 1.422287e-02
1164556494.744507 2.232146e-02
1164556494.744629 2.780463e-02
1164556494.744751 2.906393e-02
1164556494.744873 2.316866e-02
1164556494.744995 1.035033e-02
1164556494.745117 -7.536942e-03
1164556494.745239 -2.204869e-02
1164556494.745361 -2.078651e-02
1164556494.745483 -1.724910e-02
1164556494.745605 -2.078036e-02
1164556494.745728 -2.129609e-02
1164556494.745850 -1.458531e-02
1164556494.745972 -7.338856e-03
1164556494.746094 -3.048121e-03
1164556494.746216 -2.001188e-03
1164556494.746338 7.844713e-03
1164556494.746460 2.645744e-02
1164556494.746582 4.059670e-02
1164556494.746704 3.862512e-02
1164556494.746826 3.333610e-02
1164556494.746948 2.461230e-02
1164556494.747070 3.381600e-04
1164556494.747192 -2.826110e-02
1164556494.747314 -4.722853e-02
1164556494.747437 -5.063673e-02
1164556494.747559 -4.060213e-02
1164556494.747681 -3.079852e-02
1164556494.747803 -1.539967e-02
1164556494.747925 3.151213e-03
1164556494.748047 1.821513e-02
1164556494.748169 2.989746e-02
1164556494.748291 4.189455e-02
1164556494.748413 5.394990e-02
1164556494.748535 4.635211e-02
1164556494.748657 2.395339e-02
1164556494.748779 -8.343953e-04
1164556494.748901 -2.487138e-02
1164556494.749023 -3.772723e-02
1164556494.749146 -4.467050e-02
1164556494.749268 -4.301907e-02
1164556494.749390 -3.223123e-02
1164556494.749512 -1.300987e-02
1164556494.749634 6.451239e-03
1164556494.749756 1.826775e-02
1164556494.749878 2.296716e-02
1164556494.750000 1.947202e-02
1164556494.750122 1.002813e-02
1164556494.750244 1.373193e-02
1164556494.750366 1.921727e-02
1164556494.750488 2.024834e-02
1164556494.750610 1.778092e-02
1164556494.750732 6.743928e-03
1164556494.750854 -6.148083e-03
1164556494.750977 -1.937157e-02
1164556494.751099 -3.044056e-02
1164556494.751221 -3.510339e-02
1164556494.751343 -2.885454e-02
1164556494.751465 -1.612711e-02
1164556494.751587 -5.878934e-03
1164556494.751709 8.080218e-03
1164556494.751831 2.050314e-02
1164556494.751953 2.259743e-02
1164556494.752075 1.736396e-02
1164556494.752197 1.230820e-02
1164556494.752319 1.442868e-02
1164556494.752441 1.832629e-02
1164556494.752563 1.278702e-02
1164556494.752686 2.700317e-03
1164556494.752808 -4.903010e-03
1164556494.752930 -8.443029e-03
1164556494.753052 -1.807147e-02
1164556494.753174 -2.789829e-02
1164556494.753296 -2.654496e-02
1164556494.753418 -2.001016e-02
1164556494.753540 -2.011841e-02
1164556494.753662 -1.038377e-02
1164556494.753784 4.121598e-03
1164556494.753906 1.605877e-02
1164556494.754028 2.678795e-02
1164556494.754150 3.491745e-02
1164556494.754272 3.801442e-02
1164556494.754395 3.405914e-02
1164556494.754517 2.612881e-02
1164556494.754639 6.262141e-03
1164556494.754761 -2.544306e-02
1164556494.754883 -4.091123e-02
1164556494.755005 -4.291305e-02
1164556494.755127 -4.640104e-02
1164556494.755249 -4.120494e-02
1164556494.755371 -1.692322e-02
1164556494.755493 9.989713e-03
1164556494.755615 2.718159e-02
1164556494.755737 3.682005e-02
1164556494.755859 3.501099e-02
1164556494.755981 2.534218e-02
1164556494.756104 1.894423e-02
1164556494.756226 8.689161e-03
1164556494.756348 -6.686045e-04
1164556494.756470 1.472882e-03
1164556494.756592 2.991220e-03
1164556494.756714 -1.161295e-02
1164556494.756836 -2.537866e-02
1164556494.756958 -3.021461e-02
1164556494.757080 -3.114522e-02
1164556494.757202 -2.898515e-02
1164556494.757324 -1.504105e-02
1164556494.757446 6.222499e-03
1164556494.757568 1.826847e-02
1164556494.757690 2.731707e-02
1164556494.757812 3.322693e-02
1164556494.757935 2.410334e-02
1164556494.758057 1.391473e-02
1164556494.758179 1.086916e-02
1164556494.758301 4.493410e-03
1164556494.758423 -6.234729e-03
1164556494.758545 -5.805682e-03
1164556494.758667 -7.342277e-03
1164556494.758789 -1.711545e-02
1164556494.758911 -2.302059e-02
1164556494.759033 -2.193178e-02
1164556494.759155 -2.220659e-02
1164556494.759277 -1.724484e-02
1164556494.759399 -2.936882e-03
1164556494.759521 8.501318e-03
1164556494.759644 1.371202e-02
1164556494.759766 2.355584e-02
1164556494.759888 2.712925e-02
1164556494.760010 2.162954e-02
1164556494.760132 2.055878e-02
1164556494.760254 2.084972e-02
1164556494.760376 9.388300e-03
1164556494.760498 -5.387242e-03
1164556494.760620 -1.588577e-02
1164556494.760742 -2.173171e-02
1164556494.760864 -3.022299e-02
1164556494.760986 -3.673391e-02
1164556494.761108 -3.867391e-02
1164556494.761230 -3.351666e-02
1164556494.761353 -1.194862e-02
1164556494.761475 1.539928e-02
1164556494.761597 3.798997e-02
1164556494.761719 6.048416e-02
1164556494.761841 6.356122e-02
1164556494.761963 3.717193e-02
1164556494.762085 6.846103e-03
1164556494.762207 -9.324062e-03
1164556494.762329 -1.801343e-02
1164556494.762451 -2.973791e-02
1164556494.762573 -3.742212e-02
1164556494.762695 -3.418320e-02
1164556494.762817 -2.737342e-02
1164556494.762939 -2.075616e-02
1164556494.763062 -1.617503e-02
1164556494.763184 -2.618945e-03
1164556494.763306 1.932232e-02
1164556494.763428 3.441327e-02
1164556494.763550 4.135784e-02
1164556494.763672 3.867377e-02
1164556494.763794 2.188461e-02
1164556494.763916 4.616067e-03
1164556494.764038 -6.992946e-03
1164556494.764160 -1.130938e-02
1164556494.764282 -1.283418e-02
1164556494.764404 -1.815632e-02
1164556494.764526 -2.401227e-02
1164556494.764648 -1.960910e-02
1164556494.764771 -1.107845e-02
1164556494.764893 -5.814786e-03
1164556494.765015 -3.292888e-03
1164556494.765137 -1.097577e-03
1164556494.765259 4.139248e-03
1164556494.765381 8.917851e-03
1164556494.765503 6.765647e-03
1164556494.765625 1.197813e-02
1164556494.765747 2.483463e-02
1164556494.765869 2.567228e-02
1164556494.765991 1.487953e-02
1164556494.766113 7.449948e-03
1164556494.766235 4.246181e-03
1164556494.766357 -2.885601e-03
1164556494.766479 -1.446583e-02
1164556494.766602 -2.661174e-02
1164556494.766724 -3.991291e-02
1164556494.766846 -3.925532e-02
1164556494.766968 -2.668747e-02
1164556494.767090 -1.499001e-02
1164556494.767212 5.339202e-03
1164556494.767334 3.311667e-02
1164556494.767456 4.892599e-02
1164556494.767578 4.320205e-02
1164556494.767700 2.605193e-02
1164556494.767822 1.138971e-02
1164556494.767944 -4.062473e-03
1164556494.768066 -4.698921e-03
1164556494.768188 2.289241e-03
1164556494.768311 -1.304083e-03
1164556494.768433 -1.435264e-02
1164556494.768555 -2.706546e-02
1164556494.768677 -4.239328e-02
1164556494.768799 -4.999891e-02
1164556494.768921 -3.415952e-02
1164556494.769043 -1.022094e-02
1164556494.769165 6.193124e-03
1164556494.769287 3.424475e-02
1164556494.769409 5.904088e-02
1164556494.769531 5.799795e-02
1164556494.769653 4.236302e-02
1164556494.769775 2.730948e-02
1164556494.769897 8.435366e-03
1164556494.770020 -8.805059e-03
1164556494.770142 -1.886797e-02
1164556494.770264 -3.611527e-02
1164556494.770386 -5.707298e-02
1164556494.770508 -5.874189e-02
1164556494.770630 -4.356196e-02
1164556494.770752 -2.235034e-02
1164556494.770874 1.816360e-04
1164556494.770996 2.340748e-02
1164556494.771118 4.134430e-02
1164556494.771240 5.704637e-02
1164556494.771362 5.867309e-02
1164556494.771484 4.204115e-02
1164556494.771606 2.418815e-02
1164556494.771729 4.695667e-03
1164556494.771851 -2.050418e-02
1164556494.771973 -4.423318e-02
1164556494.772095 -5.555648e-02
1164556494.772217 -4.772237e-02
1164556494.772339 -3.211415e-02
1164556494.772461 -1.164679e-02
1164556494.772583 3.914740e-03
1164556494.772705 2.019934e-02
1164556494.772827 3.081135e-02
1164556494.772949 2.910224e-02
1164556494.773071 2.005764e-02
1164556494.773193 1.311331e-02
1164556494.773315 2.321140e-03
1164556494.773438 -5.646341e-03
1164556494.773560 -1.239063e-03
1164556494.773682 -2.485959e-04
1164556494.773804 -6.332587e-03
1164556494.773926 -8.821189e-04
1164556494.774048 4.105489e-03
1164556494.774170 6.265005e-03
1164556494.774292 4.740235e-03
1164556494.774414 -4.764193e-03
1164556494.774536 -2.267256e-02
1164556494.774658 -3.369341e-02
1164556494.774780 -3.147942e-02
1164556494.774902 -3.303454e-02
1164556494.775024 -1.757355e-02
1164556494.775146 1.777611e-02
1164556494.775269 4.588192e-02
1164556494.775391 5.970492e-02
1164556494.775513 5.880006e-02
1164556494.775635 4.358596e-02
1164556494.775757 1.793344e-02
1164556494.775879 -4.201292e-03
1164556494.776001 -2.714369e-02
1164556494.776123 -5.211621e-02
1164556494.776245 -6.397880e-02
1164556494.776367 -5.315990e-02
1164556494.776489 -3.631022e-02
1164556494.776611 -2.284667e-02
1164556494.776733 -6.421634e-03
1164556494.776855 1.623878e-02
1164556494.776978 3.734393e-02
1164556494.777100 5.576192e-02
1164556494.777222 6.366385e-02
1164556494.777344 6.294492e-02
1164556494.777466 4.829550e-02
1164556494.777588 1.477523e-02
1164556494.777710 -2.797400e-02
1164556494.777832 -6.349685e-02
1164556494.777954 -6.958647e-02
1164556494.778076 -5.482027e-02
1164556494.778198 -3.886197e-02
1164556494.778320 -1.797688e-02
1164556494.778442 1.246852e-03
1164556494.778564 1.721103e-02
1164556494.778687 2.666631e-02
1164556494.778809 2.460781e-02
1164556494.778931 2.033495e-02
1164556494.779053 2.312971e-02
1164556494.779175 3.116886e-02
1164556494.779297 3.798844e-02
1164556494.779419 3.033574e-02
1164556494.779541 7.240210e-03
1164556494.779663 -1.763675e-02
1164556494.779785 -3.305427e-02
1164556494.779907 -4.307946e-02
1164556494.780029 -4.540772e-02
1164556494.780151 -3.953152e-02
1164556494.780273 -2.559253e-02
1164556494.780396 -1.013183e-02
1164556494.780518 3.561920e-03
1164556494.780640 1.833144e-02
1164556494.780762 2.859515e-02
1164556494.780884 3.627114e-02
1164556494.781006 4.249177e-02
1164556494.781128 3.426394e-02
1164556494.781250 2.247056e-02
1164556494.781372 1.506943e-02
1164556494.781494 5.614245e-03
1164556494.781616 -1.291298e-02
1164556494.781738 -3.737896e-02
1164556494.781860 -4.978893e-02
1164556494.781982 -4.616144e-02
1164556494.782104 -3.212731e-02
1164556494.782227 -1.416457e-02
1164556494.782349 -5.817133e-03
1164556494.782471 4.088417e-03
1164556494.782593 1.996774e-02
1164556494.782715 2.751302e-02
1164556494.782837 2.644688e-02
1164556494.782959 3.095097e-02
1164556494.783081 3.694937e-02
1164556494.783203 3.456294e-02
1164556494.783325 1.910770e-02
1164556494.783447 5.707782e-04
1164556494.783569 -1.890105e-02
1164556494.783691 -3.143320e-02
1164556494.783813 -3.815556e-02
1164556494.783936 -4.082316e-02
1164556494.784058 -4.269579e-02
1164556494.784180 -3.475334e-02
1164556494.784302 -1.475062e-02
1164556494.784424 1.692330e-03
1164556494.784546 1.463310e-02
1164556494.784668 2.972114e-02
1164556494.784790 4.750312e-02
1164556494.784912 5.653111e-02
1164556494.785034 5.137169e-02
1164556494.785156 3.934162e-02
1164556494.785278 1.842696e-02
1164556494.785400 -2.381836e-03
1164556494.785522 -2.783087e-02
1164556494.785645 -5.831138e-02
1164556494.785767 -7.296996e-02
1164556494.785889 -6.930272e-02
1164556494.786011 -5.324642e-02
1164556494.786133 -2.629594e-02
1164556494.786255 9.755025e-03
1164556494.786377 4.593185e-02
1164556494.786499 6.504569e-02
1164556494.786621 7.388523e-02
1164556494.786743 5.734040e-02
1164556494.786865 2.425894e-02
1164556494.786987 -8.629193e-03
1164556494.787109 -2.229883e-02
1164556494.787231 -1.533754e-02
1164556494.787354 -4.754019e-03
1164556494.787476 -1.118859e-02
1164556494.787598 -2.798159e-02
1164556494.787720 -3.302729e-02
1164556494.787842 -3.425004e-02
1164556494.787964 -3.790519e-02
1164556494.788086 -2.568819e-02
1164556494.788208 -4.787624e-03
1164556494.788330 2.267853e-02
1164556494.788452 4.627198e-02
1164556494.788574 4.921421e-02
1164556494.788696 3.312666e-02
1164556494.788818 2.057162e-02
1164556494.788940 1.796750e-02
1164556494.789062 1.132156e-02
1164556494.789185 6.985459e-03
1164556494.789307 4.107941e-03
1164556494.789429 -1.609905e-02
1164556494.789551 -3.894001e-02
1164556494.789673 -4.841628e-02
1164556494.789795 -5.036888e-02
1164556494.789917 -4.832846e-02
1164556494.790039 -2.483955e-02
1164556494.790161 3.284003e-03
1164556494.790283 1.726874e-02
1164556494.790405 3.245422e-02
1164556494.790527 5.111338e-02
1164556494.790649 5.494231e-02
1164556494.790771 5.143411e-02
1164556494.790894 4.294710e-02
1164556494.791016 2.332186e-02
1164556494.791138 -2.215748e-03
1164556494.791260 -2.434862e-02
1164556494.791382 -5.296845e-02
1164556494.791504 -6.746635e-02
1164556494.791626 -6.072787e-02
1164556494.791748 -4.716935e-02
1164556494.791870 -3.426007e-02
1164556494.791992 -8.486797e-03
1164556494.792114 2.144463e-02
1164556494.792236 3.928670e-02
1164556494.792358 5.409504e-02
1164556494.792480 5.965188e-02
1164556494.792603 4.943567e-02
1164556494.792725 3.769407e-02
1164556494.792847 1.664903e-02
1164556494.792969 -2.962440e-03
1164556494.793091 -1.176009e-02
1164556494.793213 -1.731873e-02
1164556494.793335 -3.427033e-02
1164556494.793457 -6.271184e-02
1164556494.793579 -7.475913e-02
1164556494.793701 -5.870962e-02
1164556494.793823 -2.642632e-02
1164556494.793945 8.818791e-03
1164556494.794067 3.327410e-02
1164556494.794189 5.304353e-02
1164556494.794312 6.622116e-02
1164556494.794434 5.991741e-02
1164556494.794556 3.181987e-02
1164556494.794678 1.494486e-02
1164556494.794800 1.018108e-02
1164556494.794922 -3.658496e-03
1164556494.795044 -1.666407e-02
1164556494.795166 -2.464747e-02
1164556494.795288 -4.294542e-02
1164556494.795410 -5.671652e-02
1164556494.795532 -4.886327e-02
1164556494.795654 -2.794635e-02
1164556494.795776 -1.121593e-02
1164556494.795898 5.215742e-03
1164556494.796021 1.477344e-02
1164556494.796143 1.768699e-02
1164556494.796265 3.406844e-02
1164556494.796387 4.749802e-02
1164556494.796509 4.156311e-02
1164556494.796631 4.351091e-02
1164556494.796753 4.346378e-02
1164556494.796875 2.309004e-02
1164556494.796997 -6.904365e-03
1164556494.797119 -2.590562e-02
1164556494.797241 -3.922070e-02
1164556494.797363 -6.547214e-02
1164556494.797485 -8.892566e-02
1164556494.797607 -8.430990e-02
1164556494.797729 -5.675254e-02
1164556494.797852 -1.409414e-02
1164556494.797974 3.382818e-02
1164556494.798096 7.265155e-02
1164556494.798218 9.789052e-02
1164556494.798340 1.061041e-01
1164556494.798462 8.551575e-02
1164556494.798584 4.233600e-02
1164556494.798706 4.534623e-03
1164556494.798828 -2.146087e-02
1164556494.798950 -5.776710e-02
1164556494.799072 -7.814834e-02
1164556494.799194 -7.284042e-02
1164556494.799316 -7.274239e-02
1164556494.799438 -7.181045e-02
1164556494.799561 -4.846157e-02
1164556494.799683 -1.654539e-02
1164556494.799805 1.540875e-02
1164556494.799927 5.680352e-02
1164556494.800049 9.459932e-02
1164556494.800171 1.062771e-01
1164556494.800293 9.998029e-02
1164556494.800415 7.623164e-02
1164556494.800537 3.262321e-02
1164556494.800659 -2.368931e-02
1164556494.800781 -6.332734e-02
1164556494.800903 -8.693334e-02
1164556494.801025 -1.002017e-01
1164556494.801147 -9.516318e-02
1164556494.801270 -7.047515e-02
1164556494.801392 -4.109502e-02
1164556494.801514 -2.594347e-03
1164556494.801636 3.768245e-02
1164556494.801758 6.447794e-02
1164556494.801880 8.200744e-02
1164556494.802002 8.978084e-02
1164556494.802124 7.743608e-02
1164556494.802246 5.096094e-02
1164556494.802368 2.232607e-02
1164556494.802490 -3.900681e-03
1164556494.802612 -3.795703e-02
1164556494.802734 -6.452299e-02
1164556494.802856 -7.239685e-02
1164556494.802979 -6.650094e-02
1164556494.803101 -5.602156e-02
1164556494.803223 -4.791567e-02
1164556494.803345 -3.461907e-02
1164556494.803467 -6.732407e-03
1164556494.803589 2.505354e-02
1164556494.803711 5.099095e-02
1164556494.803833 6.766216e-02
1164556494.803955 8.692967e-02
1164556494.804077 9.502801e-02
1164556494.804199 7.488167e-02
1164556494.804321 3.063566e-02
1164556494.804443 -1.790622e-02
1164556494.804565 -6.170565e-02
1164556494.804688 -9.274524e-02
1164556494.804810 -1.052157e-01
1164556494.804932 -8.861154e-02
1164556494.805054 -5.147946e-02
1164556494.805176 -1.610408e-02
1164556494.805298 9.674086e-03
1164556494.805420 3.292934e-02
1164556494.805542 5.637189e-02
1164556494.805664 7.299148e-02
1164556494.805786 6.524317e-02
1164556494.805908 5.590475e-02
1164556494.806030 4.204828e-02
1164556494.806152 2.337066e-02
1164556494.806274 3.541477e-03
1164556494.806396 -2.690112e-02
1164556494.806519 -6.006005e-02
1164556494.806641 -6.898321e-02
1164556494.806763 -6.013135e-02
1164556494.806885 -4.835499e-02
1164556494.807007 -3.234383e-02
1164556494.807129 -4.085021e-03
1164556494.807251 8.841763e-03
1164556494.807373 1.112712e-02
1164556494.807495 2.463914e-02
1164556494.807617 4.833463e-02
1164556494.807739 5.768661e-02
1164556494.807861 5.111373e-02
1164556494.807983 4.159930e-02
1164556494.808105 3.015577e-02
1164556494.808228 1.059553e-02
1164556494.808350 -1.264403e-02
1164556494.808472 -4.203615e-02
1164556494.808594 -6.833986e-02
1164556494.808716 -6.393590e-02
1164556494.808838 -4.628883e-02
1164556494.808960 -2.889492e-02
1164556494.809082 -5.047000e-03
1164556494.809204 4.495535e-03
1164556494.809326 1.362692e-03
1164556494.809448 3.056136e-03
1164556494.809570 2.741199e-02
1164556494.809692 4.785499e-02
1164556494.809814 5.901611e-02
1164556494.809937 7.364357e-02
1164556494.810059 6.683678e-02
1164556494.810181 2.927061e-02
1164556494.810303 -5.419887e-03
1164556494.810425 -4.193062e-02
1164556494.810547 -7.366150e-02
1164556494.810669 -8.982606e-02
1164556494.810791 -8.620179e-02
1164556494.810913 -7.004163e-02
1164556494.811035 -3.857465e-02
1164556494.811157 6.338007e-03
1164556494.811279 3.595050e-02
1164556494.811401 5.551984e-02
1164556494.811523 7.578223e-02
1164556494.811646 7.894721e-02
1164556494.811768 6.656764e-02
1164556494.811890 4.680194e-02
1164556494.812012 3.579052e-02
1164556494.812134 1.828848e-02
1164556494.812256 -2.612591e-02
1164556494.812378 -6.680549e-02
1164556494.812500 -8.228934e-02
1164556494.812622 -8.569387e-02
1164556494.812744 -8.612880e-02
1164556494.812866 -7.089164e-02
1164556494.812988 -2.742161e-02
1164556494.813110 1.255805e-02
1164556494.813232 4.829473e-02
1164556494.813354 7.288299e-02
1164556494.813477 8.715280e-02
1164556494.813599 9.882963e-02
1164556494.813721 9.227175e-02
1164556494.813843 5.498546e-02
1164556494.813965 1.195206e-02
1164556494.814087 -1.543955e-02
1164556494.814209 -5.008732e-02
1164556494.814331 -1.005696e-01
1164556494.814453 -1.205426e-01
1164556494.814575 -1.114402e-01
1164556494.814697 -8.221987e-02
1164556494.814819 -3.306629e-02
1164556494.814941 1.833334e-02
1164556494.815063 5.898021e-02
1164556494.815186 9.792915e-02
1164556494.815308 1.149018e-01
1164556494.815430 9.335743e-02
1164556494.815552 5.422854e-02
1164556494.815674 2.766536e-02
1164556494.815796 3.189345e-03
1164556494.815918 -2.255942e-02
1164556494.816040 -5.050932e-02
1164556494.816162 -6.527159e-02
1164556494.816284 -6.257263e-02
1164556494.816406 -6.074936e-02
1164556494.816528 -5.993741e-02
1164556494.816650 -4.401256e-02
1164556494.816772 -2.199281e-02
1164556494.816895 5.611149e-03
1164556494.817017 3.137971e-02
1164556494.817139 5.203095e-02
1164556494.817261 6.734221e-02
1164556494.817383 8.605550e-02
1164556494.817505 8.342715e-02
1164556494.817627 5.224122e-02
1164556494.817749 2.161616e-02
1164556494.817871 -4.973479e-03
1164556494.817993 -3.966836e-02
1164556494.818115 -6.038738e-02
1164556494.818237 -7.703222e-02
1164556494.818359 -1.026617e-01
1164556494.818481 -1.033232e-01
1164556494.818604 -6.349477e-02
1164556494.818726 -1.885791e-02
1164556494.818848 2.597888e-02
1164556494.818970 7.258181e-02
1164556494.819092 9.887514e-02
1164556494.819214 1.011626e-01
1164556494.819336 9.757617e-02
1164556494.819458 6.921555e-02
1164556494.819580 2.535069e-02
1164556494.819702 -1.167353e-02
1164556494.819824 -3.912237e-02
1164556494.819946 -5.804094e-02
1164556494.820068 -6.734459e-02
1164556494.820190 -7.904801e-02
1164556494.820312 -9.114014e-02
1164556494.820435 -8.376927e-02
1164556494.820557 -5.151109e-02
1164556494.820679 -1.577402e-02
1164556494.820801 3.147732e-02
1164556494.820923 7.980686e-02
1164556494.821045 1.163715e-01
1164556494.821167 1.251119e-01
1164556494.821289 1.136925e-01
1164556494.821411 7.676928e-02
1164556494.821533 1.805424e-02
1164556494.821655 -4.065596e-02
1164556494.821777 -8.548666e-02
1164556494.821899 -1.109089e-01
1164556494.822021 -1.117481e-01
1164556494.822144 -8.698834e-02
1164556494.822266 -6.231153e-02
1164556494.822388 -4.309318e-02
1164556494.822510 -1.151416e-02
1164556494.822632 2.683833e-02
1164556494.822754 7.537303e-02
1164556494.822876 1.190184e-01
1164556494.822998 1.215342e-01
1164556494.823120 9.117895e-02
1164556494.823242 5.985894e-02
1164556494.823364 2.392818e-02
1164556494.823486 -2.339487e-02
1164556494.823608 -7.291742e-02
1164556494.823730 -9.521480e-02
1164556494.823853 -1.001202e-01
1164556494.823975 -8.158642e-02
1164556494.824097 -5.676645e-02
1164556494.824219 -3.894267e-02
1164556494.824341 -1.117974e-02
1164556494.824463 2.932461e-02
1164556494.824585 5.935375e-02
1164556494.824707 7.825614e-02
1164556494.824829 9.527987e-02
1164556494.824951 8.581178e-02
1164556494.825073 5.194635e-02
1164556494.825195 1.628094e-02
1164556494.825317 -2.171951e-02
1164556494.825439 -4.253163e-02
1164556494.825562 -5.594422e-02
1164556494.825684 -6.859807e-02
1164556494.825806 -7.143373e-02
1164556494.825928 -5.202113e-02
1164556494.826050 -1.668329e-02
1164556494.826172 9.337367e-03
1164556494.826294 1.184435e-02
1164556494.826416 9.766713e-03
1164556494.826538 2.962137e-02
1164556494.826660 4.861507e-02
1164556494.826782 3.909799e-02
1164556494.826904 3.116871e-02
1164556494.827026 2.675496e-02
1164556494.827148 2.547105e-02
1164556494.827271 1.253682e-02
1164556494.827393 9.301713e-04
1164556494.827515 -1.070658e-02
1164556494.827637 -2.130113e-02
1164556494.827759 -4.319228e-02
1164556494.827881 -6.868158e-02
1164556494.828003 -6.795680e-02
1164556494.828125 -4.321855e-02
1164556494.828247 -1.461989e-02
1164556494.828369 9.095025e-03
1164556494.828491 3.734810e-02
1164556494.828613 6.179540e-02
1164556494.828735 5.874689e-02
1164556494.828857 4.788370e-02
1164556494.828979 3.020822e-02
1164556494.829102 2.087818e-02
1164556494.829224 8.066178e-03
1164556494.829346 -9.826065e-03
1164556494.829468 -1.487742e-02
1164556494.829590 -2.646779e-02
1164556494.829712 -3.768941e-02
1164556494.829834 -3.348197e-02
1164556494.829956 -3.286487e-02
1164556494.830078 -3.614344e-02
1164556494.830200 -4.145838e-02
1164556494.830322 -2.733684e-02
1164556494.830444 -2.121387e-02
1164556494.830566 3.824775e-03
1164556494.830688 4.698818e-02
1164556494.830811 6.919725e-02
1164556494.830933 9.474519e-02
1164556494.831055 1.070602e-01
1164556494.831177 8.091063e-02
1164556494.831299 3.100284e-02
1164556494.831421 -2.392670e-02
1164556494.831543 -7.417118e-02
1164556494.831665 -1.282359e-01
1164556494.831787 -1.312821e-01
1164556494.831909 -9.505180e-02
1164556494.832031 -6.008345e-02
1164556494.832153 -1.754237e-02
1164556494.832275 2.108934e-02
1164556494.832397 5.316838e-02
1164556494.832520 8.840553e-02
1164556494.832642 1.113766e-01
1164556494.832764 1.051520e-01
1164556494.832886 7.631347e-02
1164556494.833008 5.576142e-02
1164556494.833130 1.668539e-02
1164556494.833252 -3.952214e-02
1164556494.833374 -8.105307e-02
1164556494.833496 -1.013909e-01
1164556494.833618 -1.105152e-01
1164556494.833740 -8.925690e-02
1164556494.833862 -4.681855e-02
1164556494.833984 -1.910244e-02
1164556494.834106 2.544623e-04
1164556494.834229 2.328406e-02
1164556494.834351 4.315053e-02
1164556494.834473 7.470675e-02
1164556494.834595 1.110380e-01
1164556494.834717 1.193188e-01
1164556494.834839 9.047716e-02
1164556494.834961 5.129478e-02
1164556494.835083 1.304128e-04
1164556494.835205 -6.501443e-02
1164556494.835327 -1.216442e-01
1164556494.835449 -1.368157e-01
1164556494.835571 -1.175895e-01
1164556494.835693 -7.925257e-02
1164556494.835815 -3.590943e-02
1164556494.835938 1.021389e-02
1164556494.836060 5.165524e-02
1164556494.836182 7.119237e-02
1164556494.836304 7.054295e-02
1164556494.836426 8.524751e-02
1164556494.836548 1.022946e-01
1164556494.836670 8.289453e-02
1164556494.836792 3.481343e-02
1164556494.836914 -4.858029e-03
1164556494.837036 -4.288594e-02
1164556494.837158 -8.528687e-02
1164556494.837280 -1.133750e-01
1164556494.837402 -1.010441e-01
1164556494.837524 -7.094677e-02
1164556494.837646 -2.089921e-02
1164556494.837769 2.482375e-02
1164556494.837891 4.101636e-02
1164556494.838013 4.077174e-02
1164556494.838135 2.408649e-02
1164556494.838257 2.882873e-03
1164556494.838379 1.937588e-02
1164556494.838501 6.373866e-02
1164556494.838623 8.853223e-02
1164556494.838745 7.296374e-02
1164556494.838867 4.283156e-02
1164556494.838989 -6.345976e-03
1164556494.839111 -5.555049e-02
1164556494.839233 -8.263427e-02
1164556494.839355 -1.018062e-01
1164556494.839478 -1.033071e-01
1164556494.839600 -6.909887e-02
1164556494.839722 -3.407530e-02
1164556494.839844 -7.356483e-03
1164556494.839966 3.486185e-02
1164556494.840088 7.563392e-02
1164556494.840210 7.901585e-02
1164556494.840332 7.853880e-02
1164556494.840454 8.379477e-02
1164556494.840576 6.582934e-02
1164556494.840698 3.662668e-02
1164556494.840820 9.287342e-04
1164556494.840942 -3.925649e-02
1164556494.841064 -5.849051e-02
1164556494.841187 -8.173339e-02
1164556494.841309 -9.136164e-02
1164556494.841431 -7.775251e-02
1164556494.841553 -5.035300e-02
1164556494.841675 -3.923103e-02
1164556494.841797 -2.024566e-02
1164556494.841919 2.821256e-02
1164556494.842041 6.565770e-02
1164556494.842163 8.937509e-02
1164556494.842285 1.017344e-01
1164556494.842407 9.004945e-02
1164556494.842529 6.863314e-02
1164556494.842651 4.134926e-02
1164556494.842773 2.335742e-03
1164556494.842896 -4.606259e-02
1164556494.843018 -6.972163e-02
1164556494.843140 -8.573566e-02
1164556494.843262 -1.070898e-01
1164556494.843384 -1.156788e-01
1164556494.843506 -9.050052e-02
1164556494.843628 -4.127871e-02
1164556494.843750 2.454757e-02
1164556494.843872 7.868239e-02
1164556494.843994 1.098826e-01
1164556494.844116 1.195551e-01
1164556494.844238 1.120942e-01
1164556494.844360 8.458846e-02
1164556494.844482 2.829404e-02
1164556494.844604 -2.208874e-02
1164556494.844727 -4.739153e-02
1164556494.844849 -5.520977e-02
1164556494.844971 -5.252631e-02
1164556494.845093 -6.299304e-02
1164556494.845215 -7.803439e-02
1164556494.845337 -9.694247e-02
1164556494.845459 -7.884031e-02
1164556494.845581 -3.092455e-02
1164556494.845703 1.372709e-02
1164556494.845825 6.776495e-02
1164556494.845947 1.143370e-01
1164556494.846069 1.121980e-01
1164556494.846191 8.321223e-02
1164556494.846313 6.951227e-02
1164556494.846436 5.014732e-02
1164556494.846558 2.584801e-03
1164556494.846680 -2.678432e-02
1164556494.846802 -3.911669e-02
1164556494.846924 -6.608942e-02
1164556494.847046 -1.008861e-01
1164556494.847168 -1.175598e-01
1164556494.847290 -1.109280e-01
1164556494.847412 -6.372482e-02
1164556494.847534 8.028606e-03
1164556494.847656 5.351287e-02
1164556494.847778 6.733692e-02
1164556494.847900 7.967629e-02
1164556494.848022 7.761872e-02
1164556494.848145 6.971598e-02
1164556494.848267 7.900731e-02
1164556494.848389 9.224339e-02
1164556494.848511 5.797379e-02
1164556494.848633 -1.820449e-03
1164556494.848755 -4.047816e-02
1164556494.848877 -7.886093e-02
1164556494.848999 -1.372025e-01
1164556494.849121 -1.737539e-01
1164556494.849243 -1.669580e-01
1164556494.849365 -1.125573e-01
1164556494.849487 -1.746703e-02
1164556494.849609 8.038164e-02
1164556494.849731 1.251809e-01
1164556494.849854 1.590588e-01
1164556494.849976 1.672021e-01
1164556494.850098 1.284985e-01
1164556494.850220 8.760274e-02
1164556494.850342 6.950199e-02
1164556494.850464 2.197462e-02
1164556494.850586 -7.712114e-02
1164556494.850708 -1.402897e-01
1164556494.850830 -1.582922e-01
1164556494.850952 -1.749696e-01
1164556494.851074 -1.601342e-01
1164556494.851196 -1.239314e-01
1164556494.851318 -5.093427e-02
1164556494.851440 4.868665e-02
1164556494.851562 1.423125e-01
1164556494.851685 1.856842e-01
1164556494.851807 1.880747e-01
1164556494.851929 1.694676e-01
1164556494.852051 1.069658e-01
1164556494.852173 2.531428e-02
1164556494.852295 -1.119020e-02
1164556494.852417 -5.081420e-02
1164556494.852539 -1.188097e-01
1164556494.852661 -1.740243e-01
1164556494.852783 -1.657320e-01
1164556494.852905 -1.219734e-01
1164556494.853027 -7.611602e-02
1164556494.853149 -3.898610e-02
1164556494.853271 -8.661701e-04
1164556494.853394 6.540857e-02
1164556494.853516 1.243895e-01
1164556494.853638 1.359094e-01
1164556494.853760 1.344022e-01
1164556494.853882 1.374282e-01
1164556494.854004 1.092102e-01
1164556494.854126 3.593397e-02
1164556494.854248 -1.655953e-02
1164556494.854370 -5.161950e-02
1164556494.854492 -1.025983e-01
1164556494.854614 -1.644965e-01
1164556494.854736 -1.854912e-01
1164556494.854858 -1.467494e-01
1164556494.854980 -8.077648e-02
1164556494.855103 -2.843994e-02
1164556494.855225 1.735693e-02
1164556494.855347 7.533323e-02
1164556494.855469 1.451396e-01
1164556494.855591 1.786491e-01
1164556494.855713 1.689870e-01
1164556494.855835 1.375157e-01
1164556494.855957 8.885719e-02
1164556494.856079 2.150199e-03
1164556494.856201 -7.781413e-02
1164556494.856323 -1.122822e-01
1164556494.856445 -1.324033e-01
1164556494.856567 -1.576074e-01
1164556494.856689 -1.414058e-01
1164556494.856812 -8.631161e-02
1164556494.856934 -3.517456e-02
1164556494.857056 -5.278885e-03
1164556494.857178 1.298938e-02
1164556494.857300 4.041495e-02
1164556494.857422 1.033888e-01
1164556494.857544 1.691094e-01
1164556494.857666 1.900931e-01
1164556494.857788 1.650609e-01
1164556494.857910 1.155230e-01
1164556494.858032 1.496353e-02
1164556494.858154 -1.015283e-01
1164556494.858276 -1.723773e-01
1164556494.858398 -1.842591e-01
1164556494.858521 -1.543139e-01
1164556494.858643 -1.125884e-01
1164556494.858765 -7.757763e-02
1164556494.858887 -4.520146e-02
1164556494.859009 -4.461059e-03
1164556494.859131 4.901527e-02
1164556494.859253 8.284778e-02
1164556494.859375 1.263844e-01
1164556494.859497 1.833352e-01
1164556494.859619 2.118812e-01
1164556494.859741 1.565494e-01
1164556494.859863 4.394428e-02
1164556494.859985 -4.802939e-02
1164556494.860107 -1.222261e-01
1164556494.860229 -1.810283e-01
1164556494.860352 -1.876036e-01
1164556494.860474 -1.426012e-01
1164556494.860596 -7.798806e-02
1164556494.860718 -2.900081e-02
1164556494.860840 5.351489e-04
1164556494.860962 3.554155e-04
1164556494.861084 1.422844e-02
1164556494.861206 7.117823e-02
1164556494.861328 1.268992e-01
1164556494.861450 1.507357e-01
1164556494.861572 1.834885e-01
1164556494.861694 1.738482e-01
1164556494.861816 7.589033e-02
1164556494.861938 -4.454741e-02
1164556494.862061 -1.254435e-01
1164556494.862183 -1.728422e-01
1164556494.862305 -1.775847e-01
1164556494.862427 -1.363161e-01
1164556494.862549 -1.022304e-01
1164556494.862671 -7.290319e-02
1164556494.862793 -2.633289e-02
1164556494.862915 -1.021383e-02
1164556494.863037 3.708700e-03
1164556494.863159 8.714958e-02
1164556494.863281 2.006532e-01
1164556494.863403 2.256626e-01
1164556494.863525 2.111159e-01
1164556494.863647 1.683290e-01
1164556494.863770 5.423019e-02
1164556494.863892 -8.922103e-02
1164556494.864014 -1.630699e-01
1164556494.864136 -1.924925e-01
1164556494.864258 -2.066299e-01
1164556494.864380 -1.696149e-01
1164556494.864502 -1.211382e-01
1164556494.864624 -7.989418e-02
1164556494.864746 -5.470500e-03
1164556494.864868 6.818627e-02
1164556494.864990 7.800295e-02
1164556494.865112 9.746928e-02
1164556494.865234 1.981542e-01
1164556494.865356 2.478288e-01
1164556494.865479 1.873283e-01
1164556494.865601 1.014602e-01
1164556494.865723 2.738786e-02
1164556494.865845 -7.700166e-02
1164556494.865967 -1.611435e-01
1164556494.866089 -2.001929e-01
1164556494.866211 -2.033049e-01
1164556494.866333 -1.700693e-01
1164556494.866455 -1.411764e-01
1164556494.866577 -1.174741e-01
1164556494.866699 -4.207373e-02
1164556494.866821 8.149052e-02
1164556494.866943 1.588103e-01
1164556494.867065 1.717314e-01
1164556494.867188 2.156899e-01
1164556494.867310 2.562757e-01
1164556494.867432 2.114463e-01
1164556494.867554 8.704184e-02
1164556494.867676 -2.816899e-02
1164556494.867798 -1.148577e-01
1164556494.867920 -1.835847e-01
1164556494.868042 -2.300092e-01
1164556494.868164 -2.299425e-01
1164556494.868286 -2.049967e-01
1164556494.868408 -1.430792e-01
1164556494.868530 -6.194342e-02
1164556494.868652 8.778380e-03
1164556494.868774 9.538881e-02
1164556494.868896 1.731361e-01
1164556494.869019 2.015631e-01
1164556494.869141 1.944468e-01
1164556494.869263 2.093216e-01
1164556494.869385 2.459205e-01
1164556494.869507 1.800026e-01
1164556494.869629 3.451927e-02
1164556494.869751 -1.305754e-01
1164556494.869873 -2.532012e-01
1164556494.869995 -3.447365e-01
1164556494.870117 -3.749052e-01
1164556494.870239 -2.952705e-01
1164556494.870361 -1.472709e-01
1164556494.870483 5.950728e-03
1164556494.870605 1.339145e-01
1164556494.870728 2.201290e-01
1164556494.870850 2.565949e-01
1164556494.870972 2.535179e-01
1164556494.871094 2.209171e-01
1164556494.871216 1.778653e-01
1164556494.871338 1.572716e-01
1164556494.871460 1.168217e-01
1164556494.871582 5.361961e-03
1164556494.871704 -1.575538e-01
1164556494.871826 -3.070484e-01
1164556494.871948 -4.166323e-01
1164556494.872070 -4.018281e-01
1164556494.872192 -2.892885e-01
1164556494.872314 -1.250163e-01
1164556494.872437 7.508743e-02
1164556494.872559 2.507584e-01
1164556494.872681 3.106739e-01
1164556494.872803 2.824735e-01
1164556494.872925 2.441807e-01
1164556494.873047 1.975154e-01
1164556494.873169 1.635432e-01
1164556494.873291 1.423381e-01
1164556494.873413 6.583001e-02
1164556494.873535 -6.064469e-02
1164556494.873657 -2.072310e-01
1164556494.873779 -3.323632e-01
1164556494.873901 -4.402600e-01
1164556494.874023 -4.244840e-01
1164556494.874146 -2.754750e-01
1164556494.874268 -7.223359e-02
1164556494.874390 1.334360e-01
1164556494.874512 2.930885e-01
1164556494.874634 3.405021e-01
1164556494.874756 3.184896e-01
1164556494.874878 2.819108e-01
1164556494.875000 2.153908e-01
1164556494.875122 1.497787e-01
1164556494.875244 1.333623e-01
1164556494.875366 4.546988e-02
1164556494.875488 -1.525675e-01
1164556494.875610 -3.136698e-01
1164556494.875732 -3.902707e-01
1164556494.875854 -4.482455e-01
1164556494.875977 -4.210341e-01
1164556494.876099 -2.447190e-01
1164556494.876221 -3.148827e-03
1164556494.876343 1.747220e-01
1164556494.876465 3.223945e-01
1164556494.876587 3.978986e-01
1164556494.876709 3.556477e-01
1164556494.876831 2.844527e-01
1164556494.876953 2.424534e-01
1164556494.877075 1.788578e-01
1164556494.877197 1.053585e-01
1164556494.877319 1.026397e-02
1164556494.877441 -1.893112e-01
1164556494.877563 -4.273319e-01
1164556494.877686 -5.115195e-01
1164556494.877808 -4.640526e-01
1164556494.877930 -3.839150e-01
1164556494.878052 -2.540517e-01
1164556494.878174 -2.248551e-02
1164556494.878296 2.093935e-01
1164556494.878418 3.845294e-01
1164556494.878540 4.852214e-01
1164556494.878662 4.867113e-01
1164556494.878784 4.227631e-01
1164556494.878906 3.509073e-01
1164556494.879028 2.013293e-01
1164556494.879150 -1.672528e-02
1164556494.879272 -1.887947e-01
1164556494.879395 -3.574923e-01
1164556494.879517 -5.830217e-01
1164556494.879639 -6.623548e-01
1164556494.879761 -5.155631e-01
1164556494.879883 -2.875982e-01
1164556494.880005 -1.071242e-01
1164556494.880127 1.060603e-01
1164556494.880249 3.424704e-01
1164556494.880371 5.168128e-01
1164556494.880493 5.888619e-01
1164556494.880615 5.751225e-01
1164556494.880737 4.052793e-01
1164556494.880859 1.865706e-01
1164556494.880981 2.159096e-02
1164556494.881104 -1.317952e-01
1164556494.881226 -3.062292e-01
1164556494.881348 -3.900027e-01
1164556494.881470 -4.768538e-01
1164556494.881592 -5.357197e-01
1164556494.881714 -4.624404e-01
1164556494.881836 -1.982091e-01
1164556494.881958 -1.470623e-01
1164556494.882080 -2.528655e-01
1164556494.882202 1.013799e-01
1164556494.882324 4.862447e-01
1164556494.882446 8.002741e-01
1164556494.882568 9.099649e-01
1164556494.882690 7.966788e-01
1164556494.882812 4.916426e-01
1164556494.882935 1.540507e-01
1164556494.883057 -1.685959e-01
1164556494.883179 -4.843977e-01
1164556494.883301 -7.380121e-01
1164556494.883423 -9.061926e-01
1164556494.883545 -9.975552e-01
1164556494.883667 -9.101604e-01
1164556494.883789 -5.912021e-01
1164556494.883911 -1.439030e-01
1164556494.884033 3.483370e-01
1164556494.884155 8.353635e-01
1164556494.884277 1.185681e+00
1164556494.884399 1.338192e+00
1164556494.884521 1.301476e+00
1164556494.884644 1.013772e+00
1164556494.884766 3.932948e-01
1164556494.884888 -3.784872e-01
1164556494.885010 -1.045687e+00
1164556494.885132 -1.543976e+00
1164556494.885254 -1.701026e+00
1164556494.885376 -1.404577e+00
1164556494.885498 -8.842532e-01
1164556494.885620 -2.941057e-01
1164556494.885742 3.196965e-01
1164556494.885864 8.583757e-01
1164556494.885986 1.281487e+00
1164556494.886108 1.540322e+00
1164556494.886230 1.477037e+00
1164556494.886353 1.094460e+00
1164556494.886475 5.870948e-01
1164556494.886597 1.475819e-02
1164556494.886719 -6.033325e-01
1164556494.886841 -1.138555e+00
1164556494.886963 -1.442744e+00
1164556494.887085 -1.430113e+00
1164556494.887207 -1.199944e+00
1164556494.887329 -8.669156e-01
1164556494.887451 -4.484422e-01
1164556494.887573 7.659857e-02
1164556494.887695 7.028701e-01
1164556494.887817 1.230795e+00
1164556494.887939 1.536790e+00
1164556494.888062 1.641490e+00
1164556494.888184 1.492275e+00
1164556494.888306 9.203595e-01
1164556494.888428 7.941325e-02
1164556494.888550 -6.528233e-01
1164556494.888672 -1.202013e+00
1164556494.888794 -1.601766e+00
1164556494.888916 -1.745547e+00
1164556494.889038 -1.505343e+00
1164556494.889160 -9.755436e-01
1164556494.889282 -3.855336e-01
1164556494.889404 1.840336e-01
1164556494.889526 7.393112e-01
1164556494.889648 1.276037e+00
1164556494.889771 1.660027e+00
1164556494.889893 1.715531e+00
1164556494.890015 1.469382e+00
1164556494.890137 1.065690e+00
1164556494.890259 3.940591e-01
1164556494.890381 -5.399485e-01
1164556494.890503 -1.330386e+00
1164556494.890625 -1.726676e+00
1164556494.890747 -1.842301e+00
1164556494.890869 -1.690294e+00
1164556494.890991 -1.208094e+00
1164556494.891113 -5.721017e-01
1164556494.891235 8.386170e-02
1164556494.891357 7.264540e-01
1164556494.891479 1.286862e+00
1164556494.891602 1.689165e+00
1164556494.891724 1.915720e+00
1164556494.891846 1.866688e+00
1164556494.891968 1.336965e+00
1164556494.892090 6.017022e-01
1164556494.892212 -1.618221e-01
1164556494.892334 -1.094221e+00
1164556494.892456 -2.038191e+00
1164556494.892578 -2.453993e+00
1164556494.892700 -2.285215e+00
1164556494.892822 -1.842096e+00
1164556494.892944 -1.043887e+00
1164556494.893066 4.163500e-03
1164556494.893188 9.963114e-01
1164556494.893311 1.793356e+00
1164556494.893433 2.390348e+00
1164556494.893555 2.672339e+00
1164556494.893677 2.474043e+00
1164556494.893799 1.814727e+00
1164556494.893921 6.358785e-01
1164556494.894043 -7.840331e-01
1164556494.894165 -1.929627e+00
1164556494.894287 -2.715582e+00
1164556494.894409 -3.285509e+00
1164556494.894531 -3.182801e+00
1164556494.894653 -2.183663e+00
1164556494.894775 -8.061626e-01
1164556494.894897 6.596430e-01
1164556494.895020 2.200668e+00
1164556494.895142 3.280661e+00
1164556494.895264 3.468604e+00
1164556494.895386 3.123518e+00
1164556494.895508 2.372656e+00
1164556494.895630 1.048930e+00
1164556494.895752 -5.389038e-01
1164556494.895874 -2.016725e+00
1164556494.895996 -3.272673e+00
1164556494.896118 -3.921586e+00
1164556494.896240 -3.489423e+00
1164556494.896362 -2.517418e+00
1164556494.896484 -1.314478e+00
1164556494.896606 4.206737e-01
1164556494.896729 2.336969e+00
1164556494.896851 3.587626e+00
1164556494.896973 4.092249e+00
1164556494.897095 4.014271e+00
1164556494.897217 2.859800e+00
1164556494.897339 8.073401e-01
1164556494.897461 -1.196356e+00
1164556494.897583 -2.746188e+00
1164556494.897705 -3.865601e+00
1164556494.897827 -4.285136e+00
1164556494.897949 -3.707231e+00
1164556494.898071 -2.322646e+00
1164556494.898193 -2.365341e-01
1164556494.898315 1.995744e+00
1164556494.898438 3.458503e+00
1164556494.898560 4.044392e+00
1164556494.898682 4.034778e+00
1164556494.898804 2.994033e+00
1164556494.898926 9.555754e-01
1164556494.899048 -1.087071e+00
1164556494.899170 -2.723712e+00
1164556494.899292 -4.038568e+00
1164556494.899414 -4.298136e+00
1164556494.899536 -2.932638e+00
1164556494.899658 -7.376506e-01
1164556494.899780 1.377842e+00
1164556494.899902 2.991899e+00
1164556494.900024 3.643498e+00
1164556494.900146 3.168725e+00
1164556494.900269 1.929881e+00
1164556494.900391 7.361091e-02
1164556494.900513 -2.205937e+00
1164556494.900635 -3.459608e+00
1164556494.900757 -3.132354e+00
1164556494.900879 -2.011708e+00
1164556494.901001 -3.160860e-01
1164556494.901123 1.892769e+00
1164556494.901245 3.398780e+00
1164556494.901367 3.239861e+00
1164556494.901489 2.086905e+00
1164556494.901611 4.775534e-01
1164556494.901733 -1.584502e+00
1164556494.901855 -3.397310e+00
1164556494.901978 -4.058569e+00
1164556494.902100 -3.021593e+00
1164556494.902222 -5.487535e-01
1164556494.902344 2.370952e+00
1164556494.902466 4.038674e+00
1164556494.902588 3.835446e+00
1164556494.902710 2.279479e+00
1164556494.902832 -3.307847e-01
1164556494.902954 -3.067960e+00
1164556494.903076 -3.780026e+00
1164556494.903198 -1.854710e+00
1164556494.903320 9.836544e-01
1164556494.903442 2.709372e+00
1164556494.903564 2.086799e+00
1164556494.903687 -9.041447e-01
1164556494.903809 -3.035803e+00
1164556494.903931 -1.083026e+00
1164556494.904053 1.827231e+00
1164556494.904175 5.643574e-01
1164556494.904297 -2.777615e-01
1164556494.904419 6.329978e-01
1164556494.904541 -2.393860e-03
1164556494.904663 8.623605e-01
1164556494.904785 -4.457704e-01
1164556494.904907 -1.043946e+00
1164556494.905029 1.230945e+00
1164556494.905151 1.518739e+00
1164556494.905273 -1.134256e+00
1164556494.905396 -2.174616e+00
1164556494.905518 2.662308e-01
1164556494.905640 2.931604e-01
1164556494.905762 -5.486391e-01
1164556494.905884 7.445871e-01
1164556494.906006 -2.425857e-01
1164556494.906128 -5.459674e-01
1164556494.906250 9.093354e-01
1164556494.906372 5.270634e-01
1164556494.906494 -4.815829e-01
1164556494.906616 2.919550e-01
1164556494.906738 8.346267e-01
1164556494.906860 -3.761787e-01
1164556494.906982 1.782311e-01
1164556494.907104 2.143894e-01
1164556494.907227 -9.892272e-01
1164556494.907349 -2.136894e-01
1164556494.907471 1.977327e-01
1164556494.907593 -6.572553e-01
1164556494.907715 -5.847707e-01
1164556494.907837 6.557309e-01
1164556494.907959 4.087721e-01
1164556494.908081 -5.795713e-01
1164556494.908203 1.256226e-01
1164556494.908325 7.379139e-01
1164556494.908447 1.281781e-01
1164556494.908569 4.465889e-02
1164556494.908691 5.289278e-01
1164556494.908813 1.675431e-01
1164556494.908936 -3.183886e-01
1164556494.909058 4.365698e-02
1164556494.909180 -2.219889e-01
1164556494.909302 -7.510640e-01
1164556494.909424 -3.237175e-01
1164556494.909546 -1.278549e-01
1164556494.909668 -3.610303e-01
1164556494.909790 1.109992e-01
1164556494.909912 5.961167e-01
1164556494.910034 1.320630e-01
1164556494.910156 -9.242158e-02
1164556494.910278 4.497264e-01
1164556494.910400 4.743176e-01
1164556494.910522 1.109833e-01
1164556494.910645 5.360137e-02
1164556494.910767 -1.819705e-02
1164556494.910889 -1.908828e-01
1164556494.911011 -2.223217e-01
1164556494.911133 -2.549617e-01
1164556494.911255 -3.724189e-01
1164556494.911377 -3.614203e-01
1164556494.911499 -2.547377e-01
1164556494.911621 -4.612108e-02
1164556494.911743 2.505797e-01
1164556494.911865 4.100131e-01
1164556494.911987 4.100081e-01
1164556494.912109 1.733696e-01
1164556494.912231 -1.593801e-02
1164556494.912354 1.496734e-01
1164556494.912476 2.295026e-01
1164556494.912598 -8.420091e-02
1164556494.912720 -1.956253e-01
1164556494.912842 -1.837257e-02
1164556494.912964 -1.782891e-01
1164556494.913086 -3.606988e-01
1164556494.913208 -1.821708e-01
1164556494.913330 -1.129502e-01
1164556494.913452 -2.578511e-01
1164556494.913574 -2.119669e-02
1164556494.913696 3.443387e-01
1164556494.913818 3.078347e-01
1164556494.913940 2.938229e-01
1164556494.914062 2.457267e-01
1164556494.914185 -8.659841e-02
1164556494.914307 -1.565422e-01
1164556494.914429 1.294045e-01
1164556494.914551 7.983458e-02
1164556494.914673 -1.404906e-01
1164556494.914795 -1.145676e-02
1164556494.914917 -4.897847e-02
1164556494.915039 -3.249574e-01
1164556494.915161 -2.888356e-01
1164556494.915283 -7.419399e-02
1164556494.915405 -7.509987e-02
1164556494.915527 1.774303e-04
1164556494.915649 2.624078e-01
1164556494.915771 3.287608e-01
1164556494.915894 2.228834e-01
1164556494.916016 1.676502e-01
1164556494.916138 -3.583810e-02
1164556494.916260 -2.288395e-01
1164556494.916382 -3.940555e-02
1164556494.916504 9.396152e-02
1164556494.916626 -9.434090e-02
1164556494.916748 -1.011806e-01
1164556494.916870 2.579094e-02
1164556494.916992 -1.310521e-01
1164556494.917114 -2.572490e-01
1164556494.917236 3.443716e-02
1164556494.917358 1.880552e-01
1164556494.917480 1.073472e-01
1164556494.917603 1.008800e-01
1164556494.917725 7.395284e-02
1164556494.917847 -2.358001e-01
1164556494.917969 -2.915947e-01
1164556494.918091 -2.024502e-03
1164556494.918213 1.773257e-01
1164556494.918335 4.129703e-01
1164556494.918457 2.196744e-01
1164556494.918579 5.166492e-02
1164556494.918701 8.165277e-02
1164556494.918823 -1.070629e-01
1164556494.918945 -3.684930e-01
1164556494.919067 -3.075239e-01
1164556494.919189 -2.364890e-01
1164556494.919312 -1.929696e-01
1164556494.919434 8.295265e-02
1164556494.919556 2.683578e-01
1164556494.919678 8.895675e-02
1164556494.919800 1.053676e-01
1164556494.919922 2.739125e-01
1164556494.920044 1.040231e-01
1164556494.920166 -8.316750e-02
1164556494.920288 9.355809e-02
1164556494.920410 1.373877e-01
1164556494.920532 -7.682472e-02
1164556494.920654 -1.337638e-01
1164556494.920776 -8.738232e-02
1164556494.920898 -2.054070e-01
1164556494.921021 -2.311326e-01
1164556494.921143 -1.018370e-01
1164556494.921265 -5.989581e-02
1164556494.921387 4.398068e-02
1164556494.921509 2.410629e-01
1164556494.921631 1.615807e-01
1164556494.921753 -2.819329e-02
1164556494.921875 8.357007e-02
1164556494.921997 1.784919e-01
1164556494.922119 3.932171e-03
1164556494.922241 1.771656e-02
1164556494.922363 1.512666e-01
1164556494.922485 1.270062e-02
1164556494.922607 -1.787093e-01
1164556494.922729 -1.310086e-01
1164556494.922852 -1.283514e-01
1164556494.922974 -2.386354e-01
1164556494.923096 -1.613654e-01
1164556494.923218 -3.022703e-02
1164556494.923340 -8.606383e-03
1164556494.923462 1.362654e-01
1164556494.923584 2.850217e-01
1164556494.923706 1.670700e-01
1164556494.923828 3.667921e-02
1164556494.923950 1.202383e-01
1164556494.924072 1.089597e-01
1164556494.924194 -3.860728e-02
1164556494.924316 -4.630203e-02
1164556494.924438 -2.764699e-02
1164556494.924561 -1.500546e-01
1164556494.924683 -1.734132e-01
1164556494.924805 -7.998290e-02
1164556494.924927 -9.584794e-02
1164556494.925049 -1.346912e-01
1164556494.925171 -3.458047e-02
1164556494.925293 2.992592e-02
1164556494.925415 5.276878e-02
1164556494.925537 2.068302e-01
1164556494.925659 2.541390e-01
1164556494.925781 8.204041e-02
1164556494.925903 3.283073e-02
1164556494.926025 9.173095e-02
1164556494.926147 1.436232e-02
1164556494.926270 -6.406516e-02
1164556494.926392 -4.151943e-02
1164556494.926514 -1.247480e-01
1164556494.926636 -2.181082e-01
1164556494.926758 -1.369977e-01
1164556494.926880 -7.195503e-02
1164556494.927002 -1.175549e-01
1164556494.927124 -4.865364e-02
1164556494.927246 1.055421e-01
1164556494.927368 1.221544e-01
1164556494.927490 1.448155e-01
1164556494.927612 2.713581e-01
1164556494.927734 2.220151e-01
1164556494.927856 8.431735e-03
1164556494.927979 -7.429863e-02
1164556494.928101 -5.032886e-02
1164556494.928223 -9.074545e-02
1164556494.928345 -9.764600e-02
1164556494.928467 -7.739441e-02
1164556494.928589 -1.205287e-01
1164556494.928711 -1.286415e-01
1164556494.928833 -8.188528e-02
1164556494.928955 -7.419856e-02
1164556494.929077 -4.860900e-02
1164556494.929199 9.228699e-02
1164556494.929321 1.962493e-01
1164556494.929443 1.897869e-01
1164556494.929565 1.933382e-01
1164556494.929688 1.639439e-01
1164556494.929810 9.367646e-03
1164556494.929932 -1.269096e-01
1164556494.930054 -1.173432e-01
1164556494.930176 -6.866670e-02
1164556494.930298 -2.465056e-02
1164556494.930420 -2.474029e-02
1164556494.930542 -1.038214e-01
1164556494.930664 -1.678458e-01
1164556494.930786 -1.295069e-01
1164556494.930908 -6.978130e-02
1164556494.931030 -2.405789e-02
1164556494.931152 9.966406e-02
1164556494.931274 2.471265e-01
1164556494.931396 2.617701e-01
1164556494.931519 1.634284e-01
1164556494.931641 7.934012e-02
1164556494.931763 6.141200e-03
1164556494.931885 -1.052129e-01
1164556494.932007 -1.526670e-01
1164556494.932129 -1.037819e-01
1164556494.932251 -4.753721e-02
1164556494.932373 -4.335882e-02
1164556494.932495 -8.821681e-02
1164556494.932617 -1.441091e-01
1164556494.932739 -1.279228e-01
1164556494.932861 -3.934716e-02
1164556494.932983 6.692982e-02
1164556494.933105 1.766591e-01
1164556494.933228 2.404150e-01
1164556494.933350 2.237487e-01
1164556494.933472 1.416515e-01
1164556494.933594 1.580747e-02
1164556494.933716 -1.030143e-01
1164556494.933838 -1.508995e-01
1164556494.933960 -1.220727e-01
1164556494.934082 -9.076738e-02
1164556494.934204 -4.823645e-02
1164556494.934326 -1.712374e-03
1164556494.934448 -1.672373e-02
1164556494.934570 -9.445388e-02
1164556494.934692 -1.096507e-01
1164556494.934814 -2.650882e-02
1164556494.934937 5.848467e-02
1164556494.935059 1.203535e-01
1164556494.935181 1.940552e-01
1164556494.935303 2.100345e-01
1164556494.935425 1.186072e-01
1164556494.935547 1.335207e-02
1164556494.935669 -6.939394e-02
1164556494.935791 -1.209245e-01
1164556494.935913 -1.301101e-01
1164556494.936035 -1.057375e-01
1164556494.936157 -8.257691e-02
1164556494.936279 -6.465066e-02
1164556494.936401 -1.898971e-02
1164556494.936523 -1.402540e-05
1164556494.936646 7.747450e-04
1164556494.936768 2.323493e-02
1164556494.936890 5.215233e-02
1164556494.937012 7.809463e-02
1164556494.937134 1.142069e-01
1164556494.937256 1.242642e-01
1164556494.937378 6.201478e-02
1164556494.937500 1.756771e-02
1164556494.937622 1.808916e-04
1164556494.937744 -6.242842e-02
1164556494.937866 -1.115069e-01
1164556494.937988 -8.491356e-02
1164556494.938110 -7.330347e-02
1164556494.938232 -1.134601e-01
1164556494.938354 -7.880504e-02
1164556494.938477 -4.186483e-03
1164556494.938599 2.628115e-02
1164556494.938721 6.873076e-02
1164556494.938843 1.133303e-01
1164556494.938965 7.971306e-02
1164556494.939087 5.812464e-02
1164556494.939209 1.058778e-01
1164556494.939331 8.507535e-02
1164556494.939453 -9.864713e-03
1164556494.939575 -4.159941e-02
1164556494.939697 -4.926792e-02
1164556494.939819 -1.202429e-01
1164556494.939941 -1.404331e-01
1164556494.940063 -8.392452e-02
1164556494.940186 -3.278665e-02
1164556494.940308 -4.926962e-03
1164556494.940430 2.641635e-02
1164556494.940552 6.167444e-02
1164556494.940674 6.016182e-02
1164556494.940796 5.536040e-02
1164556494.940918 3.555046e-02
1164556494.941040 1.323092e-02
1164556494.941162 5.757023e-02
1164556494.941284 9.601167e-02
1164556494.941406 4.139650e-02
1164556494.941528 -5.227601e-02
1164556494.941650 -7.022409e-02
1164556494.941772 -7.017867e-02
1164556494.941895 -1.032800e-01
1164556494.942017 -7.584099e-02
1164556494.942139 -3.921440e-03
1164556494.942261 1.964088e-02
1164556494.942383 8.329529e-03
1164556494.942505 4.581343e-04
1164556494.942627 -2.213507e-03
1164556494.942749 1.510225e-02
1164556494.942871 4.441171e-02
1164556494.942993 5.633200e-02
1164556494.943115 6.646540e-02
1164556494.943237 1.144305e-01
1164556494.943359 1.117465e-01
1164556494.943481 -1.191850e-02
1164556494.943604 -1.177021e-01
1164556494.943726 -1.162071e-01
1164556494.943848 -9.528454e-02
1164556494.943970 -9.907345e-02
1164556494.944092 -4.688501e-02
1164556494.944214 3.082145e-02
1164556494.944336 3.266876e-02
1164556494.944458 1.705446e-03
1164556494.944580 -7.745339e-03
1164556494.944702 8.296011e-03
1164556494.944824 4.886255e-02
1164556494.944946 1.092353e-01
1164556494.945068 1.194771e-01
1164556494.945190 9.057517e-02
1164556494.945312 6.671828e-02
1164556494.945435 -6.446424e-03
1164556494.945557 -1.166538e-01
1164556494.945679 -1.515550e-01
1164556494.945801 -1.098418e-01
1164556494.945923 -8.755676e-02
1164556494.946045 -5.827682e-02
1164556494.946167 -3.787260e-03
1164556494.946289 1.722280e-02
1164556494.946411 1.705075e-02
1164556494.946533 3.976475e-02
1164556494.946655 6.740677e-02
1164556494.946777 9.412674e-02
1164556494.946899 1.321124e-01
1164556494.947021 1.307631e-01
1164556494.947144 6.553223e-02
1164556494.947266 -6.654094e-03
1164556494.947388 -6.823470e-02
1164556494.947510 -1.531756e-01
1164556494.947632 -1.980045e-01
1164556494.947754 -1.459926e-01
1164556494.947876 -5.910727e-02
1164556494.947998 8.121867e-03
1164556494.948120 5.927892e-02
1164556494.948242 8.554216e-02
1164556494.948364 8.940981e-02
1164556494.948486 7.800026e-02
1164556494.948608 4.996124e-02
1164556494.948730 2.634692e-02
1164556494.948853 4.144772e-02
1164556494.948975 4.982301e-02
1164556494.949097 4.431705e-03
1164556494.949219 -4.173263e-02
1164556494.949341 -6.472347e-02
1164556494.949463 -8.156158e-02
1164556494.949585 -7.225797e-02
1164556494.949707 -4.663802e-02
1164556494.949829 -3.651818e-02
1164556494.949951 -1.912154e-02
1164556494.950073 1.076479e-02
1164556494.950195 1.428696e-02
1164556494.950317 1.566368e-02
1164556494.950439 6.353133e-02
1164556494.950562 9.956121e-02
1164556494.950684 6.795135e-02
1164556494.950806 3.753081e-02
1164556494.950928 2.920482e-02
1164556494.951050 9.756393e-03
1164556494.951172 -1.924082e-02
1164556494.951294 -4.889001e-02
1164556494.951416 -7.742107e-02
1164556494.951538 -8.500774e-02
1164556494.951660 -5.220068e-02
1164556494.951782 -3.907214e-02
1164556494.951904 -5.057439e-02
1164556494.952026 -2.020023e-02
1164556494.952148 2.983275e-02
1164556494.952271 6.247915e-02
1164556494.952393 7.753116e-02
1164556494.952515 9.452101e-02
1164556494.952637 8.804378e-02
1164556494.952759 4.661729e-02
1164556494.952881 7.580085e-03
1164556494.953003 -1.462775e-02
1164556494.953125 -3.118639e-02
1164556494.953247 -5.687194e-02
1164556494.953369 -7.992890e-02
1164556494.953491 -8.912540e-02
1164556494.953613 -7.208624e-02
1164556494.953735 -3.235347e-02
1164556494.953857 -1.480709e-02
1164556494.953979 -5.200645e-03
1164556494.954102 4.577469e-02
1164556494.954224 9.257989e-02
1164556494.954346 8.116785e-02
1164556494.954468 6.557848e-02
1164556494.954590 6.946885e-02
1164556494.954712 2.867594e-02
1164556494.954834 -2.933414e-02
1164556494.954956 -2.859938e-02
1164556494.955078 -2.472156e-03
1164556494.955200 -2.426333e-02
1164556494.955322 -6.735084e-02
1164556494.955444 -9.575635e-02
1164556494.955566 -9.482181e-02
1164556494.955688 -5.453035e-02
1164556494.955811 -8.913524e-03
1164556494.955933 2.095831e-02
1164556494.956055 6.124065e-02
1164556494.956177 1.119765e-01
1164556494.956299 1.107079e-01
1164556494.956421 6.291013e-02
1164556494.956543 3.201406e-02
1164556494.956665 7.285459e-03
1164556494.956787 -4.690799e-02
1164556494.956909 -7.031402e-02
1164556494.957031 -2.823511e-02
1164556494.957153 -6.697539e-03
1164556494.957275 -3.227320e-02
1164556494.957397 -5.119267e-02
1164556494.957520 -5.613180e-02
1164556494.957642 -5.139690e-02
1164556494.957764 -1.125846e-02
1164556494.957886 2.879672e-02
1164556494.958008 3.584554e-02
1164556494.958130 4.927341e-02
1164556494.958252 8.119504e-02
1164556494.958374 6.185612e-02
1164556494.958496 3.184598e-02
1164556494.958618 3.807427e-02
1164556494.958740 6.972105e-03
1164556494.958862 -4.319178e-02
1164556494.958984 -4.494420e-02
1164556494.959106 -1.854366e-02
1164556494.959229 -4.296326e-02
1164556494.959351 -8.215971e-02
1164556494.959473 -7.031246e-02
1164556494.959595 -4.653345e-02
1164556494.959717 2.216174e-03
1164556494.959839 5.189245e-02
1164556494.959961 5.848240e-02
1164556494.960083 4.501205e-02
1164556494.960205 4.443730e-02
1164556494.960327 3.432673e-02
1164556494.960449 1.272911e-02
1164556494.960571 3.434537e-02
1164556494.960693 5.732976e-02
1164556494.960815 2.336636e-02
1164556494.960938 -9.034270e-03
1164556494.961060 -3.223601e-02
1164556494.961182 -7.851982e-02
1164556494.961304 -1.226132e-01
1164556494.961426 -1.114529e-01
1164556494.961548 -6.747070e-02
1164556494.961670 -1.853125e-02
1164556494.961792 3.684192e-02
1164556494.961914 6.457655e-02
1164556494.962036 7.366400e-02
1164556494.962158 9.835993e-02
1164556494.962280 1.088402e-01
1164556494.962402 8.834611e-02
1164556494.962524 5.784089e-02
1164556494.962646 2.117747e-02
1164556494.962769 -4.039533e-02
1164556494.962891 -1.043903e-01
1164556494.963013 -1.238465e-01
1164556494.963135 -1.193663e-01
1164556494.963257 -1.086275e-01
1164556494.963379 -7.545910e-02
1164556494.963501 -1.818060e-02
1164556494.963623 4.067068e-02
1164556494.963745 8.710652e-02
1164556494.963867 1.079435e-01
1164556494.963989 9.965668e-02
1164556494.964111 9.764987e-02
1164556494.964233 8.276573e-02
1164556494.964355 4.256775e-02
1164556494.964478 7.656229e-04
1164556494.964600 -2.916249e-02
1164556494.964722 -6.329417e-02
1164556494.964844 -1.037837e-01
1164556494.964966 -1.116998e-01
1164556494.965088 -1.075913e-01
1164556494.965210 -8.558041e-02
1164556494.965332 -3.929301e-02
1164556494.965454 1.494065e-04
1164556494.965576 3.307659e-02
1164556494.965698 7.712230e-02
1164556494.965820 1.297709e-01
1164556494.965942 1.509663e-01
1164556494.966064 1.344165e-01
1164556494.966187 8.651732e-02
1164556494.966309 1.436311e-02
1164556494.966431 -5.545629e-02
1164556494.966553 -1.134353e-01
1164556494.966675 -1.493392e-01
1164556494.966797 -1.429731e-01
1164556494.966919 -1.001859e-01
1164556494.967041 -4.780298e-02
1164556494.967163 -3.828440e-03
1164556494.967285 3.398714e-02
1164556494.967407 6.319520e-02
1164556494.967529 8.125530e-02
1164556494.967651 8.985434e-02
1164556494.967773 8.522596e-02
1164556494.967896 7.953923e-02
1164556494.968018 7.029464e-02
1164556494.968140 3.109531e-02
1164556494.968262 -2.461063e-02
1164556494.968384 -8.660736e-02
1164556494.968506 -1.244095e-01
1164556494.968628 -1.102311e-01
1164556494.968750 -7.331967e-02
1164556494.968872 -3.076870e-02
1164556494.968994 1.145251e-02
1164556494.969116 2.875053e-02
1164556494.969238 1.448576e-02
1164556494.969360 1.509701e-02
1164556494.969482 4.735523e-02
1164556494.969604 5.950132e-02
1164556494.969727 6.270747e-02
1164556494.969849 7.537082e-02
1164556494.969971 6.508101e-02
1164556494.970093 2.614270e-02
1164556494.970215 -2.063030e-02
1164556494.970337 -6.521324e-02
1164556494.970459 -1.020718e-01
1164556494.970581 -1.037522e-01
1164556494.970703 -8.033407e-02
1164556494.970825 -4.793070e-02
1164556494.970947 7.428442e-03
1164556494.971069 4.307074e-02
1164556494.971191 4.392929e-02
1164556494.971313 4.971200e-02
1164556494.971436 5.634894e-02
1164556494.971558 5.179556e-02
1164556494.971680 4.055744e-02
1164556494.971802 2.394408e-02
1164556494.971924 1.065899e-02
1164556494.972046 -7.926606e-03
1164556494.972168 -2.447309e-02
1164556494.972290 -4.419072e-02
1164556494.972412 -4.856573e-02
1164556494.972534 -3.426990e-02
1164556494.972656 -2.277868e-02
1164556494.972778 -1.382041e-02
1164556494.972900 -1.147127e-02
1164556494.973022 -1.602135e-02
1164556494.973145 -2.052634e-02
1164556494.973267 -2.020664e-02
1164556494.973389 1.052580e-02
1164556494.973511 6.373234e-02
1164556494.973633 9.257851e-02
1164556494.973755 7.699766e-02
1164556494.973877 6.120440e-02
1164556494.973999 4.253143e-02
1164556494.974121 -6.556255e-03
1164556494.974243 -6.124562e-02
1164556494.974365 -8.573465e-02
1164556494.974487 -8.977567e-02
1164556494.974609 -8.322714e-02
1164556494.974731 -5.692337e-02
1164556494.974854 -1.958958e-02
1164556494.974976 4.154093e-03
1164556494.975098 2.456589e-02
1164556494.975220 5.286116e-02
1164556494.975342 7.072259e-02
1164556494.975464 7.996744e-02
1164556494.975586 8.064234e-02
1164556494.975708 5.292680e-02
1164556494.975830 1.529742e-02
1164556494.975952 -9.558947e-03
1164556494.976074 -3.327418e-02
1164556494.976196 -6.288115e-02
1164556494.976318 -7.507663e-02
1164556494.976440 -6.989969e-02
1164556494.976562 -6.790100e-02
1164556494.976685 -5.255318e-02
1164556494.976807 -1.954980e-02
1164556494.976929 6.303426e-03
1164556494.977051 4.032158e-02
1164556494.977173 8.036613e-02
1164556494.977295 8.881662e-02
1164556494.977417 7.933914e-02
1164556494.977539 7.318095e-02
1164556494.977661 4.079212e-02
1164556494.977783 -1.352012e-02
1164556494.977905 -5.034140e-02
1164556494.978027 -5.623493e-02
1164556494.978149 -6.582870e-02
1164556494.978271 -7.158300e-02
1164556494.978394 -5.435893e-02
1164556494.978516 -4.436044e-02
1164556494.978638 -2.365716e-02
1164556494.978760 6.343475e-03
1164556494.978882 2.907150e-02
1164556494.979004 5.024338e-02
1164556494.979126 6.428510e-02
1164556494.979248 6.859425e-02
1164556494.979370 5.052571e-02
1164556494.979492 3.480732e-02
1164556494.979614 1.637592e-02
1164556494.979736 -1.135292e-02
1164556494.979858 -1.833902e-02
1164556494.979980 -2.994289e-02
1164556494.980103 -5.353176e-02
1164556494.980225 -6.683148e-02
1164556494.980347 -6.659152e-02
1164556494.980469 -4.677079e-02
1164556494.980591 -2.375351e-02
1164556494.980713 1.002826e-02
1164556494.980835 3.408686e-02
1164556494.980957 4.590134e-02
1164556494.981079 6.023835e-02
1164556494.981201 5.334699e-02
1164556494.981323 5.131936e-02
1164556494.981445 4.807083e-02
1164556494.981567 2.012095e-02
1164556494.981689 -1.061080e-02
1164556494.981812 -2.442943e-02
1164556494.981934 -2.528463e-02
1164556494.982056 -4.959217e-02
1164556494.982178 -7.162734e-02
1164556494.982300 -7.830687e-02
1164556494.982422 -5.862609e-02
1164556494.982544 -1.913651e-02
1164556494.982666 6.353251e-03
1164556494.982788 2.838319e-02
1164556494.982910 5.368854e-02
1164556494.983032 7.119526e-02
1164556494.983154 7.126133e-02
1164556494.983276 6.015024e-02
1164556494.983398 5.756498e-02
1164556494.983521 4.259347e-02
1164556494.983643 7.321098e-03
1164556494.983765 -3.965655e-02
1164556494.983887 -7.401377e-02
1164556494.984009 -1.002272e-01
1164556494.984131 -1.165092e-01
1164556494.984253 -1.009258e-01
1164556494.984375 -5.789634e-02
1164556494.984497 9.259282e-03
1164556494.984619 7.559451e-02
1164556494.984741 1.098578e-01
1164556494.984863 1.016935e-01
1164556494.984985 7.895729e-02
1164556494.985107 6.363939e-02
1164556494.985229 3.452816e-02
1164556494.985352 -4.257197e-03
1164556494.985474 -3.564310e-02
1164556494.985596 -5.356245e-02
1164556494.985718 -6.499202e-02
1164556494.985840 -6.674929e-02
1164556494.985962 -6.668563e-02
1164556494.986084 -5.143139e-02
1164556494.986206 -2.464657e-02
1164556494.986328 -6.215021e-03
1164556494.986450 1.399968e-02
1164556494.986572 4.526972e-02
1164556494.986694 6.968170e-02
1164556494.986816 7.987329e-02
1164556494.986938 6.599248e-02
1164556494.987061 4.079968e-02
1164556494.987183 2.385036e-02
1164556494.987305 5.196146e-03
1164556494.987427 -2.245504e-02
1164556494.987549 -5.108058e-02
1164556494.987671 -6.887363e-02
1164556494.987793 -8.119016e-02
1164556494.987915 -7.302117e-02
1164556494.988037 -4.281995e-02
1164556494.988159 -2.050943e-02
1164556494.988281 6.239228e-03
1164556494.988403 4.834344e-02
1164556494.988525 8.505280e-02
1164556494.988647 8.877856e-02
1164556494.988770 7.182672e-02
1164556494.988892 4.193702e-02
1164556494.989014 2.051113e-03
1164556494.989136 -2.317840e-02
1164556494.989258 -3.492075e-02
1164556494.989380 -4.758797e-02
1164556494.989502 -5.053428e-02
1164556494.989624 -4.157324e-02
1164556494.989746 -3.232917e-02
1164556494.989868 -2.451723e-02
1164556494.989990 -3.470462e-03
1164556494.990112 1.149941e-02
1164556494.990234 1.223207e-02
1164556494.990356 1.911649e-02
1164556494.990479 3.280648e-02
1164556494.990601 3.432835e-02
1164556494.990723 3.169389e-02
1164556494.990845 3.843720e-02
1164556494.990967 2.556752e-02
1164556494.991089 -1.880539e-03
1164556494.991211 -1.425977e-02
1164556494.991333 -2.610195e-02
1164556494.991455 -3.815380e-02
1164556494.991577 -3.438295e-02
1164556494.991699 -2.726728e-02
1164556494.991821 -3.482163e-02
1164556494.991943 -2.764063e-02
1164556494.992065 -1.650648e-03
1164556494.992188 1.169739e-02
1164556494.992310 2.383550e-02
1164556494.992432 4.127446e-02
1164556494.992554 4.018967e-02
1164556494.992676 3.898738e-02
1164556494.992798 3.510708e-02
1164556494.992920 6.795822e-03
1164556494.993042 -2.023242e-02
1164556494.993164 -1.777547e-02
1164556494.993286 -1.418958e-02
1164556494.993408 -2.311840e-02
1164556494.993530 -2.585415e-02
1164556494.993652 -2.219954e-02
1164556494.993774 -1.737381e-02
1164556494.993896 -9.384829e-03
1164556494.994019 -1.590279e-02
1164556494.994141 -1.692381e-02
1164556494.994263 2.480930e-03
1164556494.994385 2.383572e-02
1164556494.994507 3.626624e-02
1164556494.994629 4.460204e-02
1164556494.994751 4.615793e-02
1164556494.994873 3.571238e-02
1164556494.994995 1.416723e-02
1164556494.995117 -1.577293e-02
1164556494.995239 -3.932558e-02
1164556494.995361 -3.357829e-02
1164556494.995483 -2.418888e-02
1164556494.995605 -2.957893e-02
1164556494.995728 -3.080981e-02
1164556494.995850 -1.972888e-02
1164556494.995972 -8.730552e-03
1164556494.996094 -3.773715e-03
1164556494.996216 -5.468746e-03
1164556494.996338 7.968623e-03
1164556494.996460 3.819202e-02
1164556494.996582 6.216320e-02
1164556494.996704 5.889286e-02
1164556494.996826 5.197605e-02
1164556494.996948 4.092844e-02
1164556494.997070 2.544102e-03
1164556494.997192 -4.387275e-02
1164556494.997314 -7.389002e-02
1164556494.997437 -7.803153e-02
1164556494.997559 -6.082437e-02
1164556494.997681 -4.627974e-02
1164556494.997803 -2.307830e-02
1164556494.997925 4.823302e-03
1164556494.998047 2.677332e-02
1164556494.998169 4.405381e-02
1164556494.998291 6.260329e-02
1164556494.998413 8.249437e-02
1164556494.998535 7.089222e-02
1164556494.998657 3.638964e-02
1164556494.998779 -1.814863e-03
1164556494.998901 -3.886891e-02
1164556494.999023 -5.735733e-02
1164556494.999146 -6.760378e-02
1164556494.999268 -6.428992e-02
1164556494.999390 -4.677312e-02
1164556494.999512 -1.688087e-02
1164556494.999634 1.209489e-02
1164556494.999756 2.890798e-02
1164556494.999878 3.491154e-02
1164556495.000000 2.735380e-02
1164556495.000122 1.083738e-02
1164556495.000244 1.704934e-02
1164556495.000366 2.623771e-02
1164556495.000488 2.881721e-02
1164556495.000610 2.697302e-02
1164556495.000732 1.122772e-02
1164556495.000854 -7.344688e-03
1164556495.000977 -2.680221e-02
1164556495.001099 -4.330774e-02
1164556495.001221 -5.051788e-02
1164556495.001343 -4.106073e-02
1164556495.001465 -2.240371e-02
1164556495.001587 -8.263760e-03
1164556495.001709 1.188964e-02
1164556495.001831 2.980912e-02
1164556495.001953 3.170627e-02
1164556495.002075 2.271372e-02
1164556495.002197 1.446920e-02
1164556495.002319 1.806153e-02
1164556495.002441 2.543214e-02
1164556495.002563 1.813780e-02
1164556495.002686 3.913815e-03
1164556495.002808 -5.875119e-03
1164556495.002930 -9.020306e-03
1164556495.003052 -2.281061e-02
1164556495.003174 -3.749385e-02
1164556495.003296 -3.487928e-02
1164556495.003418 -2.568752e-02
1164556495.003540 -2.847589e-02
1164556495.003662 -1.629593e-02
1164556495.003784 3.275717e-03
1164556495.003906 1.875098e-02
1164556495.004028 3.364651e-02
1164556495.004150 4.583714e-02
1164556495.004272 5.092448e-02
1164556495.004395 4.671907e-02
1164556495.004517 3.854730e-02
1164556495.004639 1.205567e-02
1164556495.004761 -3.328089e-02
1164556495.004883 -5.398071e-02
1164556495.005005 -5.556613e-02
1164556495.005127 -6.190104e-02
1164556495.005249 -5.634252e-02
1164556495.005371 -2.265410e-02
1164556495.005493 1.366620e-02
1164556495.005615 3.565724e-02
1164556495.005737 4.787621e-02
1164556495.005859 4.379792e-02
1164556495.005981 2.975607e-02
1164556495.006104 2.266838e-02
1164556495.006226 9.750831e-03
1164556495.006348 -1.834659e-03
1164556495.006470 4.364942e-03
1164556495.006592 9.256403e-03
1164556495.006714 -1.106721e-02
1164556495.006836 -3.056636e-02
1164556495.006958 -3.729185e-02
1164556495.007080 -4.012893e-02
1164556495.007202 -3.959471e-02
1164556495.007324 -2.155253e-02
1164556495.007446 6.734615e-03
1164556495.007568 2.122191e-02
1164556495.007690 3.297717e-02
1164556495.007812 4.185430e-02
1164556495.007935 2.935170e-02
1164556495.008057 1.633448e-02
1164556495.008179 1.436478e-02
1164556495.008301 6.837029e-03
1164556495.008423 -7.553933e-03
1164556495.008545 -5.181944e-03
1164556495.008667 -6.001665e-03
1164556495.008789 -2.000018e-02
1164556495.008911 -2.812438e-02
1164556495.009033 -2.602971e-02
1164556495.009155 -2.760505e-02
1164556495.009277 -2.259319e-02
1164556495.009399 -4.144610e-03
1164556495.009521 9.602480e-03
1164556495.009644 1.422306e-02
1164556495.009766 2.667846e-02
1164556495.009888 3.111870e-02
1164556495.010010 2.360591e-02
1164556495.010132 2.395363e-02
1164556495.010254 2.713029e-02
1164556495.010376 1.350459e-02
1164556495.010498 -4.308627e-03
1164556495.010620 -1.563157e-02
1164556495.010742 -2.197290e-02
1164556495.010864 -3.338644e-02
1164556495.010986 -4.268612e-02
1164556495.011108 -4.705940e-02
1164556495.011230 -4.388796e-02
1164556495.011353 -1.884420e-02
1164556495.011475 1.479123e-02
1164556495.011597 4.234566e-02
1164556495.011719 7.134709e-02
1164556495.011841 7.688656e-02
1164556495.011963 4.405695e-02
1164556495.012085 6.242725e-03
1164556495.012207 -1.141448e-02
1164556495.012329 -1.882711e-02
1164556495.012451 -3.181105e-02
1164556495.012573 -4.080062e-02
1164556495.012695 -3.621611e-02
1164556495.012817 -2.893957e-02
1164556495.012939 -2.354766e-02
1164556495.013062 -2.078752e-02
1164556495.013184 -5.915135e-03
1164556495.013306 1.968412e-02
1164556495.013428 3.728757e-02
1164556495.013550 4.581070e-02
1164556495.013672 4.286859e-02
1164556495.013794 2.285683e-02
1164556495.013916 3.779380e-03
1164556495.014038 -8.147431e-03
1164556495.014160 -1.158515e-02
1164556495.014282 -1.128579e-02
1164556495.014404 -1.679078e-02
1164556495.014526 -2.447188e-02
1164556495.014648 -1.972354e-02
1164556495.014771 -1.000269e-02
1164556495.014893 -5.620636e-03
1164556495.015015 -4.617660e-03
1164556495.015137 -3.162685e-03
1164556495.015259 2.067081e-03
1164556495.015381 6.684575e-03
1164556495.015503 3.294916e-03
1164556495.015625 9.673918e-03
1164556495.015747 2.612318e-02
1164556495.015869 2.856286e-02
1164556495.015991 1.733928e-02
1164556495.016113 1.001015e-02
1164556495.016235 7.857156e-03
1164556495.016357 1.227865e-03
1164556495.016479 -1.147406e-02
1164556495.016602 -2.626828e-02
1164556495.016724 -4.340345e-02
1164556495.016846 -4.386973e-02
1164556495.016968 -3.061466e-02
1164556495.017090 -1.906669e-02
1164556495.017212 3.202546e-03
1164556495.017334 3.492613e-02
1164556495.017456 5.220602e-02
1164556495.017578 4.453678e-02
1164556495.017700 2.479889e-02
1164556495.017822 9.124755e-03
1164556495.017944 -6.969093e-03
1164556495.018066 -4.455412e-03
1164556495.018188 7.093392e-03
1164556495.018311 4.831386e-03
1164556495.018433 -9.348071e-03
1164556495.018555 -2.359774e-02
1164556495.018677 -4.270550e-02
1164556495.018799 -5.459399e-02
1164556495.018921 -3.860119e-02
1164556495.019043 -1.327898e-02
1164556495.019165 2.135608e-03
1164556495.019287 3.190413e-02
1164556495.019409 5.948632e-02
1164556495.019531 5.785249e-02
1164556495.019653 4.097261e-02
1164556495.019775 2.711637e-02
1164556495.019897 9.514093e-03
1164556495.020020 -6.388273e-03
1164556495.020142 -1.379013e-02
1164556495.020264 -3.083276e-02
1164556495.020386 -5.453081e-02
1164556495.020508 -5.786854e-02
1164556495.020630 -4.356248e-02
1164556495.020752 -2.372504e-02
1164556495.020874 -2.767840e-03
1164556495.020996 1.993851e-02
1164556495.021118 3.774933e-02
1164556495.021240 5.439277e-02
1164556495.021362 5.704659e-02
1164556495.021484 4.026079e-02
1164556495.021606 2.323136e-02
1164556495.021729 5.717770e-03
1164556495.021851 -1.824047e-02
1164556495.021973 -4.231371e-02
1164556495.022095 -5.383419e-02
1164556495.022217 -4.466123e-02
1164556495.022339 -2.859597e-02
1164556495.022461 -8.502565e-03
1164556495.022583 5.847042e-03
1164556495.022705 2.132510e-02
1164556495.022827 3.052119e-02
1164556495.022949 2.665562e-02
1164556495.023071 1.600513e-02
1164556495.023193 8.206888e-03
1164556495.023315 -3.313829e-03
1164556495.023438 -1.027952e-02
1164556495.023560 -3.129650e-03
1164556495.023682 -4.106545e-04
1164556495.023804 -5.305577e-03
1164556495.023926 2.673173e-03
1164556495.024048 8.745523e-03
1164556495.024170 1.132653e-02
1164556495.024292 1.073533e-02
1164556495.024414 6.016675e-04
1164556495.024536 -2.013645e-02
1164556495.024658 -3.333654e-02
1164556495.024780 -3.257348e-02
1164556495.024902 -3.732211e-02
1164556495.025024 -2.365840e-02
1164556495.025146 1.210783e-02
1164556495.025269 4.012703e-02
1164556495.025391 5.429185e-02
1164556495.025513 5.520514e-02
1164556495.025635 4.234762e-02
1164556495.025757 1.895472e-02
1164556495.025879 1.437668e-04
1164556495.026001 -2.020597e-02
1164556495.026123 -4.495889e-02
1164556495.026245 -5.693561e-02
1164556495.026367 -4.614787e-02
1164556495.026489 -3.137993e-02
1164556495.026611 -2.161634e-02
1164556495.026733 -8.615772e-03
1164556495.026855 1.088827e-02
1164556495.026978 2.886162e-02
1164556495.027100 4.589002e-02
1164556495.027222 5.420186e-02
1164556495.027344 5.532476e-02
1164556495.027466 4.435597e-02
1164556495.027588 1.547254e-02
1164556495.027710 -2.340345e-02
1164556495.027832 -5.602051e-02
1164556495.027954 -5.960532e-02
1164556495.028076 -4.441502e-02
1164556495.028198 -3.021785e-02
1164556495.028320 -1.196824e-02
1164556495.028442 3.838137e-03
1164556495.028564 1.557433e-02
1164556495.028687 2.120671e-02
1164556495.028809 1.660127e-02
1164556495.028931 1.123004e-02
1164556495.029053 1.380496e-02
1164556495.029175 2.268818e-02
1164556495.029297 3.174978e-02
1164556495.029419 2.734634e-02
1164556495.029541 8.176373e-03
1164556495.029663 -1.252382e-02
1164556495.029785 -2.447067e-02
1164556495.029907 -3.259111e-02
1164556495.030029 -3.488819e-02
1164556495.030151 -3.048489e-02
1164556495.030273 -1.947115e-02
1164556495.030396 -7.955606e-03
1164556495.030518 1.709162e-03
1164556495.030640 1.287992e-02
1164556495.030762 1.997884e-02
1164556495.030884 2.588869e-02
1164556495.031006 3.200408e-02
1164556495.031128 2.508519e-02
1164556495.031250 1.561931e-02
1164556495.031372 1.173566e-02
1164556495.031494 6.567987e-03
1164556495.031616 -7.400343e-03
1164556495.031738 -2.751662e-02
1164556495.031860 -3.743143e-02
1164556495.031982 -3.386444e-02
1164556495.032104 -2.168082e-02
1164556495.032227 -7.267740e-03
1164556495.032349 -3.510135e-03
1164556495.032471 1.600029e-03
1164556495.032593 1.299469e-02
1164556495.032715 1.712245e-02
1164556495.032837 1.433784e-02
1164556495.032959 1.902900e-02
1164556495.033081 2.647354e-02
1164556495.033203 2.655877e-02
1164556495.033325 1.583463e-02
1164556495.033447 2.773103e-03
1164556495.033569 -1.162542e-02
1164556495.033691 -2.016984e-02
1164556495.033813 -2.442433e-02
1164556495.033936 -2.709220e-02
1164556495.034058 -3.062698e-02
1164556495.034180 -2.598745e-02
1164556495.034302 -1.136481e-02
1164556495.034424 -1.311454e-03
1164556495.034546 6.088142e-03
1164556495.034668 1.694183e-02
1164556495.034790 3.163170e-02
1164556495.034912 4.007347e-02
1164556495.035034 3.762326e-02
1164556495.035156 3.016909e-02
1164556495.035278 1.564208e-02
1164556495.035400 1.844841e-03
1164556495.035522 -1.634944e-02
1164556495.035645 -4.068460e-02
1164556495.035767 -5.272275e-02
1164556495.035889 -5.043985e-02
1164556495.036011 -3.933076e-02
1164556495.036133 -2.001961e-02
1164556495.036255 6.800364e-03
1164556495.036377 3.435675e-02
1164556495.036499 4.760568e-02
1164556495.036621 5.375166e-02
1164556495.036743 3.984268e-02
1164556495.036865 1.301868e-02
1164556495.036987 -1.270988e-02
1164556495.037109 -2.123174e-02
1164556495.037231 -1.165919e-02
1164556495.037354 4.502820e-04
1164556495.037476 -2.629015e-03
1164556495.037598 -1.522525e-02
1164556495.037720 -1.879360e-02
1164556495.037842 -2.067088e-02
1164556495.037964 -2.603825e-02
1164556495.038086 -1.890198e-02
1164556495.038208 -4.950144e-03
1164556495.038330 1.473643e-02
1164556495.038452 3.184544e-02
1164556495.038574 3.231126e-02
1164556495.038696 1.832052e-02
1164556495.038818 8.944228e-03
1164556495.038940 8.861561e-03
1164556495.039062 5.898479e-03
1164556495.039185 5.894037e-03
1164556495.039307 7.353830e-03
1164556495.039429 -6.296775e-03
1164556495.039551 -2.272545e-02
1164556495.039673 -2.940395e-02
1164556495.039795 -3.188961e-02
1164556495.039917 -3.266111e-02
1164556495.040039 -1.626818e-02
1164556495.040161 2.772641e-03
1164556495.040283 9.091153e-03
1164556495.040405 1.751868e-02
1164556495.040527 3.062273e-02
1164556495.040649 3.321027e-02
1164556495.040771 3.166535e-02
1164556495.040894 2.782667e-02
1164556495.041016 1.580807e-02
1164556495.041138 -3.868731e-04
1164556495.041260 -1.354276e-02
1164556495.041382 -3.294189e-02
1164556495.041504 -4.272262e-02
1164556495.041626 -3.677962e-02
1164556495.041748 -2.739932e-02
1164556495.041870 -2.086159e-02
1164556495.041992 -4.889338e-03
1164556495.042114 1.456803e-02
1164556495.042236 2.426151e-02
1164556495.042358 3.249781e-02
1164556495.042480 3.531749e-02
1164556495.042603 2.750997e-02
1164556495.042725 2.024769e-02
1164556495.042847 7.305898e-03
1164556495.042969 -3.750714e-03
1164556495.043091 -6.252313e-03
1164556495.043213 -6.493251e-03
1164556495.043335 -1.628575e-02
1164556495.043457 -3.682927e-02
1164556495.043579 -4.651095e-02
1164556495.043701 -3.617386e-02
1164556495.043823 -1.464556e-02
1164556495.043945 8.055177e-03
1164556495.044067 2.192460e-02
1164556495.044189 3.283908e-02
1164556495.044312 4.011869e-02
1164556495.044434 3.376865e-02
1164556495.044556 1.267715e-02
1164556495.044678 2.430865e-03
1164556495.044800 2.766999e-03
1164556495.044922 -3.513816e-03
1164556495.045044 -8.778756e-03
1164556495.045166 -1.068613e-02
1164556495.045288 -2.163976e-02
1164556495.045410 -3.077141e-02
1164556495.045532 -2.518748e-02
1164556495.045654 -1.190328e-02
1164556495.045776 -3.243165e-03
1164556495.045898 4.814761e-03
1164556495.046021 7.394351e-03
1164556495.046143 5.103542e-03
1164556495.046265 1.437229e-02
1164556495.046387 2.273844e-02
1164556495.046509 1.814829e-02
1164556495.046631 2.184460e-02
1164556495.046753 2.605833e-02
1164556495.046875 1.582328e-02
1164556495.046997 -9.650633e-04
1164556495.047119 -9.709018e-03
1164556495.047241 -1.582791e-02
1164556495.047363 -3.330414e-02
1164556495.047485 -5.051100e-02
1164556495.047607 -5.003180e-02
1164556495.047729 -3.541948e-02
1164556495.047852 -1.062643e-02
1164556495.047974 1.800480e-02
1164556495.048096 4.026343e-02
1164556495.048218 5.479959e-02
1164556495.048340 6.009581e-02
1164556495.048462 4.739904e-02
1164556495.048584 2.063005e-02
1164556495.048706 2.059988e-05
1164556495.048828 -1.178444e-02
1164556495.048950 -3.204812e-02
1164556495.049072 -4.219044e-02
1164556495.049194 -3.587947e-02
1164556495.049316 -3.622869e-02
1164556495.049438 -3.833642e-02
1164556495.049561 -2.618178e-02
1164556495.049683 -9.668818e-03
1164556495.049805 6.232142e-03
1164556495.049927 2.973731e-02
1164556495.050049 5.213159e-02
1164556495.050171 5.796429e-02
1164556495.050293 5.418022e-02
1164556495.050415 4.118909e-02
1164556495.050537 1.629309e-02
1164556495.050659 -1.636371e-02
1164556495.050781 -3.702958e-02
1164556495.050903 -4.780161e-02
1164556495.051025 -5.405914e-02
1164556495.051147 -5.001622e-02
1164556495.051270 -3.478227e-02
1164556495.051392 -1.841317e-02
1164556495.051514 2.382849e-03
1164556495.051636 2.392544e-02
1164556495.051758 3.647392e-02
1164556495.051880 4.370983e-02
1164556495.052002 4.668247e-02
1164556495.052124 3.835542e-02
1164556495.052246 2.203937e-02
1164556495.052368 6.355336e-03
1164556495.052490 -5.696866e-03
1164556495.052612 -2.294453e-02
1164556495.052734 -3.583111e-02
1164556495.052856 -3.684852e-02
1164556495.052979 -3.074503e-02
1164556495.053101 -2.394370e-02
1164556495.053223 -2.029612e-02
1164556495.053345 -1.464114e-02
1164556495.053467 -1.317552e-03
1164556495.053589 1.385175e-02
1164556495.053711 2.586182e-02
1164556495.053833 3.268979e-02
1164556495.053955 4.275845e-02
1164556495.054077 4.823988e-02
1164556495.054199 3.765678e-02
1164556495.054321 1.263890e-02
1164556495.054443 -1.359513e-02
1164556495.054565 -3.550128e-02
1164556495.054688 -5.049031e-02
1164556495.054810 -5.538892e-02
1164556495.054932 -4.348204e-02
1164556495.055054 -2.076309e-02
1164556495.055176 -1.279139e-03
1164556495.055298 1.106324e-02
1164556495.055420 2.109381e-02
1164556495.055542 3.110442e-02
1164556495.055664 3.778999e-02
1164556495.055786 3.052459e-02
1164556495.055908 2.370394e-02
1164556495.056030 1.575244e-02
1164556495.056152 6.460690e-03
1164556495.056274 -2.258633e-03
1164556495.056396 -1.700828e-02
1164556495.056519 -3.318289e-02
1164556495.056641 -3.512437e-02
1164556495.056763 -2.751870e-02
1164556495.056885 -1.956265e-02
1164556495.057007 -1.045093e-02
1164556495.057129 4.787840e-03
1164556495.057251 9.801374e-03
1164556495.057373 7.757995e-03
1164556495.057495 1.201837e-02
1164556495.057617 2.268442e-02
1164556495.057739 2.623788e-02
1164556495.057861 2.138468e-02
1164556495.057983 1.608020e-02
1164556495.058105 1.069172e-02
1164556495.058228 1.522266e-03
1164556495.058350 -9.019302e-03
1164556495.058472 -2.308711e-02
1164556495.058594 -3.533794e-02
1164556495.058716 -2.996225e-02
1164556495.058838 -1.825265e-02
1164556495.058960 -7.940272e-03
1164556495.059082 5.258335e-03
1164556495.059204 8.800060e-03
1164556495.059326 3.531858e-03
1164556495.059448 6.374667e-04
1164556495.059570 1.112937e-02
1164556495.059692 1.960866e-02
1164556495.059814 2.384395e-02
1164556495.059937 3.220512e-02
1164556495.060059 2.936717e-02
1164556495.060181 9.780682e-03
1164556495.060303 -6.242854e-03
1164556495.060425 -2.227128e-02
1164556495.060547 -3.615079e-02
1164556495.060669 -4.194409e-02
1164556495.060791 -3.758897e-02
1164556495.060913 -2.826600e-02
1164556495.061035 -1.255046e-02
1164556495.061157 9.798842e-03
1164556495.061279 2.242997e-02
1164556495.061401 2.857197e-02
1164556495.061523 3.561143e-02
1164556495.061646 3.452288e-02
1164556495.061768 2.600581e-02
1164556495.061890 1.489137e-02
1164556495.062012 1.074775e-02
1164556495.062134 4.432846e-03
1164556495.062256 -1.626013e-02
1164556495.062378 -3.411314e-02
1164556495.062500 -3.801850e-02
1164556495.062622 -3.672446e-02
1164556495.062744 -3.570534e-02
1164556495.062866 -2.772971e-02
1164556495.062988 -6.277132e-03
1164556495.063110 1.174874e-02
1164556495.063232 2.691521e-02
1164556495.063354 3.571354e-02
1164556495.063477 3.926406e-02
1164556495.063599 4.335987e-02
1164556495.063721 3.931938e-02
1164556495.063843 1.978713e-02
1164556495.063965 -1.250729e-03
1164556495.064087 -1.210553e-02
1164556495.064209 -2.674430e-02
1164556495.064331 -5.028850e-02
1164556495.064453 -5.731250e-02
1164556495.064575 -5.014115e-02
1164556495.064697 -3.467713e-02
1164556495.064819 -9.600305e-03
1164556495.064941 1.580345e-02
1164556495.065063 3.431887e-02
1164556495.065186 5.175990e-02
1164556495.065308 5.868507e-02
1164556495.065430 4.555142e-02
1164556495.065552 2.377858e-02
1164556495.065674 1.008037e-02
1164556495.065796 -2.008552e-03
1164556495.065918 -1.519870e-02
