1164556494.727173 -2.379258e-02
1164556494.727295 -2.251165e-02
1164556494.727417 -1.894561e-02
1164556494.727539 -1.092762e-02
1164556494.727661 -1.440192e-03
1164556494.727783 3.320479e-03
1164556494.727905 6.250872e-03
1164556494.728027 5.831887e-03
1164556494.728149 4.385620e-03
1164556494.728271 3.200957e-03
1164556494.728394 3.327095e-03
1164556494.728516 5.760609e-03
1164556494.728638 7.613484e-03
1164556494.728760 6.232134e-03
1164556494.728882 1.969206e-03
1164556494.729004 -3.658343e-03
1164556494.729126 -7.217442e-03
1164556494.729248 -1.010735e-02
1164556494.729370 -1.003035e-02
1164556494.729492 -9.443999e-03
1164556494.729614 -6.717681e-03
1164556494.729736 -1.456075e-03
1164556494.729858 3.215774e-03
1164556494.729980 6.873455e-03
1164556494.730103 1.193318e-02
1164556494.730225 1.443742e-02
1164556494.730347 1.077742e-02
1164556494.730469 5.788928e-03
1164556494.730591 2.462974e-03
1164556494.730713 -5.161882e-03
1164556494.730835 -1.020656e-02
1164556494.730957 -1.176802e-02
1164556494.731079 -1.225778e-02
1164556494.731201 -8.813451e-03
1164556494.731323 -3.541336e-03
1164556494.731445 -1.730825e-03
1164556494.731567 -1.185093e-04
1164556494.731689 6.852531e-03
1164556494.731812 1.154375e-02
1164556494.731934 9.755312e-03
1164556494.732056 9.281496e-03
1164556494.732178 6.828766e-03
1164556494.732300 5.871523e-04
1164556494.732422 -2.676599e-03
1164556494.732544 -1.653054e-03
1164556494.732666 -3.428331e-03
1164556494.732788 -4.625333e-03
1164556494.732910 -5.473292e-03
1164556494.733032 -8.034068e-03
1164556494.733154 -9.391601e-03
1164556494.733276 -8.680314e-03
1164556494.733398 -7.171056e-03
1164556494.733521 -1.475849e-03
1164556494.733643 6.816538e-03
1164556494.733765 1.362142e-02
1164556494.733887 1.702212e-02
1164556494.734009 1.769922e-02
1164556494.734131 1.104370e-02
1164556494.734253 3.126655e-03
1164556494.734375 -7.435297e-04
1164556494.734497 -6.932697e-03
1164556494.734619 -1.477702e-02
1164556494.734741 -1.793167e-02
1164556494.734863 -1.831873e-02
1164556494.734985 -1.466805e-02
1164556494.735107 -6.303280e-03
1164556494.735229 2.040690e-03
1164556494.735352 6.499702e-03
1164556494.735474 1.385909e-02
1164556494.735596 2.092877e-02
1164556494.735718 2.083690e-02
1164556494.735840 1.525957e-02
1164556494.735962 7.000309e-03
1164556494.736084 -4.561115e-03
1164556494.736206 -1.289605e-02
1164556494.736328 -1.471039e-02
1164556494.736450 -1.432948e-02
1164556494.736572 -1.192465e-02
1164556494.736694 -6.280689e-03
1164556494.736816 -3.376966e-03
1164556494.736938 -2.836792e-03
1164556494.737061 2.855842e-04
1164556494.737183 7.745252e-03
1164556494.737305 8.735734e-03
1164556494.737427 6.465532e-03
1164556494.737549 7.423262e-03
1164556494.737671 9.655939e-03
1164556494.737793 8.701628e-03
1164556494.737915 3.746975e-03
1164556494.738037 -2.229393e-03
1164556494.738159 -6.072007e-03
1164556494.738281 -4.310132e-03
1164556494.738403 -1.950271e-03
1164556494.738525 -7.342152e-03
1164556494.738647 -1.122183e-02
1164556494.738770 -9.481662e-03
1164556494.738892 -8.098464e-03
1164556494.739014 -8.656555e-03
1164556494.739136 -3.739454e-03
1164556494.739258 5.075201e-03
1164556494.739380 1.211740e-02
1164556494.739502 1.730145e-02
1164556494.739624 1.985881e-02
1164556494.739746 1.873754e-02
1164556494.739868 1.299151e-02
1164556494.739990 2.505073e-03
1164556494.740112 -1.053152e-02
1164556494.740234 -1.966809e-02
1164556494.740356 -1.933279e-02
1164556494.740479 -1.586373e-02
1164556494.740601 -1.550133e-02
1164556494.740723 -1.438422e-02
1164556494.740845 -6.297656e-03
1164556494.740967 3.195017e-03
1164556494.741089 1.119521e-02
1164556494.741211 1.750735e-02
1164556494.741333 2.162285e-02
1164556494.741455 2.005171e-02
1164556494.741577 1.766382e-02
1164556494.741699 1.228317e-02
1164556494.741821 2.947257e-03
1164556494.741943 -8.127069e-03
1164556494.742065 -1.911996e-02
1164556494.742188 -2.699938e-02
1164556494.742310 -2.696531e-02
1164556494.742432 -1.890544e-02
1164556494.742554 -6.442152e-03
1164556494.742676 3.291157e-03
1164556494.742798 9.363981e-03
1164556494.742920 1.260054e-02
1164556494.743042 1.429466e-02
1164556494.743164 1.456651e-02
1164556494.743286 1.421209e-02
1164556494.743408 1.286718e-02
1164556494.743530 7.628350e-03
1164556494.743652 1.770518e-03
1164556494.743774 -1.400643e-03
1164556494.743896 -8.366693e-03
1164556494.744019 -1.635973e-02
1164556494.744141 -1.873282e-02
1164556494.744263 -1.746366e-02
1164556494.744385 -1.382889e-02
1164556494.744507 -5.941080e-03
1164556494.744629 1.743830e-03
1164556494.744751 5.799635e-03
1164556494.744873 1.037749e-02
1164556494.744995 1.576641e-02
1164556494.745117 1.591533e-02
1164556494.745239 1.354995e-02
1164556494.745361 8.446663e-03
1164556494.745483 2.606452e-03
1164556494.745605 -1.078125e-04
1164556494.745728 -8.492026e-04
1164556494.745850 -4.535898e-03
1164556494.745972 -8.718249e-03
1164556494.746094 -1.167508e-02
1164556494.746216 -1.541816e-02
1164556494.746338 -2.033257e-02
1164556494.746460 -1.715339e-02
1164556494.746582 -6.655079e-03
1164556494.746704 4.285518e-03
1164556494.746826 1.403552e-02
1164556494.746948 2.014676e-02
1164556494.747070 2.131660e-02
1164556494.747192 1.954554e-02
1164556494.747314 1.537927e-02
1164556494.747437 9.525774e-03
1164556494.747559 2.041583e-03
1164556494.747681 -4.485548e-03
1164556494.747803 -1.419656e-02
1164556494.747925 -2.318955e-02
1164556494.748047 -2.654081e-02
1164556494.748169 -2.684848e-02
1164556494.748291 -2.048420e-02
1164556494.748413 -3.954966e-03
1164556494.748535 1.245517e-02
1164556494.748657 2.175877e-02
1164556494.748779 2.478223e-02
1164556494.748901 2.425485e-02
1164556494.749023 1.616720e-02
1164556494.749146 6.831195e-03
1164556494.749268 7.438710e-04
1164556494.749390 -2.642787e-03
1164556494.749512 -3.696034e-03
1164556494.749634 -4.350339e-03
1164556494.749756 -1.109450e-02
1164556494.749878 -1.880910e-02
1164556494.750000 -2.145936e-02
1164556494.750122 -1.716917e-02
1164556494.750244 -1.149863e-02
1164556494.750366 -2.534147e-03
1164556494.750488 8.778641e-03
1164556494.750610 1.724900e-02
1164556494.750732 2.196014e-02
1164556494.750854 2.089788e-02
1164556494.750977 1.437908e-02
1164556494.751099 8.053457e-03
1164556494.751221 2.570213e-03
1164556494.751343 -3.169768e-03
1164556494.751465 -8.856825e-03
1164556494.751587 -8.581344e-03
1164556494.751709 -8.455510e-03
1164556494.751831 -1.459783e-02
1164556494.751953 -1.917276e-02
1164556494.752075 -1.578279e-02
1164556494.752197 -7.354348e-03
1164556494.752319 2.164665e-03
1164556494.752441 1.015608e-02
1164556494.752563 1.212562e-02
1164556494.752686 1.063380e-02
1164556494.752808 1.351564e-02
1164556494.752930 1.341549e-02
1164556494.753052 1.108926e-02
1164556494.753174 9.994571e-03
1164556494.753296 6.566859e-03
1164556494.753418 -1.859128e-03
1164556494.753540 -6.695703e-03
1164556494.753662 -1.208520e-02
1164556494.753784 -2.242353e-02
1164556494.753906 -2.697004e-02
1164556494.754028 -2.131487e-02
1164556494.754150 -1.244184e-02
1164556494.754272 -1.625929e-03
1164556494.754395 9.955048e-03
1164556494.754517 1.809885e-02
1164556494.754639 2.500206e-02
1164556494.754761 2.802012e-02
1164556494.754883 2.091609e-02
1164556494.755005 1.224598e-02
1164556494.755127 2.535232e-03
1164556494.755249 -6.690342e-03
1164556494.755371 -1.415588e-02
1164556494.755493 -1.640838e-02
1164556494.755615 -1.513830e-02
1164556494.755737 -1.632166e-02
1164556494.755859 -1.767761e-02
1164556494.755981 -1.829930e-02
1164556494.756104 -1.150352e-02
1164556494.756226 1.273286e-03
1164556494.756348 9.242224e-03
1164556494.756470 1.995261e-02
1164556494.756592 2.773296e-02
1164556494.756714 2.926802e-02
1164556494.756836 2.460623e-02
1164556494.756958 1.414794e-02
1164556494.757080 9.129912e-04
1164556494.757202 -1.302030e-02
1164556494.757324 -2.051865e-02
1164556494.757446 -2.425993e-02
1164556494.757568 -2.324500e-02
1164556494.757690 -1.635425e-02
1164556494.757812 -1.592646e-02
1164556494.757935 -1.378553e-02
1164556494.758057 -4.576504e-03
1164556494.758179 6.473502e-03
1164556494.758301 1.874530e-02
1164556494.758423 2.865794e-02
1164556494.758545 3.278254e-02
1164556494.758667 2.973330e-02
1164556494.758789 1.978532e-02
1164556494.758911 1.172920e-03
1164556494.759033 -1.830328e-02
1164556494.759155 -2.410279e-02
1164556494.759277 -2.206682e-02
1164556494.759399 -2.015117e-02
1164556494.759521 -1.835546e-02
1164556494.759644 -1.295263e-02
1164556494.759766 -8.236876e-03
1164556494.759888 -2.225015e-03
1164556494.760010 7.603499e-03
1164556494.760132 1.711679e-02
1164556494.760254 2.395337e-02
1164556494.760376 2.344780e-02
1164556494.760498 1.609710e-02
1164556494.760620 5.818397e-03
1164556494.760742 -1.109019e-03
1164556494.760864 -3.766116e-03
1164556494.760986 -9.173036e-03
1164556494.761108 -1.087793e-02
1164556494.761230 -1.042446e-02
1164556494.761353 -1.051977e-02
1164556494.761475 -9.848662e-03
1164556494.761597 -7.814299e-03
1164556494.761719 -5.881759e-03
1164556494.761841 -1.568380e-03
1164556494.761963 3.795753e-03
1164556494.762085 5.009228e-03
1164556494.762207 4.099620e-03
1164556494.762329 7.153422e-03
1164556494.762451 1.025998e-02
1164556494.762573 1.225846e-02
1164556494.762695 1.411120e-02
1164556494.762817 1.215976e-02
1164556494.762939 4.590033e-03
1164556494.763062 -4.571287e-03
1164556494.763184 -9.788833e-03
1164556494.763306 -1.134871e-02
1164556494.763428 -1.378029e-02
1164556494.763550 -1.471084e-02
1164556494.763672 -1.765691e-02
1164556494.763794 -1.930512e-02
1164556494.763916 -1.345932e-02
1164556494.764038 5.910942e-05
1164556494.764160 1.246205e-02
1164556494.764282 2.060269e-02
1164556494.764404 3.090200e-02
1164556494.764526 3.583345e-02
1164556494.764648 2.744584e-02
1164556494.764771 1.552984e-02
1164556494.764893 -1.329676e-03
1164556494.765015 -1.855379e-02
1164556494.765137 -2.972032e-02
1164556494.765259 -3.578668e-02
1164556494.765381 -3.550005e-02
1164556494.765503 -2.357204e-02
1164556494.765625 -8.903925e-03
1164556494.765747 1.143412e-03
1164556494.765869 1.157258e-02
1164556494.765991 2.064261e-02
1164556494.766113 2.407752e-02
1164556494.766235 2.630759e-02
1164556494.766357 2.623201e-02
1164556494.766479 2.439927e-02
1164556494.766602 1.445777e-02
1164556494.766724 -2.235106e-03
1164556494.766846 -1.886091e-02
1164556494.766968 -3.096480e-02
1164556494.767090 -3.407279e-02
1164556494.767212 -2.857685e-02
1164556494.767334 -1.394005e-02
1164556494.767456 1.834104e-03
1164556494.767578 6.648315e-03
1164556494.767700 8.284599e-03
1164556494.767822 5.858831e-03
1164556494.767944 4.530076e-03
1164556494.768066 1.088407e-02
1164556494.768188 1.668156e-02
1164556494.768311 1.752719e-02
1164556494.768433 1.660303e-02
1164556494.768555 1.536996e-02
1164556494.768677 8.045547e-03
1164556494.768799 -4.420089e-03
1164556494.768921 -1.310797e-02
1164556494.769043 -2.272379e-02
1164556494.769165 -2.786774e-02
1164556494.769287 -2.356295e-02
1164556494.769409 -1.766943e-02
1164556494.769531 -1.183418e-02
1164556494.769653 -5.306747e-03
1164556494.769775 1.986007e-03
1164556494.769897 1.248364e-02
1164556494.770020 2.397799e-02
1164556494.770142 3.221445e-02
1164556494.770264 3.420861e-02
1164556494.770386 3.075978e-02
1164556494.770508 1.988333e-02
1164556494.770630 4.330804e-03
1164556494.770752 -1.179757e-02
1164556494.770874 -3.016116e-02
1164556494.770996 -4.409640e-02
1164556494.771118 -4.495041e-02
1164556494.771240 -3.902655e-02
1164556494.771362 -2.389904e-02
1164556494.771484 -2.549678e-03
1164556494.771606 1.491215e-02
1164556494.771729 2.602238e-02
1164556494.771851 3.852028e-02
1164556494.771973 4.584998e-02
1164556494.772095 4.190828e-02
1164556494.772217 3.059639e-02
1164556494.772339 1.096447e-02
1164556494.772461 -1.157689e-02
1164556494.772583 -2.497505e-02
1164556494.772705 -3.465882e-02
1164556494.772827 -4.350160e-02
1164556494.772949 -4.021256e-02
1164556494.773071 -2.568793e-02
1164556494.773193 -1.347807e-02
1164556494.773315 -2.134102e-03
1164556494.773438 1.341074e-02
1164556494.773560 2.808716e-02
1164556494.773682 3.574867e-02
1164556494.773804 3.571148e-02
1164556494.773926 3.002643e-02
1164556494.774048 2.044430e-02
1164556494.774170 8.977115e-03
1164556494.774292 -5.602237e-03
1164556494.774414 -1.923497e-02
1164556494.774536 -2.448213e-02
1164556494.774658 -2.748252e-02
1164556494.774780 -2.944246e-02
1164556494.774902 -2.940729e-02
1164556494.775024 -2.136145e-02
1164556494.775146 -4.390977e-03
1164556494.775269 1.316144e-02
1164556494.775391 2.420284e-02
1164556494.775513 2.782899e-02
1164556494.775635 2.623486e-02
1164556494.775757 2.378073e-02
1164556494.775879 1.595683e-02
1164556494.776001 4.283108e-03
1164556494.776123 -6.229412e-03
1164556494.776245 -1.095822e-02
1164556494.776367 -1.076551e-02
1164556494.776489 -1.083631e-02
1164556494.776611 -1.494833e-02
1164556494.776733 -1.910740e-02
1164556494.776855 -1.938401e-02
1164556494.776978 -1.410015e-02
1164556494.777100 -4.300491e-03
1164556494.777222 6.942857e-03
1164556494.777344 1.643301e-02
1164556494.777466 2.247994e-02
1164556494.777588 1.963240e-02
1164556494.777710 1.291803e-02
1164556494.777832 5.455340e-03
1164556494.777954 1.554705e-03
1164556494.778076 -1.130035e-04
1164556494.778198 -4.238312e-03
1164556494.778320 -5.496155e-03
1164556494.778442 -2.818398e-03
1164556494.778564 8.416819e-04
1164556494.778687 -6.230103e-03
1164556494.778809 -1.835326e-02
1164556494.778931 -1.908026e-02
1164556494.779053 -1.699527e-02
1164556494.779175 -1.122339e-02
1164556494.779297 -1.264684e-03
1164556494.779419 1.168623e-02
1164556494.779541 1.945064e-02
1164556494.779663 2.192276e-02
1164556494.779785 2.212075e-02
1164556494.779907 1.479482e-02
1164556494.780029 1.320736e-02
1164556494.780151 9.814897e-03
1164556494.780273 -3.568428e-03
1164556494.780396 -1.169870e-02
1164556494.780518 -1.612629e-02
1164556494.780640 -2.093395e-02
1164556494.780762 -2.723948e-02
1164556494.780884 -2.561121e-02
1164556494.781006 -1.802640e-02
1164556494.781128 -9.100467e-03
1164556494.781250 6.254296e-03
1164556494.781372 1.670957e-02
1164556494.781494 2.274415e-02
1164556494.781616 3.065489e-02
1164556494.781738 3.287530e-02
1164556494.781860 2.740290e-02
1164556494.781982 1.578697e-02
1164556494.782104 4.950540e-03
1164556494.782227 -8.999065e-03
1164556494.782349 -2.391936e-02
1164556494.782471 -3.337868e-02
1164556494.782593 -4.133850e-02
1164556494.782715 -3.784235e-02
1164556494.782837 -2.511302e-02
1164556494.782959 -1.171732e-02
1164556494.783081 7.598418e-03
1164556494.783203 3.044466e-02
1164556494.783325 4.180030e-02
1164556494.783447 3.885117e-02
1164556494.783569 3.244263e-02
1164556494.783691 2.061228e-02
1164556494.783813 5.534493e-03
1164556494.783936 -6.214270e-03
1164556494.784058 -1.593227e-02
1164556494.784180 -2.356313e-02
1164556494.784302 -2.296847e-02
1164556494.784424 -2.331850e-02
1164556494.784546 -2.740385e-02
1164556494.784668 -2.273753e-02
1164556494.784790 -1.032114e-02
1164556494.784912 1.214090e-03
1164556494.785034 1.585234e-02
1164556494.785156 2.718346e-02
1164556494.785278 2.936358e-02
1164556494.785400 2.539346e-02
1164556494.785522 1.958805e-02
1164556494.785645 8.482166e-03
1164556494.785767 -1.877235e-03
1164556494.785889 -3.000452e-03
1164556494.786011 -7.548240e-03
1164556494.786133 -1.409645e-02
1164556494.786255 -1.229292e-02
1164556494.786377 -1.168764e-02
1164556494.786499 -1.362840e-02
1164556494.786621 -2.082973e-02
1164556494.786743 -2.479457e-02
1164556494.786865 -2.031575e-02
1164556494.786987 -3.060488e-03
1164556494.787109 1.767606e-02
1164556494.787231 2.586838e-02
1164556494.787354 3.456798e-02
1164556494.787476 3.919360e-02
1164556494.787598 3.071942e-02
1164556494.787720 1.912642e-02
1164556494.787842 7.054736e-03
1164556494.787964 -6.802769e-03
1164556494.788086 -2.724530e-02
1164556494.788208 -3.962141e-02
1164556494.788330 -4.573127e-02
1164556494.788452 -4.201697e-02
1164556494.788574 -2.645905e-02
1164556494.788696 -1.497950e-02
1164556494.788818 2.152794e-03
1164556494.788940 2.695146e-02
1164556494.789062 4.482536e-02
1164556494.789185 5.038633e-02
1164556494.789307 4.285375e-02
1164556494.789429 3.111300e-02
1164556494.789551 1.419694e-02
1164556494.789673 -1.951786e-03
1164556494.789795 -1.874617e-02
1164556494.789917 -3.690807e-02
1164556494.790039 -4.544218e-02
1164556494.790161 -4.286767e-02
1164556494.790283 -3.284700e-02
1164556494.790405 -1.797708e-02
1164556494.790527 -8.986060e-04
1164556494.790649 1.638387e-02
1164556494.790771 2.936184e-02
1164556494.790894 3.473375e-02
1164556494.791016 3.078142e-02
1164556494.791138 2.477301e-02
1164556494.791260 1.837399e-02
1164556494.791382 9.210217e-03
1164556494.791504 -3.774684e-03
1164556494.791626 -1.600196e-02
1164556494.791748 -2.043616e-02
1164556494.791870 -2.235339e-02
1164556494.791992 -2.202600e-02
1164556494.792114 -1.555046e-02
1164556494.792236 -7.493339e-03
1164556494.792358 -5.949473e-04
1164556494.792480 9.855974e-05
1164556494.792603 -3.080953e-03
1164556494.792725 -4.012317e-03
1164556494.792847 5.878553e-03
1164556494.792969 1.960033e-02
1164556494.793091 2.337435e-02
1164556494.793213 2.161242e-02
1164556494.793335 2.328284e-02
1164556494.793457 1.930824e-02
1164556494.793579 4.953437e-03
1164556494.793701 -1.166081e-02
1164556494.793823 -2.219790e-02
1164556494.793945 -2.882629e-02
1164556494.794067 -2.726169e-02
1164556494.794189 -2.122408e-02
1164556494.794312 -1.616015e-02
1164556494.794434 -9.943919e-03
1164556494.794556 -3.959418e-03
1164556494.794678 6.566120e-04
1164556494.794800 1.190463e-02
1164556494.794922 2.895532e-02
1164556494.795044 3.745085e-02
1164556494.795166 3.807864e-02
1164556494.795288 3.322179e-02
1164556494.795410 1.718920e-02
1164556494.795532 -4.139428e-03
1164556494.795654 -2.202656e-02
1164556494.795776 -3.788999e-02
1164556494.795898 -4.570831e-02
1164556494.796021 -3.584384e-02
1164556494.796143 -2.208385e-02
1164556494.796265 -1.128355e-02
1164556494.796387 5.339107e-04
1164556494.796509 5.523455e-03
1164556494.796631 1.027468e-02
1164556494.796753 2.391327e-02
1164556494.796875 3.619295e-02
1164556494.796997 4.218493e-02
1164556494.797119 4.036430e-02
1164556494.797241 2.635020e-02
1164556494.797363 3.979518e-04
1164556494.797485 -2.007797e-02
1164556494.797607 -3.416430e-02
1164556494.797729 -4.508093e-02
1164556494.797852 -4.105586e-02
1164556494.797974 -2.899358e-02
1164556494.798096 -2.123253e-02
1164556494.798218 -8.168357e-03
1164556494.798340 7.810406e-03
1164556494.798462 2.035768e-02
1164556494.798584 2.811684e-02
1164556494.798706 3.178103e-02
1164556494.798828 3.305836e-02
1164556494.798950 3.032542e-02
1164556494.799072 2.485019e-02
1164556494.799194 1.133615e-02
1164556494.799316 -7.706075e-03
1164556494.799438 -1.915101e-02
1164556494.799561 -3.103619e-02
1164556494.799683 -4.069377e-02
1164556494.799805 -4.076622e-02
1164556494.799927 -3.285124e-02
1164556494.800049 -1.761293e-02
1164556494.800171 4.394452e-04
1164556494.800293 1.625864e-02
1164556494.800415 2.884732e-02
1164556494.800537 3.340564e-02
1164556494.800659 3.186328e-02
1164556494.800781 3.002974e-02
1164556494.800903 2.857855e-02
1164556494.801025 1.748302e-02
1164556494.801147 -9.337666e-04
1164556494.801270 -1.917203e-02
1164556494.801392 -3.232209e-02
1164556494.801514 -3.362437e-02
1164556494.801636 -3.125273e-02
1164556494.801758 -3.034294e-02
1164556494.801880 -2.200892e-02
1164556494.802002 -6.612374e-03
1164556494.802124 6.627963e-03
1164556494.802246 1.569904e-02
1164556494.802368 3.102806e-02
1164556494.802490 3.721347e-02
1164556494.802612 2.919975e-02
1164556494.802734 2.072706e-02
1164556494.802856 8.799624e-03
1164556494.802979 -7.702458e-04
1164556494.803101 -5.811993e-03
1164556494.803223 -1.017003e-02
1164556494.803345 -1.473615e-02
1164556494.803467 -2.022261e-02
1164556494.803589 -2.561626e-02
1164556494.803711 -3.037858e-02
1164556494.803833 -2.565003e-02
1164556494.803955 -1.502030e-02
1164556494.804077 4.093921e-03
1164556494.804199 2.405912e-02
1164556494.804321 3.004417e-02
1164556494.804443 2.703565e-02
1164556494.804565 2.233089e-02
1164556494.804688 1.755211e-02
1164556494.804810 1.556794e-02
1164556494.804932 1.386974e-02
1164556494.805054 8.621722e-03
1164556494.805176 -4.878312e-03
1164556494.805298 -2.483231e-02
1164556494.805420 -4.105243e-02
1164556494.805542 -4.686089e-02
1164556494.805664 -3.811192e-02
1164556494.805786 -2.027476e-02
1164556494.805908 -5.721671e-04
1164556494.806030 2.025102e-02
1164556494.806152 3.386274e-02
1164556494.806274 3.930277e-02
1164556494.806396 3.119013e-02
1164556494.806519 1.809926e-02
1164556494.806641 1.417972e-02
1164556494.806763 9.653486e-03
1164556494.806885 -1.174108e-04
1164556494.807007 -1.063280e-02
1164556494.807129 -1.867380e-02
1164556494.807251 -2.352118e-02
1164556494.807373 -2.726008e-02
1164556494.807495 -2.786570e-02
1164556494.807617 -2.749577e-02
1164556494.807739 -1.736589e-02
1164556494.807861 2.514021e-03
1164556494.807983 1.805175e-02
1164556494.808105 2.691632e-02
1164556494.808228 3.683080e-02
1164556494.808350 3.614573e-02
1164556494.808472 1.991645e-02
1164556494.808594 6.896650e-03
1164556494.808716 5.675456e-04
1164556494.808838 -9.148656e-03
1164556494.808960 -1.864947e-02
1164556494.809082 -2.140867e-02
1164556494.809204 -2.021044e-02
1164556494.809326 -1.869300e-02
1164556494.809448 -8.425115e-03
1164556494.809570 -5.117701e-03
1164556494.809692 -9.202855e-03
1164556494.809814 -2.032745e-03
1164556494.809937 5.543306e-03
1164556494.810059 8.967662e-03
1164556494.810181 1.520347e-02
1164556494.810303 2.222495e-02
1164556494.810425 1.920996e-02
1164556494.810547 1.126737e-02
1164556494.810669 1.396772e-02
1164556494.810791 9.327625e-03
1164556494.810913 1.947905e-03
1164556494.811035 -4.450052e-03
1164556494.811157 -1.713013e-02
1164556494.811279 -2.283109e-02
1164556494.811401 -2.872460e-02
1164556494.811523 -3.727358e-02
1164556494.811646 -3.785340e-02
1164556494.811768 -1.986792e-02
1164556494.811890 1.185409e-02
1164556494.812012 3.557857e-02
1164556494.812134 5.018318e-02
1164556494.812256 4.756419e-02
1164556494.812378 3.476923e-02
1164556494.812500 1.691934e-02
1164556494.812622 -2.665286e-03
1164556494.812744 -1.201874e-02
1164556494.812866 -1.945000e-02
1164556494.812988 -2.747524e-02
1164556494.813110 -2.850646e-02
1164556494.813232 -2.531718e-02
1164556494.813354 -2.414893e-02
1164556494.813477 -2.077069e-02
1164556494.813599 -9.865229e-03
1164556494.813721 1.405752e-03
1164556494.813843 1.741540e-02
1164556494.813965 3.383897e-02
1164556494.814087 3.910624e-02
1164556494.814209 3.718150e-02
1164556494.814331 2.770422e-02
1164556494.814453 5.940242e-03
1164556494.814575 -1.407188e-02
1164556494.814697 -1.803392e-02
1164556494.814819 -1.547303e-02
1164556494.814941 -1.753475e-02
1164556494.815063 -2.006475e-02
1164556494.815186 -2.067621e-02
1164556494.815308 -1.859953e-02
1164556494.815430 -1.399719e-02
1164556494.815552 -7.257426e-03
1164556494.815674 6.296539e-04
1164556494.815796 1.613170e-02
1164556494.815918 2.720784e-02
1164556494.816040 2.584071e-02
1164556494.816162 1.857207e-02
1164556494.816284 1.229802e-02
1164556494.816406 1.008653e-02
1164556494.816528 7.866121e-03
1164556494.816650 6.751856e-03
1164556494.816772 1.991723e-03
1164556494.816895 -6.304404e-03
1164556494.817017 -1.673155e-02
1164556494.817139 -3.266145e-02
1164556494.817261 -4.420189e-02
1164556494.817383 -4.115140e-02
1164556494.817505 -2.533533e-02
1164556494.817627 -5.671959e-03
1164556494.817749 1.298245e-02
1164556494.817871 3.352569e-02
1164556494.817993 4.732112e-02
1164556494.818115 5.010910e-02
1164556494.818237 4.645644e-02
1164556494.818359 3.314206e-02
1164556494.818481 1.285238e-02
1164556494.818604 -8.940154e-03
1164556494.818726 -3.052210e-02
1164556494.818848 -4.875625e-02
1164556494.818970 -5.599449e-02
1164556494.819092 -4.835726e-02
1164556494.819214 -3.790193e-02
1164556494.819336 -2.286232e-02
1164556494.819458 -1.185503e-03
1164556494.819580 1.513743e-02
1164556494.819702 3.533515e-02
1164556494.819824 5.914785e-02
1164556494.819946 6.761439e-02
1164556494.820068 5.377402e-02
1164556494.820190 3.115724e-02
1164556494.820312 7.528303e-03
1164556494.820435 -2.134052e-02
1164556494.820557 -4.464437e-02
1164556494.820679 -5.627307e-02
1164556494.820801 -5.458237e-02
1164556494.820923 -3.857726e-02
1164556494.821045 -1.888363e-02
1164556494.821167 -5.824893e-03
1164556494.821289 3.738858e-03
1164556494.821411 1.252452e-02
1164556494.821533 2.021518e-02
1164556494.821655 2.754246e-02
1164556494.821777 3.873086e-02
1164556494.821899 4.400171e-02
1164556494.822021 3.486405e-02
1164556494.822144 2.195884e-02
1164556494.822266 6.793986e-03
1164556494.822388 -1.170016e-02
1164556494.822510 -2.766659e-02
1164556494.822632 -3.815492e-02
1164556494.822754 -4.730504e-02
1164556494.822876 -5.036112e-02
1164556494.822998 -3.863273e-02
1164556494.823120 -1.758896e-02
1164556494.823242 2.571881e-03
1164556494.823364 2.130473e-02
1164556494.823486 3.088141e-02
1164556494.823608 3.683680e-02
1164556494.823730 4.637898e-02
1164556494.823853 5.069088e-02
1164556494.823975 4.405375e-02
1164556494.824097 2.664269e-02
1164556494.824219 -3.536239e-03
1164556494.824341 -3.252648e-02
1164556494.824463 -4.924198e-02
1164556494.824585 -5.587119e-02
1164556494.824707 -5.767872e-02
1164556494.824829 -4.929063e-02
1164556494.824951 -2.573132e-02
1164556494.825073 1.940890e-03
1164556494.825195 2.727100e-02
1164556494.825317 4.006469e-02
1164556494.825439 4.474506e-02
1164556494.825562 4.451882e-02
1164556494.825684 3.655182e-02
1164556494.825806 2.479498e-02
1164556494.825928 1.645129e-02
1164556494.826050 7.928120e-03
1164556494.826172 -9.174441e-03
1164556494.826294 -2.934564e-02
1164556494.826416 -4.384453e-02
1164556494.826538 -4.540245e-02
1164556494.826660 -3.899650e-02
1164556494.826782 -3.258155e-02
1164556494.826904 -2.572545e-02
1164556494.827026 -7.512939e-03
1164556494.827148 1.989324e-02
1164556494.827271 3.713644e-02
1164556494.827393 3.934489e-02
1164556494.827515 3.973767e-02
1164556494.827637 4.514644e-02
1164556494.827759 4.616480e-02
1164556494.827881 3.131572e-02
1164556494.828003 5.175723e-03
1164556494.828125 -2.465844e-02
1164556494.828247 -4.832013e-02
1164556494.828369 -6.380460e-02
1164556494.828491 -6.687632e-02
1164556494.828613 -5.430443e-02
1164556494.828735 -2.565506e-02
1164556494.828857 3.761277e-03
1164556494.828979 2.373497e-02
1164556494.829102 4.476459e-02
1164556494.829224 5.965079e-02
1164556494.829346 5.795825e-02
1164556494.829468 3.888735e-02
1164556494.829590 1.544791e-02
1164556494.829712 -1.227796e-04
1164556494.829834 -1.060746e-02
1164556494.829956 -2.024389e-02
1164556494.830078 -3.458022e-02
1164556494.830200 -4.164263e-02
1164556494.830322 -3.544226e-02
1164556494.830444 -2.292503e-02
1164556494.830566 -8.372734e-03
1164556494.830688 1.753092e-03
1164556494.830811 1.006105e-02
1164556494.830933 1.695690e-02
1164556494.831055 1.763694e-02
1164556494.831177 1.479660e-02
1164556494.831299 1.223769e-02
1164556494.831421 1.300555e-02
1164556494.831543 1.651153e-02
1164556494.831665 1.754241e-02
1164556494.831787 1.374491e-02
1164556494.831909 6.808525e-03
1164556494.832031 -4.793473e-03
1164556494.832153 -1.793135e-02
1164556494.832275 -2.450970e-02
1164556494.832397 -2.656115e-02
1164556494.832520 -2.837328e-02
1164556494.832642 -2.682892e-02
1164556494.832764 -2.022135e-02
1164556494.832886 -1.357108e-02
1164556494.833008 1.634514e-04
1164556494.833130 2.282228e-02
1164556494.833252 3.323077e-02
1164556494.833374 3.696870e-02
1164556494.833496 4.463091e-02
1164556494.833618 3.921135e-02
1164556494.833740 2.599545e-02
1164556494.833862 1.719068e-02
1164556494.833984 3.034171e-05
1164556494.834106 -3.199679e-02
1164556494.834229 -5.247322e-02
1164556494.834351 -6.082820e-02
1164556494.834473 -7.058510e-02
1164556494.834595 -6.077239e-02
1164556494.834717 -2.393778e-02
1164556494.834839 1.347530e-02
1164556494.834961 4.346241e-02
1164556494.835083 7.028938e-02
1164556494.835205 7.381012e-02
1164556494.835327 5.886160e-02
1164556494.835449 4.151126e-02
1164556494.835571 1.645038e-02
1164556494.835693 -6.697771e-03
1164556494.835815 -1.635921e-02
1164556494.835938 -3.138425e-02
1164556494.836060 -5.410799e-02
1164556494.836182 -6.207621e-02
1164556494.836304 -5.529042e-02
1164556494.836426 -4.929103e-02
1164556494.836548 -3.117170e-02
1164556494.836670 3.382857e-03
1164556494.836792 3.466444e-02
1164556494.836914 5.716876e-02
1164556494.837036 6.685838e-02
1164556494.837158 6.097167e-02
1164556494.837280 4.362656e-02
1164556494.837402 2.736614e-02
1164556494.837524 1.082180e-02
1164556494.837646 -6.984429e-03
1164556494.837769 -2.360885e-02
1164556494.837891 -4.648137e-02
1164556494.838013 -6.311861e-02
1164556494.838135 -6.709109e-02
1164556494.838257 -5.856461e-02
1164556494.838379 -3.304061e-02
1164556494.838501 -4.029358e-03
1164556494.838623 2.385218e-02
1164556494.838745 5.106866e-02
1164556494.838867 6.924392e-02
1164556494.838989 6.314939e-02
1164556494.839111 4.177823e-02
1164556494.839233 2.377859e-02
1164556494.839355 3.992846e-03
1164556494.839478 -1.243986e-02
1164556494.839600 -1.199865e-02
1164556494.839722 -1.294211e-02
1164556494.839844 -2.996182e-02
1164556494.839966 -5.107271e-02
1164556494.840088 -5.663476e-02
1164556494.840210 -4.728056e-02
1164556494.840332 -2.732884e-02
1164556494.840454 -1.115845e-03
1164556494.840576 1.598740e-02
1164556494.840698 3.297794e-02
1164556494.840820 4.921449e-02
1164556494.840942 5.331555e-02
1164556494.841064 4.795039e-02
1164556494.841187 4.153115e-02
1164556494.841309 3.092928e-02
1164556494.841431 2.302252e-03
1164556494.841553 -2.256110e-02
1164556494.841675 -3.228000e-02
1164556494.841797 -4.346789e-02
1164556494.841919 -5.360966e-02
1164556494.842041 -5.722762e-02
1164556494.842163 -4.986820e-02
1164556494.842285 -2.962341e-02
1164556494.842407 -2.558436e-03
1164556494.842529 2.045329e-02
1164556494.842651 3.653519e-02
1164556494.842773 5.573942e-02
1164556494.842896 6.540268e-02
1164556494.843018 5.809481e-02
1164556494.843140 4.294034e-02
1164556494.843262 2.793428e-02
1164556494.843384 6.119935e-03
1164556494.843506 -1.994454e-02
1164556494.843628 -3.872344e-02
1164556494.843750 -5.323260e-02
1164556494.843872 -7.102583e-02
1164556494.843994 -8.251891e-02
1164556494.844116 -7.147146e-02
1164556494.844238 -3.387422e-02
1164556494.844360 7.356434e-03
1164556494.844482 4.056136e-02
1164556494.844604 7.110478e-02
1164556494.844727 9.157741e-02
1164556494.844849 9.059444e-02
1164556494.844971 7.153503e-02
1164556494.845093 4.158940e-02
1164556494.845215 6.523861e-03
1164556494.845337 -3.116590e-02
1164556494.845459 -6.110121e-02
1164556494.845581 -8.152183e-02
1164556494.845703 -9.019028e-02
1164556494.845825 -7.871280e-02
1164556494.845947 -4.741244e-02
1164556494.846069 -1.423958e-02
1164556494.846191 1.504875e-02
1164556494.846313 4.057889e-02
1164556494.846436 5.641481e-02
1164556494.846558 6.316505e-02
1164556494.846680 6.887680e-02
1164556494.846802 6.887473e-02
1164556494.846924 4.744461e-02
1164556494.847046 1.552847e-02
1164556494.847168 -1.237741e-02
1164556494.847290 -4.434246e-02
1164556494.847412 -6.263899e-02
1164556494.847534 -6.624757e-02
1164556494.847656 -6.525640e-02
1164556494.847778 -5.255961e-02
1164556494.847900 -2.625245e-02
1164556494.848022 -6.593235e-03
1164556494.848145 1.343961e-03
1164556494.848267 2.079436e-02
1164556494.848389 4.471936e-02
1164556494.848511 5.878220e-02
1164556494.848633 6.928601e-02
1164556494.848755 7.487826e-02
1164556494.848877 5.804150e-02
1164556494.848999 3.026091e-02
1164556494.849121 -2.290353e-03
1164556494.849243 -5.061456e-02
1164556494.849365 -8.832798e-02
1164556494.849487 -9.513491e-02
1164556494.849609 -7.679322e-02
1164556494.849731 -6.066701e-02
1164556494.849854 -3.220756e-02
1164556494.849976 1.202818e-02
1164556494.850098 4.630260e-02
1164556494.850220 5.603954e-02
1164556494.850342 5.121287e-02
1164556494.850464 5.959967e-02
1164556494.850586 6.995029e-02
1164556494.850708 6.746079e-02
1164556494.850830 3.983501e-02
1164556494.850952 -1.110264e-02
1164556494.851074 -5.132041e-02
1164556494.851196 -7.669866e-02
1164556494.851318 -7.842646e-02
1164556494.851440 -6.016795e-02
1164556494.851562 -3.383001e-02
1164556494.851685 -1.042401e-02
1164556494.851807 -3.447136e-03
1164556494.851929 2.135080e-03
1164556494.852051 1.653120e-02
1164556494.852173 2.646765e-02
1164556494.852295 3.024214e-02
1164556494.852417 3.905610e-02
1164556494.852539 5.772024e-02
1164556494.852661 6.700406e-02
1164556494.852783 5.525425e-02
1164556494.852905 2.256074e-02
1164556494.853027 -2.615872e-02
1164556494.853149 -6.189435e-02
1164556494.853271 -7.018889e-02
1164556494.853394 -6.884784e-02
1164556494.853516 -6.202961e-02
1164556494.853638 -4.137394e-02
1164556494.853760 -2.558257e-02
1164556494.853882 -2.173203e-02
1164556494.854004 6.307346e-03
1164556494.854126 4.951699e-02
1164556494.854248 7.477576e-02
1164556494.854370 8.485993e-02
1164556494.854492 8.903172e-02
1164556494.854614 7.956438e-02
1164556494.854736 3.913407e-02
1164556494.854858 -1.450804e-02
1164556494.854980 -6.339008e-02
1164556494.855103 -9.597454e-02
1164556494.855225 -9.378394e-02
1164556494.855347 -7.239550e-02
1164556494.855469 -4.621515e-02
1164556494.855591 -1.914909e-02
1164556494.855713 1.966023e-03
1164556494.855835 8.017994e-03
1164556494.855957 1.950400e-02
1164556494.856079 5.171212e-02
1164556494.856201 7.743960e-02
1164556494.856323 7.051012e-02
1164556494.856445 5.339475e-02
1164556494.856567 4.539405e-02
1164556494.856689 3.342007e-02
1164556494.856812 5.485559e-03
1164556494.856934 -2.967173e-02
1164556494.857056 -6.625373e-02
1164556494.857178 -8.989871e-02
1164556494.857300 -8.936847e-02
1164556494.857422 -7.725877e-02
1164556494.857544 -5.501985e-02
1164556494.857666 -2.216782e-02
1164556494.857788 1.150759e-02
1164556494.857910 3.975663e-02
1164556494.858032 7.597273e-02
1164556494.858154 1.118412e-01
1164556494.858276 1.083767e-01
1164556494.858398 7.808984e-02
1164556494.858521 4.655525e-02
1164556494.858643 1.434408e-02
1164556494.858765 -2.612515e-02
1164556494.858887 -6.860744e-02
1164556494.859009 -1.021850e-01
1164556494.859131 -1.172462e-01
1164556494.859253 -1.069046e-01
1164556494.859375 -8.021164e-02
1164556494.859497 -3.666506e-02
1164556494.859619 2.884566e-02
1164556494.859741 7.454078e-02
1164556494.859863 8.414243e-02
1164556494.859985 9.085516e-02
1164556494.860107 9.877058e-02
1164556494.860229 7.846408e-02
1164556494.860352 3.696460e-02
1164556494.860474 6.831135e-03
1164556494.860596 -1.103415e-02
1164556494.860718 -2.713757e-02
1164556494.860840 -5.638926e-02
1164556494.860962 -9.864454e-02
1164556494.861084 -1.137702e-01
1164556494.861206 -9.568664e-02
1164556494.861328 -6.493691e-02
1164556494.861450 -2.672527e-02
1164556494.861572 3.366498e-02
1164556494.861694 8.915469e-02
1164556494.861816 1.061519e-01
1164556494.861938 9.385469e-02
1164556494.862061 7.300243e-02
1164556494.862183 4.954996e-02
1164556494.862305 3.161783e-02
1164556494.862427 1.484524e-02
1164556494.862549 -1.288880e-02
1164556494.862671 -3.859966e-02
1164556494.862793 -5.793964e-02
1164556494.862915 -8.985817e-02
1164556494.863037 -1.231563e-01
1164556494.863159 -1.155849e-01
1164556494.863281 -5.548405e-02
1164556494.863403 3.678718e-03
1164556494.863525 5.009078e-02
1164556494.863647 9.254517e-02
1164556494.863770 1.114489e-01
1164556494.863892 9.505105e-02
1164556494.864014 6.678632e-02
1164556494.864136 3.912529e-02
1164556494.864258 1.299990e-02
1164556494.864380 5.927999e-03
1164556494.864502 1.427108e-03
1164556494.864624 -2.936740e-02
1164556494.864746 -7.000464e-02
1164556494.864868 -9.907575e-02
1164556494.864990 -1.209164e-01
1164556494.865112 -1.232023e-01
1164556494.865234 -6.893841e-02
1164556494.865356 1.073032e-02
1164556494.865479 7.357667e-02
1164556494.865601 1.082275e-01
1164556494.865723 1.162470e-01
1164556494.865845 9.692277e-02
1164556494.865967 6.895009e-02
1164556494.866089 4.012910e-02
1164556494.866211 8.316041e-03
1164556494.866333 -3.727163e-03
1164556494.866455 1.202018e-03
1164556494.866577 -2.170540e-02
1164556494.866699 -8.648863e-02
1164556494.866821 -1.324410e-01
1164556494.866943 -1.319229e-01
1164556494.867065 -1.143630e-01
1164556494.867188 -6.681378e-02
1164556494.867310 1.324764e-02
1164556494.867432 8.867893e-02
1164556494.867554 1.247345e-01
1164556494.867676 1.334675e-01
1164556494.867798 1.163701e-01
1164556494.867920 8.099162e-02
1164556494.868042 5.510559e-02
1164556494.868164 1.973014e-02
1164556494.868286 -3.316372e-02
1164556494.868408 -6.191556e-02
1164556494.868530 -6.667991e-02
1164556494.868652 -9.487516e-02
1164556494.868774 -1.375870e-01
1164556494.868896 -1.311362e-01
1164556494.869019 -7.318291e-02
1164556494.869141 -1.570366e-02
1164556494.869263 3.461183e-02
1164556494.869385 8.797356e-02
1164556494.869507 1.186085e-01
1164556494.869629 1.259348e-01
1164556494.869751 1.080915e-01
1164556494.869873 8.096849e-02
1164556494.869995 5.032303e-02
1164556494.870117 1.740566e-02
1164556494.870239 -2.763948e-02
1164556494.870361 -7.749527e-02
1164556494.870483 -9.289634e-02
1164556494.870605 -9.484158e-02
1164556494.870728 -1.188184e-01
1164556494.870850 -1.326160e-01
1164556494.870972 -9.117146e-02
1164556494.871094 -2.393605e-02
1164556494.871216 3.040772e-02
1164556494.871338 9.151984e-02
1164556494.871460 1.417340e-01
1164556494.871582 1.601253e-01
1164556494.871704 1.475446e-01
1164556494.871826 1.096623e-01
1164556494.871948 4.738917e-02
1164556494.872070 -9.378613e-03
1164556494.872192 -6.162311e-02
1164556494.872314 -1.147697e-01
1164556494.872437 -1.413824e-01
1164556494.872559 -1.255323e-01
1164556494.872681 -1.024128e-01
1164556494.872803 -1.062414e-01
1164556494.872925 -8.931763e-02
1164556494.873047 -2.159005e-02
1164556494.873169 6.395303e-02
1164556494.873291 1.257557e-01
1164556494.873413 1.648627e-01
1164556494.873535 1.899409e-01
1164556494.873657 1.694677e-01
1164556494.873779 1.079704e-01
1164556494.873901 1.556510e-02
1164556494.874023 -6.655512e-02
1164556494.874146 -1.214220e-01
1164556494.874268 -1.490756e-01
1164556494.874390 -1.424305e-01
1164556494.874512 -1.144119e-01
1164556494.874634 -8.456970e-02
1164556494.874756 -6.803376e-02
1164556494.874878 -4.865845e-02
1164556494.875000 -8.757342e-03
1164556494.875122 4.841173e-02
1164556494.875244 1.194852e-01
1164556494.875366 1.822322e-01
1164556494.875488 2.018785e-01
1164556494.875610 1.687773e-01
1164556494.875732 1.029786e-01
1164556494.875854 5.662571e-03
1164556494.875977 -8.863020e-02
1164556494.876099 -1.403783e-01
1164556494.876221 -1.491068e-01
1164556494.876343 -1.382184e-01
1164556494.876465 -1.120728e-01
1164556494.876587 -9.765230e-02
1164556494.876709 -9.820172e-02
1164556494.876831 -7.058444e-02
1164556494.876953 -7.665908e-03
1164556494.877075 7.160642e-02
1164556494.877197 1.523686e-01
1164556494.877319 2.276056e-01
1164556494.877441 2.613728e-01
1164556494.877563 2.093037e-01
1164556494.877686 1.063788e-01
1164556494.877808 -1.607657e-02
1164556494.877930 -1.332213e-01
1164556494.878052 -2.059958e-01
1164556494.878174 -2.129534e-01
1164556494.878296 -1.962861e-01
1164556494.878418 -1.553635e-01
1164556494.878540 -9.207807e-02
1164556494.878662 -5.164795e-02
1164556494.878784 -2.014218e-02
1164556494.878906 6.632835e-02
1164556494.879028 1.629936e-01
1164556494.879150 2.054889e-01
1164556494.879272 2.258052e-01
1164556494.879395 2.330030e-01
1164556494.879517 1.680036e-01
1164556494.879639 3.983120e-02
1164556494.879761 -7.059477e-02
1164556494.879883 -1.555298e-01
1164556494.880005 -2.302533e-01
1164556494.880127 -2.249928e-01
1164556494.880249 -1.760042e-01
1164556494.880371 -1.325837e-01
1164556494.880493 -8.336777e-02
1164556494.880615 -3.013460e-02
1164556494.880737 3.529880e-03
1164556494.880859 6.969250e-02
1164556494.880981 1.868329e-01
1164556494.881104 2.591421e-01
1164556494.881226 2.426520e-01
1164556494.881348 1.921858e-01
1164556494.881470 1.377532e-01
1164556494.881592 4.550352e-02
1164556494.881714 -8.451629e-02
1164556494.881836 -1.825937e-01
1164556494.881958 -2.369676e-01
1164556494.882080 -2.390779e-01
1164556494.882202 -1.986738e-01
1164556494.882324 -1.523130e-01
1164556494.882446 -1.117826e-01
1164556494.882568 -3.188811e-02
1164556494.882690 4.700279e-02
1164556494.882812 1.090072e-01
1164556494.882935 2.132858e-01
1164556494.883057 3.179217e-01
1164556494.883179 3.023204e-01
1164556494.883301 1.989827e-01
1164556494.883423 1.032822e-01
1164556494.883545 1.692042e-02
1164556494.883667 -1.090109e-01
1164556494.883789 -2.162384e-01
1164556494.883911 -2.730574e-01
1164556494.884033 -2.934094e-01
1164556494.884155 -2.610931e-01
1164556494.884277 -1.581839e-01
1164556494.884399 -6.889628e-02
1164556494.884521 3.680564e-03
1164556494.884644 9.528012e-02
1164556494.884766 1.806351e-01
1164556494.884888 2.255367e-01
1164556494.885010 2.793493e-01
1164556494.885132 2.715910e-01
1164556494.885254 1.832923e-01
1164556494.885376 7.485997e-02
1164556494.885498 1.636307e-01
1164556494.885620 8.817093e-02
1164556494.885742 -1.559037e-01
1164556494.885864 -3.558732e-01
1164556494.885986 -4.792084e-01
1164556494.886108 -4.858419e-01
1164556494.886230 -3.766933e-01
1164556494.886353 -1.966335e-01
1164556494.886475 -2.324763e-02
1164556494.886597 1.586845e-01
1164556494.886719 3.276359e-01
1164556494.886841 4.650357e-01
1164556494.886963 5.531495e-01
1164556494.887085 5.736338e-01
1164556494.887207 4.575617e-01
1164556494.887329 2.262608e-01
1164556494.887451 -4.968145e-02
1164556494.887573 -3.436570e-01
1164556494.887695 -5.925927e-01
1164556494.887817 -7.418307e-01
1164556494.887939 -7.770180e-01
1164556494.888062 -6.787900e-01
1164556494.888184 -4.048327e-01
1164556494.888306 2.060453e-02
1164556494.888428 4.387178e-01
1164556494.888550 7.635882e-01
1164556494.888672 9.482246e-01
1164556494.888794 8.860973e-01
1164556494.888916 6.251136e-01
1164556494.889038 3.062129e-01
1164556494.889160 -2.500323e-02
1164556494.889282 -3.413060e-01
1164556494.889404 -6.122407e-01
1164556494.889526 -8.132113e-01
1164556494.889648 -8.703424e-01
1164556494.889771 -7.275967e-01
1164556494.889893 -4.581677e-01
1164556494.890015 -1.550379e-01
1164556494.890137 1.881154e-01
1164556494.890259 5.334322e-01
1164556494.890381 7.595624e-01
1164556494.890503 8.037769e-01
1164556494.890625 7.140129e-01
1164556494.890747 5.571634e-01
1164556494.890869 3.466453e-01
1164556494.890991 9.391720e-02
1164556494.891113 -2.230224e-01
1164556494.891235 -5.533872e-01
1164556494.891357 -7.753346e-01
1164556494.891479 -8.826375e-01
1164556494.891602 -8.888093e-01
1164556494.891724 -6.867293e-01
1164556494.891846 -2.587737e-01
1164556494.891968 1.776607e-01
1164556494.892090 5.255396e-01
1164556494.892212 8.002158e-01
1164556494.892334 9.518243e-01
1164556494.892456 9.140016e-01
1164556494.892578 6.865647e-01
1164556494.892700 3.749328e-01
1164556494.892822 5.710934e-02
1164556494.892944 -2.563163e-01
1164556494.893066 -5.717026e-01
1164556494.893188 -8.541839e-01
1164556494.893311 -9.844723e-01
1164556494.893433 -9.054965e-01
1164556494.893555 -7.061619e-01
1164556494.893677 -4.126910e-01
1164556494.893799 6.216984e-02
1164556494.893921 5.754147e-01
1164556494.894043 8.964356e-01
1164556494.894165 1.011080e+00
1164556494.894287 9.995337e-01
1164556494.894409 8.134955e-01
1164556494.894531 4.878851e-01
1164556494.894653 1.240947e-01
1164556494.894775 -2.543766e-01
1164556494.894897 -6.016598e-01
1164556494.895020 -8.646338e-01
1164556494.895142 -1.032858e+00
1164556494.895264 -1.093372e+00
1164556494.895386 -9.059286e-01
1164556494.895508 -4.951625e-01
1164556494.895630 -7.633462e-02
1164556494.895752 3.860499e-01
1164556494.895874 9.282636e-01
1164556494.895996 1.312508e+00
1164556494.896118 1.330656e+00
1164556494.896240 1.141933e+00
1164556494.896362 7.879709e-01
1164556494.896484 2.378335e-01
1164556494.896606 -3.397868e-01
1164556494.896729 -8.277154e-01
1164556494.896851 -1.219901e+00
1164556494.896973 -1.459572e+00
1164556494.897095 -1.428707e+00
1164556494.897217 -1.146407e+00
1164556494.897339 -6.210073e-01
1164556494.897461 1.268800e-01
1164556494.897583 8.292848e-01
1164556494.897705 1.317525e+00
1164556494.897827 1.675572e+00
1164556494.897949 1.803058e+00
1164556494.898071 1.439436e+00
1164556494.898193 7.566483e-01
1164556494.898315 -8.031360e-04
1164556494.898438 -8.324229e-01
1164556494.898560 -1.575900e+00
1164556494.898682 -1.884842e+00
1164556494.898804 -1.803565e+00
1164556494.898926 -1.511870e+00
1164556494.899048 -9.336545e-01
1164556494.899170 -9.254897e-02
1164556494.899292 7.653765e-01
1164556494.899414 1.513318e+00
1164556494.899536 2.048048e+00
1164556494.899658 2.061760e+00
1164556494.899780 1.610893e+00
1164556494.899902 1.036017e+00
1164556494.900024 2.315002e-01
1164556494.900146 -8.265764e-01
1164556494.900269 -1.718295e+00
1164556494.900391 -2.144089e+00
1164556494.900513 -2.259577e+00
1164556494.900635 -1.924743e+00
1164556494.900757 -9.718850e-01
1164556494.900879 1.965579e-01
1164556494.901001 1.155961e+00
1164556494.901123 1.864961e+00
1164556494.901245 2.284717e+00
1164556494.901367 2.216608e+00
1164556494.901489 1.659537e+00
1164556494.901611 6.960199e-01
1164556494.901733 -5.572979e-01
1164556494.901855 -1.593576e+00
1164556494.901978 -2.106392e+00
1164556494.902100 -2.248922e+00
1164556494.902222 -1.983818e+00
1164556494.902344 -1.071344e+00
1164556494.902466 1.091778e-01
1164556494.902588 1.104122e+00
1164556494.902710 1.915272e+00
1164556494.902832 2.384387e+00
1164556494.902954 2.023863e+00
1164556494.903076 9.663742e-01
1164556494.903198 -2.349364e-01
1164556494.903320 -1.265380e+00
1164556494.903442 -1.895753e+00
1164556494.903564 -1.909232e+00
1164556494.903687 -1.402902e+00
1164556494.903809 -5.519647e-01
1164556494.903931 6.458026e-01
1164556494.904053 1.681679e+00
1164556494.904175 1.852439e+00
1164556494.904297 1.396885e+00
1164556494.904419 6.227129e-01
1164556494.904541 -4.853135e-01
1164556494.904663 -1.575423e+00
1164556494.904785 -1.881526e+00
1164556494.904907 -1.428604e+00
1164556494.905029 -6.635104e-01
1164556494.905151 3.534747e-01
1164556494.905273 1.462724e+00
1164556494.905396 2.147347e+00
1164556494.905518 1.994653e+00
1164556494.905640 9.381254e-01
1164556494.905762 -6.364443e-01
1164556494.905884 -1.950570e+00
1164556494.906006 -2.259197e+00
1164556494.906128 -1.692959e+00
1164556494.906250 -4.763239e-01
1164556494.906372 1.109094e+00
1164556494.906494 2.122735e+00
1164556494.906616 1.629174e+00
1164556494.906738 1.406509e-01
1164556494.906860 -1.206157e+00
1164556494.906982 -1.489557e+00
1164556494.907104 -3.484646e-01
1164556494.907227 1.330659e+00
1164556494.907349 1.294247e+00
1164556494.907471 -4.782817e-01
1164556494.907593 -8.556777e-01
1164556494.907715 2.144525e-01
1164556494.907837 -2.209843e-01
1164556494.907959 -8.317066e-02
1164556494.908081 -2.140168e-01
1164556494.908203 -2.400210e-01
1164556494.908325 7.034248e-01
1164556494.908447 -1.148634e-01
1164556494.908569 -1.005528e+00
1164556494.908691 -1.302707e-01
1164556494.908813 1.205064e+00
1164556494.908936 4.680092e-01
1164556494.909058 -4.275804e-01
1164556494.909180 2.693330e-01
1164556494.909302 -1.201745e-01
1164556494.909424 -2.513550e-01
1164556494.909546 4.617540e-01
1164556494.909668 -1.657410e-01
1164556494.909790 -4.934855e-01
1164556494.909912 9.437636e-02
1164556494.910034 1.402557e-01
1164556494.910156 -4.928395e-01
1164556494.910278 -8.171395e-02
1164556494.910400 1.598825e-01
1164556494.910522 -2.945016e-01
1164556494.910645 3.187522e-01
1164556494.910767 3.987502e-01
1164556494.910889 -1.345600e-01
1164556494.911011 1.389203e-01
1164556494.911133 4.580533e-01
1164556494.911255 -6.275689e-02
1164556494.911377 -4.347204e-01
1164556494.911499 1.463820e-01
1164556494.911621 1.902370e-01
1164556494.911743 -3.414441e-01
1164556494.911865 -2.254050e-01
1164556494.911987 6.028322e-02
1164556494.912109 -1.684816e-01
1164556494.912231 -2.299740e-01
1164556494.912354 1.067230e-01
1164556494.912476 5.691248e-02
1164556494.912598 -5.845227e-02
1164556494.912720 2.973386e-01
1164556494.912842 2.926689e-01
1164556494.912964 4.810012e-02
1164556494.913086 1.529455e-01
1164556494.913208 1.203379e-01
1164556494.913330 -2.237357e-01
1164556494.913452 -1.740080e-01
1164556494.913574 1.076424e-01
1164556494.913696 -8.151645e-02
1164556494.913818 -3.138537e-01
1164556494.913940 -1.522346e-01
1164556494.914062 -5.229867e-02
1164556494.914185 -5.646051e-02
1164556494.914307 2.928731e-02
1164556494.914429 1.096193e-01
1164556494.914551 1.090883e-01
1164556494.914673 1.510761e-01
1164556494.914795 1.920589e-01
1164556494.914917 1.793960e-01
1164556494.915039 1.248806e-01
1164556494.915161 -9.115288e-03
1164556494.915283 -1.419975e-01
1164556494.915405 -2.000385e-01
1164556494.915527 -1.514128e-01
1164556494.915649 -2.170556e-02
1164556494.915771 -6.320541e-02
1164556494.915894 -1.921217e-01
1164556494.916016 -9.827784e-02
1164556494.916138 7.379304e-02
1164556494.916260 1.908625e-02
1164556494.916382 3.276784e-02
1164556494.916504 2.032526e-01
1164556494.916626 1.992446e-01
1164556494.916748 9.761614e-02
1164556494.916870 1.513792e-01
1164556494.916992 1.294538e-01
1164556494.917114 -9.927804e-02
1164556494.917236 -1.887031e-01
1164556494.917358 -1.695820e-01
1164556494.917480 -2.159685e-01
1164556494.917603 -9.398850e-02
1164556494.917725 6.900351e-02
1164556494.917847 -1.598514e-02
1164556494.917969 -9.091646e-02
1164556494.918091 5.690226e-02
1164556494.918213 8.475681e-02
1164556494.918335 2.468914e-02
1164556494.918457 1.332367e-01
1164556494.918579 2.006460e-01
1164556494.918701 8.386309e-02
1164556494.918823 3.219071e-02
1164556494.918945 3.927593e-02
1164556494.919067 -9.462671e-02
1164556494.919189 -2.075022e-01
1164556494.919312 -1.563667e-01
1164556494.919434 -1.092750e-01
1164556494.919556 -5.710412e-02
1164556494.919678 9.571327e-02
1164556494.919800 1.005687e-01
1164556494.919922 -3.134913e-02
1164556494.920044 1.156190e-02
1164556494.920166 8.009366e-02
1164556494.920288 4.129713e-05
1164556494.920410 1.166364e-02
1164556494.920532 1.382174e-01
1164556494.920654 6.250507e-02
1164556494.920776 -9.722642e-02
1164556494.920898 -7.626896e-02
1164556494.921021 -4.815522e-02
1164556494.921143 -6.455238e-02
1164556494.921265 3.684441e-02
1164556494.921387 1.947972e-01
1164556494.921509 8.254040e-02
1164556494.921631 -3.360122e-02
1164556494.921753 -1.891347e-01
1164556494.921875 -2.105216e-01
1164556494.921997 -5.700459e-02
1164556494.922119 -4.988873e-02
1164556494.922241 -1.358543e-02
1164556494.922363 1.474266e-01
1164556494.922485 2.069174e-01
1164556494.922607 1.435407e-01
1164556494.922729 1.314991e-01
1164556494.922852 3.566639e-02
1164556494.922974 -1.243582e-01
1164556494.923096 -9.153946e-02
1164556494.923218 -7.590727e-03
1164556494.923340 -1.037753e-01
1164556494.923462 -1.060820e-01
1164556494.923584 2.082145e-02
1164556494.923706 -2.099137e-02
1164556494.923828 -1.344895e-01
1164556494.923950 -5.492925e-02
1164556494.924072 4.268125e-02
1164556494.924194 4.548938e-02
1164556494.924316 1.030104e-01
1164556494.924438 1.839638e-01
1164556494.924561 1.288860e-01
1164556494.924683 7.849645e-02
1164556494.924805 4.095948e-02
1164556494.924927 -9.140528e-02
1164556494.925049 -1.504387e-01
1164556494.925171 -4.308771e-02
1164556494.925293 -3.423252e-02
1164556494.925415 -1.340318e-01
1164556494.925537 -8.598713e-02
1164556494.925659 1.951370e-03
1164556494.925781 -5.067818e-02
1164556494.925903 -3.836724e-02
1164556494.926025 8.983267e-02
1164556494.926147 1.290464e-01
1164556494.926270 8.598307e-02
1164556494.926392 1.237270e-01
1164556494.926514 1.208543e-01
1164556494.926636 3.123656e-02
1164556494.926758 -2.193953e-03
1164556494.926880 -3.667599e-02
1164556494.927002 -1.565810e-01
1164556494.927124 -1.600761e-01
1164556494.927246 -4.546247e-02
1164556494.927368 -4.460401e-02
1164556494.927490 -8.321412e-02
1164556494.927612 -4.300872e-04
1164556494.927734 4.722026e-02
1164556494.927856 1.880803e-02
1164556494.927979 6.438257e-02
1164556494.928101 1.235879e-01
1164556494.928223 7.275051e-02
1164556494.928345 4.470780e-02
1164556494.928467 6.848746e-02
1164556494.928589 3.037073e-02
1164556494.928711 -2.737036e-02
1164556494.928833 -2.499314e-02
1164556494.928955 -8.132716e-02
1164556494.929077 -1.539492e-01
1164556494.929199 -9.299977e-02
1164556494.929321 -1.023615e-02
1164556494.929443 -2.507162e-02
1164556494.929565 -1.337074e-02
1164556494.929688 3.985615e-02
1164556494.929810 2.625585e-02
1164556494.929932 2.426984e-02
1164556494.930054 9.470222e-02
1164556494.930176 8.753316e-02
1164556494.930298 4.092578e-02
1164556494.930420 6.353896e-02
1164556494.930542 7.492435e-02
1164556494.930664 -9.882426e-03
1164556494.930786 -7.038349e-02
1164556494.930908 -7.243347e-02
1164556494.931030 -1.311010e-01
1164556494.931152 -1.627707e-01
1164556494.931274 -5.960112e-02
1164556494.931396 2.561442e-02
1164556494.931519 2.718390e-02
1164556494.931641 3.580733e-02
1164556494.931763 5.960769e-02
1164556494.931885 5.424966e-02
1164556494.932007 7.734592e-02
1164556494.932129 9.799638e-02
1164556494.932251 6.505759e-02
1164556494.932373 3.040275e-02
1164556494.932495 1.873913e-02
1164556494.932617 -3.895697e-02
1164556494.932739 -1.101834e-01
1164556494.932861 -1.176813e-01
1164556494.932983 -9.199219e-02
1164556494.933105 -8.288633e-02
1164556494.933228 -3.173877e-02
1164556494.933350 5.574700e-02
1164556494.933472 7.358615e-02
1164556494.933594 3.730969e-02
1164556494.933716 1.672030e-02
1164556494.933838 8.143241e-03
1164556494.933960 3.683983e-02
1164556494.934082 8.075044e-02
1164556494.934204 8.224228e-02
1164556494.934326 3.987398e-02
1164556494.934448 2.146550e-02
1164556494.934570 -1.746301e-02
1164556494.934692 -9.897596e-02
1164556494.934814 -1.394338e-01
1164556494.934937 -9.958791e-02
1164556494.935059 -4.784886e-02
1164556494.935181 -2.404097e-02
1164556494.935303 1.799967e-02
1164556494.935425 6.651749e-02
1164556494.935547 5.927013e-02
1164556494.935669 2.453396e-02
1164556494.935791 1.492701e-02
1164556494.935913 3.931456e-02
1164556494.936035 6.927072e-02
1164556494.936157 8.659305e-02
1164556494.936279 5.830160e-02
1164556494.936401 4.001875e-03
1164556494.936523 -5.970881e-02
1164556494.936646 -1.079176e-01
1164556494.936768 -1.259313e-01
1164556494.936890 -1.113313e-01
1164556494.937012 -5.745663e-02
1164556494.937134 1.027771e-02
1164556494.937256 5.158625e-02
1164556494.937378 6.314548e-02
1164556494.937500 5.743204e-02
1164556494.937622 4.676863e-02
1164556494.937744 2.946430e-02
1164556494.937866 2.679227e-02
1164556494.937988 4.893791e-02
1164556494.938110 6.946021e-02
1164556494.938232 3.219660e-02
1164556494.938354 -2.889803e-02
1164556494.938477 -6.559766e-02
1164556494.938599 -9.358614e-02
1164556494.938721 -1.160836e-01
1164556494.938843 -8.315768e-02
1164556494.938965 -2.402547e-02
1164556494.939087 2.292067e-02
1164556494.939209 5.129277e-02
1164556494.939331 5.866248e-02
1164556494.939453 4.701686e-02
1164556494.939575 3.627743e-02
1164556494.939697 3.615855e-02
1164556494.939819 3.054506e-02
1164556494.939941 2.622290e-02
1164556494.940063 3.050461e-02
1164556494.940186 8.544403e-03
1164556494.940308 -1.978534e-02
1164556494.940430 -3.893360e-02
1164556494.940552 -6.146518e-02
1164556494.940674 -8.691549e-02
1164556494.940796 -6.748330e-02
1164556494.940918 -2.898030e-02
1164556494.941040 -1.071647e-02
1164556494.941162 1.874066e-02
1164556494.941284 5.488139e-02
1164556494.941406 5.444925e-02
1164556494.941528 4.158477e-02
1164556494.941650 5.362111e-02
1164556494.941772 5.527489e-02
1164556494.941895 2.490460e-02
1164556494.942017 6.655836e-03
1164556494.942139 -3.340788e-03
1164556494.942261 -3.079313e-02
1164556494.942383 -4.685755e-02
1164556494.942505 -3.928923e-02
1164556494.942627 -6.840648e-02
1164556494.942749 -8.266299e-02
1164556494.942871 -3.663959e-02
1164556494.942993 4.193561e-03
1164556494.943115 4.605833e-03
1164556494.943237 3.423799e-02
1164556494.943359 8.162393e-02
1164556494.943481 7.045422e-02
1164556494.943604 4.414899e-02
1164556494.943726 4.383725e-02
1164556494.943848 3.401488e-02
1164556494.943970 7.180133e-03
1164556494.944092 -1.415130e-02
1164556494.944214 -3.159400e-02
1164556494.944336 -5.317892e-02
1164556494.944458 -5.260379e-02
1164556494.944580 -6.313049e-02
1164556494.944702 -9.274577e-02
1164556494.944824 -7.576818e-02
1164556494.944946 3.740526e-04
1164556494.945068 5.113768e-02
1164556494.945190 7.158585e-02
1164556494.945312 1.020594e-01
1164556494.945435 1.051175e-01
1164556494.945557 5.002385e-02
1164556494.945679 5.966234e-03
1164556494.945801 -5.736445e-03
1164556494.945923 -2.265557e-02
1164556494.946045 -3.510437e-02
1164556494.946167 -3.155897e-02
1164556494.946289 -4.237984e-02
1164556494.946411 -5.848718e-02
1164556494.946533 -5.794417e-02
1164556494.946655 -6.309542e-02
1164556494.946777 -6.855739e-02
1164556494.946899 -2.251576e-03
1164556494.947021 8.440743e-02
1164556494.947144 1.061283e-01
1164556494.947266 9.317172e-02
1164556494.947388 8.410130e-02
1164556494.947510 4.488063e-02
1164556494.947632 -1.961738e-02
1164556494.947754 -4.775422e-02
1164556494.947876 -3.483088e-02
1164556494.947998 -2.817522e-02
1164556494.948120 -2.611532e-02
1164556494.948242 -3.316665e-02
1164556494.948364 -4.920367e-02
1164556494.948486 -5.444818e-02
1164556494.948608 -4.371493e-02
1164556494.948730 -3.123280e-02
1164556494.948853 9.053376e-04
1164556494.948975 6.576623e-02
1164556494.949097 1.099368e-01
1164556494.949219 8.506797e-02
1164556494.949341 4.933694e-02
1164556494.949463 2.948561e-02
1164556494.949585 -1.817170e-03
1164556494.949707 -3.274633e-02
1164556494.949829 -3.761512e-02
1164556494.949951 -3.436879e-02
1164556494.950073 -3.888642e-02
1164556494.950195 -4.238070e-02
1164556494.950317 -5.125186e-02
1164556494.950439 -6.157080e-02
1164556494.950562 -3.772867e-02
1164556494.950684 4.062877e-03
1164556494.950806 3.852557e-02
1164556494.950928 6.926004e-02
1164556494.951050 1.009373e-01
1164556494.951172 9.427046e-02
1164556494.951294 4.648104e-02
1164556494.951416 -2.121702e-03
1164556494.951538 -3.140110e-02
1164556494.951660 -5.051899e-02
1164556494.951782 -5.875626e-02
1164556494.951904 -5.202973e-02
1164556494.952026 -3.607378e-02
1164556494.952148 -2.126597e-02
1164556494.952271 -1.108237e-02
1164556494.952393 -1.198605e-02
1164556494.952515 -2.505674e-03
1164556494.952637 1.985905e-02
1164556494.952759 3.750758e-02
1164556494.952881 4.060786e-02
1164556494.953003 3.863137e-02
1164556494.953125 2.956583e-02
1164556494.953247 1.994976e-02
1164556494.953369 6.142173e-03
1164556494.953491 -9.669207e-03
1164556494.953613 -1.362023e-02
1164556494.953735 -7.205755e-03
1164556494.953857 -1.577171e-02
1164556494.953979 -3.991802e-02
1164556494.954102 -4.406092e-02
1164556494.954224 -2.592146e-02
1164556494.954346 -2.456992e-02
1164556494.954468 -2.453188e-02
1164556494.954590 -4.264341e-03
1164556494.954712 2.752156e-02
1164556494.954834 5.297062e-02
1164556494.954956 6.428525e-02
1164556494.955078 4.900240e-02
1164556494.955200 3.109623e-02
1164556494.955322 2.601733e-02
1164556494.955444 9.032821e-03
1164556494.955566 -3.301200e-02
1164556494.955688 -5.913696e-02
1164556494.955811 -5.683914e-02
1164556494.955933 -5.014016e-02
1164556494.956055 -4.182741e-02
1164556494.956177 -9.673772e-03
1164556494.956299 2.219265e-02
1164556494.956421 2.692031e-02
1164556494.956543 1.643176e-02
1164556494.956665 1.445354e-02
1164556494.956787 1.909961e-02
1164556494.956909 3.001877e-02
1164556494.957031 3.251752e-02
1164556494.957153 1.653264e-02
1164556494.957275 7.859776e-03
1164556494.957397 1.610843e-02
1164556494.957520 3.266125e-03
1164556494.957642 -3.086170e-02
1164556494.957764 -4.252943e-02
1164556494.957886 -3.674340e-02
1164556494.958008 -4.351028e-02
1164556494.958130 -2.722065e-02
1164556494.958252 2.676682e-03
1164556494.958374 4.254367e-03
1164556494.958496 -1.001161e-02
1164556494.958618 2.112835e-03
1164556494.958740 2.654686e-02
1164556494.958862 4.739503e-02
1164556494.958984 7.162842e-02
1164556494.959106 7.031481e-02
1164556494.959229 3.512218e-02
1164556494.959351 2.910293e-03
1164556494.959473 -3.221056e-02
1164556494.959595 -7.449211e-02
1164556494.959717 -8.685264e-02
1164556494.959839 -6.400568e-02
1164556494.959961 -4.184667e-02
1164556494.960083 -1.890081e-02
1164556494.960205 2.040291e-02
1164556494.960327 4.730201e-02
1164556494.960449 3.807134e-02
1164556494.960571 3.116866e-02
1164556494.960693 3.910257e-02
1164556494.960815 4.665864e-02
1164556494.960938 4.310147e-02
1164556494.961060 2.729373e-02
1164556494.961182 -1.257515e-02
1164556494.961304 -4.671091e-02
1164556494.961426 -5.566896e-02
1164556494.961548 -5.251184e-02
1164556494.961670 -4.339499e-02
1164556494.961792 -2.194468e-02
1164556494.961914 4.552670e-03
1164556494.962036 1.409030e-02
1164556494.962158 1.596434e-02
1164556494.962280 2.641645e-02
1164556494.962402 1.921854e-02
1164556494.962524 2.009281e-03
1164556494.962646 4.177720e-03
1164556494.962769 2.807469e-02
1164556494.962891 4.012417e-02
1164556494.963013 2.907794e-02
1164556494.963135 5.480788e-03
1164556494.963257 -2.124951e-02
1164556494.963379 -3.774374e-02
1164556494.963501 -3.611912e-02
1164556494.963623 -2.691840e-02
1164556494.963745 -1.794242e-02
1164556494.963867 -1.096524e-02
1164556494.963989 -1.231955e-02
1164556494.964111 -1.534081e-02
1164556494.964233 -7.303286e-04
1164556494.964355 1.906813e-02
1164556494.964478 2.993628e-02
1164556494.964600 3.486348e-02
1164556494.964722 3.992278e-02
1164556494.964844 3.957991e-02
1164556494.964966 2.664104e-02
1164556494.965088 -5.962193e-04
1164556494.965210 -2.047152e-02
1164556494.965332 -3.306738e-02
1164556494.965454 -3.765607e-02
1164556494.965576 -4.022204e-02
1164556494.965698 -3.721951e-02
1164556494.965820 -2.143362e-02
1164556494.965942 -7.450383e-03
1164556494.966064 2.039417e-04
1164556494.966187 1.612932e-03
1164556494.966309 1.554688e-02
1164556494.966431 4.098756e-02
1164556494.966553 4.581435e-02
1164556494.966675 4.072354e-02
1164556494.966797 3.649540e-02
1164556494.966919 3.675538e-02
1164556494.967041 1.185264e-02
1164556494.967163 -2.348723e-02
1164556494.967285 -4.519968e-02
1164556494.967407 -5.609863e-02
1164556494.967529 -5.667189e-02
1164556494.967651 -5.421724e-02
1164556494.967773 -4.341692e-02
1164556494.967896 -2.154638e-02
1164556494.968018 8.678468e-03
1164556494.968140 4.672748e-02
1164556494.968262 6.908538e-02
1164556494.968384 7.351714e-02
1164556494.968506 6.338192e-02
1164556494.968628 4.106653e-02
1164556494.968750 1.401510e-02
1164556494.968872 -1.261556e-02
1164556494.968994 -3.668478e-02
1164556494.969116 -4.986137e-02
1164556494.969238 -5.634273e-02
1164556494.969360 -5.873943e-02
1164556494.969482 -5.329931e-02
1164556494.969604 -3.427063e-02
1164556494.969727 -8.596193e-03
1164556494.969849 2.144559e-02
1164556494.969971 5.143421e-02
1164556494.970093 6.727652e-02
1164556494.970215 6.158116e-02
1164556494.970337 4.845775e-02
1164556494.970459 2.802803e-02
1164556494.970581 7.572175e-03
1164556494.970703 -1.081804e-02
1164556494.970825 -3.134987e-02
1164556494.970947 -4.815969e-02
1164556494.971069 -4.910293e-02
1164556494.971191 -4.537999e-02
1164556494.971313 -3.947011e-02
1164556494.971436 -2.352610e-02
1164556494.971558 -1.348552e-03
1164556494.971680 1.837787e-02
1164556494.971802 4.113249e-02
1164556494.971924 5.404549e-02
1164556494.972046 4.603146e-02
1164556494.972168 3.040345e-02
1164556494.972290 1.963485e-02
1164556494.972412 -2.888587e-03
1164556494.972534 -2.529489e-02
1164556494.972656 -2.643470e-02
1164556494.972778 -2.025952e-02
1164556494.972900 -2.269130e-02
1164556494.973022 -1.498802e-02
1164556494.973145 -5.500559e-04
1164556494.973267 5.690781e-04
1164556494.973389 -1.283164e-02
1164556494.973511 -1.742738e-02
1164556494.973633 -1.231348e-02
1164556494.973755 -3.510138e-04
1164556494.973877 1.851344e-02
1164556494.973999 3.635558e-02
1164556494.974121 3.634866e-02
1164556494.974243 2.677672e-02
1164556494.974365 1.130504e-02
1164556494.974487 -5.695130e-03
1164556494.974609 -7.470252e-03
1164556494.974731 1.682937e-03
1164556494.974854 -8.757443e-03
1164556494.974976 -2.698037e-02
1164556494.975098 -3.276667e-02
1164556494.975220 -2.828358e-02
1164556494.975342 -2.852867e-02
1164556494.975464 -1.777294e-02
1164556494.975586 4.370437e-03
1164556494.975708 1.998545e-02
1164556494.975830 3.403165e-02
1164556494.975952 4.336225e-02
1164556494.976074 3.475912e-02
1164556494.976196 1.854701e-02
1164556494.976318 6.943715e-03
1164556494.976440 -3.437657e-03
1164556494.976562 -1.564890e-02
1164556494.976685 -1.301775e-02
1164556494.976807 -1.121317e-02
1164556494.976929 -2.477470e-02
1164556494.977051 -3.660406e-02
1164556494.977173 -3.103464e-02
1164556494.977295 -1.873597e-02
1164556494.977417 -5.577505e-03
1164556494.977539 1.574489e-02
1164556494.977661 3.624431e-02
1164556494.977783 3.908859e-02
1164556494.977905 3.454244e-02
1164556494.978027 2.019297e-02
1164556494.978149 3.557557e-03
1164556494.978271 -9.960102e-03
1164556494.978394 -1.620516e-02
1164556494.978516 -1.253783e-02
1164556494.978638 -6.822507e-03
1164556494.978760 -5.710808e-03
1164556494.978882 -9.243669e-03
1164556494.979004 -1.508664e-02
1164556494.979126 -1.464124e-02
1164556494.979248 -1.326840e-02
1164556494.979370 -6.828534e-03
1164556494.979492 -2.272554e-03
1164556494.979614 4.664410e-03
1164556494.979736 1.452498e-02
1164556494.979858 1.930507e-02
1164556494.979980 2.072038e-02
1164556494.980103 2.644030e-02
1164556494.980225 2.607019e-02
1164556494.980347 1.169704e-02
1164556494.980469 -2.623934e-03
1164556494.980591 -1.016105e-02
1164556494.980713 -2.734796e-02
1164556494.980835 -3.486692e-02
1164556494.980957 -3.195211e-02
1164556494.981079 -2.748053e-02
1164556494.981201 -1.333817e-02
1164556494.981323 4.440861e-03
1164556494.981445 1.019185e-02
1164556494.981567 1.272968e-02
1164556494.981689 2.808182e-02
1164556494.981812 3.576865e-02
1164556494.981934 2.530178e-02
1164556494.982056 1.939888e-02
1164556494.982178 9.954686e-03
1164556494.982300 -8.675428e-03
1164556494.982422 -1.820827e-02
1164556494.982544 -1.486770e-02
1164556494.982666 -1.734573e-02
1164556494.982788 -1.712814e-02
1164556494.982910 -1.449902e-02
1164556494.983032 -1.640784e-02
1164556494.983154 -1.631430e-02
1164556494.983276 -1.183429e-02
1164556494.983398 -7.210502e-03
1164556494.983521 5.514536e-03
1164556494.983643 2.312996e-02
1164556494.983765 3.604376e-02
1164556494.983887 4.019797e-02
1164556494.984009 3.854196e-02
1164556494.984131 2.064072e-02
1164556494.984253 4.470697e-04
1164556494.984375 -8.937010e-03
1164556494.984497 -2.261288e-02
1164556494.984619 -3.930917e-02
1164556494.984741 -4.417612e-02
1164556494.984863 -4.236389e-02
1164556494.984985 -3.139944e-02
1164556494.985107 -1.031195e-02
1164556494.985229 9.714523e-03
1164556494.985352 1.997801e-02
1164556494.985474 3.633049e-02
1164556494.985596 5.111294e-02
1164556494.985718 4.896813e-02
1164556494.985840 3.464860e-02
1164556494.985962 1.461380e-02
1164556494.986084 -1.296011e-02
1164556494.986206 -3.243491e-02
1164556494.986328 -3.627871e-02
1164556494.986450 -3.544550e-02
1164556494.986572 -2.989021e-02
1164556494.986694 -1.567841e-02
1164556494.986816 -7.858565e-03
1164556494.986938 -6.196389e-03
1164556494.987061 1.805278e-03
1164556494.987183 2.014051e-02
1164556494.987305 2.293684e-02
1164556494.987427 1.741031e-02
1164556494.987549 1.881914e-02
1164556494.987671 2.244585e-02
1164556494.987793 1.873861e-02
1164556494.987915 7.109174e-03
1164556494.988037 -6.523916e-03
1164556494.988159 -1.554669e-02
1164556494.988281 -1.143851e-02
1164556494.988403 -5.549390e-03
1164556494.988525 -1.728992e-02
1164556494.988647 -2.506719e-02
1164556494.988770 -1.954534e-02
1164556494.988892 -1.565621e-02
1164556494.989014 -1.726615e-02
1164556494.989136 -6.954270e-03
1164556494.989258 1.173288e-02
1164556494.989380 2.583332e-02
1164556494.989502 3.630928e-02
1164556494.989624 4.126891e-02
1164556494.989746 3.835709e-02
1164556494.989868 2.659463e-02
1164556494.989990 5.368819e-03
1164556494.990112 -2.163672e-02
1164556494.990234 -4.048816e-02
1164556494.990356 -3.876083e-02
1164556494.990479 -3.108129e-02
1164556494.990601 -3.101869e-02
1164556494.990723 -2.958300e-02
1164556494.990845 -1.353187e-02
1164556494.990967 5.020094e-03
1164556494.991089 2.042317e-02
1164556494.991211 3.334080e-02
1164556494.991333 4.225696e-02
1164556494.991455 3.933664e-02
1164556494.991577 3.555777e-02
1164556494.991699 2.594451e-02
1164556494.991821 7.874117e-03
1164556494.991943 -1.366325e-02
1164556494.992065 -3.491986e-02
1164556494.992188 -5.098501e-02
1164556494.992310 -5.229080e-02
1164556494.992432 -3.717510e-02
1164556494.992554 -1.322267e-02
1164556494.992676 4.557281e-03
1164556494.992798 1.545391e-02
1164556494.992920 2.153489e-02
1164556494.993042 2.474144e-02
1164556494.993164 2.562952e-02
1164556494.993286 2.635654e-02
1164556494.993408 2.541253e-02
1164556494.993530 1.617427e-02
1164556494.993652 5.751223e-03
1164556494.993774 8.707754e-04
1164556494.993896 -1.256144e-02
1164556494.994019 -2.885235e-02
1164556494.994141 -3.382893e-02
1164556494.994263 -3.230526e-02
1164556494.994385 -2.697153e-02
1164556494.994507 -1.262847e-02
1164556494.994629 1.259268e-03
1164556494.994751 7.606151e-03
1164556494.994873 1.608302e-02
1164556494.994995 2.708971e-02
1164556494.995117 2.794152e-02
1164556494.995239 2.457384e-02
1164556494.995361 1.649359e-02
1164556494.995483 6.092548e-03
1164556494.995605 1.321249e-03
1164556494.995728 8.913891e-04
1164556494.995850 -5.573799e-03
1164556494.995972 -1.348755e-02
1164556494.996094 -1.869868e-02
1164556494.996216 -2.594881e-02
1164556494.996338 -3.685724e-02
1164556494.996460 -3.252090e-02
1164556494.996582 -1.405293e-02
1164556494.996704 4.880423e-03
1164556494.996826 2.176466e-02
1164556494.996948 3.287140e-02
1164556494.997070 3.536522e-02
1164556494.997192 3.295750e-02
1164556494.997314 2.699947e-02
1164556494.997437 1.820243e-02
1164556494.997559 6.082165e-03
1164556494.997681 -4.291032e-03
1164556494.997803 -2.108300e-02
1164556494.997925 -3.724350e-02
1164556494.998047 -4.355831e-02
1164556494.998169 -4.534743e-02
1164556494.998291 -3.591167e-02
1164556494.998413 -8.102911e-03
1164556494.998535 1.944042e-02
1164556494.998657 3.421037e-02
1164556494.998779 3.854873e-02
1164556494.998901 3.774734e-02
1164556494.999023 2.412737e-02
1164556494.999146 9.302832e-03
1164556494.999268 1.053079e-03
1164556494.999390 -2.688599e-03
1164556494.999512 -2.744166e-03
1164556494.999634 -2.500430e-03
1164556494.999756 -1.383924e-02
1164556494.999878 -2.771733e-02
1164556495.000000 -3.320352e-02
1164556495.000122 -2.722118e-02
1164556495.000244 -1.981885e-02
1164556495.000366 -6.790956e-03
1164556495.000488 1.086194e-02
1164556495.000610 2.417868e-02
1164556495.000732 3.180277e-02
1164556495.000854 3.051920e-02
1164556495.000977 2.066068e-02
1164556495.001099 1.204748e-02
1164556495.001221 5.363860e-03
1164556495.001343 -2.141236e-03
1164556495.001465 -1.052610e-02
1164556495.001587 -9.195862e-03
1164556495.001709 -8.913891e-03
1164556495.001831 -2.023209e-02
1164556495.001953 -2.931820e-02
1164556495.002075 -2.545234e-02
1164556495.002197 -1.333510e-02
1164556495.002319 1.017490e-03
1164556495.002441 1.341429e-02
1164556495.002563 1.583090e-02
1164556495.002686 1.286608e-02
1164556495.002808 1.818071e-02
1164556495.002930 1.877028e-02
1164556495.003052 1.615303e-02
1164556495.003174 1.649769e-02
1164556495.003296 1.292068e-02
1164556495.003418 4.368042e-04
1164556495.003540 -6.429997e-03
1164556495.003662 -1.442632e-02
1164556495.003784 -3.149707e-02
1164556495.003906 -3.974556e-02
1164556495.004028 -3.189365e-02
1164556495.004150 -1.969635e-02
1164556495.004272 -4.815698e-03
1164556495.004395 1.185811e-02
1164556495.004517 2.368417e-02
1164556495.004639 3.407739e-02
1164556495.004761 3.909689e-02
1164556495.004883 2.867622e-02
1164556495.005005 1.688390e-02
1164556495.005127 4.228228e-03
1164556495.005249 -7.701804e-03
1164556495.005371 -1.743338e-02
1164556495.005493 -1.962542e-02
1164556495.005615 -1.718837e-02
1164556495.005737 -1.962608e-02
1164556495.005859 -2.325442e-02
1164556495.005981 -2.667405e-02
1164556495.006104 -1.893221e-02
1164556495.006226 -1.471188e-03
1164556495.006348 8.537029e-03
1164556495.006470 2.386721e-02
1164556495.006592 3.605428e-02
1164556495.006714 3.933512e-02
1164556495.006836 3.394140e-02
1164556495.006958 2.056239e-02
1164556495.007080 3.414426e-03
1164556495.007202 -1.543062e-02
1164556495.007324 -2.494189e-02
1164556495.007446 -2.967963e-02
1164556495.007568 -2.866543e-02
1164556495.007690 -1.951721e-02
1164556495.007812 -2.125880e-02
1164556495.007935 -2.090323e-02
1164556495.008057 -9.651494e-03
1164556495.008179 4.756422e-03
1164556495.008301 2.178785e-02
1164556495.008423 3.609887e-02
1164556495.008545 4.288756e-02
1164556495.008667 3.987479e-02
1164556495.008789 2.737723e-02
1164556495.008911 2.377255e-03
1164556495.009033 -2.408221e-02
1164556495.009155 -3.035626e-02
1164556495.009277 -2.591119e-02
1164556495.009399 -2.309862e-02
1164556495.009521 -2.188752e-02
1164556495.009644 -1.583953e-02
1164556495.009766 -1.100573e-02
1164556495.009888 -4.632209e-03
1164556495.010010 7.475177e-03
1164556495.010132 2.011093e-02
1164556495.010254 2.963813e-02
1164556495.010376 2.891959e-02
1164556495.010498 1.905859e-02
1164556495.010620 5.715743e-03
1164556495.010742 -2.566782e-03
1164556495.010864 -4.342074e-03
1164556495.010986 -1.039263e-02
1164556495.011108 -1.166701e-02
1164556495.011230 -1.044475e-02
1164556495.011353 -1.069399e-02
1164556495.011475 -1.039411e-02
1164556495.011597 -8.557173e-03
1164556495.011719 -7.012186e-03
1164556495.011841 -2.339356e-03
1164556495.011963 3.840885e-03
1164556495.012085 4.295244e-03
1164556495.012207 1.930000e-03
1164556495.012329 5.839151e-03
1164556495.012451 1.025964e-02
1164556495.012573 1.352003e-02
1164556495.012695 1.724129e-02
1164556495.012817 1.606858e-02
1164556495.012939 7.234238e-03
1164556495.013062 -3.841080e-03
1164556495.013184 -9.627214e-03
1164556495.013306 -1.071671e-02
1164556495.013428 -1.380615e-02
1164556495.013550 -1.536938e-02
1164556495.013672 -2.059030e-02
1164556495.013794 -2.482729e-02
1164556495.013916 -1.918559e-02
1164556495.014038 -3.173016e-03
1164556495.014160 1.165871e-02
1164556495.014282 2.133615e-02
1164556495.014404 3.527123e-02
1164556495.014526 4.295715e-02
1164556495.014648 3.329042e-02
1164556495.014771 1.994670e-02
1164556495.014893 2.901122e-04
1164556495.015015 -2.000642e-02
1164556495.015137 -3.290621e-02
1164556495.015259 -4.026812e-02
1164556495.015381 -4.055745e-02
1164556495.015503 -2.634641e-02
1164556495.015625 -9.135089e-03
1164556495.015747 1.143352e-03
1164556495.015869 1.200475e-02
1164556495.015991 2.159091e-02
1164556495.016113 2.445701e-02
1164556495.016235 2.690623e-02
1164556495.016357 2.773741e-02
1164556495.016479 2.763123e-02
1164556495.016602 1.742027e-02
1164556495.016724 -1.463090e-03
1164556495.016846 -2.019516e-02
1164556495.016968 -3.375107e-02
1164556495.017090 -3.686967e-02
1164556495.017212 -3.001649e-02
1164556495.017334 -1.247594e-02
1164556495.017456 5.452998e-03
1164556495.017578 8.827222e-03
1164556495.017700 8.613951e-03
1164556495.017822 3.412241e-03
1164556495.017944 -3.688798e-05
1164556495.018066 7.492182e-03
1164556495.018188 1.529191e-02
1164556495.018311 1.734659e-02
1164556495.018433 1.783568e-02
1164556495.018555 1.860776e-02
1164556495.018677 1.164416e-02
1164556495.018799 -1.974713e-03
1164556495.018921 -1.077523e-02
1164556495.019043 -2.184320e-02
1164556495.019165 -2.856011e-02
1164556495.019287 -2.415189e-02
1164556495.019409 -1.852977e-02
1164556495.019531 -1.378904e-02
1164556495.019653 -8.237862e-03
1164556495.019775 -1.338095e-03
1164556495.019897 9.552024e-03
1164556495.020020 2.233539e-02
1164556495.020142 3.266942e-02
1164556495.020264 3.627971e-02
1164556495.020386 3.396168e-02
1164556495.020508 2.342037e-02
1164556495.020630 7.406485e-03
1164556495.020752 -9.593218e-03
1164556495.020874 -2.966146e-02
1164556495.020996 -4.517489e-02
1164556495.021118 -4.661805e-02
1164556495.021240 -4.142701e-02
1164556495.021362 -2.569788e-02
1164556495.021484 -3.110245e-03
1164556495.021606 1.431862e-02
1164556495.021729 2.480682e-02
1164556495.021851 3.803893e-02
1164556495.021973 4.605422e-02
1164556495.022095 4.209821e-02
1164556495.022217 3.125909e-02
1164556495.022339 1.134648e-02
1164556495.022461 -1.197138e-02
1164556495.022583 -2.432876e-02
1164556495.022705 -3.316357e-02
1164556495.022827 -4.256705e-02
1164556495.022949 -3.896766e-02
1164556495.023071 -2.350434e-02
1164556495.023193 -1.232310e-02
1164556495.023315 -2.670205e-03
1164556495.023438 1.223085e-02
1164556495.023560 2.659144e-02
1164556495.023682 3.370549e-02
1164556495.023804 3.316546e-02
1164556495.023926 2.750102e-02
1164556495.024048 1.871043e-02
1164556495.024170 8.661202e-03
1164556495.024292 -4.955024e-03
1164556495.024414 -1.793862e-02
1164556495.024536 -2.189107e-02
1164556495.024658 -2.418779e-02
1164556495.024780 -2.644670e-02
1164556495.024902 -2.761634e-02
1164556495.025024 -2.062699e-02
1164556495.025146 -4.223513e-03
1164556495.025269 1.258800e-02
1164556495.025391 2.262476e-02
1164556495.025513 2.534958e-02
1164556495.025635 2.309847e-02
1164556495.025757 2.097707e-02
1164556495.025879 1.393126e-02
1164556495.026001 2.908394e-03
1164556495.026123 -6.816607e-03
1164556495.026245 -1.012924e-02
1164556495.026367 -8.428346e-03
1164556495.026489 -7.680278e-03
1164556495.026611 -1.183547e-02
1164556495.026733 -1.651812e-02
1164556495.026855 -1.751473e-02
1164556495.026978 -1.318932e-02
1164556495.027100 -4.297096e-03
1164556495.027222 6.236148e-03
1164556495.027344 1.494095e-02
1164556495.027466 2.041290e-02
1164556495.027588 1.700736e-02
1164556495.027710 9.970989e-03
1164556495.027832 2.516517e-03
1164556495.027954 -5.132550e-04
1164556495.028076 -6.388074e-04
1164556495.028198 -3.737562e-03
1164556495.028320 -4.114121e-03
1164556495.028442 -1.706897e-04
1164556495.028564 4.613446e-03
1164556495.028687 -2.619377e-03
1164556495.028809 -1.556234e-02
1164556495.028931 -1.678285e-02
1164556495.029053 -1.598424e-02
1164556495.029175 -1.171858e-02
1164556495.029297 -3.154466e-03
1164556495.029419 8.740775e-03
1164556495.029541 1.578386e-02
1164556495.029663 1.803038e-02
1164556495.029785 1.853442e-02
1164556495.029907 1.164321e-02
1164556495.030029 1.173146e-02
1164556495.030151 1.041526e-02
1164556495.030273 -1.669939e-03
1164556495.030396 -8.218236e-03
1164556495.030518 -1.133671e-02
1164556495.030640 -1.586318e-02
1164556495.030762 -2.286711e-02
1164556495.030884 -2.233566e-02
1164556495.031006 -1.652732e-02
1164556495.031128 -9.898697e-03
1164556495.031250 3.611791e-03
1164556495.031372 1.231444e-02
1164556495.031494 1.702066e-02
1164556495.031616 2.473773e-02
1164556495.031738 2.780709e-02
1164556495.031860 2.381920e-02
1164556495.031982 1.438039e-02
1164556495.032104 6.479618e-03
1164556495.032227 -4.918809e-03
1164556495.032349 -1.818621e-02
1164556495.032471 -2.669327e-02
1164556495.032593 -3.477916e-02
1164556495.032715 -3.254671e-02
1164556495.032837 -2.192186e-02
1164556495.032959 -1.129551e-02
1164556495.033081 4.941508e-03
1164556495.033203 2.509082e-02
1164556495.033325 3.481148e-02
1164556495.033447 3.144795e-02
1164556495.033569 2.598415e-02
1164556495.033691 1.613686e-02
1164556495.033813 3.517984e-03
1164556495.033936 -5.307266e-03
1164556495.034058 -1.232562e-02
1164556495.034180 -1.796578e-02
1164556495.034302 -1.616709e-02
1164556495.034424 -1.632136e-02
1164556495.034546 -2.135133e-02
1164556495.034668 -1.847216e-02
1164556495.034790 -8.397338e-03
1164556495.034912 1.037322e-04
1164556495.035034 1.168521e-02
1164556495.035156 2.091285e-02
1164556495.035278 2.215167e-02
1164556495.035400 1.842295e-02
1164556495.035522 1.402655e-02
1164556495.035645 5.206746e-03
1164556495.035767 -2.692758e-03
1164556495.035889 -1.559718e-03
1164556495.036011 -3.910281e-03
1164556495.036133 -8.805363e-03
1164556495.036255 -6.357449e-03
1164556495.036377 -5.830037e-03
1164556495.036499 -8.407552e-03
1164556495.036621 -1.617531e-02
1164556495.036743 -2.128698e-02
1164556495.036865 -1.912459e-02
1164556495.036987 -5.441947e-03
1164556495.037109 1.177685e-02
1164556495.037231 1.781508e-02
1164556495.037354 2.531157e-02
1164556495.037476 3.041683e-02
1164556495.037598 2.423305e-02
1164556495.037720 1.586734e-02
1164556495.037842 7.726258e-03
1164556495.037964 -2.161757e-03
1164556495.038086 -1.888153e-02
1164556495.038208 -2.902206e-02
1164556495.038330 -3.451354e-02
1164556495.038452 -3.252742e-02
1164556495.038574 -2.051834e-02
1164556495.038696 -1.272985e-02
1164556495.038818 -3.238393e-04
1164556495.038940 1.921094e-02
1164556495.039062 3.320292e-02
1164556495.039185 3.725533e-02
1164556495.039307 3.105774e-02
1164556495.039429 2.262535e-02
1164556495.039551 1.025664e-02
1164556495.039673 -1.042930e-03
1164556495.039795 -1.266882e-02
1164556495.039917 -2.619186e-02
1164556495.040039 -3.230146e-02
1164556495.040161 -3.013375e-02
1164556495.040283 -2.288630e-02
1164556495.040405 -1.232883e-02
1164556495.040527 -2.240620e-04
1164556495.040649 1.214337e-02
1164556495.040771 2.101941e-02
1164556495.040894 2.395676e-02
1164556495.041016 1.974373e-02
1164556495.041138 1.508546e-02
1164556495.041260 1.118033e-02
1164556495.041382 5.529968e-03
1164556495.041504 -3.193398e-03
1164556495.041626 -1.134628e-02
1164556495.041748 -1.304721e-02
1164556495.041870 -1.338614e-02
1164556495.041992 -1.281323e-02
1164556495.042114 -7.862620e-03
1164556495.042236 -2.409302e-03
1164556495.042358 1.442643e-03
1164556495.042480 4.577847e-05
1164556495.042603 -4.450410e-03
1164556495.042725 -7.033240e-03
1164556495.042847 4.449597e-05
1164556495.042969 1.104371e-02
1164556495.043091 1.419310e-02
1164556495.043213 1.359289e-02
1164556495.043335 1.667630e-02
1164556495.043457 1.543726e-02
1164556495.043579 5.730079e-03
1164556495.043701 -5.773975e-03
1164556495.043823 -1.286645e-02
1164556495.043945 -1.769619e-02
1164556495.044067 -1.665870e-02
1164556495.044189 -1.297548e-02
1164556495.044312 -1.075883e-02
1164556495.044434 -7.723387e-03
1164556495.044556 -4.921546e-03
1164556495.044678 -3.274355e-03
1164556495.044800 4.146017e-03
1164556495.044922 1.705894e-02
1164556495.045044 2.392185e-02
1164556495.045166 2.542951e-02
1164556495.045288 2.363132e-02
1164556495.045410 1.344078e-02
1164556495.045532 -8.096924e-04
1164556495.045654 -1.245087e-02
1164556495.045776 -2.331742e-02
1164556495.045898 -2.903618e-02
1164556495.046021 -2.187157e-02
1164556495.046143 -1.280733e-02
1164556495.046265 -6.953666e-03
1164556495.046387 -3.517103e-04
1164556495.046509 1.001780e-03
1164556495.046631 2.414382e-03
1164556495.046753 1.171976e-02
1164556495.046875 2.102378e-02
1164556495.046997 2.635219e-02
1164556495.047119 2.687205e-02
1164556495.047241 1.883118e-02
1164556495.047363 1.723141e-03
1164556495.047485 -1.112998e-02
1164556495.047607 -1.968688e-02
1164556495.047729 -2.704349e-02
1164556495.047852 -2.405505e-02
1164556495.047974 -1.608340e-02
1164556495.048096 -1.272911e-02
1164556495.048218 -5.881107e-03
1164556495.048340 3.369670e-03
1164556495.048462 1.041488e-02
1164556495.048584 1.450872e-02
1164556495.048706 1.668536e-02
1164556495.048828 1.803927e-02
1164556495.048950 1.740972e-02
1164556495.049072 1.576163e-02
1164556495.049194 8.590651e-03
1164556495.049316 -2.870653e-03
1164556495.049438 -8.974971e-03
1164556495.049561 -1.603487e-02
1164556495.049683 -2.271594e-02
1164556495.049805 -2.351226e-02
1164556495.049927 -1.931093e-02
1164556495.050049 -1.074042e-02
1164556495.050171 -5.434581e-04
1164556495.050293 8.328432e-03
1164556495.050415 1.540492e-02
1164556495.050537 1.740999e-02
1164556495.050659 1.618452e-02
1164556495.050781 1.574610e-02
1164556495.050903 1.629526e-02
1164556495.051025 1.086299e-02
1164556495.051147 5.632409e-04
1164556495.051270 -1.002976e-02
1164556495.051392 -1.756429e-02
1164556495.051514 -1.724109e-02
1164556495.051636 -1.541895e-02
1164556495.051758 -1.577505e-02
1164556495.051880 -1.155642e-02
1164556495.052002 -2.990185e-03
1164556495.052124 3.422735e-03
1164556495.052246 6.866372e-03
1164556495.052368 1.566872e-02
1164556495.052490 1.910471e-02
1164556495.052612 1.362329e-02
1164556495.052734 8.920728e-03
1164556495.052856 2.626310e-03
1164556495.052979 -1.620618e-03
1164556495.053101 -2.364761e-03
1164556495.053223 -2.830113e-03
1164556495.053345 -4.158545e-03
1164556495.053467 -7.066655e-03
1164556495.053589 -1.076836e-02
1164556495.053711 -1.515391e-02
1164556495.053833 -1.391264e-02
1164556495.053955 -9.360402e-03
1164556495.054077 6.915205e-04
1164556495.054199 1.168846e-02
1164556495.054321 1.378721e-02
1164556495.054443 1.096661e-02
1164556495.054565 8.235235e-03
1164556495.054688 6.436070e-03
1164556495.054810 7.420273e-03
1164556495.054932 9.087621e-03
1164556495.055054 8.367626e-03
1164556495.055176 1.756428e-03
1164556495.055298 -9.827779e-03
1164556495.055420 -2.007889e-02
1164556495.055542 -2.458999e-02
1164556495.055664 -2.011685e-02
1164556495.055786 -1.055059e-02
1164556495.055908 -5.037179e-04
1164556495.056030 1.029867e-02
1164556495.056152 1.689791e-02
1164556495.056274 1.889762e-02
1164556495.056396 1.315745e-02
1164556495.056519 5.462899e-03
1164556495.056641 4.673946e-03
1164556495.056763 3.999080e-03
1164556495.056885 2.655293e-04
1164556495.057007 -3.755671e-03
1164556495.057129 -6.720284e-03
1164556495.057251 -8.541863e-03
1164556495.057373 -1.050119e-02
1164556495.057495 -1.148548e-02
1164556495.057617 -1.304515e-02
1164556495.057739 -8.818802e-03
1164556495.057861 1.315477e-03
1164556495.057983 8.208656e-03
1164556495.058105 1.132183e-02
1164556495.058228 1.634498e-02
1164556495.058350 1.568201e-02
1164556495.058472 6.213777e-03
1164556495.058594 -3.088426e-05
1164556495.058716 -1.432028e-03
1164556495.058838 -4.794768e-03
1164556495.058960 -8.004808e-03
1164556495.059082 -7.620190e-03
1164556495.059204 -5.862510e-03
1164556495.059326 -4.964345e-03
1164556495.059448 5.509406e-04
1164556495.059570 9.377194e-04
1164556495.059692 -3.862292e-03
1164556495.059814 -1.882378e-03
1164556495.059937 3.165934e-04
1164556495.060059 2.427840e-04
1164556495.060181 2.786069e-03
1164556495.060303 6.889597e-03
1164556495.060425 5.661824e-03
1164556495.060547 2.176786e-03
1164556495.060669 6.020471e-03
1164556495.060791 5.706839e-03
1164556495.060913 3.921810e-03
1164556495.061035 2.691052e-03
1164556495.061157 -3.227190e-03
1164556495.061279 -6.152301e-03
1164556495.061401 -1.018093e-02
1164556495.061523 -1.681903e-02
1164556495.061646 -1.975907e-02
1164556495.061768 -1.219020e-02
1164556495.061890 3.667110e-03
1164556495.062012 1.483767e-02
1164556495.062134 2.154429e-02
1164556495.062256 1.957972e-02
1164556495.062378 1.304596e-02
1164556495.062500 4.672575e-03
1164556495.062622 -3.911688e-03
1164556495.062744 -5.800148e-03
1164556495.062866 -6.883569e-03
1164556495.062988 -9.186715e-03
1164556495.063110 -8.292795e-03
1164556495.063232 -6.274080e-03
1164556495.063354 -6.844053e-03
1164556495.063477 -7.123962e-03
1164556495.063599 -3.654837e-03
1164556495.063721 -5.510439e-04
1164556495.063843 5.328080e-03
1164556495.063965 1.230750e-02
1164556495.064087 1.395264e-02
1164556495.064209 1.275433e-02
1164556495.064331 8.682803e-03
1164556495.064453 -1.283625e-03
1164556495.064575 -9.688334e-03
1164556495.064697 -8.754769e-03
1164556495.064819 -4.191846e-03
1164556495.064941 -3.068587e-03
1164556495.065063 -3.158513e-03
1164556495.065186 -3.236086e-03
1164556495.065308 -3.126599e-03
1164556495.065430 -2.674167e-03
1164556495.065552 -1.657585e-03
1164556495.065674 -4.375603e-04
1164556495.065796 4.876290e-03
1164556495.065918 8.205507e-03
1164556495.066040 5.682780e-03
1164556495.066162 1.012301e-03
1164556495.066284 -1.625959e-03
1164556495.066406 -5.462790e-04
1164556495.066528 1.306818e-03
1164556495.066650 4.183934e-03
1164556495.066772 5.315119e-03
1164556495.066895 4.066543e-03
1164556495.067017 5.437088e-04
1164556495.067139 -7.317126e-03
1164556495.067261 -1.423316e-02
1164556495.067383 -1.489209e-02
1164556495.067505 -9.953210e-03
1164556495.067627 -3.681751e-03
1164556495.067749 1.859202e-03
1164556495.067871 8.872376e-03
1164556495.067993 1.361941e-02
1164556495.068115 1.448525e-02
1164556495.068237 1.393642e-02
1164556495.068359 1.004502e-02
1164556495.068481 3.791554e-03
1164556495.068604 -2.762581e-03
1164556495.068726 -9.378492e-03
1164556495.068848 -1.509468e-02
1164556495.068970 -1.662884e-02
1164556495.069092 -1.236220e-02
1164556495.069214 -8.773844e-03
1164556495.069336 -4.604214e-03
1164556495.069458 1.792867e-03
1164556495.069580 4.829258e-03
1164556495.069702 1.027619e-02
1164556495.069824 1.880867e-02
1164556495.069946 2.126324e-02
1164556495.070068 1.426314e-02
1164556495.070190 4.970505e-03
1164556495.070312 -2.873793e-03
1164556495.070435 -1.237609e-02
1164556495.070557 -1.889864e-02
1164556495.070679 -2.003711e-02
1164556495.070801 -1.568296e-02
1164556495.070923 -5.853657e-03
1164556495.071045 3.613460e-03
1164556495.071167 7.841112e-03
1164556495.071289 8.927731e-03
1164556495.071411 8.591262e-03
1164556495.071533 7.130748e-03
1164556495.071655 5.750855e-03
1164556495.071777 7.243560e-03
1164556495.071899 7.457488e-03
1164556495.072021 2.596283e-03
1164556495.072144 -1.893721e-03
1164556495.072266 -5.527042e-03
1164556495.072388 -9.458715e-03
1164556495.072510 -1.157918e-02
1164556495.072632 -1.097946e-02
1164556495.072754 -1.050168e-02
1164556495.072876 -8.505190e-03
1164556495.072998 -1.369780e-03
1164556495.073120 8.058359e-03
1164556495.073242 1.476604e-02
1164556495.073364 1.904774e-02
1164556495.073486 1.780413e-02
1164556495.073608 1.432611e-02
1164556495.073730 1.277716e-02
