1164556494.786133 2.693763e-03
1164556494.786255 2.975295e-03
1164556494.786377 1.822108e-03
1164556494.786499 1.688692e-04
1164556494.786621 -1.159632e-03
1164556494.786743 -2.553369e-03
1164556494.786865 -4.852901e-03
1164556494.786987 -6.552884e-03
1164556494.787109 -6.034491e-03
1164556494.787231 -4.820660e-03
1164556494.787354 -2.888388e-03
1164556494.787476 1.272414e-03
1164556494.787598 4.416868e-03
1164556494.787720 5.351762e-03
1164556494.787842 5.592000e-03
1164556494.787964 5.905242e-03
1164556494.788086 4.232548e-03
1164556494.788208 2.480949e-03
1164556494.788330 1.803763e-03
1164556494.788452 -1.135216e-03
1164556494.788574 -4.240991e-03
1164556494.788696 -4.766402e-03
1164556494.788818 -5.141501e-03
1164556494.788940 -5.285287e-03
1164556494.789062 -3.679522e-03
1164556494.789185 -1.594142e-03
1164556494.789307 -4.689862e-04
1164556494.789429 9.024887e-04
1164556494.789551 2.574511e-03
1164556494.789673 2.977960e-03
1164556494.789795 3.612165e-03
1164556494.789917 4.928417e-03
1164556494.790039 4.438887e-03
1164556494.790161 2.529469e-03
1164556494.790283 1.567551e-03
1164556494.790405 1.191396e-03
1164556494.790527 -9.157303e-04
1164556494.790649 -3.685497e-03
1164556494.790771 -5.798763e-03
1164556494.790894 -6.269215e-03
1164556494.791016 -5.779896e-03
1164556494.791138 -3.644609e-03
1164556494.791260 -1.321377e-03
1164556494.791382 2.219411e-04
1164556494.791504 2.699331e-03
1164556494.791626 5.618600e-03
1164556494.791748 6.005206e-03
1164556494.791870 5.053916e-03
1164556494.791992 5.043350e-03
1164556494.792114 3.770624e-03
1164556494.792236 3.027189e-04
1164556494.792358 -1.714280e-03
1164556494.792480 -3.446114e-03
1164556494.792603 -5.292186e-03
1164556494.792725 -5.406426e-03
1164556494.792847 -3.902541e-03
1164556494.792969 -3.447119e-03
1164556494.793091 -1.991074e-03
1164556494.793213 2.885435e-04
1164556494.793335 8.783894e-04
1164556494.793457 1.721904e-03
1164556494.793579 3.423729e-03
1164556494.793701 3.315936e-03
1164556494.793823 3.391470e-03
1164556494.793945 3.803586e-03
1164556494.794067 3.150619e-03
1164556494.794189 1.519877e-03
1164556494.794312 4.172911e-04
1164556494.794434 -8.601705e-04
1164556494.794556 -1.966350e-03
1164556494.794678 -3.269907e-03
1164556494.794800 -4.547459e-03
1164556494.794922 -5.024746e-03
1164556494.795044 -4.622823e-03
1164556494.795166 -4.223085e-03
1164556494.795288 -2.896259e-03
1164556494.795410 6.045179e-04
1164556494.795532 4.305722e-03
1164556494.795654 7.252698e-03
1164556494.795776 8.735497e-03
1164556494.795898 6.739988e-03
1164556494.796021 4.223750e-03
1164556494.796143 1.698430e-03
1164556494.796265 -1.713677e-03
1164556494.796387 -4.350077e-03
1164556494.796509 -5.413863e-03
1164556494.796631 -5.697507e-03
1164556494.796753 -5.943837e-03
1164556494.796875 -4.706858e-03
1164556494.796997 -2.340622e-03
1164556494.797119 -8.297133e-04
1164556494.797241 1.581422e-03
1164556494.797363 3.193528e-03
1164556494.797485 3.964113e-03
1164556494.797607 5.061082e-03
1164556494.797729 5.585026e-03
1164556494.797852 4.204244e-03
1164556494.797974 1.805923e-03
1164556494.798096 -3.092556e-04
1164556494.798218 -1.681418e-03
1164556494.798340 -2.352779e-03
1164556494.798462 -2.070084e-03
1164556494.798584 -2.449742e-03
1164556494.798706 -3.216704e-03
1164556494.798828 -3.908512e-03
1164556494.798950 -3.673563e-03
1164556494.799072 -3.392528e-03
1164556494.799194 -2.598323e-03
1164556494.799316 2.522560e-04
1164556494.799438 3.955342e-03
1164556494.799561 6.207243e-03
1164556494.799683 6.869924e-03
1164556494.799805 5.908566e-03
1164556494.799927 3.814512e-03
1164556494.800049 1.339560e-03
1164556494.800171 -1.402032e-04
1164556494.800293 -2.582260e-03
1164556494.800415 -5.051369e-03
1164556494.800537 -5.344987e-03
1164556494.800659 -4.961539e-03
1164556494.800781 -4.706126e-03
1164556494.800903 -3.024776e-03
1164556494.801025 -1.304900e-03
1164556494.801147 2.664203e-04
1164556494.801270 2.354561e-03
1164556494.801392 4.297312e-03
1164556494.801514 4.898641e-03
1164556494.801636 5.378307e-03
1164556494.801758 4.385818e-03
1164556494.801880 2.089808e-03
1164556494.802002 -3.492215e-05
1164556494.802124 -1.232403e-03
1164556494.802246 -1.683685e-03
1164556494.802368 -1.828979e-03
1164556494.802490 -2.562218e-03
1164556494.802612 -3.409526e-03
1164556494.802734 -4.384773e-03
1164556494.802856 -3.869673e-03
1164556494.802979 -2.662431e-03
1164556494.803101 -1.216501e-03
1164556494.803223 4.337482e-04
1164556494.803345 2.180615e-03
1164556494.803467 4.464288e-03
1164556494.803589 5.529205e-03
1164556494.803711 5.027061e-03
1164556494.803833 4.601759e-03
1164556494.803955 3.093880e-03
1164556494.804077 1.182580e-03
1164556494.804199 -1.372565e-03
1164556494.804321 -4.165866e-03
1164556494.804443 -5.732899e-03
1164556494.804565 -5.936034e-03
1164556494.804688 -5.117582e-03
1164556494.804810 -3.936109e-03
1164556494.804932 -1.374534e-03
1164556494.805054 1.945499e-03
1164556494.805176 2.834860e-03
1164556494.805298 3.704312e-03
1164556494.805420 3.741313e-03
1164556494.805542 2.749816e-03
1164556494.805664 2.411575e-03
1164556494.805786 2.118337e-03
1164556494.805908 9.430441e-04
1164556494.806030 9.033577e-04
1164556494.806152 1.179423e-03
1164556494.806274 -4.218247e-04
1164556494.806396 -2.076255e-03
1164556494.806519 -2.469317e-03
1164556494.806641 -3.961370e-03
1164556494.806763 -4.323050e-03
1164556494.806885 -3.957721e-03
1164556494.807007 -3.819255e-03
1164556494.807129 -3.308221e-03
1164556494.807251 -4.912753e-04
1164556494.807373 2.601699e-03
1164556494.807495 5.878514e-03
1164556494.807617 8.283251e-03
1164556494.807739 7.677562e-03
1164556494.807861 6.014855e-03
1164556494.807983 4.512106e-03
1164556494.808105 9.703627e-04
1164556494.808228 -3.641206e-03
1164556494.808350 -7.023637e-03
1164556494.808472 -8.672954e-03
1164556494.808594 -8.641407e-03
1164556494.808716 -6.277558e-03
1164556494.808838 -4.075749e-03
1164556494.808960 -9.360559e-04
1164556494.809082 2.890528e-03
1164556494.809204 4.951397e-03
1164556494.809326 5.104170e-03
1164556494.809448 5.851504e-03
1164556494.809570 6.713076e-03
1164556494.809692 5.975811e-03
1164556494.809814 4.098796e-03
1164556494.809937 1.033796e-03
1164556494.810059 -3.008338e-03
1164556494.810181 -4.716927e-03
1164556494.810303 -4.967408e-03
1164556494.810425 -5.645375e-03
1164556494.810547 -5.118651e-03
1164556494.810669 -3.861616e-03
1164556494.810791 -3.183487e-03
1164556494.810913 -2.138917e-03
1164556494.811035 -5.265625e-04
1164556494.811157 1.467273e-03
1164556494.811279 3.865106e-03
1164556494.811401 6.049049e-03
1164556494.811523 7.321017e-03
1164556494.811646 7.406219e-03
1164556494.811768 6.315029e-03
1164556494.811890 4.293073e-03
1164556494.812012 5.581976e-04
1164556494.812134 -3.844857e-03
1164556494.812256 -8.117777e-03
1164556494.812378 -1.000578e-02
1164556494.812500 -9.946256e-03
1164556494.812622 -7.730934e-03
1164556494.812744 -3.935436e-03
1164556494.812866 -4.565225e-04
1164556494.812988 2.754385e-03
1164556494.813110 6.129117e-03
1164556494.813232 8.240168e-03
1164556494.813354 9.443837e-03
1164556494.813477 9.156860e-03
1164556494.813599 6.829890e-03
1164556494.813721 1.612696e-03
1164556494.813843 -2.568096e-03
1164556494.813965 -5.240991e-03
1164556494.814087 -7.833463e-03
1164556494.814209 -7.611105e-03
1164556494.814331 -5.012219e-03
1164556494.814453 -3.926145e-03
1164556494.814575 -3.375025e-03
1164556494.814697 -2.010498e-03
1164556494.814819 3.481750e-05
1164556494.814941 2.255676e-03
1164556494.815063 5.120205e-03
1164556494.815186 5.864117e-03
1164556494.815308 5.105299e-03
1164556494.815430 5.689823e-03
1164556494.815552 5.260815e-03
1164556494.815674 2.357218e-03
1164556494.815796 -3.340330e-04
1164556494.815918 -2.013182e-03
1164556494.816040 -3.688131e-03
1164556494.816162 -5.787746e-03
1164556494.816284 -6.785355e-03
1164556494.816406 -7.416164e-03
1164556494.816528 -5.544552e-03
1164556494.816650 -2.067405e-03
1164556494.816772 1.104748e-03
1164556494.816895 3.245077e-03
1164556494.817017 4.615311e-03
1164556494.817139 6.527196e-03
1164556494.817261 7.598550e-03
1164556494.817383 5.753820e-03
1164556494.817505 3.453297e-03
1164556494.817627 1.022771e-03
1164556494.817749 -1.889441e-03
1164556494.817871 -4.056359e-03
1164556494.817993 -4.112827e-03
1164556494.818115 -4.887537e-03
1164556494.818237 -5.281908e-03
1164556494.818359 -3.357471e-03
1164556494.818481 -2.712827e-03
1164556494.818604 -2.106457e-03
1164556494.818726 5.035003e-04
1164556494.818848 2.375087e-03
1164556494.818970 2.754878e-03
1164556494.819092 3.664050e-03
1164556494.819214 4.877652e-03
1164556494.819336 4.007639e-03
1164556494.819458 2.802034e-03
1164556494.819580 2.645104e-03
1164556494.819702 2.252824e-03
1164556494.819824 -1.252352e-04
1164556494.819946 -3.122232e-03
1164556494.820068 -4.654720e-03
1164556494.820190 -5.479297e-03
1164556494.820312 -5.893810e-03
1164556494.820435 -4.348864e-03
1164556494.820557 -2.243566e-03
1164556494.820679 -4.412337e-04
1164556494.820801 9.565770e-04
1164556494.820923 2.559521e-03
1164556494.821045 2.896812e-03
1164556494.821167 4.560169e-03
1164556494.821289 6.687406e-03
1164556494.821411 5.278072e-03
1164556494.821533 2.870376e-03
1164556494.821655 2.103221e-03
1164556494.821777 3.321204e-05
1164556494.821899 -2.798679e-03
1164556494.822021 -4.177834e-03
1164556494.822144 -5.460056e-03
1164556494.822266 -7.615086e-03
1164556494.822388 -6.721887e-03
1164556494.822510 -4.193138e-03
1164556494.822632 -1.816490e-03
1164556494.822754 5.918813e-04
1164556494.822876 4.705184e-03
1164556494.822998 8.058328e-03
1164556494.823120 7.810311e-03
1164556494.823242 6.482685e-03
1164556494.823364 4.111784e-03
1164556494.823486 4.649839e-04
1164556494.823608 -1.502778e-03
1164556494.823730 -1.300511e-03
1164556494.823853 -1.495830e-03
1164556494.823975 -4.376088e-03
1164556494.824097 -5.360485e-03
1164556494.824219 -5.764612e-03
1164556494.824341 -6.046943e-03
1164556494.824463 -3.199715e-03
1164556494.824585 -4.203117e-04
1164556494.824707 7.387784e-04
1164556494.824829 3.069750e-03
1164556494.824951 6.430336e-03
1164556494.825073 6.941401e-03
1164556494.825195 4.751630e-03
1164556494.825317 4.859899e-03
1164556494.825439 3.302728e-03
1164556494.825562 -1.840791e-04
1164556494.825684 -2.813528e-03
1164556494.825806 -3.426631e-03
1164556494.825928 -3.797659e-03
1164556494.826050 -4.445273e-03
1164556494.826172 -4.446653e-03
1164556494.826294 -4.621526e-03
1164556494.826416 -5.058271e-03
1164556494.826538 -2.524927e-03
1164556494.826660 6.379816e-04
1164556494.826782 2.793425e-03
1164556494.826904 5.893523e-03
1164556494.827026 8.652824e-03
1164556494.827148 7.333131e-03
1164556494.827271 4.869250e-03
1164556494.827393 3.215488e-03
1164556494.827515 4.188873e-04
1164556494.827637 -3.719765e-03
1164556494.827759 -5.372221e-03
1164556494.827881 -6.768989e-03
1164556494.828003 -7.631552e-03
1164556494.828125 -5.787112e-03
1164556494.828247 -2.240142e-03
1164556494.828369 3.351687e-04
1164556494.828491 2.457852e-03
1164556494.828613 4.829405e-03
1164556494.828735 4.988453e-03
1164556494.828857 2.795003e-03
1164556494.828979 2.242773e-03
1164556494.829102 2.735753e-03
1164556494.829224 1.407023e-03
1164556494.829346 -1.451588e-03
1164556494.829468 -1.836549e-03
1164556494.829590 -1.173622e-03
1164556494.829712 -3.185667e-04
1164556494.829834 1.316058e-03
1164556494.829956 7.240084e-04
1164556494.830078 -1.940445e-03
1164556494.830200 -3.299231e-03
1164556494.830322 -3.959592e-03
1164556494.830444 -4.861962e-03
1164556494.830566 -3.274196e-03
1164556494.830688 1.413679e-03
1164556494.830811 2.678238e-03
1164556494.830933 2.227608e-03
1164556494.831055 4.131878e-03
1164556494.831177 5.648217e-03
1164556494.831299 3.777842e-03
1164556494.831421 2.392662e-03
1164556494.831543 2.076282e-03
1164556494.831665 -1.527899e-04
1164556494.831787 -2.085034e-03
1164556494.831909 -2.994097e-03
1164556494.832031 -4.555663e-03
1164556494.832153 -4.587832e-03
1164556494.832275 -3.344849e-03
1164556494.832397 -3.792436e-03
1164556494.832520 -5.081827e-03
1164556494.832642 -1.001447e-03
1164556494.832764 2.883649e-03
1164556494.832886 3.268658e-03
1164556494.833008 5.331902e-03
1164556494.833130 7.082658e-03
1164556494.833252 6.077070e-03
1164556494.833374 3.985250e-03
1164556494.833496 3.008506e-03
1164556494.833618 1.957189e-03
1164556494.833740 -1.907788e-03
1164556494.833862 -4.443003e-03
1164556494.833984 -7.347457e-03
1164556494.834106 -9.615799e-03
1164556494.834229 -8.446511e-03
1164556494.834351 -5.972971e-03
1164556494.834473 -2.079147e-03
1164556494.834595 3.122818e-03
1164556494.834717 6.807058e-03
1164556494.834839 6.983033e-03
1164556494.834961 5.966470e-03
1164556494.835083 6.790142e-03
1164556494.835205 5.604832e-03
1164556494.835327 3.577937e-03
1164556494.835449 8.291621e-04
1164556494.835571 -1.664673e-03
1164556494.835693 -3.634988e-03
1164556494.835815 -5.810823e-03
1164556494.835938 -7.713359e-03
1164556494.836060 -7.425329e-03
1164556494.836182 -5.358797e-03
1164556494.836304 -3.264166e-03
1164556494.836426 -1.114212e-03
1164556494.836548 1.800828e-03
1164556494.836670 4.337910e-03
1164556494.836792 7.155150e-03
1164556494.836914 7.887981e-03
1164556494.837036 6.273819e-03
1164556494.837158 3.368704e-03
1164556494.837280 1.817729e-03
1164556494.837402 7.098339e-04
1164556494.837524 -1.292947e-03
1164556494.837646 -2.783492e-03
1164556494.837769 -4.646674e-03
1164556494.837891 -6.477446e-03
1164556494.838013 -6.172701e-03
1164556494.838135 -4.806387e-03
1164556494.838257 -3.119032e-03
1164556494.838379 -1.554217e-03
1164556494.838501 1.983436e-03
1164556494.838623 3.039793e-03
1164556494.838745 2.120092e-03
1164556494.838867 3.813308e-03
1164556494.838989 5.958881e-03
1164556494.839111 6.476764e-03
1164556494.839233 6.000771e-03
1164556494.839355 4.268052e-03
1164556494.839478 1.911257e-03
1164556494.839600 -1.171817e-03
1164556494.839722 -4.357758e-03
1164556494.839844 -8.961477e-03
1164556494.839966 -9.948906e-03
1164556494.840088 -8.078796e-03
1164556494.840210 -7.032056e-03
1164556494.840332 -4.104301e-03
1164556494.840454 2.117588e-04
1164556494.840576 3.957907e-03
1164556494.840698 7.836491e-03
1164556494.840820 1.011579e-02
1164556494.840942 9.968328e-03
1164556494.841064 8.340799e-03
1164556494.841187 6.483724e-03
1164556494.841309 2.103990e-03
1164556494.841431 -2.077949e-03
1164556494.841553 -6.380757e-03
1164556494.841675 -9.570802e-03
1164556494.841797 -9.317291e-03
1164556494.841919 -9.114413e-03
1164556494.842041 -8.469059e-03
1164556494.842163 -3.562855e-03
1164556494.842285 9.579314e-04
1164556494.842407 3.398087e-03
1164556494.842529 5.633813e-03
1164556494.842651 7.717085e-03
1164556494.842773 8.243481e-03
1164556494.842896 7.860345e-03
1164556494.843018 6.017258e-03
1164556494.843140 3.207765e-03
1164556494.843262 8.382400e-04
1164556494.843384 -6.514043e-04
1164556494.843506 -5.671865e-03
1164556494.843628 -8.981542e-03
1164556494.843750 -7.678933e-03
1164556494.843872 -7.761834e-03
1164556494.843994 -7.506618e-03
1164556494.844116 -3.793575e-03
1164556494.844238 7.979900e-06
1164556494.844360 3.645603e-03
1164556494.844482 6.380677e-03
1164556494.844604 7.906913e-03
1164556494.844727 6.886482e-03
1164556494.844849 5.435188e-03
1164556494.844971 4.888307e-03
1164556494.845093 2.924571e-03
1164556494.845215 6.766854e-04
1164556494.845337 2.401966e-04
1164556494.845459 -1.919022e-03
1164556494.845581 -6.794241e-03
1164556494.845703 -9.275994e-03
1164556494.845825 -7.310646e-03
1164556494.845947 -5.870495e-03
1164556494.846069 -5.263933e-03
1164556494.846191 -2.354865e-03
1164556494.846313 8.939200e-04
1164556494.846436 3.013325e-03
1164556494.846558 7.249123e-03
1164556494.846680 9.545461e-03
1164556494.846802 8.905807e-03
1164556494.846924 8.446690e-03
1164556494.847046 7.093076e-03
1164556494.847168 7.307746e-04
1164556494.847290 -4.363878e-03
1164556494.847412 -5.783771e-03
1164556494.847534 -8.054696e-03
1164556494.847656 -1.013188e-02
1164556494.847778 -7.663005e-03
1164556494.847900 -5.452639e-03
1164556494.848022 -4.655327e-03
1164556494.848145 -7.128162e-04
1164556494.848267 3.988311e-03
1164556494.848389 4.963826e-03
1164556494.848511 6.416195e-03
1164556494.848633 9.282120e-03
1164556494.848755 8.481400e-03
1164556494.848877 4.828049e-03
1164556494.848999 3.350251e-03
1164556494.849121 9.822314e-04
1164556494.849243 -1.634551e-03
1164556494.849365 -3.286117e-03
1164556494.849487 -5.819436e-03
1164556494.849609 -1.009118e-02
1164556494.849731 -1.037164e-02
1164556494.849854 -7.171637e-03
1164556494.849976 -4.711357e-03
1164556494.850098 -1.636125e-03
1164556494.850220 4.483216e-03
1164556494.850342 7.886368e-03
1164556494.850464 9.155377e-03
1164556494.850586 9.446170e-03
1164556494.850708 8.003177e-03
1164556494.850830 4.150276e-03
1164556494.850952 5.170329e-05
1164556494.851074 -1.989144e-03
1164556494.851196 -4.162700e-03
1164556494.851318 -5.290593e-03
1164556494.851440 -4.714170e-03
1164556494.851562 -4.865620e-03
1164556494.851685 -4.246092e-03
1164556494.851807 -3.635503e-03
1164556494.851929 -2.399924e-03
1164556494.852051 -1.569097e-03
1164556494.852173 -3.881078e-04
1164556494.852295 1.758138e-03
1164556494.852417 3.214360e-03
1164556494.852539 4.968786e-03
1164556494.852661 7.105191e-03
1164556494.852783 7.619474e-03
1164556494.852905 5.832825e-03
1164556494.853027 3.263410e-03
1164556494.853149 1.133991e-03
1164556494.853271 -3.788563e-03
1164556494.853394 -6.048443e-03
1164556494.853516 -6.119696e-03
1164556494.853638 -7.821244e-03
1164556494.853760 -8.611177e-03
1164556494.853882 -6.209078e-03
1164556494.854004 -2.862537e-03
1164556494.854126 4.653753e-04
1164556494.854248 3.925634e-03
1164556494.854370 6.163845e-03
1164556494.854492 6.793086e-03
1164556494.854614 8.681637e-03
1164556494.854736 7.866470e-03
1164556494.854858 5.233706e-03
1164556494.854980 2.534405e-03
1164556494.855103 -4.953290e-04
1164556494.855225 -2.840545e-03
1164556494.855347 -4.912035e-03
1164556494.855469 -6.798222e-03
1164556494.855591 -7.921424e-03
1164556494.855713 -7.924515e-03
1164556494.855835 -6.994073e-03
1164556494.855957 -6.397535e-03
1164556494.856079 -1.852067e-03
1164556494.856201 3.522701e-03
1164556494.856323 8.186725e-03
1164556494.856445 1.090373e-02
1164556494.856567 9.382376e-03
1164556494.856689 7.586607e-03
1164556494.856812 6.726462e-03
1164556494.856934 3.339276e-03
1164556494.857056 -2.325297e-05
1164556494.857178 -3.042173e-03
1164556494.857300 -6.882801e-03
1164556494.857422 -1.053873e-02
1164556494.857544 -1.017944e-02
1164556494.857666 -9.636972e-03
1164556494.857788 -7.969197e-03
1164556494.857910 -1.978336e-03
1164556494.858032 3.925351e-03
1164556494.858154 6.005409e-03
1164556494.858276 7.238742e-03
1164556494.858398 7.905070e-03
1164556494.858521 7.210596e-03
1164556494.858643 6.344272e-03
1164556494.858765 5.288461e-03
1164556494.858887 3.739681e-03
1164556494.859009 2.196793e-03
1164556494.859131 -1.826349e-03
1164556494.859253 -6.818350e-03
1164556494.859375 -1.074912e-02
1164556494.859497 -1.051794e-02
1164556494.859619 -9.061911e-03
1164556494.859741 -6.724731e-03
1164556494.859863 -2.673764e-03
1164556494.859985 1.810500e-03
1164556494.860107 4.794129e-03
1164556494.860229 6.389196e-03
1164556494.860352 7.770093e-03
1164556494.860474 9.347953e-03
1164556494.860596 7.823221e-03
1164556494.860718 5.792028e-03
1164556494.860840 3.503744e-03
1164556494.860962 8.603221e-04
1164556494.861084 -2.222343e-03
1164556494.861206 -4.629368e-03
1164556494.861328 -8.984072e-03
1164556494.861450 -1.245591e-02
1164556494.861572 -1.085712e-02
1164556494.861694 -6.389355e-03
1164556494.861816 -2.532712e-03
1164556494.861938 1.635239e-03
1164556494.862061 4.372609e-03
1164556494.862183 4.469247e-03
1164556494.862305 5.350903e-03
1164556494.862427 9.321258e-03
1164556494.862549 1.105266e-02
1164556494.862671 9.721706e-03
1164556494.862793 6.687009e-03
1164556494.862915 2.229199e-03
1164556494.863037 -3.543231e-03
1164556494.863159 -8.097849e-03
1164556494.863281 -1.177197e-02
1164556494.863403 -1.349788e-02
1164556494.863525 -1.229048e-02
1164556494.863647 -7.446011e-03
1164556494.863770 -3.541862e-03
1164556494.863892 1.030585e-03
1164556494.864014 6.787695e-03
1164556494.864136 9.869729e-03
1164556494.864258 1.042836e-02
1164556494.864380 1.187426e-02
1164556494.864502 1.013040e-02
1164556494.864624 5.356444e-03
1164556494.864746 1.210079e-03
1164556494.864868 -3.001448e-03
1164556494.864990 -7.185872e-03
1164556494.865112 -8.538504e-03
1164556494.865234 -7.382423e-03
1164556494.865356 -6.424893e-03
1164556494.865479 -6.443454e-03
1164556494.865601 -5.020979e-03
1164556494.865723 -3.491003e-03
1164556494.865845 -7.597757e-04
1164556494.865967 2.245218e-03
1164556494.866089 4.770376e-03
1164556494.866211 7.346319e-03
1164556494.866333 8.948257e-03
1164556494.866455 8.279603e-03
1164556494.866577 7.008719e-03
1164556494.866699 4.760151e-03
1164556494.866821 2.852811e-03
1164556494.866943 -7.915749e-04
1164556494.867065 -5.118217e-03
1164556494.867188 -8.007795e-03
1164556494.867310 -9.249964e-03
1164556494.867432 -9.585466e-03
1164556494.867554 -8.813388e-03
1164556494.867676 -7.643246e-03
1164556494.867798 -4.724309e-03
1164556494.867920 -2.448564e-04
1164556494.868042 5.273310e-03
1164556494.868164 9.336536e-03
1164556494.868286 1.260153e-02
1164556494.868408 1.432159e-02
1164556494.868530 1.265472e-02
1164556494.868652 9.125699e-03
1164556494.868774 3.646815e-03
1164556494.868896 -4.944167e-03
1164556494.869019 -1.102150e-02
1164556494.869141 -1.345749e-02
1164556494.869263 -1.428380e-02
1164556494.869385 -1.313566e-02
1164556494.869507 -8.231100e-03
1164556494.869629 -3.322030e-03
1164556494.869751 3.617889e-04
1164556494.869873 5.071274e-03
1164556494.869995 8.641027e-03
1164556494.870117 9.920378e-03
1164556494.870239 1.157680e-02
1164556494.870361 1.090322e-02
1164556494.870483 8.728588e-03
1164556494.870605 5.550906e-03
1164556494.870728 8.292219e-04
1164556494.870850 -5.539685e-03
1164556494.870972 -8.297517e-03
1164556494.871094 -7.499457e-03
1164556494.871216 -9.973457e-03
1164556494.871338 -1.265442e-02
1164556494.871460 -9.771517e-03
1164556494.871582 -5.216320e-03
1164556494.871704 -1.843836e-03
1164556494.871826 1.555644e-03
1164556494.871948 6.977336e-03
1164556494.872070 1.029031e-02
1164556494.872192 1.283424e-02
1164556494.872314 1.301710e-02
1164556494.872437 9.796984e-03
1164556494.872559 6.270820e-03
1164556494.872681 2.093607e-03
1164556494.872803 -3.553145e-03
1164556494.872925 -7.718670e-03
1164556494.873047 -1.039826e-02
1164556494.873169 -1.231728e-02
1164556494.873291 -1.306327e-02
1164556494.873413 -9.602299e-03
1164556494.873535 -5.592575e-03
1164556494.873657 -1.884989e-03
1164556494.873779 3.097474e-03
1164556494.873901 7.645431e-03
1164556494.874023 8.659512e-03
1164556494.874146 1.001892e-02
1164556494.874268 1.203104e-02
1164556494.874390 1.214661e-02
1164556494.874512 7.970435e-03
1164556494.874634 2.676321e-03
1164556494.874756 -1.121277e-03
1164556494.874878 -4.517611e-03
1164556494.875000 -8.431195e-03
1164556494.875122 -1.336552e-02
1164556494.875244 -1.674640e-02
1164556494.875366 -1.395559e-02
1164556494.875488 -9.235230e-03
1164556494.875610 -4.353380e-03
1164556494.875732 1.853554e-03
1164556494.875854 9.777940e-03
1164556494.875977 1.395975e-02
1164556494.876099 1.402718e-02
1164556494.876221 1.315422e-02
1164556494.876343 1.080276e-02
1164556494.876465 7.414945e-03
1164556494.876587 3.545710e-03
1164556494.876709 -1.565292e-03
1164556494.876831 -4.569258e-03
1164556494.876953 -8.024530e-03
1164556494.877075 -1.310097e-02
1164556494.877197 -1.733931e-02
1164556494.877319 -1.589830e-02
1164556494.877441 -1.240487e-02
1164556494.877563 -6.730183e-03
1164556494.877686 9.640249e-06
1164556494.877808 6.506217e-03
1164556494.877930 1.448173e-02
1164556494.878052 1.946311e-02
1164556494.878174 1.947169e-02
1164556494.878296 1.791137e-02
1164556494.878418 1.302652e-02
1164556494.878540 4.354623e-03
1164556494.878662 -5.635388e-03
1164556494.878784 -1.189767e-02
1164556494.878906 -1.742064e-02
1164556494.879028 -2.036305e-02
1164556494.879150 -1.860293e-02
1164556494.879272 -1.488626e-02
1164556494.879395 -9.508719e-03
1164556494.879517 -9.679170e-04
1164556494.879639 6.451475e-03
1164556494.879761 1.311999e-02
1164556494.879883 1.915249e-02
1164556494.880005 1.976310e-02
1164556494.880127 1.382905e-02
1164556494.880249 9.782279e-03
1164556494.880371 6.646548e-03
1164556494.880493 1.294184e-03
1164556494.880615 -5.122245e-03
1164556494.880737 -1.002765e-02
1164556494.880859 -1.368592e-02
1164556494.880981 -1.546998e-02
1164556494.881104 -1.573128e-02
1164556494.881226 -1.346911e-02
1164556494.881348 -9.780017e-03
1164556494.881470 -2.835468e-03
1164556494.881592 5.163678e-03
1164556494.881714 8.645864e-03
1164556494.881836 1.334390e-02
1164556494.881958 1.896005e-02
1164556494.882080 1.793255e-02
1164556494.882202 1.437367e-02
1164556494.882324 9.200317e-03
1164556494.882446 2.329437e-03
1164556494.882568 -5.131095e-03
1164556494.882690 -9.791456e-03
1164556494.882812 -1.447770e-02
1164556494.882935 -1.915810e-02
1164556494.883057 -1.706126e-02
1164556494.883179 -1.250080e-02
1164556494.883301 -1.028068e-02
1164556494.883423 -3.752801e-03
1164556494.883545 4.878273e-03
1164556494.883667 1.099212e-02
1164556494.883789 1.405721e-02
1164556494.883911 1.727461e-02
1164556494.884033 1.631415e-02
1164556494.884155 1.387685e-02
1164556494.884277 1.183141e-02
1164556494.884399 4.877651e-03
1164556494.884521 -3.320873e-03
1164556494.884644 -8.701899e-03
1164556494.884766 -1.369357e-02
1164556494.884888 -1.892206e-02
1164556494.885010 -2.192678e-02
1164556494.885132 -1.740856e-02
1164556494.885254 -1.055201e-02
1164556494.885376 -4.277903e-03
1164556494.885498 3.462171e-03
1164556494.885620 1.172396e-02
1164556494.885742 1.712143e-02
1164556494.885864 2.038716e-02
1164556494.885986 1.982300e-02
1164556494.886108 1.477599e-02
1164556494.886230 8.755280e-03
1164556494.886353 4.648517e-03
1164556494.886475 -2.933456e-03
1164556494.886597 -1.094168e-02
1164556494.886719 -1.531822e-02
1164556494.886841 -1.720520e-02
1164556494.886963 -1.915293e-02
1164556494.887085 -1.801356e-02
1164556494.887207 -1.308928e-02
1164556494.887329 -6.110272e-03
1164556494.887451 2.181590e-03
1164556494.887573 1.128453e-02
1164556494.887695 1.681749e-02
1164556494.887817 1.966896e-02
1164556494.887939 2.083401e-02
1164556494.888062 1.837911e-02
1164556494.888184 1.166839e-02
1164556494.888306 5.782477e-03
1164556494.888428 1.054375e-04
1164556494.888550 -7.763473e-03
1164556494.888672 -1.708364e-02
1164556494.888794 -2.260580e-02
1164556494.888916 -2.434205e-02
1164556494.889038 -2.228175e-02
1164556494.889160 -1.479673e-02
1164556494.889282 -4.636475e-03
1164556494.889404 4.418914e-03
1164556494.889526 1.227526e-02
1164556494.889648 1.811176e-02
1164556494.889771 2.181133e-02
1164556494.889893 2.184131e-02
1164556494.890015 2.081299e-02
1164556494.890137 1.536763e-02
1164556494.890259 6.830515e-03
1164556494.890381 -2.817158e-03
1164556494.890503 -1.048210e-02
1164556494.890625 -1.920231e-02
1164556494.890747 -2.647895e-02
1164556494.890869 -2.584847e-02
1164556494.890991 -2.044302e-02
1164556494.891113 -1.387529e-02
1164556494.891235 -3.430181e-03
1164556494.891357 6.171732e-03
1164556494.891479 1.238202e-02
1164556494.891602 1.666407e-02
1164556494.891724 2.146600e-02
1164556494.891846 2.079585e-02
1164556494.891968 1.746996e-02
1164556494.892090 1.615612e-02
1164556494.892212 1.131204e-02
1164556494.892334 1.164830e-03
1164556494.892456 -7.801589e-03
1164556494.892578 -1.618980e-02
1164556494.892700 -2.442399e-02
1164556494.892822 -2.835433e-02
1164556494.892944 -2.629983e-02
1164556494.893066 -2.002845e-02
1164556494.893188 -9.535864e-03
1164556494.893311 1.232214e-03
1164556494.893433 1.157019e-02
1164556494.893555 1.869119e-02
1164556494.893677 2.535799e-02
1164556494.893799 2.908198e-02
1164556494.893921 2.640923e-02
1164556494.894043 1.863783e-02
1164556494.894165 1.098550e-02
1164556494.894287 2.721083e-03
1164556494.894409 -9.026443e-03
1164556494.894531 -1.988094e-02
1164556494.894653 -2.603591e-02
1164556494.894775 -3.223553e-02
1164556494.894897 -3.189284e-02
1164556494.895020 -2.501046e-02
1164556494.895142 -1.537018e-02
1164556494.895264 -2.644964e-03
1164556494.895386 1.335815e-02
1164556494.895508 2.619613e-02
1164556494.895630 3.314317e-02
1164556494.895752 3.591808e-02
1164556494.895874 3.402506e-02
1164556494.895996 2.418276e-02
1164556494.896118 1.147673e-02
1164556494.896240 -1.752692e-03
1164556494.896362 -1.499485e-02
1164556494.896484 -2.794003e-02
1164556494.896606 -3.422618e-02
1164556494.896729 -3.537381e-02
1164556494.896851 -3.331321e-02
1164556494.896973 -2.594344e-02
1164556494.897095 -1.157569e-02
1164556494.897217 3.415847e-03
1164556494.897339 1.682566e-02
1164556494.897461 2.734616e-02
1164556494.897583 3.396375e-02
1164556494.897705 3.542899e-02
1164556494.897827 3.447036e-02
1164556494.897949 2.565871e-02
1164556494.898071 1.170927e-02
1164556494.898193 3.859330e-04
1164556494.898315 -1.049779e-02
1164556494.898438 -2.532023e-02
1164556494.898560 -3.799660e-02
1164556494.898682 -4.313730e-02
1164556494.898804 -3.954821e-02
1164556494.898926 -2.955477e-02
1164556494.899048 -1.488637e-02
1164556494.899170 7.244482e-04
1164556494.899292 1.675300e-02
1164556494.899414 2.954285e-02
1164556494.899536 3.684321e-02
1164556494.899658 4.055747e-02
1164556494.899780 4.232767e-02
1164556494.899902 3.433735e-02
1164556494.900024 2.041134e-02
1164556494.900146 2.779442e-03
1164556494.900269 -1.568450e-02
1164556494.900391 -3.223474e-02
1164556494.900513 -4.247783e-02
1164556494.900635 -4.826123e-02
1164556494.900757 -4.719051e-02
1164556494.900879 -3.756240e-02
1164556494.901001 -2.106321e-02
1164556494.901123 -3.950616e-03
1164556494.901245 1.692660e-02
1164556494.901367 3.512074e-02
1164556494.901489 4.880793e-02
1164556494.901611 5.387794e-02
1164556494.901733 5.334343e-02
1164556494.901855 3.585094e-02
1164556494.901978 1.275101e-02
1164556494.902100 -1.312115e-02
1164556494.902222 -1.511801e-02
1164556494.902344 9.991669e-03
1164556494.902466 -2.353403e-02
1164556494.902588 -5.513403e-02
1164556494.902710 -7.434318e-02
1164556494.902832 -7.370572e-02
1164556494.902954 -5.721161e-02
1164556494.903076 -2.971084e-02
1164556494.903198 6.152452e-03
1164556494.903320 4.410400e-02
1164556494.903442 7.183589e-02
1164556494.903564 8.720704e-02
1164556494.903687 9.337021e-02
1164556494.903809 8.480238e-02
1164556494.903931 5.678476e-02
1164556494.904053 2.057297e-02
1164556494.904175 -2.017154e-02
1164556494.904297 -6.168822e-02
1164556494.904419 -9.604936e-02
1164556494.904541 -1.186502e-01
1164556494.904663 -1.221908e-01
1164556494.904785 -1.057330e-01
1164556494.904907 -6.824070e-02
1164556494.905029 -1.550593e-02
1164556494.905151 4.845575e-02
1164556494.905273 1.194616e-01
1164556494.905396 1.771803e-01
1164556494.905518 1.890189e-01
1164556494.905640 1.413092e-01
1164556494.905762 6.825180e-02
1164556494.905884 -6.570320e-03
1164556494.906006 -7.312908e-02
1164556494.906128 -1.216978e-01
1164556494.906250 -1.511927e-01
1164556494.906372 -1.562657e-01
1164556494.906494 -1.356667e-01
1164556494.906616 -9.647011e-02
1164556494.906738 -4.074713e-02
1164556494.906860 2.285795e-02
1164556494.906982 8.282553e-02
1164556494.907104 1.309900e-01
1164556494.907227 1.580772e-01
1164556494.907349 1.586085e-01
1164556494.907471 1.306377e-01
1164556494.907593 8.451926e-02
1164556494.907715 2.363900e-02
1164556494.907837 -4.362776e-02
1164556494.907959 -1.020650e-01
1164556494.908081 -1.477979e-01
1164556494.908203 -1.717128e-01
1164556494.908325 -1.642543e-01
1164556494.908447 -1.303884e-01
1164556494.908569 -7.441745e-02
1164556494.908691 -3.037645e-03
1164556494.908813 7.226318e-02
1164556494.908936 1.330123e-01
1164556494.909058 1.737251e-01
1164556494.909180 1.880411e-01
1164556494.909302 1.669114e-01
1164556494.909424 1.169179e-01
1164556494.909546 4.799478e-02
1164556494.909668 -3.107952e-02
1164556494.909790 -1.053904e-01
1164556494.909912 -1.606493e-01
1164556494.910034 -1.887801e-01
1164556494.910156 -1.884413e-01
1164556494.910278 -1.563999e-01
1164556494.910400 -9.824403e-02
1164556494.910522 -2.314997e-02
1164556494.910645 5.733422e-02
1164556494.910767 1.290138e-01
1164556494.910889 1.795823e-01
1164556494.911011 2.014812e-01
1164556494.911133 1.917840e-01
1164556494.911255 1.525012e-01
1164556494.911377 8.554669e-02
1164556494.911499 3.005501e-03
1164556494.911621 -8.122124e-02
1164556494.911743 -1.580804e-01
1164556494.911865 -2.115886e-01
1164556494.911987 -2.267182e-01
1164556494.912109 -2.047150e-01
1164556494.912231 -1.503079e-01
1164556494.912354 -6.767578e-02
1164556494.912476 2.974774e-02
1164556494.912598 1.243073e-01
1164556494.912720 2.056070e-01
1164556494.912842 2.562065e-01
1164556494.912964 2.607236e-01
1164556494.913086 2.194709e-01
1164556494.913208 1.380594e-01
1164556494.913330 2.489219e-02
1164556494.913452 -9.678017e-02
1164556494.913574 -2.039759e-01
1164556494.913696 -2.788579e-01
1164556494.913818 -3.075401e-01
1164556494.913940 -2.781569e-01
1164556494.914062 -1.969717e-01
1164556494.914185 -7.653101e-02
1164556494.914307 6.482205e-02
1164556494.914429 1.988116e-01
1164556494.914551 2.985427e-01
1164556494.914673 3.454321e-01
1164556494.914795 3.273673e-01
1164556494.914917 2.449390e-01
1164556494.915039 1.128247e-01
1164556494.915161 -4.198798e-02
1164556494.915283 -1.920067e-01
1164556494.915405 -3.084877e-01
1164556494.915527 -3.671791e-01
1164556494.915649 -3.575692e-01
1164556494.915771 -2.792256e-01
1164556494.915894 -1.432394e-01
1164556494.916016 2.209474e-02
1164556494.916138 1.852104e-01
1164556494.916260 3.155614e-01
1164556494.916382 3.871117e-01
1164556494.916504 3.808552e-01
1164556494.916626 2.978435e-01
1164556494.916748 1.548414e-01
1164556494.916870 -2.056259e-02
1164556494.916992 -1.934962e-01
1164556494.917114 -3.285156e-01
1164556494.917236 -4.005875e-01
1164556494.917358 -3.901017e-01
1164556494.917480 -2.964137e-01
1164556494.917603 -1.381796e-01
1164556494.917725 4.923300e-02
1164556494.917847 2.274300e-01
1164556494.917969 3.582765e-01
1164556494.918091 4.126473e-01
1164556494.918213 3.748949e-01
1164556494.918335 2.510201e-01
1164556494.918457 6.708496e-02
1164556494.918579 -1.321828e-01
1164556494.918701 -3.009517e-01
1164556494.918823 -3.957775e-01
1164556494.918945 -3.919841e-01
1164556494.919067 -2.882406e-01
1164556494.919189 -1.127937e-01
1164556494.919312 8.893102e-02
1164556494.919434 2.631928e-01
1164556494.919556 3.650973e-01
1164556494.919678 3.639946e-01
1164556494.919800 2.609423e-01
1164556494.919922 8.377872e-02
1164556494.920044 -1.153634e-01
1164556494.920166 -2.767342e-01
1164556494.920288 -3.520192e-01
1164556494.920410 -3.173531e-01
1164556494.920532 -1.793641e-01
1164556494.920654 1.843121e-02
1164556494.920776 2.129337e-01
1164556494.920898 3.384251e-01
1164556494.921021 3.524602e-01
1164556494.921143 2.428529e-01
1164556494.921265 4.503421e-02
1164556494.921387 -1.784066e-01
1164556494.921509 -3.498541e-01
1164556494.921631 -4.028294e-01
1164556494.921753 -3.105599e-01
1164556494.921875 -1.005048e-01
1164556494.921997 1.593482e-01
1164556494.922119 3.696409e-01
1164556494.922241 4.453700e-01
1164556494.922363 3.465580e-01
1164556494.922485 1.053603e-01
1164556494.922607 -1.881457e-01
1164556494.922729 -4.018960e-01
1164556494.922852 -4.328632e-01
1164556494.922974 -2.514781e-01
1164556494.923096 5.991404e-02
1164556494.923218 3.398647e-01
1164556494.923340 4.155434e-01
1164556494.923462 2.146042e-01
1164556494.923584 -1.603257e-01
1164556494.923706 -4.326748e-01
1164556494.923828 -3.416468e-01
1164556494.923950 1.058883e-01
1164556494.924072 4.391879e-01
1164556494.924194 2.140094e-01
1164556494.924316 -2.196163e-01
1164556494.924438 -8.778276e-02
1164556494.924561 9.886757e-02
1164556494.924683 -1.980888e-02
1164556494.924805 2.678319e-02
1164556494.924927 -1.532288e-01
1164556494.925049 5.651547e-02
1164556494.925171 1.954837e-01
1164556494.925293 -1.932761e-01
1164556494.925415 -2.724136e-01
1164556494.925537 1.092929e-01
1164556494.925659 2.450576e-01
1164556494.925781 -1.206836e-01
1164556494.925903 -6.156816e-02
1164556494.926025 1.529896e-01
1164556494.926147 -5.667672e-02
1164556494.926270 5.082515e-02
1164556494.926392 1.104256e-01
1164556494.926514 -1.160321e-01
1164556494.926636 -4.454552e-02
1164556494.926758 1.240292e-01
1164556494.926880 -3.641490e-02
1164556494.927002 -1.608318e-01
1164556494.927124 7.634818e-02
1164556494.927246 -1.026967e-02
1164556494.927368 -1.177814e-01
1164556494.927490 9.795082e-02
1164556494.927612 3.081507e-02
1164556494.927734 -1.006230e-01
1164556494.927856 3.472405e-02
1164556494.927979 1.364846e-01
1164556494.928101 -2.787657e-02
1164556494.928223 -5.323353e-02
1164556494.928345 1.036628e-01
1164556494.928467 4.267935e-03
1164556494.928589 -9.931722e-02
1164556494.928711 4.062290e-02
1164556494.928833 5.476133e-02
1164556494.928955 -9.786147e-02
1164556494.929077 -5.490924e-02
1164556494.929199 6.926403e-02
1164556494.929321 -4.763596e-02
1164556494.929443 -7.215566e-02
1164556494.929565 8.031916e-02
1164556494.929688 2.822292e-02
1164556494.929810 -5.862140e-02
1164556494.929932 4.191983e-02
1164556494.930054 8.035526e-02
1164556494.930176 -2.863644e-02
1164556494.930298 -8.188012e-03
1164556494.930420 6.584987e-02
1164556494.930542 -2.522613e-02
1164556494.930664 -6.203299e-02
1164556494.930786 2.353537e-02
1164556494.930908 8.701988e-03
1164556494.931030 -6.225652e-02
1164556494.931152 -1.638482e-02
1164556494.931274 3.136926e-02
1164556494.931396 -2.858099e-02
1164556494.931519 -2.851747e-02
1164556494.931641 4.341514e-02
1164556494.931763 2.467020e-02
1164556494.931885 -2.325293e-02
1164556494.932007 2.366604e-02
1164556494.932129 5.095772e-02
1164556494.932251 -1.369849e-02
1164556494.932373 -1.228820e-02
1164556494.932495 4.104358e-02
1164556494.932617 -1.112446e-02
1164556494.932739 -4.687133e-02
1164556494.932861 1.615638e-02
1164556494.932983 -1.425419e-04
1164556494.933105 -6.270626e-02
1164556494.933228 -6.549431e-03
1164556494.933350 3.245118e-02
1164556494.933472 -3.496432e-02
1164556494.933594 -1.670515e-02
1164556494.933716 5.860158e-02
1164556494.933838 7.112023e-03
1164556494.933960 -2.445863e-02
1164556494.934082 5.175493e-02
1164556494.934204 3.671986e-02
1164556494.934326 -3.488942e-02
1164556494.934448 8.747700e-03
1164556494.934570 3.118267e-02
1164556494.934692 -4.558862e-02
1164556494.934814 -3.360758e-02
1164556494.934937 2.704652e-02
1164556494.935059 -2.359558e-02
1164556494.935181 -4.354208e-02
1164556494.935303 2.472069e-02
1164556494.935425 9.116945e-03
1164556494.935547 -3.844162e-02
1164556494.935669 1.930671e-02
1164556494.935791 4.349594e-02
1164556494.935913 -1.634635e-02
1164556494.936035 1.944149e-03
1164556494.936157 4.956232e-02
1164556494.936279 -3.240778e-03
1164556494.936401 -2.371774e-02
1164556494.936523 3.001162e-02
1164556494.936646 8.575750e-03
1164556494.936768 -4.138084e-02
1164556494.936890 1.210513e-03
1164556494.937012 1.308302e-02
1164556494.937134 -4.105716e-02
1164556494.937256 -2.284872e-02
1164556494.937378 1.671635e-02
1164556494.937500 -3.069895e-02
1164556494.937622 -3.461530e-02
1164556494.937744 2.495371e-02
1164556494.937866 2.239570e-02
1164556494.937988 5.345903e-03
1164556494.938110 7.768598e-02
1164556494.938232 7.818653e-02
1164556494.938354 -1.075933e-02
1164556494.938477 -2.728930e-02
1164556494.938599 -3.693279e-02
1164556494.938721 -3.424477e-02
1164556494.938843 -3.340769e-02
1164556494.938965 -2.561842e-02
1164556494.939087 -1.525523e-02
1164556494.939209 -3.621235e-03
1164556494.939331 3.475595e-03
1164556494.939453 1.404134e-02
1164556494.939575 1.865627e-02
1164556494.939697 2.022776e-02
1164556494.939819 2.142720e-02
1164556494.939941 2.192525e-02
1164556494.940063 1.548614e-02
1164556494.940186 8.580171e-03
1164556494.940308 -4.676865e-04
1164556494.940430 -1.063703e-02
1164556494.940552 -1.863554e-02
1164556494.940674 -2.121766e-02
1164556494.940796 -2.243778e-02
1164556494.940918 -1.881603e-02
1164556494.941040 -1.269769e-02
1164556494.941162 -5.484224e-03
1164556494.941284 2.183725e-03
1164556494.941406 9.437464e-03
1164556494.941528 1.489012e-02
1164556494.941650 1.923520e-02
1164556494.941772 1.956093e-02
1164556494.941895 1.878375e-02
1164556494.942017 1.265803e-02
1164556494.942139 4.087279e-03
1164556494.942261 -2.428161e-03
1164556494.942383 -8.094956e-03
1164556494.942505 -1.419333e-02
1164556494.942627 -1.831910e-02
1164556494.942749 -1.841326e-02
1164556494.942871 -1.670845e-02
1164556494.942993 -1.272619e-02
1164556494.943115 -3.402481e-03
1164556494.943237 2.614697e-03
1164556494.943359 8.281601e-03
1164556494.943481 1.443011e-02
1164556494.943604 1.758698e-02
1164556494.943726 1.614873e-02
1164556494.943848 1.390030e-02
1164556494.943970 1.000430e-02
1164556494.944092 2.928634e-03
1164556494.944214 -2.170079e-03
1164556494.944336 -6.415601e-03
1164556494.944458 -1.317145e-02
1164556494.944580 -1.422821e-02
1164556494.944702 -1.290476e-02
1164556494.944824 -1.172735e-02
1164556494.944946 -9.715499e-03
1164556494.945068 -6.572731e-03
1164556494.945190 -1.131382e-03
1164556494.945312 4.041771e-03
1164556494.945435 1.039288e-02
1164556494.945557 1.422865e-02
1164556494.945679 1.406020e-02
1164556494.945801 1.569692e-02
1164556494.945923 1.248795e-02
1164556494.946045 5.292571e-03
1164556494.946167 1.689544e-04
1164556494.946289 -3.238572e-03
1164556494.946411 -8.541263e-03
1164556494.946533 -1.599485e-02
1164556494.946655 -1.836935e-02
1164556494.946777 -1.619123e-02
1164556494.946899 -1.193568e-02
1164556494.947021 -5.377236e-03
1164556494.947144 5.358803e-04
1164556494.947266 7.787200e-03
1164556494.947388 1.380753e-02
1164556494.947510 1.631020e-02
1164556494.947632 1.353142e-02
1164556494.947754 1.051924e-02
1164556494.947876 9.023396e-03
1164556494.947998 4.576448e-03
1164556494.948120 9.526635e-04
1164556494.948242 -3.433731e-03
1164556494.948364 -1.026671e-02
1164556494.948486 -1.542457e-02
1164556494.948608 -1.689090e-02
1164556494.948730 -1.390474e-02
1164556494.948853 -9.157283e-03
1164556494.948975 -2.390493e-03
1164556494.949097 2.747713e-03
1164556494.949219 5.821902e-03
1164556494.949341 9.172930e-03
1164556494.949463 1.211264e-02
1164556494.949585 1.340780e-02
1164556494.949707 1.330736e-02
1164556494.949829 1.058055e-02
1164556494.949951 3.365953e-03
1164556494.950073 -2.771239e-03
1164556494.950195 -6.230543e-03
1164556494.950317 -1.077510e-02
1164556494.950439 -1.299324e-02
1164556494.950562 -1.246734e-02
1164556494.950684 -9.412884e-03
1164556494.950806 -5.107857e-03
1164556494.950928 -1.574607e-03
1164556494.951050 -5.161381e-04
1164556494.951172 1.644202e-03
1164556494.951294 7.482983e-03
1164556494.951416 1.078854e-02
1164556494.951538 9.417740e-03
1164556494.951660 1.083373e-02
1164556494.951782 1.181305e-02
1164556494.951904 7.486325e-03
1164556494.952026 7.394079e-04
1164556494.952148 -4.605901e-03
1164556494.952271 -1.006215e-02
1164556494.952393 -1.362977e-02
1164556494.952515 -1.337241e-02
1164556494.952637 -1.244779e-02
1164556494.952759 -8.751666e-03
1164556494.952881 -3.914432e-04
1164556494.953003 4.527166e-03
1164556494.953125 5.286017e-03
1164556494.953247 8.513572e-03
1164556494.953369 1.022169e-02
1164556494.953491 7.956554e-03
1164556494.953613 7.062586e-03
1164556494.953735 6.153004e-03
1164556494.953857 2.348827e-03
1164556494.953979 7.797641e-05
1164556494.954102 -5.341549e-04
1164556494.954224 -4.216529e-03
1164556494.954346 -8.915846e-03
1164556494.954468 -1.083785e-02
1164556494.954590 -1.041668e-02
1164556494.954712 -8.267551e-03
1164556494.954834 -3.297470e-03
1164556494.954956 1.614108e-03
1164556494.955078 3.237603e-03
1164556494.955200 5.158738e-03
1164556494.955322 7.628814e-03
1164556494.955444 7.143101e-03
1164556494.955566 5.665691e-03
1164556494.955688 6.039932e-03
1164556494.955811 6.932369e-03
1164556494.955933 4.687533e-03
1164556494.956055 1.100934e-03
1164556494.956177 -2.343884e-03
1164556494.956299 -7.691319e-03
1164556494.956421 -1.029307e-02
1164556494.956543 -1.150871e-02
1164556494.956665 -1.161573e-02
1164556494.956787 -7.351587e-03
1164556494.956909 -2.088123e-03
1164556494.957031 2.005007e-03
1164556494.957153 4.629210e-03
1164556494.957275 7.886576e-03
1164556494.957397 1.052140e-02
1164556494.957520 1.121101e-02
1164556494.957642 1.031704e-02
1164556494.957764 6.908987e-03
1164556494.957886 4.074099e-03
1164556494.958008 5.299027e-04
1164556494.958130 -6.265880e-03
1164556494.958252 -1.131564e-02
1164556494.958374 -1.280036e-02
1164556494.958496 -1.262377e-02
1164556494.958618 -9.773527e-03
1164556494.958740 -4.261713e-03
1164556494.958862 -1.065711e-03
1164556494.958984 1.810073e-03
1164556494.959106 6.296637e-03
1164556494.959229 8.658307e-03
1164556494.959351 1.043968e-02
1164556494.959473 1.219086e-02
1164556494.959595 1.190842e-02
1164556494.959717 6.973145e-03
1164556494.959839 1.080694e-03
1164556494.959961 -4.840651e-03
1164556494.960083 -9.684229e-03
1164556494.960205 -1.187256e-02
1164556494.960327 -1.193126e-02
1164556494.960449 -9.493495e-03
1164556494.960571 -6.114116e-03
1164556494.960693 -2.068332e-03
1164556494.960815 2.184816e-03
1164556494.960938 4.734775e-03
1164556494.961060 6.329824e-03
1164556494.961182 7.627595e-03
1164556494.961304 7.823589e-03
1164556494.961426 5.440408e-03
1164556494.961548 4.271095e-03
1164556494.961670 4.257751e-03
1164556494.961792 1.294843e-03
1164556494.961914 -1.639292e-03
1164556494.962036 -2.760353e-03
1164556494.962158 -4.318979e-03
1164556494.962280 -6.828677e-03
1164556494.962402 -8.353220e-03
1164556494.962524 -8.030236e-03
1164556494.962646 -6.856016e-03
1164556494.962769 -3.547664e-03
1164556494.962891 3.061732e-04
1164556494.963013 2.916164e-03
1164556494.963135 6.064739e-03
1164556494.963257 1.018207e-02
1164556494.963379 1.153063e-02
1164556494.963501 8.652338e-03
1164556494.963623 5.831963e-03
1164556494.963745 3.767256e-03
1164556494.963867 -1.592476e-03
1164556494.963989 -6.928549e-03
1164556494.964111 -9.776795e-03
1164556494.964233 -1.005469e-02
1164556494.964355 -8.003256e-03
1164556494.964478 -5.370736e-03
1164556494.964600 -3.563191e-03
1164556494.964722 -1.719407e-03
1164556494.964844 1.713333e-03
1164556494.964966 4.876105e-03
1164556494.965088 5.236512e-03
1164556494.965210 5.147658e-03
1164556494.965332 7.573762e-03
1164556494.965454 8.289252e-03
1164556494.965576 5.622861e-03
1164556494.965698 2.768447e-03
1164556494.965820 1.207349e-03
1164556494.965942 -1.404017e-03
1164556494.966064 -5.848087e-03
1164556494.966187 -8.457240e-03
1164556494.966309 -1.021404e-02
1164556494.966431 -1.013310e-02
1164556494.966553 -6.656145e-03
1164556494.966675 -3.119156e-03
1164556494.966797 -7.374431e-04
1164556494.966919 3.489724e-03
1164556494.967041 8.462114e-03
1164556494.967163 9.694487e-03
1164556494.967285 9.959862e-03
1164556494.967407 1.069556e-02
1164556494.967529 7.586628e-03
1164556494.967651 2.727359e-03
1164556494.967773 -3.836447e-03
1164556494.967896 -8.375980e-03
1164556494.968018 -8.578219e-03
1164556494.968140 -8.716252e-03
1164556494.968262 -6.849109e-03
1164556494.968384 -6.026820e-03
1164556494.968506 -5.402009e-03
1164556494.968628 -1.569793e-03
1164556494.968750 2.153708e-03
1164556494.968872 3.770298e-03
1164556494.968994 4.962763e-03
1164556494.969116 9.088380e-03
1164556494.969238 1.031387e-02
1164556494.969360 6.820031e-03
1164556494.969482 4.715861e-03
1164556494.969604 2.623999e-03
1164556494.969727 -1.571697e-03
1164556494.969849 -5.695537e-03
1164556494.969971 -8.507668e-03
1164556494.970093 -1.053292e-02
1164556494.970215 -8.991903e-03
1164556494.970337 -2.920360e-03
1164556494.970459 -7.657961e-04
1164556494.970581 1.042732e-04
1164556494.970703 3.343888e-03
1164556494.970825 4.186898e-03
1164556494.970947 2.456678e-03
1164556494.971069 3.585317e-03
1164556494.971191 5.830378e-03
1164556494.971313 4.236884e-03
1164556494.971436 1.903262e-03
1164556494.971558 3.793647e-03
1164556494.971680 3.486332e-03
1164556494.971802 -1.553799e-03
1164556494.971924 -3.167785e-03
1164556494.972046 -3.823037e-03
1164556494.972168 -6.707027e-03
1164556494.972290 -6.373077e-03
1164556494.972412 -5.812198e-03
1164556494.972534 -7.369775e-03
1164556494.972656 -5.028374e-03
1164556494.972778 1.601970e-03
1164556494.972900 4.236526e-03
1164556494.973022 6.587080e-03
1164556494.973145 1.165756e-02
1164556494.973267 1.120581e-02
1164556494.973389 6.181626e-03
1164556494.973511 4.246403e-03
1164556494.973633 2.477755e-03
1164556494.973755 -2.703496e-03
1164556494.973877 -8.284110e-03
1164556494.973999 -1.064287e-02
1164556494.974121 -1.076903e-02
1164556494.974243 -7.541929e-03
1164556494.974365 -4.449116e-03
1164556494.974487 -2.525466e-03
1164556494.974609 9.352983e-04
1164556494.974731 5.144024e-03
1164556494.974854 7.836234e-03
1164556494.974976 6.770867e-03
1164556494.975098 6.228489e-03
1164556494.975220 6.681110e-03
1164556494.975342 4.387106e-03
1164556494.975464 5.786479e-04
1164556494.975586 -1.322270e-03
1164556494.975708 -9.824487e-04
1164556494.975830 -3.757576e-03
1164556494.975952 -5.892546e-03
1164556494.976074 -5.506137e-03
1164556494.976196 -6.114525e-03
1164556494.976318 -5.864238e-03
1164556494.976440 -4.315493e-03
1164556494.976562 -2.259580e-03
1164556494.976685 6.294025e-04
1164556494.976807 4.641073e-03
1164556494.976929 7.986575e-03
1164556494.977051 7.526393e-03
1164556494.977173 6.240955e-03
1164556494.977295 5.218734e-03
1164556494.977417 3.826736e-03
1164556494.977539 2.255018e-03
1164556494.977661 5.090008e-04
1164556494.977783 -3.196796e-03
1164556494.977905 -6.370437e-03
1164556494.978027 -7.195964e-03
1164556494.978149 -8.476634e-03
1164556494.978271 -1.076863e-02
1164556494.978394 -8.041128e-03
1164556494.978516 -9.914249e-04
1164556494.978638 3.251090e-03
1164556494.978760 5.521946e-03
1164556494.978882 8.900068e-03
1164556494.979004 1.100663e-02
1164556494.979126 1.013390e-02
1164556494.979248 7.275803e-03
1164556494.979370 3.468046e-03
1164556494.979492 -1.171780e-03
1164556494.979614 -3.790069e-03
1164556494.979736 -6.336249e-03
1164556494.979858 -9.010986e-03
1164556494.979980 -8.225011e-03
1164556494.980103 -7.029521e-03
1164556494.980225 -6.866019e-03
1164556494.980347 -4.044673e-03
1164556494.980469 8.464867e-04
1164556494.980591 3.344963e-03
1164556494.980713 4.340889e-03
1164556494.980835 8.293414e-03
1164556494.980957 1.000624e-02
1164556494.981079 8.668594e-03
1164556494.981201 7.192761e-03
1164556494.981323 3.914587e-03
1164556494.981445 -1.222333e-03
1164556494.981567 -5.169757e-03
1164556494.981689 -6.850101e-03
1164556494.981812 -9.183469e-03
1164556494.981934 -9.578554e-03
1164556494.982056 -6.878596e-03
1164556494.982178 -5.361291e-03
1164556494.982300 -2.143166e-03
1164556494.982422 2.224136e-03
1164556494.982544 4.545385e-03
1164556494.982666 7.565091e-03
1164556494.982788 9.735252e-03
1164556494.982910 7.724789e-03
1164556494.983032 4.097484e-03
1164556494.983154 2.092243e-03
1164556494.983276 1.046983e-03
1164556494.983398 -1.219754e-03
1164556494.983521 -2.694227e-03
1164556494.983643 -4.483685e-03
1164556494.983765 -6.603460e-03
1164556494.983887 -7.025247e-03
1164556494.984009 -6.384958e-03
1164556494.984131 -4.776846e-03
1164556494.984253 -1.153538e-03
1164556494.984375 1.738153e-03
1164556494.984497 3.829057e-03
1164556494.984619 5.333193e-03
1164556494.984741 6.044116e-03
1164556494.984863 5.689274e-03
1164556494.984985 3.421433e-03
1164556494.985107 2.079932e-03
1164556494.985229 2.685840e-03
1164556494.985352 2.201787e-03
1164556494.985474 1.945978e-04
1164556494.985596 -3.001153e-03
1164556494.985718 -7.421498e-03
1164556494.985840 -1.003481e-02
1164556494.985962 -7.680592e-03
1164556494.986084 -3.581648e-03
1164556494.986206 -3.612090e-04
1164556494.986328 1.893409e-03
1164556494.986450 3.347939e-03
1164556494.986572 3.548226e-03
1164556494.986694 4.860917e-03
1164556494.986816 5.285157e-03
1164556494.986938 4.221839e-03
1164556494.987061 4.034719e-03
1164556494.987183 3.748805e-03
1164556494.987305 1.132741e-03
1164556494.987427 -7.651762e-04
1164556494.987549 -2.456749e-03
1164556494.987671 -5.879297e-03
1164556494.987793 -8.408606e-03
1164556494.987915 -8.049161e-03
1164556494.988037 -6.291487e-03
1164556494.988159 -3.006481e-03
1164556494.988281 1.143618e-03
1164556494.988403 4.351507e-03
1164556494.988525 5.852369e-03
1164556494.988647 6.545039e-03
1164556494.988770 5.794227e-03
1164556494.988892 5.239280e-03
1164556494.989014 5.051194e-03
1164556494.989136 3.017846e-03
1164556494.989258 -1.290266e-03
1164556494.989380 -4.458630e-03
1164556494.989502 -6.377335e-03
1164556494.989624 -7.349952e-03
1164556494.989746 -6.553491e-03
1164556494.989868 -3.667879e-03
1164556494.989990 -8.517818e-04
1164556494.990112 1.620361e-03
1164556494.990234 2.789450e-03
1164556494.990356 2.507607e-03
1164556494.990479 1.131232e-03
1164556494.990601 2.633201e-03
1164556494.990723 3.223596e-03
1164556494.990845 2.574138e-03
1164556494.990967 3.880580e-03
1164556494.991089 3.631440e-03
1164556494.991211 6.021281e-04
1164556494.991333 -2.365552e-03
1164556494.991455 -3.431595e-03
1164556494.991577 -3.034479e-03
1164556494.991699 -2.678994e-03
1164556494.991821 -2.885625e-03
1164556494.991943 -4.636385e-03
1164556494.992065 -3.667731e-03
1164556494.992188 -1.101223e-03
1164556494.992310 3.495518e-04
1164556494.992432 2.431759e-03
1164556494.992554 4.881270e-03
1164556494.992676 5.276257e-03
1164556494.992798 4.111960e-03
1164556494.992920 2.679360e-03
1164556494.993042 1.339739e-03
1164556494.993164 -4.819970e-05
1164556494.993286 -6.568842e-04
1164556494.993408 -1.261914e-03
1164556494.993530 -1.772611e-03
1164556494.993652 -2.693200e-03
1164556494.993774 -2.508088e-03
1164556494.993896 -2.267356e-03
1164556494.994019 -3.345121e-03
1164556494.994141 -5.230019e-03
1164556494.994263 -3.520911e-03
1164556494.994385 2.329632e-04
1164556494.994507 1.983637e-03
1164556494.994629 4.648307e-03
1164556494.994751 7.028187e-03
1164556494.994873 6.943260e-03
1164556494.994995 6.744271e-03
1164556494.995117 4.576744e-03
1164556494.995239 8.519120e-05
1164556494.995361 -3.863050e-03
1164556494.995483 -5.659887e-03
1164556494.995605 -7.685877e-03
1164556494.995728 -7.645933e-03
1164556494.995850 -4.911936e-03
1164556494.995972 -2.690040e-03
1164556494.996094 2.545876e-04
1164556494.996216 2.723514e-03
1164556494.996338 2.655053e-03
1164556494.996460 3.561583e-03
1164556494.996582 4.695793e-03
1164556494.996704 4.802287e-03
1164556494.996826 3.410054e-03
1164556494.996948 2.275490e-03
1164556494.997070 9.879499e-04
1164556494.997192 -4.006815e-04
1164556494.997314 -1.263117e-03
1164556494.997437 -3.183609e-03
1164556494.997559 -4.008715e-03
1164556494.997681 -3.715444e-03
1164556494.997803 -4.025008e-03
1164556494.997925 -2.474548e-03
1164556494.998047 -1.092427e-03
1164556494.998169 -1.058983e-03
1164556494.998291 -6.193024e-04
1164556494.998413 1.944086e-03
1164556494.998535 3.665198e-03
1164556494.998657 3.817385e-03
1164556494.998779 5.447741e-03
1164556494.998901 4.276474e-03
1164556494.999023 1.801270e-03
1164556494.999146 1.073746e-03
1164556494.999268 3.457927e-04
1164556494.999390 -6.737041e-04
1164556494.999512 -2.753433e-03
1164556494.999634 -3.811687e-03
1164556494.999756 -5.024730e-03
1164556494.999878 -5.821272e-03
1164556495.000000 -5.637119e-03
1164556495.000122 -4.349445e-03
1164556495.000244 -1.216491e-03
1164556495.000366 2.439521e-03
1164556495.000488 4.820209e-03
1164556495.000610 6.388469e-03
1164556495.000732 7.061147e-03
1164556495.000854 8.488493e-03
1164556495.000977 6.716591e-03
1164556495.001099 2.975031e-03
1164556495.001221 -2.138088e-04
1164556495.001343 -3.878839e-03
1164556495.001465 -8.103707e-03
1164556495.001587 -1.055179e-02
1164556495.001709 -9.502505e-03
1164556495.001831 -7.157632e-03
1164556495.001953 -3.190980e-03
1164556495.002075 2.203712e-03
1164556495.002197 4.185796e-03
1164556495.002319 4.667167e-03
1164556495.002441 6.101830e-03
1164556495.002563 7.827418e-03
1164556495.002686 7.178859e-03
1164556495.002808 5.481912e-03
1164556495.002930 2.818625e-03
1164556495.003052 -1.131573e-03
1164556495.003174 -3.989206e-03
1164556495.003296 -4.598020e-03
1164556495.003418 -6.982531e-03
1164556495.003540 -7.784311e-03
1164556495.003662 -5.020338e-03
1164556495.003784 -3.062677e-03
1164556495.003906 -2.838899e-03
1164556495.004028 -2.300518e-04
1164556495.004150 3.651461e-03
1164556495.004272 5.134896e-03
1164556495.004395 5.312465e-03
1164556495.004517 6.350058e-03
1164556495.004639 5.477675e-03
1164556495.004761 4.223997e-03
1164556495.004883 3.173627e-03
1164556495.005005 -7.486079e-04
1164556495.005127 -3.911534e-03
1164556495.005249 -4.304852e-03
1164556495.005371 -5.849134e-03
1164556495.005493 -7.140175e-03
1164556495.005615 -5.490003e-03
1164556495.005737 -1.965248e-03
1164556495.005859 -2.861867e-04
1164556495.005981 8.087281e-04
1164556495.006104 2.865808e-03
1164556495.006226 3.255983e-03
1164556495.006348 3.387811e-03
1164556495.006470 4.837964e-03
1164556495.006592 3.196650e-03
1164556495.006714 2.577376e-03
1164556495.006836 3.260179e-03
1164556495.006958 1.846911e-03
1164556495.007080 -1.023312e-03
1164556495.007202 -2.724351e-03
1164556495.007324 -2.931323e-03
1164556495.007446 -4.479232e-03
1164556495.007568 -6.630838e-03
1164556495.007690 -5.111013e-03
1164556495.007812 -2.798973e-03
1164556495.007935 -1.718408e-03
1164556495.008057 3.188774e-04
1164556495.008179 2.939562e-03
1164556495.008301 3.613476e-03
1164556495.008423 5.347473e-03
1164556495.008545 6.847354e-03
1164556495.008667 4.921820e-03
1164556495.008789 3.727831e-03
1164556495.008911 4.131254e-03
1164556495.009033 2.510208e-04
1164556495.009155 -4.737217e-03
1164556495.009277 -5.789281e-03
1164556495.009399 -6.534123e-03
1164556495.009521 -7.296146e-03
1164556495.009644 -4.458206e-03
1164556495.009766 -2.639320e-03
1164556495.009888 -3.397173e-03
1164556495.010010 -7.953615e-04
1164556495.010132 3.637390e-03
1164556495.010254 4.310458e-03
1164556495.010376 6.736661e-03
1164556495.010498 1.015283e-02
1164556495.010620 8.970064e-03
1164556495.010742 4.836846e-03
1164556495.010864 8.179092e-04
1164556495.010986 -2.255168e-03
1164556495.011108 -5.512399e-03
1164556495.011230 -8.710941e-03
1164556495.011353 -9.402386e-03
1164556495.011475 -8.465648e-03
1164556495.011597 -5.452479e-03
1164556495.011719 -1.490516e-03
1164556495.011841 2.236116e-03
1164556495.011963 4.061679e-03
1164556495.012085 5.476338e-03
1164556495.012207 7.206962e-03
1164556495.012329 5.360678e-03
1164556495.012451 3.819571e-03
1164556495.012573 4.513461e-03
1164556495.012695 2.677876e-03
1164556495.012817 2.303027e-04
1164556495.012939 -1.709671e-03
1164556495.013062 -4.066052e-03
1164556495.013184 -6.687270e-03
1164556495.013306 -6.046097e-03
1164556495.013428 -3.781741e-03
1164556495.013550 -4.724089e-03
1164556495.013672 -4.916385e-03
1164556495.013794 -1.894397e-03
1164556495.013916 7.304849e-04
1164556495.014038 3.122266e-03
1164556495.014160 6.401170e-03
1164556495.014282 9.997146e-03
1164556495.014404 9.774699e-03
1164556495.014526 7.914685e-03
1164556495.014648 3.641652e-03
1164556495.014771 -2.683704e-03
1164556495.014893 -6.344786e-03
1164556495.015015 -6.926159e-03
1164556495.015137 -8.630645e-03
1164556495.015259 -9.316909e-03
1164556495.015381 -5.812097e-03
1164556495.015503 -1.987282e-03
1164556495.015625 3.570986e-04
1164556495.015747 3.654926e-03
1164556495.015869 6.136140e-03
1164556495.015991 6.516610e-03
1164556495.016113 5.143022e-03
1164556495.016235 4.284084e-03
1164556495.016357 2.660676e-03
1164556495.016479 1.344568e-03
1164556495.016602 6.491444e-04
1164556495.016724 -1.990815e-03
1164556495.016846 -3.251887e-03
1164556495.016968 -3.488947e-03
1164556495.017090 -5.238604e-03
1164556495.017212 -4.792896e-03
1164556495.017334 -2.376583e-03
1164556495.017456 1.321263e-04
1164556495.017578 -6.520258e-04
1164556495.017700 -1.110801e-03
1164556495.017822 1.057570e-03
1164556495.017944 3.130432e-03
1164556495.018066 4.846803e-03
1164556495.018188 4.582661e-03
1164556495.018311 3.673893e-03
1164556495.018433 2.874013e-03
1164556495.018555 3.157821e-04
1164556495.018677 -1.636440e-03
1164556495.018799 -1.892660e-03
1164556495.018921 -1.304353e-03
1164556495.019043 -2.709291e-03
1164556495.019165 -3.940044e-03
1164556495.019287 -3.478534e-03
1164556495.019409 -2.727468e-03
1164556495.019531 -1.371116e-03
1164556495.019653 -7.519353e-04
1164556495.019775 -1.385012e-04
1164556495.019897 1.676860e-03
1164556495.020020 3.404417e-03
1164556495.020142 4.056053e-03
1164556495.020264 4.005304e-03
1164556495.020386 5.153409e-03
1164556495.020508 3.404118e-03
1164556495.020630 -3.565283e-04
1164556495.020752 -2.515717e-03
1164556495.020874 -3.459239e-03
1164556495.020996 -3.639387e-03
1164556495.021118 -2.858647e-03
1164556495.021240 -2.150191e-03
1164556495.021362 -2.455008e-03
1164556495.021484 -1.949807e-03
1164556495.021606 -8.763687e-04
1164556495.021729 -1.419138e-03
1164556495.021851 -2.753815e-04
1164556495.021973 2.340101e-03
1164556495.022095 4.021074e-03
1164556495.022217 4.280652e-03
1164556495.022339 5.265830e-03
1164556495.022461 4.421473e-03
1164556495.022583 2.135392e-03
1164556495.022705 7.017858e-04
1164556495.022827 -1.678509e-03
1164556495.022949 -4.733923e-03
1164556495.023071 -5.801230e-03
1164556495.023193 -4.929865e-03
1164556495.023315 -3.787250e-03
1164556495.023438 -2.690276e-03
1164556495.023560 -2.987716e-04
1164556495.023682 3.479373e-04
1164556495.023804 -1.304572e-04
1164556495.023926 9.125647e-04
1164556495.024048 4.085777e-03
1164556495.024170 6.465532e-03
1164556495.024292 6.425108e-03
1164556495.024414 4.611417e-03
1164556495.024536 2.302009e-03
1164556495.024658 8.971759e-05
1164556495.024780 -1.150648e-03
1164556495.024902 -3.973998e-03
1164556495.025024 -6.747402e-03
1164556495.025146 -6.532190e-03
1164556495.025269 -5.374979e-03
1164556495.025391 -4.782326e-03
1164556495.025513 -2.458146e-03
1164556495.025635 1.112172e-03
1164556495.025757 3.902026e-03
1164556495.025879 5.343871e-03
1164556495.026001 7.023847e-03
1164556495.026123 6.301009e-03
1164556495.026245 3.676926e-03
1164556495.026367 1.580429e-03
1164556495.026489 -1.263131e-05
1164556495.026611 -9.998866e-04
1164556495.026733 -2.447144e-03
1164556495.026855 -3.345355e-03
1164556495.026978 -4.129838e-03
1164556495.027100 -5.393514e-03
1164556495.027222 -4.127136e-03
1164556495.027344 -2.766081e-03
1164556495.027466 -1.491615e-03
1164556495.027588 8.525929e-05
1164556495.027710 2.070324e-03
1164556495.027832 2.899638e-03
1164556495.027954 3.453712e-03
1164556495.028076 5.485466e-03
1164556495.028198 5.908158e-03
1164556495.028320 4.416192e-03
1164556495.028442 3.402654e-03
1164556495.028564 6.348147e-04
1164556495.028687 -3.162918e-03
1164556495.028809 -5.385872e-03
1164556495.028931 -5.585371e-03
1164556495.029053 -6.850554e-03
1164556495.029175 -6.566325e-03
1164556495.029297 -3.438712e-03
1164556495.029419 -7.942733e-04
1164556495.029541 1.089790e-03
1164556495.029663 3.573985e-03
1164556495.029785 6.222586e-03
1164556495.029907 7.285098e-03
1164556495.030029 6.121311e-03
1164556495.030151 4.149961e-03
1164556495.030273 7.012720e-04
1164556495.030396 -1.829415e-03
1164556495.030518 -2.138872e-03
1164556495.030640 -3.205350e-03
1164556495.030762 -4.883755e-03
1164556495.030884 -3.619075e-03
1164556495.031006 -1.901356e-03
1164556495.031128 -2.527150e-03
1164556495.031250 -1.272791e-03
1164556495.031372 6.536524e-04
1164556495.031494 -5.475044e-04
1164556495.031616 -6.185916e-04
1164556495.031738 1.957073e-03
1164556495.031860 3.129465e-03
1164556495.031982 2.899058e-03
1164556495.032104 4.186452e-03
1164556495.032227 4.476907e-03
1164556495.032349 2.933640e-03
1164556495.032471 1.504354e-03
1164556495.032593 -3.838522e-04
1164556495.032715 -2.944718e-03
1164556495.032837 -4.392469e-03
1164556495.032959 -4.465094e-03
1164556495.033081 -4.967307e-03
1164556495.033203 -6.538687e-03
1164556495.033325 -5.089702e-03
1164556495.033447 -1.064198e-03
1164556495.033569 2.879542e-03
1164556495.033691 5.494757e-03
1164556495.033813 7.623002e-03
1164556495.033936 7.081810e-03
1164556495.034058 4.559190e-03
1164556495.034180 3.282722e-03
1164556495.034302 7.540695e-04
1164556495.034424 -2.505926e-03
1164556495.034546 -2.589609e-03
1164556495.034668 -2.738544e-03
1164556495.034790 -5.510866e-03
1164556495.034912 -6.703566e-03
1164556495.035034 -4.245135e-03
1164556495.035156 -2.198214e-03
1164556495.035278 -1.066042e-04
1164556495.035400 2.305756e-03
1164556495.035522 3.010084e-03
1164556495.035645 2.870880e-03
1164556495.035767 3.345958e-03
1164556495.035889 3.324232e-03
1164556495.036011 2.332374e-03
1164556495.036133 1.642316e-03
1164556495.036255 2.304644e-03
1164556495.036377 1.221003e-03
1164556495.036499 -3.622065e-04
1164556495.036621 -1.225112e-03
1164556495.036743 -2.230948e-03
1164556495.036865 -4.565283e-03
1164556495.036987 -6.252197e-03
1164556495.037109 -5.391905e-03
1164556495.037231 -4.130148e-03
1164556495.037354 -2.215967e-03
1164556495.037476 2.365790e-03
1164556495.037598 5.459285e-03
1164556495.037720 5.775580e-03
1164556495.037842 5.500020e-03
1164556495.037964 5.502654e-03
1164556495.038086 3.188924e-03
1164556495.038208 1.240643e-03
1164556495.038330 9.617792e-04
1164556495.038452 -2.080158e-03
1164556495.038574 -5.206718e-03
1164556495.038696 -5.065837e-03
1164556495.038818 -4.980017e-03
1164556495.038940 -4.871254e-03
1164556495.039062 -2.716190e-03
1164556495.039185 -2.427261e-04
1164556495.039307 6.668736e-04
1164556495.039429 1.794340e-03
1164556495.039551 3.270443e-03
1164556495.039673 3.041273e-03
1164556495.039795 3.186972e-03
1164556495.039917 4.442701e-03
1164556495.040039 3.679795e-03
1164556495.040161 1.368243e-03
1164556495.040283 5.711270e-04
1164556495.040405 6.540943e-04
1164556495.040527 -1.318944e-03
1164556495.040649 -3.942358e-03
1164556495.040771 -5.743388e-03
1164556495.040894 -5.923540e-03
1164556495.041016 -5.252585e-03
1164556495.041138 -2.768605e-03
1164556495.041260 -2.811841e-04
1164556495.041382 1.023475e-03
1164556495.041504 3.391821e-03
1164556495.041626 6.242943e-03
1164556495.041748 6.030335e-03
1164556495.041870 4.446012e-03
1164556495.041992 4.319289e-03
1164556495.042114 2.877481e-03
1164556495.042236 -9.028820e-04
1164556495.042358 -2.702847e-03
1164556495.042480 -4.096432e-03
1164556495.042603 -5.741432e-03
1164556495.042725 -5.370281e-03
1164556495.042847 -3.233612e-03
1164556495.042969 -2.567195e-03
1164556495.043091 -9.400796e-04
1164556495.043213 1.501817e-03
1164556495.043335 1.777139e-03
1164556495.043457 2.203956e-03
1164556495.043579 3.661704e-03
1164556495.043701 3.090245e-03
1164556495.043823 2.721041e-03
1164556495.043945 2.968665e-03
1164556495.044067 2.237911e-03
1164556495.044189 5.308127e-04
1164556495.044312 -4.289051e-04
1164556495.044434 -1.358031e-03
1164556495.044556 -2.067049e-03
1164556495.044678 -3.046507e-03
1164556495.044800 -4.025569e-03
1164556495.044922 -4.210944e-03
1164556495.045044 -3.725102e-03
1164556495.045166 -3.409153e-03
1164556495.045288 -2.199430e-03
1164556495.045410 1.127488e-03
1164556495.045532 4.496699e-03
1164556495.045654 7.154326e-03
1164556495.045776 8.347780e-03
1164556495.045898 5.943586e-03
1164556495.046021 3.287428e-03
1164556495.046143 8.262978e-04
1164556495.046265 -2.528080e-03
1164556495.046387 -4.933472e-03
1164556495.046509 -5.570474e-03
1164556495.046631 -5.439200e-03
1164556495.046753 -5.397827e-03
1164556495.046875 -3.913287e-03
1164556495.046997 -1.416375e-03
1164556495.047119 -1.083304e-05
1164556495.047241 2.268778e-03
1164556495.047363 3.615030e-03
1164556495.047485 3.989480e-03
1164556495.047607 4.773552e-03
1164556495.047729 5.122795e-03
1164556495.047852 3.556359e-03
1164556495.047974 9.910987e-04
1164556495.048096 -1.071057e-03
1164556495.048218 -2.280971e-03
1164556495.048340 -2.762989e-03
1164556495.048462 -2.165425e-03
1164556495.048584 -2.205832e-03
1164556495.048706 -2.751792e-03
1164556495.048828 -3.275191e-03
1164556495.048950 -2.887177e-03
1164556495.049072 -2.619186e-03
1164556495.049194 -1.964630e-03
1164556495.049316 7.374664e-04
1164556495.049438 4.149439e-03
1164556495.049561 6.007144e-03
1164556495.049683 6.380149e-03
