1164556494.758789 -3.183285e-05
1164556494.758911 -2.551387e-03
1164556494.759033 -3.346938e-03
1164556494.759155 -2.177529e-03
1164556494.759277 -1.210796e-03
1164556494.759399 -1.229472e-03
1164556494.759521 -1.443758e-03
1164556494.759644 -1.295080e-03
1164556494.759766 -5.865802e-04
1164556494.759888 1.254685e-04
1164556494.760010 9.209403e-04
1164556494.760132 1.996866e-03
1164556494.760254 3.013251e-03
1164556494.760376 3.037398e-03
1164556494.760498 2.712243e-03
1164556494.760620 1.978058e-03
1164556494.760742 1.634706e-04
1164556494.760864 -2.430757e-03
1164556494.760986 -3.501148e-03
1164556494.761108 -2.681988e-03
1164556494.761230 -1.434883e-03
1164556494.761353 -1.235223e-03
1164556494.761475 -1.029733e-03
1164556494.761597 -3.636648e-04
1164556494.761719 1.165918e-04
1164556494.761841 4.316080e-04
1164556494.761963 1.113520e-03
1164556494.762085 1.161591e-03
1164556494.762207 1.259062e-03
1164556494.762329 1.603126e-03
1164556494.762451 1.687641e-03
1164556494.762573 1.484355e-03
1164556494.762695 1.052983e-03
1164556494.762817 5.766968e-04
1164556494.762939 -3.566095e-04
1164556494.763062 -1.319087e-03
1164556494.763184 -1.501569e-03
1164556494.763306 -1.982187e-03
1164556494.763428 -3.285033e-03
1164556494.763550 -4.076174e-03
1164556494.763672 -3.114198e-03
1164556494.763794 -8.564949e-04
1164556494.763916 1.485661e-03
1164556494.764038 3.246145e-03
1164556494.764160 4.929559e-03
1164556494.764282 6.045340e-03
1164556494.764404 5.246897e-03
1164556494.764526 2.437380e-03
1164556494.764648 -8.645269e-04
1164556494.764771 -3.607336e-03
1164556494.764893 -5.118917e-03
1164556494.765015 -4.936377e-03
1164556494.765137 -3.385608e-03
1164556494.765259 -1.605846e-03
1164556494.765381 -2.873462e-04
1164556494.765503 2.677072e-04
1164556494.765625 5.818042e-04
1164556494.765747 7.969779e-04
1164556494.765869 1.275256e-03
1164556494.765991 2.437702e-03
1164556494.766113 3.181972e-03
1164556494.766235 3.301921e-03
1164556494.766357 3.183349e-03
1164556494.766479 1.774456e-03
1164556494.766602 -5.175514e-04
1164556494.766724 -2.513534e-03
1164556494.766846 -3.634262e-03
1164556494.766968 -4.070062e-03
1164556494.767090 -3.577200e-03
1164556494.767212 -2.540097e-03
1164556494.767334 -9.637953e-04
1164556494.767456 3.580506e-04
1164556494.767578 1.267426e-03
1164556494.767700 2.018462e-03
1164556494.767822 2.356782e-03
1164556494.767944 2.484102e-03
1164556494.768066 2.794836e-03
1164556494.768188 2.684527e-03
1164556494.768311 1.710777e-03
1164556494.768433 3.238866e-04
1164556494.768555 -1.085106e-03
1164556494.768677 -2.232549e-03
1164556494.768799 -3.035159e-03
1164556494.768921 -3.145219e-03
1164556494.769043 -2.197271e-03
1164556494.769165 -1.436252e-03
1164556494.769287 -1.190907e-03
1164556494.769409 -4.262630e-04
1164556494.769531 1.039289e-03
1164556494.769653 2.038529e-03
1164556494.769775 1.765499e-03
1164556494.769897 1.395398e-03
1164556494.770020 1.521884e-03
1164556494.770142 1.998870e-03
1164556494.770264 2.642826e-03
1164556494.770386 2.772103e-03
1164556494.770508 1.880655e-03
1164556494.770630 -4.269709e-04
1164556494.770752 -4.122923e-03
1164556494.770874 -6.550382e-03
1164556494.770996 -5.624888e-03
1164556494.771118 -3.080924e-03
1164556494.771240 -8.445912e-04
1164556494.771362 7.057381e-04
1164556494.771484 2.252582e-03
1164556494.771606 3.332679e-03
1164556494.771729 3.496107e-03
1164556494.771851 3.237773e-03
1164556494.771973 2.754451e-03
1164556494.772095 2.146042e-03
1164556494.772217 1.668663e-03
1164556494.772339 6.648762e-04
1164556494.772461 -1.327193e-03
1164556494.772583 -3.969107e-03
1164556494.772705 -5.512310e-03
1164556494.772827 -4.853864e-03
1164556494.772949 -2.649236e-03
1164556494.773071 -2.402717e-04
1164556494.773193 1.129058e-03
1164556494.773315 1.094610e-03
1164556494.773438 1.829207e-03
1164556494.773560 3.523620e-03
1164556494.773682 3.707045e-03
1164556494.773804 2.121403e-03
1164556494.773926 7.882992e-04
1164556494.774048 2.380690e-05
1164556494.774170 -4.841144e-04
1164556494.774292 -8.411286e-04
1164556494.774414 -9.208284e-04
1164556494.774536 -8.507976e-04
1164556494.774658 -1.299787e-03
1164556494.774780 -2.025463e-03
1164556494.774902 -2.065206e-03
1164556494.775024 -1.619471e-03
1164556494.775146 -7.797995e-04
1164556494.775269 -2.376728e-04
1164556494.775391 -9.354766e-05
1164556494.775513 3.127922e-04
1164556494.775635 1.355411e-03
1164556494.775757 2.697889e-03
1164556494.775879 3.885850e-03
1164556494.776001 4.202152e-03
1164556494.776123 3.582341e-03
1164556494.776245 1.652843e-03
1164556494.776367 -1.285324e-03
1164556494.776489 -4.999744e-03
1164556494.776611 -6.830123e-03
1164556494.776733 -5.647657e-03
1164556494.776855 -2.801855e-03
1164556494.776978 2.485379e-04
1164556494.777100 2.595141e-03
1164556494.777222 2.690318e-03
1164556494.777344 1.103478e-03
1164556494.777466 7.305710e-05
1164556494.777588 6.410509e-04
1164556494.777710 1.943578e-03
1164556494.777832 2.938773e-03
1164556494.777954 3.294777e-03
1164556494.778076 3.173126e-03
1164556494.778198 2.078991e-03
1164556494.778320 -3.882470e-04
1164556494.778442 -3.485905e-03
1164556494.778564 -5.703037e-03
1164556494.778687 -6.079068e-03
1164556494.778809 -4.387427e-03
1164556494.778931 -1.901744e-03
1164556494.779053 -2.711386e-04
1164556494.779175 1.564924e-04
1164556494.779297 1.215948e-03
1164556494.779419 3.718812e-03
1164556494.779541 6.089105e-03
1164556494.779663 6.311319e-03
1164556494.779785 4.925167e-03
1164556494.779907 2.765167e-03
1164556494.780029 3.722389e-04
1164556494.780151 -1.916612e-03
1164556494.780273 -4.625918e-03
1164556494.780396 -6.912055e-03
1164556494.780518 -7.103102e-03
1164556494.780640 -5.856302e-03
1164556494.780762 -3.649180e-03
1164556494.780884 -6.321411e-04
1164556494.781006 2.995499e-03
1164556494.781128 5.699746e-03
1164556494.781250 7.115924e-03
1164556494.781372 7.016139e-03
1164556494.781494 5.338425e-03
1164556494.781616 2.216369e-03
1164556494.781738 -1.125022e-03
1164556494.781860 -3.717934e-03
1164556494.781982 -5.241770e-03
1164556494.782104 -5.259116e-03
1164556494.782227 -4.226754e-03
1164556494.782349 -2.324664e-03
1164556494.782471 -1.506580e-04
1164556494.782593 1.103009e-03
1164556494.782715 1.597076e-03
1164556494.782837 2.272186e-03
1164556494.782959 2.810956e-03
1164556494.783081 2.517914e-03
1164556494.783203 9.412502e-04
1164556494.783325 -6.791363e-04
1164556494.783447 -1.769286e-03
1164556494.783569 -1.883222e-03
1164556494.783691 -1.082884e-03
1164556494.783813 4.817442e-04
1164556494.783936 2.579783e-03
1164556494.784058 3.745664e-03
1164556494.784180 3.192122e-03
1164556494.784302 7.831293e-04
1164556494.784424 -2.432122e-03
1164556494.784546 -4.923320e-03
1164556494.784668 -5.340714e-03
1164556494.784790 -4.679318e-03
1164556494.784912 -3.456910e-03
1164556494.785034 -1.274297e-03
1164556494.785156 1.986340e-03
1164556494.785278 5.165338e-03
1164556494.785400 6.467132e-03
1164556494.785522 5.826149e-03
1164556494.785645 4.392118e-03
1164556494.785767 2.605364e-03
1164556494.785889 7.249301e-04
1164556494.786011 -1.109524e-03
1164556494.786133 -3.251299e-03
1164556494.786255 -5.354044e-03
1164556494.786377 -7.339780e-03
1164556494.786499 -8.189679e-03
1164556494.786621 -6.405981e-03
1164556494.786743 -2.048989e-03
1164556494.786865 3.473618e-03
1164556494.786987 7.453797e-03
1164556494.787109 8.654776e-03
1164556494.787231 7.769798e-03
1164556494.787354 5.391812e-03
1164556494.787476 2.322323e-03
1164556494.787598 -9.014269e-04
1164556494.787720 -3.973470e-03
1164556494.787842 -5.212262e-03
1164556494.787964 -4.204238e-03
1164556494.788086 -2.514946e-03
1164556494.788208 -1.903890e-03
1164556494.788330 -2.632824e-03
1164556494.788452 -3.172054e-03
1164556494.788574 -1.993172e-03
1164556494.788696 3.830014e-04
1164556494.788818 2.924166e-03
1164556494.788940 4.420179e-03
1164556494.789062 4.450480e-03
1164556494.789185 4.019144e-03
1164556494.789307 3.273611e-03
1164556494.789429 1.822588e-03
1164556494.789551 2.409896e-04
1164556494.789673 -1.307255e-03
1164556494.789795 -2.444044e-03
1164556494.789917 -3.200890e-03
1164556494.790039 -3.667052e-03
1164556494.790161 -3.398669e-03
1164556494.790283 -2.771004e-03
1164556494.790405 -2.218959e-03
1164556494.790527 -1.664450e-03
1164556494.790649 -6.655772e-04
1164556494.790771 1.923807e-03
1164556494.790894 4.808061e-03
1164556494.791016 5.952359e-03
1164556494.791138 4.977372e-03
1164556494.791260 3.132977e-03
1164556494.791382 1.230188e-03
1164556494.791504 -4.702131e-04
1164556494.791626 -2.260285e-03
1164556494.791748 -3.176244e-03
1164556494.791870 -3.384335e-03
1164556494.791992 -3.220822e-03
1164556494.792114 -2.913725e-03
1164556494.792236 -2.619468e-03
1164556494.792358 -2.039431e-03
1164556494.792480 -5.492047e-04
1164556494.792603 1.391324e-03
1164556494.792725 2.613614e-03
1164556494.792847 3.062334e-03
1164556494.792969 3.041834e-03
1164556494.793091 3.283986e-03
1164556494.793213 3.087229e-03
1164556494.793335 1.948371e-03
1164556494.793457 6.123201e-04
1164556494.793579 -4.525538e-04
1164556494.793701 -1.215537e-03
1164556494.793823 -2.491449e-03
1164556494.793945 -3.462547e-03
1164556494.794067 -4.056965e-03
1164556494.794189 -4.205295e-03
1164556494.794312 -3.802339e-03
1164556494.794434 -2.733205e-03
1164556494.794556 -9.878183e-04
1164556494.794678 1.814965e-03
1164556494.794800 4.477075e-03
1164556494.794922 6.870503e-03
1164556494.795044 8.134520e-03
1164556494.795166 7.555451e-03
1164556494.795288 4.498988e-03
1164556494.795410 3.027870e-04
1164556494.795532 -4.313407e-03
1164556494.795654 -8.670187e-03
1164556494.795776 -1.073361e-02
1164556494.795898 -8.388495e-03
1164556494.796021 -3.055916e-03
1164556494.796143 1.590414e-03
1164556494.796265 3.729001e-03
1164556494.796387 3.198892e-03
1164556494.796509 2.240804e-03
1164556494.796631 2.690668e-03
1164556494.796753 3.114698e-03
1164556494.796875 2.934393e-03
1164556494.796997 2.873456e-03
1164556494.797119 3.041474e-03
1164556494.797241 2.321724e-03
1164556494.797363 8.135684e-05
1164556494.797485 -3.124760e-03
1164556494.797607 -5.794623e-03
1164556494.797729 -6.378689e-03
1164556494.797852 -4.377301e-03
1164556494.797974 -1.480253e-03
1164556494.798096 3.393058e-05
1164556494.798218 -3.849397e-05
1164556494.798340 -1.768502e-05
1164556494.798462 1.029674e-03
1164556494.798584 2.751811e-03
1164556494.798706 4.131392e-03
1164556494.798828 4.884538e-03
1164556494.798950 4.717673e-03
1164556494.799072 3.140593e-03
1164556494.799194 6.515714e-04
1164556494.799316 -1.068781e-03
1164556494.799438 -2.599035e-03
1164556494.799561 -4.343974e-03
1164556494.799683 -5.030793e-03
1164556494.799805 -4.315538e-03
1164556494.799927 -3.776633e-03
1164556494.800049 -3.103035e-03
1164556494.800171 -1.763531e-03
1164556494.800293 4.617019e-04
1164556494.800415 3.349405e-03
1164556494.800537 5.518534e-03
1164556494.800659 6.281204e-03
1164556494.800781 5.612462e-03
1164556494.800903 4.369999e-03
1164556494.801025 2.546391e-03
1164556494.801147 1.876106e-04
1164556494.801270 -2.408244e-03
1164556494.801392 -4.901656e-03
1164556494.801514 -6.269856e-03
1164556494.801636 -6.196905e-03
1164556494.801758 -5.017700e-03
1164556494.801880 -2.295288e-03
1164556494.802002 6.767834e-04
1164556494.802124 1.828831e-03
1164556494.802246 9.681892e-04
1164556494.802368 6.755856e-04
1164556494.802490 3.421064e-03
1164556494.802612 6.748838e-03
1164556494.802734 7.171086e-03
1164556494.802856 5.281795e-03
1164556494.802979 2.402230e-03
1164556494.803101 -1.388065e-03
1164556494.803223 -4.629208e-03
1164556494.803345 -6.582918e-03
1164556494.803467 -7.327840e-03
1164556494.803589 -5.942985e-03
1164556494.803711 -2.768724e-03
1164556494.803833 2.574962e-04
1164556494.803955 1.839270e-03
1164556494.804077 1.863630e-03
1164556494.804199 1.537222e-03
1164556494.804321 2.083117e-03
1164556494.804443 3.679740e-03
1164556494.804565 5.071289e-03
1164556494.804688 3.985990e-03
1164556494.804810 1.079812e-03
1164556494.804932 -5.996574e-04
1164556494.805054 -6.997213e-04
1164556494.805176 -9.354382e-04
1164556494.805298 -2.065198e-03
1164556494.805420 -2.714264e-03
1164556494.805542 -2.786572e-03
1164556494.805664 -3.365627e-03
1164556494.805786 -3.350395e-03
1164556494.805908 -2.437058e-03
1164556494.806030 -1.463770e-03
1164556494.806152 -7.082969e-04
1164556494.806274 -1.556378e-04
1164556494.806396 1.613485e-03
1164556494.806519 5.135422e-03
1164556494.806641 8.051701e-03
1164556494.806763 8.644564e-03
1164556494.806885 7.408559e-03
1164556494.807007 4.261762e-03
1164556494.807129 -7.506624e-04
1164556494.807251 -6.575233e-03
1164556494.807373 -1.028667e-02
1164556494.807495 -1.137725e-02
1164556494.807617 -1.012234e-02
1164556494.807739 -6.800381e-03
1164556494.807861 -2.152852e-03
1164556494.807983 2.560492e-03
1164556494.808105 5.976336e-03
1164556494.808228 7.626897e-03
1164556494.808350 8.529556e-03
1164556494.808472 8.528337e-03
1164556494.808594 7.720495e-03
1164556494.808716 6.301138e-03
1164556494.808838 3.670210e-03
1164556494.808960 -8.536453e-04
1164556494.809082 -5.782844e-03
1164556494.809204 -1.033680e-02
1164556494.809326 -1.311297e-02
1164556494.809448 -1.335375e-02
1164556494.809570 -1.035131e-02
1164556494.809692 -4.347465e-03
1164556494.809814 2.257167e-03
1164556494.809937 7.492145e-03
1164556494.810059 1.142160e-02
1164556494.810181 1.328059e-02
1164556494.810303 1.223567e-02
1164556494.810425 9.671933e-03
1164556494.810547 5.457053e-03
1164556494.810669 -2.136840e-04
1164556494.810791 -5.562498e-03
1164556494.810913 -9.875545e-03
1164556494.811035 -1.217175e-02
1164556494.811157 -1.214340e-02
1164556494.811279 -9.764721e-03
1164556494.811401 -5.850106e-03
1164556494.811523 -1.516160e-03
1164556494.811646 3.175600e-03
1164556494.811768 7.990979e-03
1164556494.811890 1.048965e-02
1164556494.812012 9.557103e-03
1164556494.812134 7.189347e-03
1164556494.812256 5.463603e-03
1164556494.812378 3.688644e-03
1164556494.812500 9.378323e-04
1164556494.812622 -2.372434e-03
1164556494.812744 -4.684041e-03
1164556494.812866 -5.932855e-03
1164556494.812988 -7.493657e-03
1164556494.813110 -9.174936e-03
1164556494.813232 -8.907933e-03
1164556494.813354 -6.711357e-03
1164556494.813477 -2.866594e-03
1164556494.813599 2.887120e-03
1164556494.813721 8.796394e-03
1164556494.813843 1.223401e-02
1164556494.813965 1.210129e-02
1164556494.814087 9.000900e-03
1164556494.814209 4.885748e-03
1164556494.814331 1.713361e-04
1164556494.814453 -3.129770e-03
1164556494.814575 -5.815013e-03
1164556494.814697 -8.547225e-03
1164556494.814819 -8.822598e-03
1164556494.814941 -6.276249e-03
1164556494.815063 -4.111078e-03
1164556494.815186 -3.275722e-03
1164556494.815308 -1.914952e-03
1164556494.815430 1.179173e-03
1164556494.815552 4.612017e-03
1164556494.815674 7.038204e-03
1164556494.815796 8.512110e-03
1164556494.815918 7.912501e-03
1164556494.816040 4.565748e-03
1164556494.816162 5.555769e-04
1164556494.816284 -1.535968e-03
1164556494.816406 -2.243148e-03
1164556494.816528 -3.030119e-03
1164556494.816650 -4.515877e-03
1164556494.816772 -5.416015e-03
1164556494.816895 -4.734800e-03
1164556494.817017 -3.208967e-03
1164556494.817139 -2.605689e-03
1164556494.817261 -1.960704e-03
1164556494.817383 -9.163433e-04
1164556494.817505 1.194607e-03
1164556494.817627 5.239477e-03
1164556494.817749 8.188991e-03
1164556494.817871 8.066421e-03
1164556494.817993 4.688698e-03
1164556494.818115 6.385800e-04
1164556494.818237 -1.793896e-03
1164556494.818359 -2.190432e-03
1164556494.818481 -1.723088e-03
1164556494.818604 -1.646934e-03
1164556494.818726 -2.539438e-03
1164556494.818848 -3.495352e-03
1164556494.818970 -4.437892e-03
1164556494.819092 -5.316673e-03
1164556494.819214 -5.115499e-03
1164556494.819336 -3.202317e-03
1164556494.819458 5.035219e-04
1164556494.819580 3.922394e-03
1164556494.819702 6.882406e-03
1164556494.819824 9.342429e-03
1164556494.819946 9.682146e-03
1164556494.820068 6.721497e-03
1164556494.820190 2.211998e-03
1164556494.820312 -1.052874e-03
1164556494.820435 -4.429289e-03
1164556494.820557 -8.044981e-03
1164556494.820679 -8.743267e-03
1164556494.820801 -6.720493e-03
1164556494.820923 -4.912334e-03
1164556494.821045 -4.150410e-03
1164556494.821167 -2.964446e-03
1164556494.821289 2.390024e-04
1164556494.821411 4.030633e-03
1164556494.821533 6.750630e-03
1164556494.821655 7.896154e-03
1164556494.821777 8.337031e-03
1164556494.821899 7.739576e-03
1164556494.822021 5.215017e-03
1164556494.822144 1.497587e-03
1164556494.822266 -2.004309e-03
1164556494.822388 -4.824813e-03
1164556494.822510 -7.334779e-03
1164556494.822632 -9.264284e-03
1164556494.822754 -9.332579e-03
1164556494.822876 -7.193512e-03
1164556494.822998 -4.079360e-03
1164556494.823120 -1.484609e-03
1164556494.823242 1.414871e-03
1164556494.823364 5.656060e-03
1164556494.823486 9.779461e-03
1164556494.823608 1.188223e-02
1164556494.823730 1.130406e-02
1164556494.823853 7.886444e-03
1164556494.823975 3.345972e-03
1164556494.824097 -1.574098e-03
1164556494.824219 -7.119310e-03
1164556494.824341 -1.149980e-02
1164556494.824463 -1.224454e-02
1164556494.824585 -9.696889e-03
1164556494.824707 -5.852995e-03
1164556494.824829 -1.942197e-03
1164556494.824951 1.348002e-03
1164556494.825073 4.534215e-03
1164556494.825195 6.953682e-03
1164556494.825317 7.036029e-03
1164556494.825439 6.121814e-03
1164556494.825562 5.226408e-03
1164556494.825684 3.593446e-03
1164556494.825806 1.864503e-03
1164556494.825928 8.253937e-04
1164556494.826050 -3.151268e-04
1164556494.826172 -2.102584e-03
1164556494.826294 -3.907561e-03
1164556494.826416 -5.981810e-03
1164556494.826538 -7.757768e-03
1164556494.826660 -7.504880e-03
1164556494.826782 -4.846364e-03
1164556494.826904 -1.903257e-03
1164556494.827026 3.511648e-04
1164556494.827148 1.747333e-03
1164556494.827271 3.587631e-03
1164556494.827393 6.906921e-03
1164556494.827515 1.021259e-02
1164556494.827637 1.100891e-02
1164556494.827759 8.731788e-03
1164556494.827881 4.305950e-03
1164556494.828003 -1.063004e-03
1164556494.828125 -5.784611e-03
1164556494.828247 -9.297544e-03
1164556494.828369 -1.227567e-02
1164556494.828491 -1.328606e-02
1164556494.828613 -1.062470e-02
1164556494.828735 -4.730028e-03
1164556494.828857 1.386376e-03
1164556494.828979 5.297396e-03
1164556494.829102 7.105131e-03
1164556494.829224 8.380901e-03
1164556494.829346 1.003751e-02
1164556494.829468 1.093976e-02
1164556494.829590 9.799115e-03
1164556494.829712 6.394263e-03
1164556494.829834 1.520821e-03
1164556494.829956 -3.749262e-03
1164556494.830078 -9.104515e-03
1164556494.830200 -1.318945e-02
1164556494.830322 -1.563226e-02
1164556494.830444 -1.507701e-02
1164556494.830566 -1.066399e-02
1164556494.830688 -2.565865e-03
1164556494.830811 5.594109e-03
1164556494.830933 1.162813e-02
1164556494.831055 1.479749e-02
1164556494.831177 1.401826e-02
1164556494.831299 1.092051e-02
1164556494.831421 8.255584e-03
1164556494.831543 5.835029e-03
1164556494.831665 1.818508e-03
1164556494.831787 -4.574423e-03
1164556494.831909 -1.188382e-02
1164556494.832031 -1.589910e-02
1164556494.832153 -1.581295e-02
1164556494.832275 -1.269192e-02
1164556494.832397 -8.219421e-03
1164556494.832520 -2.496747e-03
1164556494.832642 4.936677e-03
1164556494.832764 1.172221e-02
1164556494.832886 1.524091e-02
1164556494.833008 1.459722e-02
1164556494.833130 1.137868e-02
1164556494.833252 7.029328e-03
1164556494.833374 2.922171e-03
1164556494.833496 -1.432784e-03
1164556494.833618 -5.755227e-03
1164556494.833740 -9.983849e-03
1164556494.833862 -1.360517e-02
1164556494.833984 -1.389250e-02
1164556494.834106 -1.078479e-02
1164556494.834229 -5.098703e-03
1164556494.834351 1.411110e-03
1164556494.834473 5.802389e-03
1164556494.834595 8.229032e-03
1164556494.834717 1.084227e-02
1164556494.834839 1.245532e-02
1164556494.834961 1.003453e-02
1164556494.835083 4.120420e-03
1164556494.835205 -2.038064e-03
1164556494.835327 -4.939187e-03
1164556494.835449 -4.995558e-03
1164556494.835571 -5.979343e-03
1164556494.835693 -6.883948e-03
1164556494.835815 -5.970848e-03
1164556494.835938 -3.753956e-03
1164556494.836060 -1.364885e-03
1164556494.836182 9.984570e-04
1164556494.836304 2.924951e-03
1164556494.836426 3.058160e-03
1164556494.836548 1.616151e-03
1164556494.836670 3.187886e-04
1164556494.836792 1.812545e-03
1164556494.836914 3.529831e-03
1164556494.837036 4.005599e-03
1164556494.837158 3.914340e-03
1164556494.837280 2.979222e-03
1164556494.837402 8.603166e-04
1164556494.837524 -2.150645e-03
1164556494.837646 -4.637437e-03
1164556494.837769 -5.809618e-03
1164556494.837891 -5.609883e-03
1164556494.838013 -3.351924e-03
1164556494.838135 -1.244792e-03
1164556494.838257 -3.077289e-04
1164556494.838379 5.044787e-04
1164556494.838501 1.489672e-03
1164556494.838623 2.390704e-03
1164556494.838745 2.918719e-03
1164556494.838867 3.139133e-03
1164556494.838989 2.203887e-03
1164556494.839111 1.034040e-03
1164556494.839233 1.685010e-03
1164556494.839355 2.093000e-03
1164556494.839478 2.225028e-03
1164556494.839600 1.655007e-03
1164556494.839722 7.219128e-04
1164556494.839844 -8.885738e-04
1164556494.839966 -4.315809e-03
1164556494.840088 -8.197581e-03
1164556494.840210 -1.021328e-02
1164556494.840332 -9.776450e-03
1164556494.840454 -6.577195e-03
1164556494.840576 -4.111671e-04
1164556494.840698 8.022510e-03
1164556494.840820 1.393328e-02
1164556494.840942 1.419171e-02
1164556494.841064 1.106306e-02
1164556494.841187 7.342833e-03
1164556494.841309 3.062513e-03
1164556494.841431 -1.869618e-03
1164556494.841553 -6.814828e-03
1164556494.841675 -1.068651e-02
1164556494.841797 -1.278562e-02
1164556494.841919 -1.201303e-02
1164556494.842041 -9.090935e-03
1164556494.842163 -5.703309e-03
1164556494.842285 -1.369185e-03
1164556494.842407 4.696688e-03
1164556494.842529 1.054803e-02
1164556494.842651 1.444239e-02
1164556494.842773 1.388552e-02
1164556494.842896 9.251177e-03
1164556494.843018 3.340211e-03
1164556494.843140 -1.163384e-03
1164556494.843262 -2.636351e-03
1164556494.843384 -2.695945e-03
1164556494.843506 -4.997381e-03
1164556494.843628 -9.341553e-03
1164556494.843750 -1.143928e-02
1164556494.843872 -1.076472e-02
1164556494.843994 -9.214818e-03
1164556494.844116 -6.336961e-03
1164556494.844238 2.878472e-04
1164556494.844360 8.917783e-03
1164556494.844482 1.456841e-02
1164556494.844604 1.632199e-02
1164556494.844727 1.504784e-02
1164556494.844849 9.457232e-03
1164556494.844971 8.511650e-04
1164556494.845093 -5.533705e-03
1164556494.845215 -7.564913e-03
1164556494.845337 -8.018055e-03
1164556494.845459 -9.308717e-03
1164556494.845581 -1.051162e-02
1164556494.845703 -9.642429e-03
1164556494.845825 -6.876873e-03
1164556494.845947 -2.985799e-03
1164556494.846069 1.293048e-03
1164556494.846191 6.344566e-03
1164556494.846313 1.124040e-02
1164556494.846436 1.373776e-02
1164556494.846558 1.370559e-02
1164556494.846680 8.934416e-03
1164556494.846802 4.329105e-04
1164556494.846924 -7.204137e-03
1164556494.847046 -1.035697e-02
1164556494.847168 -8.318955e-03
1164556494.847290 -2.738910e-03
1164556494.847412 1.131740e-03
1164556494.847534 -1.800879e-04
1164556494.847656 -4.759327e-03
1164556494.847778 -7.035841e-03
1164556494.847900 -5.761432e-03
1164556494.848022 -2.821031e-03
1164556494.848145 8.575007e-04
1164556494.848267 5.245752e-03
1164556494.848389 8.907751e-03
1164556494.848511 1.041976e-02
1164556494.848633 9.467874e-03
1164556494.848755 7.523551e-03
1164556494.848877 3.914958e-03
1164556494.848999 -1.829669e-03
1164556494.849121 -6.542813e-03
1164556494.849243 -7.261219e-03
1164556494.849365 -8.078939e-03
1164556494.849487 -1.017831e-02
1164556494.849609 -9.276031e-03
1164556494.849731 -6.009434e-03
1164556494.849854 -2.155216e-03
1164556494.849976 2.326175e-03
1164556494.850098 6.805610e-03
1164556494.850220 9.955227e-03
1164556494.850342 9.996257e-03
1164556494.850464 8.114967e-03
1164556494.850586 5.469125e-03
1164556494.850708 3.215423e-03
1164556494.850830 1.138045e-03
1164556494.850952 -8.340402e-04
1164556494.851074 -3.883381e-03
1164556494.851196 -7.530159e-03
1164556494.851318 -9.566097e-03
1164556494.851440 -9.344737e-03
1164556494.851562 -7.745523e-03
1164556494.851685 -5.275702e-03
1164556494.851807 -1.388798e-03
1164556494.851929 2.763451e-03
1164556494.852051 5.367726e-03
1164556494.852173 6.673879e-03
1164556494.852295 8.035640e-03
1164556494.852417 9.968466e-03
1164556494.852539 1.028809e-02
1164556494.852661 8.354718e-03
1164556494.852783 3.234338e-03
1164556494.852905 -2.847083e-03
1164556494.853027 -8.835534e-03
1164556494.853149 -1.251870e-02
1164556494.853271 -1.374795e-02
1164556494.853394 -1.301198e-02
1164556494.853516 -8.850468e-03
1164556494.853638 -8.611862e-04
1164556494.853760 7.379778e-03
1164556494.853882 9.633567e-03
1164556494.854004 7.189262e-03
1164556494.854126 5.385044e-03
1164556494.854248 4.694452e-03
1164556494.854370 5.572627e-03
1164556494.854492 7.346564e-03
1164556494.854614 7.213270e-03
1164556494.854736 2.642032e-03
1164556494.854858 -3.993353e-03
1164556494.854980 -9.390272e-03
1164556494.855103 -1.108325e-02
1164556494.855225 -1.040221e-02
1164556494.855347 -8.859106e-03
1164556494.855469 -6.084540e-03
1164556494.855591 -1.469641e-03
1164556494.855713 3.241887e-03
1164556494.855835 4.889396e-03
1164556494.855957 4.345996e-03
1164556494.856079 5.614617e-03
1164556494.856201 9.303008e-03
1164556494.856323 1.180035e-02
1164556494.856445 1.018888e-02
1164556494.856567 4.221636e-03
1164556494.856689 -3.659555e-03
1164556494.856812 -9.439053e-03
1164556494.856934 -1.022043e-02
1164556494.857056 -7.373837e-03
1164556494.857178 -4.455571e-03
1164556494.857300 -3.717940e-03
1164556494.857422 -4.871419e-03
1164556494.857544 -4.326149e-03
1164556494.857666 -9.568733e-04
1164556494.857788 7.137239e-04
1164556494.857910 -4.286500e-04
1164556494.858032 1.547986e-03
1164556494.858154 9.125838e-03
1164556494.858276 1.612995e-02
1164556494.858398 1.760817e-02
1164556494.858521 1.272634e-02
1164556494.858643 3.287613e-03
1164556494.858765 -6.526448e-03
1164556494.858887 -1.353238e-02
1164556494.859009 -1.460562e-02
1164556494.859131 -1.290583e-02
1164556494.859253 -1.189606e-02
1164556494.859375 -1.226855e-02
1164556494.859497 -9.722063e-03
1164556494.859619 -1.275936e-03
1164556494.859741 7.562711e-03
1164556494.859863 1.235200e-02
1164556494.859985 1.514035e-02
1164556494.860107 1.789464e-02
1164556494.860229 1.891663e-02
1164556494.860352 1.544823e-02
1164556494.860474 7.190899e-03
1164556494.860596 -4.475783e-03
1164556494.860718 -1.582606e-02
1164556494.860840 -2.256591e-02
1164556494.860962 -2.260113e-02
1164556494.861084 -1.721210e-02
1164556494.861206 -9.476628e-03
1164556494.861328 -4.806978e-03
1164556494.861450 -1.244781e-03
1164556494.861572 6.398126e-03
1164556494.861694 1.715664e-02
1164556494.861816 2.203545e-02
1164556494.861938 1.915777e-02
1164556494.862061 1.338690e-02
1164556494.862183 8.527817e-03
1164556494.862305 2.439993e-03
1164556494.862427 -5.108274e-03
1164556494.862549 -1.115070e-02
1164556494.862671 -1.431657e-02
1164556494.862793 -1.563276e-02
1164556494.862915 -1.521178e-02
1164556494.863037 -1.133427e-02
1164556494.863159 -5.420802e-03
1164556494.863281 -2.028773e-03
1164556494.863403 -4.571680e-04
1164556494.863525 3.950918e-03
1164556494.863647 1.311988e-02
1164556494.863770 2.019488e-02
1164556494.863892 1.969515e-02
1164556494.864014 1.419503e-02
1164556494.864136 8.745316e-03
1164556494.864258 2.354707e-03
1164556494.864380 -4.709171e-03
1164556494.864502 -1.090106e-02
1164556494.864624 -1.610236e-02
1164556494.864746 -2.003298e-02
1164556494.864868 -1.996511e-02
1164556494.864990 -1.518981e-02
1164556494.865112 -6.207563e-03
1164556494.865234 3.017841e-03
1164556494.865356 9.516245e-03
1164556494.865479 1.389574e-02
1164556494.865601 1.903362e-02
1164556494.865723 2.049892e-02
1164556494.865845 1.480684e-02
1164556494.865967 4.676089e-03
1164556494.866089 -2.330371e-03
1164556494.866211 -4.103488e-03
1164556494.866333 -3.740476e-03
1164556494.866455 -5.032848e-03
1164556494.866577 -9.264012e-03
1164556494.866699 -1.557379e-02
1164556494.866821 -1.965582e-02
1164556494.866943 -1.889116e-02
1164556494.867065 -1.169882e-02
1164556494.867188 2.380033e-04
1164556494.867310 1.389997e-02
1164556494.867432 2.252865e-02
1164556494.867554 2.294010e-02
1164556494.867676 1.808346e-02
1164556494.867798 1.169350e-02
1164556494.867920 4.272020e-03
1164556494.868042 -2.425548e-03
1164556494.868164 -5.718228e-03
1164556494.868286 -5.825387e-03
1164556494.868408 -8.062733e-03
1164556494.868530 -1.309794e-02
1164556494.868652 -1.874290e-02
1164556494.868774 -2.060327e-02
1164556494.868896 -1.579279e-02
1164556494.869019 -5.327431e-03
1164556494.869141 6.573313e-03
1164556494.869263 1.785584e-02
1164556494.869385 2.561103e-02
1164556494.869507 2.547731e-02
1164556494.869629 1.643435e-02
1164556494.869751 4.392470e-03
1164556494.869873 -4.717905e-03
1164556494.869995 -8.385049e-03
1164556494.870117 -7.147425e-03
1164556494.870239 -4.985528e-03
1164556494.870361 -6.011881e-03
1164556494.870483 -8.498478e-03
1164556494.870605 -1.284424e-02
1164556494.870728 -1.699964e-02
1164556494.870850 -1.551535e-02
1164556494.870972 -4.983713e-03
1164556494.871094 7.449920e-03
1164556494.871216 1.574468e-02
1164556494.871338 2.055553e-02
1164556494.871460 2.095336e-02
1164556494.871582 1.384207e-02
1164556494.871704 3.247920e-03
1164556494.871826 -2.130622e-03
1164556494.871948 -2.169560e-03
1164556494.872070 -8.088320e-04
1164556494.872192 -1.452784e-03
1164556494.872314 -6.560361e-03
1164556494.872437 -1.469156e-02
1164556494.872559 -2.117297e-02
1164556494.872681 -2.079871e-02
1164556494.872803 -1.485520e-02
1164556494.872925 -3.199339e-03
1164556494.873047 9.768610e-03
1164556494.873169 1.909745e-02
1164556494.873291 2.077015e-02
1164556494.873413 1.962937e-02
1164556494.873535 1.791573e-02
1164556494.873657 1.144163e-02
1164556494.873779 -7.026169e-05
1164556494.873901 -7.574696e-03
1164556494.874023 -6.010462e-03
1164556494.874146 -4.572155e-03
1164556494.874268 -1.122795e-02
1164556494.874390 -1.977572e-02
1164556494.874512 -2.128253e-02
1164556494.874634 -1.691124e-02
1164556494.874756 -1.021285e-02
1164556494.874878 9.912732e-04
1164556494.875000 1.234831e-02
1164556494.875122 1.857926e-02
1164556494.875244 1.814544e-02
1164556494.875366 1.655261e-02
1164556494.875488 1.689808e-02
1164556494.875610 1.516936e-02
1164556494.875732 7.661896e-03
1164556494.875854 -3.007023e-03
1164556494.875977 -1.020689e-02
1164556494.876099 -1.315722e-02
1164556494.876221 -1.658588e-02
1164556494.876343 -2.246817e-02
1164556494.876465 -2.491386e-02
1164556494.876587 -1.869088e-02
1164556494.876709 -6.109997e-03
1164556494.876831 6.176549e-03
1164556494.876953 1.482640e-02
1164556494.877075 2.116710e-02
1164556494.877197 2.329075e-02
1164556494.877319 2.239060e-02
1164556494.877441 1.812968e-02
1164556494.877563 1.233715e-02
1164556494.877686 3.687175e-03
1164556494.877808 -9.449651e-03
1164556494.877930 -1.935749e-02
1164556494.878052 -1.892917e-02
1164556494.878174 -1.286809e-02
1164556494.878296 -1.230245e-02
1164556494.878418 -1.708476e-02
1164556494.878540 -1.842779e-02
1164556494.878662 -1.420794e-02
1164556494.878784 -5.097546e-03
1164556494.878906 8.095954e-03
1164556494.879028 2.441583e-02
1164556494.879150 3.549809e-02
1164556494.879272 3.712389e-02
1164556494.879395 3.018533e-02
1164556494.879517 1.727404e-02
1164556494.879639 -2.852381e-03
1164556494.879761 -2.183942e-02
1164556494.879883 -3.109080e-02
1164556494.880005 -3.116210e-02
1164556494.880127 -2.440019e-02
1164556494.880249 -1.330076e-02
1164556494.880371 -5.976831e-03
1164556494.880493 -7.245502e-03
1164556494.880615 -8.573811e-03
1164556494.880737 -2.151096e-03
1164556494.880859 1.041892e-02
1164556494.880981 2.577525e-02
1164556494.881104 3.801968e-02
1164556494.881226 4.189907e-02
1164556494.881348 3.242355e-02
1164556494.881470 1.179076e-02
1164556494.881592 -1.270443e-02
1164556494.881714 -3.047738e-02
1164556494.881836 -3.706733e-02
1164556494.881958 -3.208059e-02
1164556494.882080 -2.017349e-02
1164556494.882202 -1.042683e-02
1164556494.882324 -7.084942e-03
1164556494.882446 -6.873365e-03
1164556494.882568 -3.558950e-03
1164556494.882690 3.130691e-03
1164556494.882812 1.088052e-02
1164556494.882935 2.622676e-02
1164556494.883057 4.380299e-02
1164556494.883179 4.611860e-02
1164556494.883301 2.977665e-02
1164556494.883423 8.732082e-03
1164556494.883545 -1.455712e-02
1164556494.883667 -3.616379e-02
1164556494.883789 -4.378709e-02
1164556494.883911 -3.294783e-02
1164556494.884033 -2.044999e-02
1164556494.884155 -1.602921e-02
1164556494.884277 -1.319697e-02
1164556494.884399 -5.399907e-03
1164556494.884521 2.102151e-03
1164556494.884644 1.090394e-02
1164556494.884766 2.544098e-02
1164556494.884888 3.858125e-02
1164556494.885010 4.397872e-02
1164556494.885132 4.242657e-02
1164556494.885254 2.728460e-02
1164556494.885376 -3.775879e-04
1164556494.885498 -2.740651e-02
1164556494.885620 -4.207723e-02
1164556494.885742 -4.409829e-02
1164556494.885864 -3.568993e-02
1164556494.885986 -2.203191e-02
1164556494.886108 -1.056332e-02
1164556494.886230 -9.900849e-03
1164556494.886353 -1.047596e-02
1164556494.886475 2.910105e-03
1164556494.886597 2.595727e-02
1164556494.886719 3.940915e-02
1164556494.886841 4.100452e-02
1164556494.886963 3.990412e-02
1164556494.887085 3.695906e-02
1164556494.887207 2.204179e-02
1164556494.887329 -3.088915e-03
1164556494.887451 -2.549565e-02
1164556494.887573 -4.002325e-02
1164556494.887695 -4.888379e-02
1164556494.887817 -4.569682e-02
1164556494.887939 -3.222478e-02
1164556494.888062 -2.072714e-02
1164556494.888184 -1.405447e-02
1164556494.888306 -2.988681e-03
1164556494.888428 1.703652e-02
1164556494.888550 4.114390e-02
1164556494.888672 5.758197e-02
1164556494.888794 5.807758e-02
1164556494.888916 4.206753e-02
1164556494.889038 2.230687e-02
1164556494.889160 8.370262e-03
1164556494.889282 -8.473799e-03
1164556494.889404 -3.495940e-02
1164556494.889526 -5.650133e-02
1164556494.889648 -6.192777e-02
1164556494.889771 -5.285346e-02
1164556494.889893 -3.312687e-02
1164556494.890015 -8.799322e-03
1164556494.890137 9.929623e-03
1164556494.890259 1.821841e-02
1164556494.890381 2.297460e-02
1164556494.890503 3.815987e-02
1164556494.890625 5.574121e-02
1164556494.890747 5.673146e-02
1164556494.890869 3.872903e-02
1164556494.890991 1.802563e-02
1164556494.891113 -7.523881e-04
1164556494.891235 -1.698493e-02
1164556494.891357 -3.381614e-02
1164556494.891479 -5.154258e-02
1164556494.891602 -6.516162e-02
1164556494.891724 -6.422674e-02
1164556494.891846 -4.059565e-02
1164556494.891968 -6.982409e-03
1164556494.892090 1.600175e-02
1164556494.892212 2.755478e-02
1164556494.892334 3.627521e-02
1164556494.892456 4.390520e-02
1164556494.892578 5.061010e-02
1164556494.892700 5.549866e-02
1164556494.892822 4.686031e-02
1164556494.892944 2.613296e-02
1164556494.893066 1.193979e-03
1164556494.893188 -1.939113e-02
1164556494.893311 -4.005736e-02
1164556494.893433 -6.108427e-02
1164556494.893555 -7.815252e-02
1164556494.893677 -8.028320e-02
1164556494.893799 -5.727635e-02
1164556494.893921 -1.612594e-02
1164556494.894043 2.002231e-02
1164556494.894165 3.886570e-02
1164556494.894287 5.013959e-02
1164556494.894409 6.180117e-02
1164556494.894531 7.038963e-02
1164556494.894653 7.429632e-02
1164556494.894775 6.629000e-02
1164556494.894897 4.374577e-02
1164556494.895020 5.103951e-03
1164556494.895142 -4.029720e-02
1164556494.895264 -7.968869e-02
1164556494.895386 -1.029851e-01
1164556494.895508 -1.117718e-01
1164556494.895630 -1.014587e-01
1164556494.895752 -7.023005e-02
1164556494.895874 -1.879252e-02
1164556494.895996 3.722184e-02
1164556494.896118 7.144795e-02
1164556494.896240 8.675178e-02
1164556494.896362 1.021913e-01
1164556494.896484 1.154736e-01
1164556494.896606 1.124920e-01
1164556494.896729 8.732522e-02
1164556494.896851 4.496057e-02
1164556494.896973 -1.467125e-02
1164556494.897095 -8.640229e-02
1164556494.897217 -1.572360e-01
1164556494.897339 -1.933294e-01
1164556494.897461 -1.872703e-01
1164556494.897583 -1.493557e-01
1164556494.897705 -8.652965e-02
1164556494.897827 4.558816e-03
1164556494.897949 1.097662e-01
1164556494.898071 1.969301e-01
1164556494.898193 2.490753e-01
1164556494.898315 2.593994e-01
1164556494.898438 2.032729e-01
1164556494.898560 9.448102e-02
1164556494.898682 -2.423106e-02
1164556494.898804 -1.296954e-01
1164556494.898926 -2.140617e-01
1164556494.899048 -2.629172e-01
1164556494.899170 -2.689674e-01
1164556494.899292 -2.262663e-01
1164556494.899414 -1.357094e-01
1164556494.899536 -5.918054e-03
1164556494.899658 1.230508e-01
1164556494.899780 2.200897e-01
1164556494.899902 2.738780e-01
1164556494.900024 2.799297e-01
1164556494.900146 2.300156e-01
1164556494.900269 1.396290e-01
1164556494.900391 4.695607e-02
1164556494.900513 -4.956893e-02
1164556494.900635 -1.579504e-01
1164556494.900757 -2.489219e-01
1164556494.900879 -2.922100e-01
1164556494.901001 -2.843252e-01
1164556494.901123 -2.336516e-01
1164556494.901245 -1.379556e-01
1164556494.901367 -9.131240e-03
1164556494.901489 1.437253e-01
1164556494.901611 2.757328e-01
1164556494.901733 3.494323e-01
1164556494.901855 3.484363e-01
1164556494.901978 2.807498e-01
1164556494.902100 1.574638e-01
1164556494.902222 2.952253e-03
1164556494.902344 -1.330961e-01
1164556494.902466 -2.336732e-01
1164556494.902588 -3.160589e-01
1164556494.902710 -3.637363e-01
1164556494.902832 -3.287213e-01
1164556494.902954 -2.210534e-01
1164556494.903076 -8.240816e-02
1164556494.903198 7.363659e-02
1164556494.903320 2.194981e-01
1164556494.903442 3.302686e-01
1164556494.903564 3.892386e-01
1164556494.903687 3.905212e-01
1164556494.903809 3.040055e-01
1164556494.903931 1.421278e-01
1164556494.904053 -5.056116e-02
1164556494.904175 -2.267210e-01
1164556494.904297 -3.556242e-01
1164556494.904419 -4.102338e-01
1164556494.904541 -3.911749e-01
1164556494.904663 -3.297675e-01
1164556494.904785 -2.141410e-01
1164556494.904907 -2.513087e-02
1164556494.905029 1.903631e-01
1164556494.905151 3.570397e-01
1164556494.905273 4.437957e-01
1164556494.905396 4.658316e-01
1164556494.905518 4.086540e-01
1164556494.905640 2.707685e-01
1164556494.905762 6.485838e-02
1164556494.905884 -1.653213e-01
1164556494.906006 -3.917708e-01
1164556494.906128 -5.589113e-01
1164556494.906250 -5.968929e-01
1164556494.906372 -4.750522e-01
1164556494.906494 -2.475806e-01
1164556494.906616 4.480338e-03
1164556494.906738 2.537476e-01
1164556494.906860 4.847239e-01
1164556494.906982 6.280316e-01
1164556494.907104 6.183307e-01
1164556494.907227 4.524471e-01
1164556494.907349 1.794538e-01
1164556494.907471 -1.360437e-01
1164556494.907593 -4.028072e-01
1164556494.907715 -5.738554e-01
1164556494.907837 -6.215979e-01
1164556494.907959 -5.417926e-01
1164556494.908081 -3.313109e-01
1164556494.908203 -3.888130e-02
1164556494.908325 2.833044e-01
1164556494.908447 5.583121e-01
1164556494.908569 6.765437e-01
1164556494.908691 5.689781e-01
1164556494.908813 3.092927e-01
1164556494.908936 1.926028e-02
1164556494.909058 -2.597777e-01
1164556494.909180 -4.906765e-01
1164556494.909302 -5.875305e-01
1164556494.909424 -5.010992e-01
1164556494.909546 -2.469952e-01
1164556494.909668 7.201679e-02
1164556494.909790 3.556841e-01
1164556494.909912 5.084481e-01
1164556494.910034 4.858783e-01
1164556494.910156 2.795106e-01
1164556494.910278 -9.417956e-03
1164556494.910400 -2.609636e-01
1164556494.910522 -4.113935e-01
1164556494.910645 -4.565795e-01
1164556494.910767 -3.477927e-01
1164556494.910889 -4.861162e-02
1164556494.911011 3.242263e-01
1164556494.911133 5.498164e-01
1164556494.911255 5.345505e-01
1164556494.911377 2.807827e-01
1164556494.911499 -1.157360e-01
1164556494.911621 -4.739343e-01
1164556494.911743 -5.897635e-01
1164556494.911865 -4.300549e-01
1164556494.911987 -4.531209e-02
1164556494.912109 3.629795e-01
1164556494.912231 5.348404e-01
1164556494.912354 2.969697e-01
1164556494.912476 -1.435516e-01
1164556494.912598 -3.986211e-01
1164556494.912720 -1.801386e-01
1164556494.912842 2.644532e-01
1164556494.912964 3.087575e-01
1164556494.913086 -1.100834e-01
1164556494.913208 -1.192442e-01
1164556494.913330 -2.884455e-04
1164556494.913452 -3.850684e-02
1164556494.913574 -2.820453e-02
1164556494.913696 -3.455220e-02
1164556494.913818 -1.946417e-02
1164556494.913940 -8.123698e-03
1164556494.914062 -1.724868e-02
1164556494.914185 -3.306669e-02
1164556494.914307 1.065203e-02
1164556494.914429 5.942537e-02
1164556494.914551 8.594650e-02
1164556494.914673 6.394805e-02
1164556494.914795 1.399630e-02
1164556494.914917 -4.290388e-02
1164556494.915039 -2.147221e-02
1164556494.915161 2.085671e-02
1164556494.915283 7.265766e-03
1164556494.915405 -4.298362e-02
1164556494.915527 -4.210318e-02
1164556494.915649 -2.379038e-02
1164556494.915771 -1.654278e-02
1164556494.915894 -2.066092e-02
1164556494.916016 -1.365531e-02
1164556494.916138 -7.277581e-03
1164556494.916260 1.015604e-03
1164556494.916382 2.809370e-02
1164556494.916504 6.932261e-02
1164556494.916626 7.440082e-02
1164556494.916748 2.905371e-02
1164556494.916870 -2.952285e-02
1164556494.916992 -3.226934e-02
1164556494.917114 3.719128e-03
1164556494.917236 1.692395e-02
1164556494.917358 -2.305499e-02
1164556494.917480 -4.364822e-02
1164556494.917603 -3.674603e-02
1164556494.917725 -2.845435e-02
1164556494.917847 -1.995920e-02
1164556494.917969 -4.912161e-03
1164556494.918091 3.241363e-04
1164556494.918213 2.705170e-03
1164556494.918335 2.570231e-02
1164556494.918457 5.949695e-02
1164556494.918579 7.095190e-02
1164556494.918701 4.939119e-02
1164556494.918823 2.294683e-03
1164556494.918945 -3.490386e-02
1164556494.919067 -3.672719e-02
1164556494.919189 -1.135961e-02
1164556494.919312 -1.784233e-02
1164556494.919434 -4.517234e-02
1164556494.919556 -4.912222e-02
1164556494.919678 -1.844358e-02
1164556494.919800 2.808211e-03
1164556494.919922 9.014511e-03
1164556494.920044 1.270316e-02
1164556494.920166 1.995176e-02
1164556494.920288 2.673545e-02
1164556494.920410 3.869919e-02
1164556494.920532 5.652428e-02
1164556494.920654 5.021027e-02
1164556494.920776 2.364533e-03
1164556494.920898 -4.765957e-02
1164556494.921021 -5.540809e-02
1164556494.921143 -2.947062e-02
1164556494.921265 -2.168520e-02
1164556494.921387 -2.382058e-02
1164556494.921509 -1.865945e-02
1164556494.921631 -3.667854e-03
1164556494.921753 2.914435e-03
1164556494.921875 1.517036e-02
1164556494.921997 2.268989e-02
1164556494.922119 1.585178e-02
1164556494.922241 1.400421e-02
1164556494.922363 2.880308e-02
1164556494.922485 4.093727e-02
1164556494.922607 2.979139e-02
1164556494.922729 1.533445e-03
1164556494.922852 -3.324256e-02
1164556494.922974 -5.751915e-02
1164556494.923096 -4.386888e-02
1164556494.923218 -1.087560e-02
1164556494.923340 3.726544e-03
1164556494.923462 -3.230463e-03
1164556494.923584 4.259973e-03
1164556494.923706 6.605109e-03
1164556494.923828 -1.805935e-03
1164556494.923950 -7.774651e-04
1164556494.924072 1.505762e-02
1164556494.924194 2.314389e-02
1164556494.924316 2.501337e-02
1164556494.924438 2.900047e-02
1164556494.924561 2.488539e-02
1164556494.924683 3.545030e-03
1164556494.924805 -2.837484e-02
1164556494.924927 -4.528126e-02
1164556494.925049 -3.720369e-02
1164556494.925171 -1.394867e-02
1164556494.925293 3.971135e-03
1164556494.925415 2.062274e-03
1164556494.925537 1.830244e-03
1164556494.925659 1.692596e-03
1164556494.925781 -4.458457e-03
1164556494.925903 -7.072717e-03
1164556494.926025 1.375012e-02
1164556494.926147 3.183678e-02
1164556494.926270 3.272733e-02
1164556494.926392 2.667863e-02
1164556494.926514 1.630812e-02
1164556494.926636 -3.410464e-03
1164556494.926758 -2.683752e-02
1164556494.926880 -3.700350e-02
1164556494.927002 -3.163173e-02
1164556494.927124 -1.918273e-02
1164556494.927246 -4.578548e-03
1164556494.927368 1.956478e-03
1164556494.927490 6.058827e-04
1164556494.927612 1.430912e-03
1164556494.927734 7.217790e-03
1164556494.927856 4.774440e-03
1164556494.927979 1.126747e-02
1164556494.928101 3.052438e-02
1164556494.928223 3.970841e-02
1164556494.928345 2.314352e-02
1164556494.928467 -1.827237e-03
1164556494.928589 -1.892141e-02
1164556494.928711 -2.828070e-02
1164556494.928833 -3.343081e-02
1164556494.928955 -2.712461e-02
1164556494.929077 -9.351140e-03
1164556494.929199 2.244945e-03
1164556494.929321 9.108396e-04
1164556494.929443 3.822551e-04
1164556494.929565 5.753537e-03
1164556494.929688 1.351329e-02
1164556494.929810 1.189481e-02
1164556494.929932 1.110562e-02
1164556494.930054 1.831911e-02
1164556494.930176 2.536278e-02
1164556494.930298 1.491501e-02
1164556494.930420 -4.500412e-03
1164556494.930542 -2.216562e-02
1164556494.930664 -2.939128e-02
1164556494.930786 -2.271295e-02
1164556494.930908 -1.039326e-02
1164556494.931030 -3.438567e-04
1164556494.931152 3.288288e-03
1164556494.931274 -5.358342e-04
1164556494.931396 -3.596770e-03
1164556494.931519 -8.016721e-04
1164556494.931641 8.140944e-03
1164556494.931763 1.309568e-02
1164556494.931885 1.130380e-02
1164556494.932007 9.098705e-03
1164556494.932129 1.601186e-02
1164556494.932251 1.856220e-02
1164556494.932373 8.925270e-03
1164556494.932495 -9.935831e-03
1164556494.932617 -2.472080e-02
1164556494.932739 -2.761693e-02
1164556494.932861 -1.785623e-02
1164556494.932983 -6.628499e-03
1164556494.933105 -3.082935e-03
1164556494.933228 -3.286245e-03
1164556494.933350 2.555394e-04
1164556494.933472 7.457577e-03
1164556494.933594 1.561592e-02
1164556494.933716 1.884530e-02
1164556494.933838 1.385945e-02
1164556494.933960 2.989250e-03
1164556494.934082 2.853190e-03
1164556494.934204 9.114693e-03
1164556494.934326 8.628056e-03
1164556494.934448 -3.067972e-03
1164556494.934570 -1.666948e-02
1164556494.934692 -2.578541e-02
1164556494.934814 -2.155965e-02
1164556494.934937 -7.480359e-03
1164556494.935059 2.712280e-03
1164556494.935181 6.143141e-04
1164556494.935303 -4.507145e-03
1164556494.935425 1.659289e-03
1164556494.935547 1.377398e-02
1164556494.935669 1.669073e-02
1164556494.935791 1.408121e-02
1164556494.935913 1.125232e-02
1164556494.936035 8.405371e-03
1164556494.936157 5.053697e-03
1164556494.936279 4.915574e-03
1164556494.936401 1.243060e-03
1164556494.936523 -1.165037e-02
1164556494.936646 -3.018148e-02
1164556494.936768 -3.408175e-02
1164556494.936890 -1.826507e-02
1164556494.937012 6.165868e-04
1164556494.937134 9.541832e-03
1164556494.937256 1.252952e-02
1164556494.937378 1.166303e-02
1164556494.937500 1.093189e-02
1164556494.937622 1.175688e-02
1164556494.937744 1.143663e-02
1164556494.937866 8.450875e-03
1164556494.937988 7.523784e-03
1164556494.938110 7.784510e-03
1164556494.938232 3.446308e-03
1164556494.938354 -8.372893e-03
1164556494.938477 -1.969696e-02
1164556494.938599 -2.748037e-02
1164556494.938721 -3.026175e-02
1164556494.938843 -1.888272e-02
1164556494.938965 6.672151e-03
1164556494.939087 2.397025e-02
1164556494.939209 2.019600e-02
1164556494.939331 6.888705e-03
1164556494.939453 1.816561e-03
1164556494.939575 4.187877e-03
1164556494.939697 6.232063e-03
1164556494.939819 8.697856e-03
1164556494.939941 1.444665e-02
1164556494.940063 1.350648e-02
1164556494.940186 1.610966e-03
1164556494.940308 -1.338764e-02
1164556494.940430 -2.405565e-02
1164556494.940552 -3.005910e-02
1164556494.940674 -2.742401e-02
1164556494.940796 -1.328709e-02
1164556494.940918 7.583554e-03
1164556494.941040 2.030656e-02
1164556494.941162 2.110536e-02
1164556494.941284 1.426523e-02
1164556494.941406 4.445961e-03
1164556494.941528 -8.870240e-04
1164556494.941650 7.018591e-03
1164556494.941772 1.514202e-02
1164556494.941895 1.312529e-02
1164556494.942017 6.141260e-03
1164556494.942139 -2.878353e-03
1164556494.942261 -1.867282e-02
1164556494.942383 -3.331575e-02
1164556494.942505 -3.288802e-02
1164556494.942627 -1.843997e-02
1164556494.942749 -3.250915e-03
1164556494.942871 1.160356e-02
1164556494.942993 2.573395e-02
1164556494.943115 2.810337e-02
1164556494.943237 1.435091e-02
1164556494.943359 2.141749e-03
1164556494.943481 -1.259200e-03
1164556494.943604 2.683597e-05
1164556494.943726 2.619414e-03
1164556494.943848 6.525840e-03
1164556494.943970 4.479771e-03
1164556494.944092 -3.858350e-03
1164556494.944214 -1.589926e-02
1164556494.944336 -2.368119e-02
1164556494.944458 -2.379130e-02
1164556494.944580 -1.580582e-02
1164556494.944702 -1.921426e-03
1164556494.944824 1.179238e-02
1164556494.944946 1.898024e-02
1164556494.945068 1.950764e-02
1164556494.945190 1.655682e-02
1164556494.945312 1.299591e-02
1164556494.945435 6.485790e-03
1164556494.945557 -1.542753e-03
1164556494.945679 -6.758060e-03
1164556494.945801 -6.455009e-03
1164556494.945923 -7.318175e-03
1164556494.946045 -8.641054e-03
1164556494.946167 -9.332167e-03
1164556494.946289 -1.072275e-02
1164556494.946411 -1.110934e-02
1164556494.946533 -5.132481e-03
1164556494.946655 3.229805e-03
1164556494.946777 7.512302e-03
1164556494.946899 9.420199e-03
1164556494.947021 1.014363e-02
1164556494.947144 8.407274e-03
1164556494.947266 7.785795e-03
1164556494.947388 9.393463e-03
1164556494.947510 8.342959e-03
1164556494.947632 -7.586651e-04
1164556494.947754 -1.016629e-02
1164556494.947876 -1.205427e-02
1164556494.947998 -7.866358e-03
1164556494.948120 -7.457933e-03
1164556494.948242 -8.783127e-03
1164556494.948364 -8.415914e-03
1164556494.948486 -5.178921e-03
1164556494.948608 -1.528213e-03
1164556494.948730 4.534888e-03
1164556494.948853 1.208067e-02
1164556494.948975 1.580842e-02
1164556494.949097 1.396712e-02
1164556494.949219 8.828745e-03
1164556494.949341 4.277854e-03
1164556494.949463 1.552435e-04
1164556494.949585 -7.524399e-03
1164556494.949707 -1.344825e-02
1164556494.949829 -1.255226e-02
1164556494.949951 -4.515219e-03
1164556494.950073 1.177641e-03
1164556494.950195 -2.483593e-04
1164556494.950317 -5.757204e-03
1164556494.950439 -7.331149e-03
1164556494.950562 -3.012762e-03
1164556494.950684 4.029426e-03
1164556494.950806 9.655083e-03
1164556494.950928 1.298746e-02
1164556494.951050 1.260839e-02
1164556494.951172 6.594620e-03
1164556494.951294 -1.449713e-03
1164556494.951416 -5.334453e-03
1164556494.951538 -4.140186e-03
1164556494.951660 -4.187557e-03
1164556494.951782 -6.197404e-03
1164556494.951904 -2.180978e-03
1164556494.952026 3.257243e-03
1164556494.952148 6.835568e-04
1164556494.952271 -9.211255e-03
1164556494.952393 -1.370799e-02
1164556494.952515 -8.431769e-03
1164556494.952637 1.252912e-03
1164556494.952759 9.873697e-03
1164556494.952881 1.587958e-02
1164556494.953003 1.636287e-02
1164556494.953125 9.178075e-03
1164556494.953247 -3.270559e-04
1164556494.953369 -5.835193e-03
1164556494.953491 -6.405797e-03
1164556494.953613 -4.012842e-03
1164556494.953735 -1.164841e-03
1164556494.953857 3.648051e-04
1164556494.953979 -2.492018e-03
1164556494.954102 -6.364984e-03
1164556494.954224 -1.028004e-02
1164556494.954346 -1.151104e-02
1164556494.954468 -7.893996e-03
1164556494.954590 3.118813e-03
1164556494.954712 1.304161e-02
1164556494.954834 1.556031e-02
1164556494.954956 1.323390e-02
1164556494.955078 9.405998e-03
1164556494.955200 2.993795e-03
1164556494.955322 -3.291373e-03
1164556494.955444 -4.404240e-03
1164556494.955566 -2.411662e-03
1164556494.955688 -2.549303e-03
1164556494.955811 -5.122214e-03
1164556494.955933 -8.396795e-03
1164556494.956055 -1.152484e-02
1164556494.956177 -1.323359e-02
1164556494.956299 -1.022411e-02
1164556494.956421 -3.122688e-03
1164556494.956543 8.230393e-03
1164556494.956665 1.896974e-02
1164556494.956787 2.283802e-02
1164556494.956909 1.787832e-02
1164556494.957031 8.848044e-03
1164556494.957153 -6.975833e-04
1164556494.957275 -8.423107e-03
1164556494.957397 -1.300721e-02
1164556494.957520 -1.333946e-02
1164556494.957642 -1.048779e-02
1164556494.957764 -5.889681e-03
1164556494.957886 -3.233628e-03
1164556494.958008 -3.481511e-03
1164556494.958130 -2.456617e-03
1164556494.958252 2.657734e-03
1164556494.958374 7.500718e-03
1164556494.958496 9.792734e-03
1164556494.958618 9.254725e-03
1164556494.958740 7.037735e-03
1164556494.958862 2.643449e-03
1164556494.958984 -8.971246e-04
1164556494.959106 -1.145840e-03
1164556494.959229 3.876081e-04
1164556494.959351 1.354026e-05
1164556494.959473 -2.972609e-03
1164556494.959595 -7.136923e-03
1164556494.959717 -8.642486e-03
1164556494.959839 -6.959232e-03
1164556494.959961 -4.037337e-03
1164556494.960083 -3.488405e-03
1164556494.960205 -2.299227e-03
1164556494.960327 2.390145e-03
1164556494.960449 8.350286e-03
1164556494.960571 1.009788e-02
1164556494.960693 7.908294e-03
1164556494.960815 5.650189e-03
1164556494.960938 5.013898e-03
1164556494.961060 3.836144e-03
1164556494.961182 1.999506e-03
1164556494.961304 -2.038414e-03
1164556494.961426 -7.276192e-03
1164556494.961548 -1.216146e-02
1164556494.961670 -1.333492e-02
1164556494.961792 -1.008025e-02
1164556494.961914 -3.406640e-03
1164556494.962036 4.379777e-04
1164556494.962158 1.376662e-03
1164556494.962280 4.481376e-03
1164556494.962402 1.034421e-02
1164556494.962524 1.243393e-02
1164556494.962646 1.007002e-02
1164556494.962769 6.542232e-03
1164556494.962891 4.355382e-03
1164556494.963013 1.233008e-03
1164556494.963135 -3.327268e-03
1164556494.963257 -8.213820e-03
1164556494.963379 -1.121313e-02
1164556494.963501 -1.346252e-02
1164556494.963623 -1.223040e-02
1164556494.963745 -5.717794e-03
1164556494.963867 3.680974e-03
1164556494.963989 7.941303e-03
1164556494.964111 5.089256e-03
1164556494.964233 2.156286e-03
1164556494.964355 4.814413e-03
1164556494.964478 9.039340e-03
1164556494.964600 9.448870e-03
1164556494.964722 6.699623e-03
1164556494.964844 3.862034e-03
1164556494.964966 -3.651388e-04
1164556494.965088 -5.375626e-03
1164556494.965210 -9.708712e-03
1164556494.965332 -1.226320e-02
1164556494.965454 -1.345619e-02
1164556494.965576 -1.030370e-02
1164556494.965698 -3.277116e-03
1164556494.965820 6.274674e-03
1164556494.965942 1.251685e-02
1164556494.966064 1.143255e-02
1164556494.966187 4.729539e-03
1164556494.966309 8.529029e-04
1164556494.966431 2.015664e-03
1164556494.966553 3.865992e-03
1164556494.966675 2.249609e-03
1164556494.966797 -1.304353e-04
1164556494.966919 -2.552146e-03
1164556494.967041 -4.522962e-03
1164556494.967163 -5.157279e-03
1164556494.967285 -4.764922e-03
1164556494.967407 -4.134974e-03
1164556494.967529 -4.146557e-03
1164556494.967651 -3.665844e-03
1164556494.967773 3.185767e-04
1164556494.967896 4.935813e-03
1164556494.968018 6.103723e-03
1164556494.968140 1.778281e-03
1164556494.968262 -2.886471e-04
1164556494.968384 2.959422e-03
1164556494.968506 6.809048e-03
1164556494.968628 6.325083e-03
1164556494.968750 2.451372e-03
1164556494.968872 -3.026092e-03
1164556494.968994 -7.040247e-03
1164556494.969116 -7.175832e-03
1164556494.969238 -3.923661e-03
1164556494.969360 -4.049429e-04
1164556494.969482 1.606765e-03
1164556494.969604 8.200172e-04
1164556494.969727 -1.042379e-03
1164556494.969849 -2.629885e-03
1164556494.969971 -3.874661e-03
1164556494.970093 -4.654599e-03
1164556494.970215 -1.799491e-03
1164556494.970337 5.121006e-03
1164556494.970459 1.140944e-02
1164556494.970581 1.208277e-02
1164556494.970703 8.114758e-03
1164556494.970825 3.005411e-03
1164556494.970947 -6.035023e-04
1164556494.971069 -3.111123e-03
1164556494.971191 -5.929571e-03
1164556494.971313 -9.127833e-03
1164556494.971436 -1.171982e-02
1164556494.971558 -1.237452e-02
1164556494.971680 -9.908910e-03
1164556494.971802 -4.061937e-03
1164556494.971924 3.898191e-03
1164556494.972046 9.562135e-03
1164556494.972168 1.251524e-02
1164556494.972290 1.514429e-02
1164556494.972412 1.601939e-02
1164556494.972534 1.070678e-02
1164556494.972656 2.581050e-03
1164556494.972778 -5.143000e-03
1164556494.972900 -1.034396e-02
1164556494.973022 -1.296956e-02
1164556494.973145 -1.333538e-02
1164556494.973267 -1.197215e-02
1164556494.973389 -9.628870e-03
1164556494.973511 -5.469247e-03
1164556494.973633 8.191762e-06
1164556494.973755 5.293522e-03
1164556494.973877 9.540383e-03
1164556494.973999 1.199972e-02
1164556494.974121 1.348275e-02
1164556494.974243 1.197474e-02
1164556494.974365 8.193213e-03
1164556494.974487 3.435001e-03
1164556494.974609 6.222612e-05
1164556494.974731 -3.784188e-03
1164556494.974854 -8.856865e-03
1164556494.974976 -1.433005e-02
1164556494.975098 -1.740419e-02
1164556494.975220 -1.691622e-02
1164556494.975342 -1.195842e-02
1164556494.975464 -3.106696e-03
1164556494.975586 7.021689e-03
1164556494.975708 1.535605e-02
1164556494.975830 2.005356e-02
1164556494.975952 1.952222e-02
1164556494.976074 1.412662e-02
1164556494.976196 6.083486e-03
1164556494.976318 -1.053750e-03
1164556494.976440 -7.132293e-03
1164556494.976562 -1.160498e-02
1164556494.976685 -1.324900e-02
1164556494.976807 -1.047355e-02
1164556494.976929 -8.812979e-03
1164556494.977051 -9.566910e-03
1164556494.977173 -7.633921e-03
1164556494.977295 -2.087738e-03
1164556494.977417 4.877593e-03
1164556494.977539 1.258368e-02
1164556494.977661 1.776216e-02
1164556494.977783 1.661218e-02
1164556494.977905 8.861948e-03
1164556494.978027 7.625516e-05
1164556494.978149 -4.844834e-03
1164556494.978271 -5.401093e-03
1164556494.978394 -5.532437e-03
1164556494.978516 -5.943963e-03
1164556494.978638 -5.731214e-03
1164556494.978760 -5.084074e-03
1164556494.978882 -5.150512e-03
1164556494.979004 -4.952477e-03
1164556494.979126 -4.174496e-03
1164556494.979248 -2.164517e-03
1164556494.979370 1.529284e-03
1164556494.979492 7.404871e-03
1164556494.979614 1.185761e-02
1164556494.979736 1.268998e-02
1164556494.979858 9.649352e-03
1164556494.979980 3.549015e-03
1164556494.980103 -2.794419e-03
1164556494.980225 -5.511580e-03
1164556494.980347 -6.486695e-03
1164556494.980469 -6.893864e-03
1164556494.980591 -7.577865e-03
1164556494.980713 -6.370938e-03
1164556494.980835 -3.576672e-03
1164556494.980957 -1.239948e-03
1164556494.981079 -1.005730e-04
1164556494.981201 2.172151e-03
1164556494.981323 5.386336e-03
1164556494.981445 6.881607e-03
1164556494.981567 6.041832e-03
1164556494.981689 5.025684e-03
1164556494.981812 2.463414e-03
1164556494.981934 -1.910728e-03
1164556494.982056 -3.870566e-03
1164556494.982178 -7.903494e-04
1164556494.982300 2.512299e-03
1164556494.982422 1.905854e-03
1164556494.982544 -1.836162e-03
1164556494.982666 -4.782311e-03
1164556494.982788 -6.528168e-03
1164556494.982910 -7.295865e-03
1164556494.983032 -6.285250e-03
1164556494.983154 -3.555514e-03
1164556494.983276 2.802573e-04
1164556494.983398 5.194826e-03
1164556494.983521 9.504346e-03
1164556494.983643 1.092535e-02
1164556494.983765 8.961846e-03
1164556494.983887 4.800949e-03
1164556494.984009 1.132761e-03
1164556494.984131 -8.277796e-04
1164556494.984253 -3.226018e-03
1164556494.984375 -6.009522e-03
1164556494.984497 -8.814985e-03
1164556494.984619 -1.014286e-02
1164556494.984741 -8.418265e-03
1164556494.984863 -3.974837e-03
1164556494.984985 2.598805e-05
1164556494.985107 2.699785e-03
1164556494.985229 5.172005e-03
1164556494.985352 7.873704e-03
1164556494.985474 8.318859e-03
1164556494.985596 6.910184e-03
1164556494.985718 5.478181e-03
1164556494.985840 3.846124e-03
1164556494.985962 9.552353e-04
1164556494.986084 -2.209893e-03
1164556494.986206 -4.971067e-03
1164556494.986328 -7.068743e-03
1164556494.986450 -9.358525e-03
1164556494.986572 -9.777032e-03
1164556494.986694 -7.255252e-03
1164556494.986816 -2.544875e-03
1164556494.986938 2.427796e-03
1164556494.987061 5.672317e-03
1164556494.987183 7.526631e-03
1164556494.987305 8.303486e-03
1164556494.987427 7.082582e-03
1164556494.987549 5.952850e-03
1164556494.987671 3.717041e-03
1164556494.987793 7.199639e-04
1164556494.987915 -2.319228e-03
1164556494.988037 -4.266369e-03
1164556494.988159 -5.982643e-03
1164556494.988281 -7.236317e-03
1164556494.988403 -6.826410e-03
1164556494.988525 -4.957011e-03
1164556494.988647 -2.408299e-03
1164556494.988770 6.853333e-04
1164556494.988892 2.112828e-03
1164556494.989014 2.510700e-03
1164556494.989136 3.368505e-03
1164556494.989258 5.720228e-03
1164556494.989380 7.070338e-03
1164556494.989502 5.864458e-03
1164556494.989624 3.688573e-03
1164556494.989746 8.404661e-04
1164556494.989868 -2.629695e-03
1164556494.989990 -4.488200e-03
1164556494.990112 -4.700233e-03
1164556494.990234 -4.014027e-03
1164556494.990356 -4.915007e-03
1164556494.990479 -5.419873e-03
1164556494.990601 -3.360274e-03
1164556494.990723 4.295788e-04
1164556494.990845 1.305730e-03
1164556494.990967 4.011595e-04
1164556494.991089 8.834715e-04
1164556494.991211 3.815868e-03
1164556494.991333 7.352174e-03
1164556494.991455 8.208711e-03
1164556494.991577 6.096757e-03
1164556494.991699 3.267111e-03
1164556494.991821 -2.481341e-05
1164556494.991943 -2.933648e-03
1164556494.992065 -4.740564e-03
1164556494.992188 -6.008822e-03
1164556494.992310 -7.517917e-03
1164556494.992432 -7.758170e-03
1164556494.992554 -7.171003e-03
1164556494.992676 -5.196214e-03
1164556494.992798 -1.645138e-03
1164556494.992920 2.155786e-03
1164556494.993042 6.359228e-03
1164556494.993164 1.098105e-02
1164556494.993286 1.475126e-02
1164556494.993408 1.505939e-02
1164556494.993530 9.304561e-03
1164556494.993652 -1.615633e-04
1164556494.993774 -8.593971e-03
1164556494.993896 -1.256278e-02
1164556494.994019 -1.319951e-02
1164556494.994141 -1.180507e-02
1164556494.994263 -9.723881e-03
1164556494.994385 -5.650927e-03
1164556494.994507 -4.384381e-04
1164556494.994629 4.630086e-03
1164556494.994751 8.185934e-03
1164556494.994873 9.729050e-03
1164556494.994995 1.006457e-02
1164556494.995117 8.949174e-03
1164556494.995239 6.558460e-03
1164556494.995361 4.248119e-03
1164556494.995483 1.095136e-03
1164556494.995605 -3.801320e-03
1164556494.995728 -8.348584e-03
1164556494.995850 -1.095917e-02
1164556494.995972 -1.095912e-02
1164556494.996094 -8.364062e-03
1164556494.996216 -4.887422e-03
1164556494.996338 -1.765828e-03
1164556494.996460 9.004876e-04
1164556494.996582 4.603029e-03
1164556494.996704 8.226917e-03
1164556494.996826 1.062709e-02
1164556494.996948 1.007428e-02
1164556494.997070 7.762245e-03
1164556494.997192 4.843147e-03
1164556494.997314 2.004595e-03
1164556494.997437 -2.093664e-03
1164556494.997559 -7.524773e-03
1164556494.997681 -1.217148e-02
1164556494.997803 -1.307513e-02
1164556494.997925 -1.000088e-02
1164556494.998047 -4.642117e-03
1164556494.998169 7.667149e-04
1164556494.998291 4.804675e-03
1164556494.998413 6.608604e-03
1164556494.998535 7.889481e-03
1164556494.998657 8.465342e-03
1164556494.998779 7.316350e-03
1164556494.998901 4.200795e-03
1164556494.999023 7.648449e-04
1164556494.999146 -2.021999e-03
1164556494.999268 -3.464395e-03
1164556494.999390 -4.158087e-03
1164556494.999512 -4.814710e-03
1164556494.999634 -5.126408e-03
1164556494.999756 -4.444238e-03
1164556494.999878 -3.762454e-03
1164556495.000000 -2.262466e-03
1164556495.000122 1.741471e-04
1164556495.000244 2.689412e-03
1164556495.000366 4.189975e-03
1164556495.000488 5.211860e-03
1164556495.000610 4.597848e-03
1164556495.000732 2.808590e-03
1164556495.000854 1.605770e-03
1164556495.000977 1.548112e-03
1164556495.001099 3.588554e-04
1164556495.001221 -1.205183e-03
1164556495.001343 -2.237043e-03
1164556495.001465 -2.804011e-03
1164556495.001587 -3.442016e-03
1164556495.001709 -4.321489e-03
1164556495.001831 -4.614318e-03
1164556495.001953 -2.416479e-03
1164556495.002075 5.890997e-04
1164556495.002197 2.523814e-03
1164556495.002319 3.172607e-03
1164556495.002441 3.538654e-03
1164556495.002563 3.311185e-03
1164556495.002686 2.891428e-03
1164556495.002808 1.434672e-03
1164556495.002930 -4.329523e-04
1164556495.003052 -7.974681e-04
1164556495.003174 2.827811e-04
1164556495.003296 6.028855e-04
1164556495.003418 -1.740629e-04
1164556495.003540 -1.629276e-03
1164556495.003662 -3.037667e-03
1164556495.003784 -4.368908e-03
1164556495.003906 -4.863878e-03
1164556495.004028 -3.476755e-03
1164556495.004150 -9.333814e-05
1164556495.004272 3.068673e-03
1164556495.004395 4.266414e-03
1164556495.004517 3.863203e-03
1164556495.004639 3.647857e-03
1164556495.004761 3.089503e-03
1164556495.004883 1.562224e-03
1164556495.005005 -6.124451e-04
1164556495.005127 -1.211181e-03
1164556495.005249 -1.054203e-04
1164556495.005371 5.608572e-04
1164556495.005493 -7.052586e-04
1164556495.005615 -2.429526e-03
1164556495.005737 -3.317093e-03
1164556495.005859 -4.933796e-03
1164556495.005981 -6.541442e-03
1164556495.006104 -4.625960e-03
1164556495.006226 -3.362702e-04
1164556495.006348 3.797948e-03
1164556495.006470 6.832437e-03
1164556495.006592 8.308301e-03
1164556495.006714 7.478473e-03
1164556495.006836 4.468122e-03
1164556495.006958 1.556792e-03
1164556495.007080 -9.549097e-05
1164556495.007202 -1.680219e-03
1164556495.007324 -4.123418e-03
1164556495.007446 -7.565779e-03
1164556495.007568 -9.315384e-03
1164556495.007690 -8.431985e-03
1164556495.007812 -4.727782e-03
1164556495.007935 -1.973801e-04
1164556495.008057 3.617905e-03
1164556495.008179 6.428404e-03
1164556495.008301 8.777706e-03
1164556495.008423 9.572447e-03
1164556495.008545 7.837398e-03
1164556495.008667 3.129246e-03
1164556495.008789 -2.217332e-03
1164556495.008911 -6.055370e-03
1164556495.009033 -6.968382e-03
1164556495.009155 -4.584894e-03
1164556495.009277 -2.558887e-03
1164556495.009399 -2.222482e-03
1164556495.009521 -2.289845e-03
1164556495.009644 -1.861506e-03
1164556495.009766 -6.160713e-04
1164556495.009888 5.349092e-04
1164556495.010010 1.739091e-03
1164556495.010132 3.359829e-03
1164556495.010254 4.880211e-03
1164556495.010376 4.814242e-03
1164556495.010498 4.241444e-03
1164556495.010620 3.076154e-03
1164556495.010742 2.233135e-04
1164556495.010864 -3.861857e-03
1164556495.010986 -5.503824e-03
1164556495.011108 -4.151820e-03
1164556495.011230 -2.156161e-03
1164556495.011353 -1.865331e-03
1164556495.011475 -1.574054e-03
1164556495.011597 -5.513299e-04
1164556495.011719 1.718954e-04
1164556495.011841 6.368900e-04
1164556495.011963 1.680486e-03
1164556495.012085 1.700848e-03
1164556495.012207 1.796877e-03
1164556495.012329 2.305355e-03
1164556495.012451 2.438863e-03
1164556495.012573 2.161557e-03
1164556495.012695 1.565557e-03
1164556495.012817 9.147247e-04
1164556495.012939 -4.522497e-04
1164556495.013062 -1.863122e-03
1164556495.013184 -2.046172e-03
1164556495.013306 -2.682655e-03
1164556495.013428 -4.623563e-03
1164556495.013550 -5.862364e-03
1164556495.013672 -4.522210e-03
1164556495.013794 -1.306315e-03
1164556495.013916 1.977455e-03
1164556495.014038 4.387293e-03
1164556495.014160 6.773941e-03
1164556495.014282 8.449060e-03
1164556495.014404 7.391271e-03
1164556495.014526 3.442683e-03
1164556495.014648 -1.176120e-03
1164556495.014771 -4.984308e-03
1164556495.014893 -7.057002e-03
1164556495.015015 -6.724623e-03
1164556495.015137 -4.458463e-03
1164556495.015259 -1.933076e-03
1164556495.015381 -1.503484e-04
1164556495.015503 4.596956e-04
1164556495.015625 7.062156e-04
1164556495.015747 8.344812e-04
1164556495.015869 1.385505e-03
1164556495.015991 2.995009e-03
1164556495.016113 4.062084e-03
1164556495.016235 4.302071e-03
1164556495.016357 4.288549e-03
1164556495.016479 2.473836e-03
1164556495.016602 -5.803431e-04
1164556495.016724 -3.208485e-03
1164556495.016846 -4.632802e-03
1164556495.016968 -5.174928e-03
1164556495.017090 -4.496098e-03
1164556495.017212 -3.153256e-03
1164556495.017334 -1.122220e-03
1164556495.017456 4.972415e-04
1164556495.017578 1.527572e-03
1164556495.017700 2.382849e-03
1164556495.017822 2.724871e-03
1164556495.017944 2.858885e-03
1164556495.018066 3.356818e-03
1164556495.018188 3.349784e-03
1164556495.018311 2.190013e-03
1164556495.018433 4.918952e-04
1164556495.018555 -1.224626e-03
1164556495.018677 -2.608611e-03
1164556495.018799 -3.591649e-03
1164556495.018921 -3.720254e-03
1164556495.019043 -2.485340e-03
1164556495.019165 -1.602644e-03
1164556495.019287 -1.495286e-03
1164556495.019409 -6.818858e-04
1164556495.019531 1.121757e-03
1164556495.019653 2.331359e-03
1164556495.019775 1.855357e-03
1164556495.019897 1.319045e-03
1164556495.020020 1.525312e-03
1164556495.020142 2.277740e-03
1164556495.020264 3.340506e-03
1164556495.020386 3.771850e-03
1164556495.020508 2.842995e-03
1164556495.020630 -2.912175e-05
1164556495.020752 -4.856879e-03
1164556495.020874 -8.082931e-03
1164556495.020996 -6.925030e-03
1164556495.021118 -3.717426e-03
1164556495.021240 -1.003815e-03
1164556495.021362 7.687699e-04
1164556495.021484 2.577362e-03
1164556495.021606 3.840899e-03
1164556495.021729 3.977484e-03
1164556495.021851 3.654780e-03
1164556495.021973 3.116010e-03
1164556495.022095 2.475355e-03
1164556495.022217 2.059880e-03
1164556495.022339 9.951118e-04
1164556495.022461 -1.346239e-03
1164556495.022583 -4.575995e-03
1164556495.022705 -6.470147e-03
1164556495.022827 -5.635766e-03
1164556495.022949 -2.925116e-03
1164556495.023071 -3.444756e-05
1164556495.023193 1.477487e-03
1164556495.023315 1.179211e-03
1164556495.023438 1.920229e-03
1164556495.023560 3.975125e-03
1164556495.023682 4.177063e-03
1164556495.023804 2.191767e-03
1164556495.023926 5.876418e-04
1164556495.024048 -2.481966e-04
1164556495.024170 -7.278979e-04
1164556495.024292 -9.895638e-04
1164556495.024414 -8.772530e-04
1164556495.024536 -5.939100e-04
1164556495.024658 -1.035817e-03
1164556495.024780 -1.916479e-03
1164556495.024902 -2.032100e-03
1164556495.025024 -1.632979e-03
1164556495.025146 -8.059983e-04
1164556495.025269 -3.831521e-04
1164556495.025391 -4.530969e-04
1164556495.025513 -1.612016e-04
1164556495.025635 9.879929e-04
1164556495.025757 2.604627e-03
1164556495.025879 4.144329e-03
1164556495.026001 4.720927e-03
1164556495.026123 4.236277e-03
1164556495.026245 2.190761e-03
1164556495.026367 -1.086731e-03
1164556495.026489 -5.375659e-03
1164556495.026611 -7.484763e-03
1164556495.026733 -6.082946e-03
1164556495.026855 -2.823285e-03
1164556495.026978 5.743960e-04
1164556495.027100 3.096461e-03
1164556495.027222 2.939690e-03
1164556495.027344 8.286739e-04
1164556495.027466 -5.368494e-04
1164556495.027588 9.146276e-05
1164556495.027710 1.669489e-03
1164556495.027832 2.952505e-03
1164556495.027954 3.547988e-03
1164556495.028076 3.652749e-03
1164556495.028198 2.654189e-03
1164556495.028320 3.464284e-05
1164556495.028442 -3.383369e-03
1164556495.028564 -5.869502e-03
1164556495.028687 -6.327253e-03
1164556495.028809 -4.498526e-03
1164556495.028931 -1.858148e-03
1164556495.029053 -2.925458e-04
1164556495.029175 -1.481792e-04
1164556495.029297 7.706348e-04
1164556495.029419 3.452156e-03
1164556495.029541 6.106111e-03
1164556495.029663 6.422536e-03
1164556495.029785 5.042003e-03
1164556495.029907 2.903059e-03
1164556495.030029 5.641278e-04
1164556495.030151 -1.659480e-03
1164556495.030273 -4.442358e-03
1164556495.030396 -6.878899e-03
1164556495.030518 -7.093544e-03
1164556495.030640 -5.852736e-03
1164556495.030762 -3.683261e-03
1164556495.030884 -7.002727e-04
1164556495.031006 2.959908e-03
1164556495.031128 5.653969e-03
1164556495.031250 7.041098e-03
1164556495.031372 6.900792e-03
1164556495.031494 5.183072e-03
1164556495.031616 2.009093e-03
1164556495.031738 -1.325419e-03
1164556495.031860 -3.836857e-03
1164556495.031982 -5.265593e-03
1164556495.032104 -5.161924e-03
1164556495.032227 -4.014574e-03
1164556495.032349 -1.993713e-03
1164556495.032471 2.603562e-04
1164556495.032593 1.456092e-03
1164556495.032715 1.802863e-03
1164556495.032837 2.358046e-03
1164556495.032959 2.789115e-03
1164556495.033081 2.358171e-03
1164556495.033203 5.842359e-04
1164556495.033325 -1.176162e-03
1164556495.033447 -2.301289e-03
1164556495.033569 -2.324102e-03
1164556495.033691 -1.345082e-03
1164556495.033813 4.458148e-04
1164556495.033936 2.794850e-03
1164556495.034058 4.146823e-03
1164556495.034180 3.686103e-03
1164556495.034302 1.266362e-03
1164556495.034424 -2.025496e-03
1164556495.034546 -4.613537e-03
1164556495.034668 -5.109590e-03
1164556495.034790 -4.587870e-03
1164556495.034912 -3.569258e-03
1164556495.035034 -1.586497e-03
1164556495.035156 1.534387e-03
1164556495.035278 4.637997e-03
1164556495.035400 5.898498e-03
1164556495.035522 5.283200e-03
1164556495.035645 3.989947e-03
1164556495.035767 2.440683e-03
1164556495.035889 8.571355e-04
1164556495.036011 -6.661915e-04
1164556495.036133 -2.557708e-03
1164556495.036255 -4.525039e-03
1164556495.036377 -6.542767e-03
1164556495.036499 -7.580348e-03
1164556495.036621 -6.083252e-03
1164556495.036743 -2.062637e-03
1164556495.036865 3.120163e-03
1164556495.036987 6.795330e-03
1164556495.037109 7.790346e-03
1164556495.037231 6.859232e-03
1164556495.037354 4.601990e-03
1164556495.037476 1.794188e-03
1164556495.037598 -1.073271e-03
1164556495.037720 -3.768092e-03
1164556495.037842 -4.688314e-03
1164556495.037964 -3.475024e-03
1164556495.038086 -1.693847e-03
1164556495.038208 -1.086801e-03
1164556495.038330 -1.917412e-03
1164556495.038452 -2.663843e-03
1164556495.038574 -1.796459e-03
1164556495.038696 2.029709e-04
1164556495.038818 2.381621e-03
1164556495.038940 3.609113e-03
1164556495.039062 3.515009e-03
1164556495.039185 3.112110e-03
1164556495.039307 2.541381e-03
1164556495.039429 1.388574e-03
1164556495.039551 1.633706e-04
1164556495.039673 -1.031721e-03
1164556495.039795 -1.871707e-03
1164556495.039917 -2.420478e-03
1164556495.040039 -2.778677e-03
1164556495.040161 -2.518511e-03
1164556495.040283 -2.014830e-03
1164556495.040405 -1.695949e-03
1164556495.040527 -1.464628e-03
1164556495.040649 -8.500498e-04
1164556495.040771 1.303461e-03
1164556495.040894 3.813518e-03
1164556495.041016 4.798004e-03
1164556495.041138 3.919532e-03
1164556495.041260 2.354325e-03
1164556495.041382 8.307376e-04
1164556495.041504 -4.508284e-04
1164556495.041626 -1.817219e-03
1164556495.041748 -2.411931e-03
1164556495.041870 -2.445599e-03
1164556495.041992 -2.249057e-03
1164556495.042114 -2.022231e-03
1164556495.042236 -1.896897e-03
1164556495.042358 -1.583813e-03
1164556495.042480 -4.787403e-04
1164556495.042603 1.034494e-03
1164556495.042725 1.911292e-03
1164556495.042847 2.139984e-03
1164556495.042969 2.037419e-03
1164556495.043091 2.293602e-03
1164556495.043213 2.260686e-03
1164556495.043335 1.448463e-03
1164556495.043457 4.993108e-04
1164556495.043579 -1.929355e-04
1164556495.043701 -6.319692e-04
1164556495.043823 -1.595510e-03
1164556495.043945 -2.363438e-03
1164556495.044067 -2.886679e-03
1164556495.044189 -3.113955e-03
1164556495.044312 -2.950089e-03
1164556495.044434 -2.281282e-03
1164556495.044556 -1.072154e-03
1164556495.044678 1.068217e-03
1164556495.044800 3.136143e-03
1164556495.044922 5.089947e-03
1164556495.045044 6.208513e-03
1164556495.045166 5.886282e-03
1164556495.045288 3.551409e-03
1164556495.045410 3.272620e-04
1164556495.045532 -3.254928e-03
1164556495.045654 -6.705685e-03
1164556495.045776 -8.332638e-03
1164556495.045898 -6.317577e-03
1164556495.046021 -1.878872e-03
1164556495.046143 1.838377e-03
1164556495.046265 3.326868e-03
1164556495.046387 2.515650e-03
1164556495.046509 1.390225e-03
1164556495.046631 1.570300e-03
1164556495.046753 1.833182e-03
1164556495.046875 1.691940e-03
1164556495.046997 1.768387e-03
1164556495.047119 2.137820e-03
1164556495.047241 1.824681e-03
1164556495.047363 2.649849e-04
1164556495.047485 -2.123443e-03
1164556495.047607 -4.139609e-03
1164556495.047729 -4.526648e-03
1164556495.047852 -2.873962e-03
1164556495.047974 -5.860439e-04
1164556495.048096 4.489825e-04
1164556495.048218 8.773651e-05
1164556495.048340 -2.196729e-04
1164556495.048462 3.516348e-04
1164556495.048584 1.548179e-03
1164556495.048706 2.563097e-03
1164556495.048828 3.197010e-03
1164556495.048950 3.207698e-03
1164556495.049072 2.168189e-03
1164556495.049194 4.553502e-04
1164556495.049316 -5.998030e-04
1164556495.049438 -1.538841e-03
1164556495.049561 -2.757151e-03
1164556495.049683 -3.240121e-03
1164556495.049805 -2.717293e-03
1164556495.049927 -2.466296e-03
1164556495.050049 -2.182762e-03
1164556495.050171 -1.396128e-03
1164556495.050293 9.394288e-05
1164556495.050415 2.144668e-03
1164556495.050537 3.691804e-03
1164556495.050659 4.219574e-03
1164556495.050781 3.717750e-03
1164556495.050903 2.873440e-03
1164556495.051025 1.670963e-03
1164556495.051147 1.147379e-04
1164556495.051270 -1.610484e-03
1164556495.051392 -3.294141e-03
1164556495.051514 -4.176626e-03
1164556495.051636 -4.051384e-03
1164556495.051758 -3.205832e-03
1164556495.051880 -1.267544e-03
1164556495.052002 8.013410e-04
1164556495.052124 1.421590e-03
1164556495.052246 4.738502e-04
1164556495.052368 -1.833299e-06
1164556495.052490 1.951942e-03
1164556495.052612 4.455293e-03
1164556495.052734 4.825708e-03
1164556495.052856 3.534797e-03
1164556495.052979 1.580328e-03
1164556495.053101 -1.029315e-03
1164556495.053223 -3.223726e-03
1164556495.053345 -4.486550e-03
1164556495.053467 -4.927085e-03
1164556495.053589 -3.877025e-03
1164556495.053711 -1.588189e-03
1164556495.053833 5.078764e-04
1164556495.053955 1.489057e-03
1164556495.054077 1.326872e-03
1164556495.054199 9.594634e-04
1164556495.054321 1.315657e-03
1164556495.054443 2.535700e-03
1164556495.054565 3.688300e-03
1164556495.054688 3.075474e-03
1164556495.054810 1.174476e-03
