1164556494.759033 9.160568e-02
1164556494.759155 3.206028e-02
1164556494.759277 -2.543798e-02
1164556494.759399 -5.916673e-02
1164556494.759521 -6.158311e-02
1164556494.759644 -5.199779e-02
1164556494.759766 -3.919038e-02
1164556494.759888 -3.646930e-02
1164556494.760010 -3.385206e-02
1164556494.760132 -1.722986e-02
1164556494.760254 2.068731e-02
1164556494.760376 6.227535e-02
1164556494.760498 8.511249e-02
1164556494.760620 8.476319e-02
1164556494.760742 5.893412e-02
1164556494.760864 1.987556e-02
1164556494.760986 -9.085691e-03
1164556494.761108 -3.920871e-02
1164556494.761230 -6.554605e-02
1164556494.761353 -6.998023e-02
1164556494.761475 -5.217502e-02
1164556494.761597 -3.457475e-02
1164556494.761719 -1.601960e-02
1164556494.761841 1.576141e-03
1164556494.761963 2.534698e-02
1164556494.762085 3.983066e-02
1164556494.762207 4.420416e-02
1164556494.762329 3.940884e-02
1164556494.762451 2.129454e-02
1164556494.762573 -3.652994e-03
1164556494.762695 -8.612046e-03
1164556494.762817 8.616506e-04
1164556494.762939 2.093556e-03
1164556494.763062 -1.596357e-03
1164556494.763184 -1.072327e-02
1164556494.763306 -2.674457e-02
1164556494.763428 -2.396186e-02
1164556494.763550 -1.847771e-03
1164556494.763672 1.983563e-02
1164556494.763794 1.257038e-02
1164556494.763916 -1.349982e-02
1164556494.764038 -3.161505e-02
1164556494.764160 -2.807235e-02
1164556494.764282 -1.994472e-02
1164556494.764404 -1.557486e-02
1164556494.764526 2.369080e-03
1164556494.764648 3.780281e-02
1164556494.764771 6.519712e-02
1164556494.764893 8.058416e-02
1164556494.765015 7.149894e-02
1164556494.765137 3.361938e-02
1164556494.765259 -1.810615e-02
1164556494.765381 -6.360738e-02
1164556494.765503 -9.412029e-02
1164556494.765625 -8.908423e-02
1164556494.765747 -6.663995e-02
1164556494.765869 -3.736593e-02
1164556494.765991 1.648679e-03
1164556494.766113 3.430905e-02
1164556494.766235 4.207053e-02
1164556494.766357 4.363648e-02
1164556494.766479 4.648473e-02
1164556494.766602 6.300438e-02
1164556494.766724 7.393865e-02
1164556494.766846 6.241571e-02
1164556494.766968 2.306890e-02
1164556494.767090 -3.553113e-02
1164556494.767212 -8.716392e-02
1164556494.767334 -1.085709e-01
1164556494.767456 -9.684181e-02
1164556494.767578 -4.753311e-02
1164556494.767700 6.194888e-03
1164556494.767822 3.795027e-02
1164556494.767944 3.555645e-02
1164556494.768066 2.157626e-02
1164556494.768188 1.630588e-02
1164556494.768311 2.035591e-02
1164556494.768433 2.254933e-02
1164556494.768555 2.922482e-02
1164556494.768677 3.776138e-02
1164556494.768799 4.176136e-02
1164556494.768921 3.268549e-02
1164556494.769043 1.596561e-02
1164556494.769165 -2.211945e-02
1164556494.769287 -6.692342e-02
1164556494.769409 -7.907845e-02
1164556494.769531 -6.087014e-02
1164556494.769653 -4.245232e-02
1164556494.769775 -2.715140e-02
1164556494.769897 -2.149611e-02
1164556494.770020 -1.429584e-02
1164556494.770142 9.730414e-03
1164556494.770264 4.728054e-02
1164556494.770386 7.998159e-02
1164556494.770508 9.912417e-02
1164556494.770630 9.879348e-02
1164556494.770752 8.134564e-02
1164556494.770874 5.194393e-02
1164556494.770996 6.269392e-04
1164556494.771118 -7.176745e-02
1164556494.771240 -1.294286e-01
1164556494.771362 -1.589185e-01
1164556494.771484 -1.498471e-01
1164556494.771606 -1.008049e-01
1164556494.771729 -3.007801e-02
1164556494.771851 2.288956e-02
1164556494.771973 7.042752e-02
1164556494.772095 1.252628e-01
1164556494.772217 1.707693e-01
1164556494.772339 1.690464e-01
1164556494.772461 1.196738e-01
1164556494.772583 4.762234e-02
1164556494.772705 -1.958439e-02
1164556494.772827 -8.420449e-02
1164556494.772949 -1.378567e-01
1164556494.773071 -1.619442e-01
1164556494.773193 -1.486404e-01
1164556494.773315 -1.136006e-01
1164556494.773438 -6.067435e-02
1164556494.773560 2.777165e-03
1164556494.773682 6.839115e-02
1164556494.773804 1.156980e-01
1164556494.773926 1.375524e-01
1164556494.774048 1.371803e-01
1164556494.774170 1.144914e-01
1164556494.774292 7.117708e-02
1164556494.774414 1.235007e-02
1164556494.774536 -5.008068e-02
1164556494.774658 -8.664093e-02
1164556494.774780 -9.649228e-02
1164556494.774902 -9.588817e-02
1164556494.775024 -1.014028e-01
1164556494.775146 -9.779861e-02
1164556494.775269 -6.484083e-02
1164556494.775391 -2.755649e-03
1164556494.775513 5.777329e-02
1164556494.775635 9.666392e-02
1164556494.775757 1.070465e-01
1164556494.775879 1.070835e-01
1164556494.776001 9.477788e-02
1164556494.776123 6.021202e-02
1164556494.776245 2.656565e-03
1164556494.776367 -5.228145e-02
1164556494.776489 -8.036328e-02
1164556494.776611 -6.897706e-02
1164556494.776733 -4.934081e-02
1164556494.776855 -4.130235e-02
1164556494.776978 -5.048772e-02
1164556494.777100 -5.528466e-02
1164556494.777222 -3.377392e-02
1164556494.777344 6.274093e-03
1164556494.777466 4.223054e-02
1164556494.777588 7.971630e-02
1164556494.777710 9.036720e-02
1164556494.777832 7.114461e-02
1164556494.777954 4.152991e-02
1164556494.778076 2.217493e-02
1164556494.778198 -7.870039e-03
1164556494.778320 -5.016220e-02
1164556494.778442 -7.201894e-02
1164556494.778564 -5.826068e-02
1164556494.778687 -1.936771e-02
1164556494.778809 9.055765e-03
1164556494.778931 5.869125e-03
1164556494.779053 -5.686420e-03
1164556494.779175 -1.770083e-02
1164556494.779297 -2.053753e-02
1164556494.779419 -1.694257e-02
1164556494.779541 5.911513e-03
1164556494.779663 2.663620e-02
1164556494.779785 3.927606e-02
1164556494.779907 4.354795e-02
1164556494.780029 3.474180e-02
1164556494.780151 2.616940e-02
1164556494.780273 1.761171e-02
1164556494.780396 -1.367141e-03
1164556494.780518 -1.531698e-02
1164556494.780640 -2.000106e-02
1164556494.780762 -2.079676e-02
1164556494.780884 -3.216490e-02
1164556494.781006 -4.529202e-02
1164556494.781128 -4.824156e-02
1164556494.781250 -3.932298e-02
1164556494.781372 -2.146598e-02
1164556494.781494 3.743955e-03
1164556494.781616 1.915967e-02
1164556494.781738 3.207644e-02
1164556494.781860 5.316573e-02
1164556494.781982 7.302876e-02
1164556494.782104 6.748181e-02
1164556494.782227 5.402133e-02
1164556494.782349 4.070594e-02
1164556494.782471 1.087411e-02
1164556494.782593 -2.837582e-02
1164556494.782715 -6.849398e-02
1164556494.782837 -1.016321e-01
1164556494.782959 -1.180737e-01
1164556494.783081 -1.163512e-01
1164556494.783203 -8.185806e-02
1164556494.783325 -5.398055e-03
1164556494.783447 6.892062e-02
1164556494.783569 1.137177e-01
1164556494.783691 1.345414e-01
1164556494.783813 1.257910e-01
1164556494.783936 8.991863e-02
1164556494.784058 3.973553e-02
1164556494.784180 -8.262728e-03
1164556494.784302 -5.147490e-02
1164556494.784424 -7.300300e-02
1164556494.784546 -7.687242e-02
1164556494.784668 -8.164831e-02
1164556494.784790 -9.214680e-02
1164556494.784912 -8.724719e-02
1164556494.785034 -5.672401e-02
1164556494.785156 -5.741663e-03
1164556494.785278 4.762822e-02
1164556494.785400 9.797957e-02
1164556494.785522 1.192338e-01
1164556494.785645 1.080279e-01
1164556494.785767 7.709534e-02
1164556494.785889 3.271858e-02
1164556494.786011 -3.639833e-03
1164556494.786133 -3.090444e-02
1164556494.786255 -6.311125e-02
1164556494.786377 -7.383717e-02
1164556494.786499 -5.431928e-02
1164556494.786621 -2.031087e-02
1164556494.786743 -1.975484e-02
1164556494.786865 -4.505381e-02
1164556494.786987 -6.840518e-02
1164556494.787109 -5.333537e-02
1164556494.787231 -5.659818e-03
1164556494.787354 4.084939e-02
1164556494.787476 8.119012e-02
1164556494.787598 1.073904e-01
1164556494.787720 1.025456e-01
1164556494.787842 8.222033e-02
1164556494.787964 6.546624e-02
1164556494.788086 4.250417e-02
1164556494.788208 -1.650520e-02
1164556494.788330 -7.965027e-02
1164556494.788452 -1.265927e-01
1164556494.788574 -1.404366e-01
1164556494.788696 -1.269675e-01
1164556494.788818 -1.024979e-01
1164556494.788940 -6.884771e-02
1164556494.789062 -5.940319e-03
1164556494.789185 7.563994e-02
1164556494.789307 1.524987e-01
1164556494.789429 1.812815e-01
1164556494.789551 1.591520e-01
1164556494.789673 1.108191e-01
1164556494.789795 6.059256e-02
1164556494.789917 4.599694e-03
1164556494.790039 -6.032347e-02
1164556494.790161 -1.310795e-01
1164556494.790283 -1.719657e-01
1164556494.790405 -1.686360e-01
1164556494.790527 -1.292366e-01
1164556494.790649 -7.489687e-02
1164556494.790771 -1.056095e-02
1164556494.790894 5.768991e-02
1164556494.791016 1.178981e-01
1164556494.791138 1.475157e-01
1164556494.791260 1.480012e-01
1164556494.791382 1.191559e-01
1164556494.791504 7.541604e-02
1164556494.791626 2.333800e-02
1164556494.791748 -3.603250e-02
1164556494.791870 -8.833688e-02
1164556494.791992 -1.187806e-01
1164556494.792114 -1.269594e-01
1164556494.792236 -1.100092e-01
1164556494.792358 -6.328643e-02
1164556494.792480 9.331673e-03
1164556494.792603 5.948235e-02
1164556494.792725 5.820417e-02
1164556494.792847 2.949033e-02
1164556494.792969 1.872935e-02
1164556494.793091 2.798560e-02
1164556494.793213 3.667423e-02
1164556494.793335 3.151735e-02
1164556494.793457 3.565322e-02
1164556494.793579 4.691776e-02
1164556494.793701 4.244627e-02
1164556494.793823 1.252581e-02
1164556494.793945 -2.418367e-02
1164556494.794067 -7.108280e-02
1164556494.794189 -9.918025e-02
1164556494.794312 -8.414550e-02
1164556494.794434 -4.045356e-02
1164556494.794556 -1.421931e-02
1164556494.794678 -4.972740e-03
1164556494.794800 -8.900759e-03
1164556494.794922 -4.541251e-03
1164556494.795044 2.488546e-02
1164556494.795166 6.629536e-02
1164556494.795288 9.705817e-02
1164556494.795410 1.097474e-01
1164556494.795532 9.827563e-02
1164556494.795654 6.495142e-02
1164556494.795776 1.429396e-02
1164556494.795898 -5.897960e-02
1164556494.796021 -1.388754e-01
1164556494.796143 -1.632669e-01
1164556494.796265 -1.296793e-01
1164556494.796387 -7.040324e-02
1164556494.796509 -5.968391e-03
1164556494.796631 3.333669e-02
1164556494.796753 3.314859e-02
1164556494.796875 3.328788e-02
1164556494.796997 5.734246e-02
1164556494.797119 9.688179e-02
1164556494.797241 1.191082e-01
1164556494.797363 1.170236e-01
1164556494.797485 8.390353e-02
1164556494.797607 2.247273e-02
1164556494.797729 -5.455051e-02
1164556494.797852 -1.173922e-01
1164556494.797974 -1.458233e-01
1164556494.798096 -1.356422e-01
1164556494.798218 -1.101088e-01
1164556494.798340 -6.373568e-02
1164556494.798462 -1.289643e-02
1164556494.798584 3.839802e-02
1164556494.798706 7.806077e-02
1164556494.798828 9.375274e-02
1164556494.798950 9.520176e-02
1164556494.799072 9.527060e-02
1164556494.799194 8.950485e-02
1164556494.799316 7.160226e-02
1164556494.799438 2.744861e-02
1164556494.799561 -1.130806e-02
1164556494.799683 -5.055820e-02
1164556494.799805 -9.461898e-02
1164556494.799927 -1.251783e-01
1164556494.800049 -1.354374e-01
1164556494.800171 -1.272369e-01
1164556494.800293 -7.787435e-02
1164556494.800415 -7.723903e-03
1164556494.800537 6.492583e-02
1164556494.800659 1.145074e-01
1164556494.800781 1.213705e-01
1164556494.800903 1.044840e-01
1164556494.801025 1.087636e-01
1164556494.801147 1.047795e-01
1164556494.801270 6.071388e-02
1164556494.801392 -1.310658e-02
1164556494.801514 -7.879909e-02
1164556494.801636 -1.147773e-01
1164556494.801758 -1.253355e-01
1164556494.801880 -1.218593e-01
1164556494.802002 -1.010523e-01
1164556494.802124 -6.919433e-02
1164556494.802246 -2.785268e-02
1164556494.802368 2.142809e-02
1164556494.802490 8.910429e-02
1164556494.802612 1.327735e-01
1164556494.802734 1.349723e-01
1164556494.802856 1.153065e-01
1164556494.802979 7.157067e-02
1164556494.803101 1.183023e-02
1164556494.803223 -3.068502e-02
1164556494.803345 -5.187567e-02
1164556494.803467 -6.403957e-02
1164556494.803589 -6.711583e-02
1164556494.803711 -6.093175e-02
1164556494.803833 -6.612409e-02
1164556494.803955 -7.988680e-02
1164556494.804077 -8.348330e-02
1164556494.804199 -3.327001e-02
1164556494.804321 4.282860e-02
1164556494.804443 9.964509e-02
1164556494.804565 1.156848e-01
1164556494.804688 9.351184e-02
1164556494.804810 4.144609e-02
1164556494.804932 1.265114e-02
1164556494.805054 1.505609e-02
1164556494.805176 2.748256e-02
1164556494.805298 3.217393e-02
1164556494.805420 8.451681e-03
1164556494.805542 -4.481038e-02
1164556494.805664 -1.039164e-01
1164556494.805786 -1.395284e-01
1164556494.805908 -1.363249e-01
1164556494.806030 -1.032251e-01
1164556494.806152 -3.433495e-02
1164556494.806274 5.126649e-02
1164556494.806396 1.293800e-01
1164556494.806519 1.529276e-01
1164556494.806641 1.211369e-01
1164556494.806763 7.671795e-02
1164556494.806885 4.956675e-02
1164556494.807007 2.502534e-02
1164556494.807129 -1.427209e-02
1164556494.807251 -5.497502e-02
1164556494.807373 -6.593037e-02
1164556494.807495 -6.871254e-02
1164556494.807617 -8.316820e-02
1164556494.807739 -9.265143e-02
1164556494.807861 -9.326446e-02
1164556494.807983 -8.216015e-02
1164556494.808105 -2.636326e-02
1164556494.808228 5.152041e-02
1164556494.808350 1.215990e-01
1164556494.808472 1.570245e-01
1164556494.808594 1.468218e-01
1164556494.808716 1.008554e-01
1164556494.808838 4.944794e-02
1164556494.808960 2.484339e-03
1164556494.809082 -4.902514e-02
1164556494.809204 -1.082153e-01
1164556494.809326 -1.339228e-01
1164556494.809448 -1.211997e-01
1164556494.809570 -7.176469e-02
1164556494.809692 -2.612535e-02
1164556494.809814 -1.267923e-03
1164556494.809937 1.714826e-02
1164556494.810059 3.603731e-02
1164556494.810181 5.227078e-02
1164556494.810303 7.065176e-02
1164556494.810425 8.351650e-02
1164556494.810547 7.172976e-02
1164556494.810669 2.700164e-02
1164556494.810791 2.819677e-03
1164556494.810913 -7.205657e-03
1164556494.811035 -1.809403e-02
1164556494.811157 -3.588747e-02
1164556494.811279 -4.670814e-02
1164556494.811401 -3.035490e-02
1164556494.811523 -1.046046e-02
1164556494.811646 -3.145148e-02
1164556494.811768 -7.755551e-02
1164556494.811890 -1.041204e-01
1164556494.812012 -7.870698e-02
1164556494.812134 -1.810804e-03
1164556494.812256 1.011096e-01
1164556494.812378 1.546204e-01
1164556494.812500 1.524084e-01
1164556494.812622 1.091978e-01
1164556494.812744 5.154870e-02
1164556494.812866 -1.492398e-03
1164556494.812988 -3.983584e-02
1164556494.813110 -8.388643e-02
1164556494.813232 -1.100129e-01
1164556494.813354 -9.679942e-02
1164556494.813477 -6.870776e-02
1164556494.813599 -5.315930e-02
1164556494.813721 -4.511360e-02
1164556494.813843 -3.315375e-02
1164556494.813965 1.386566e-03
1164556494.814087 5.220575e-02
1164556494.814209 1.063947e-01
1164556494.814331 1.447664e-01
1164556494.814453 1.491868e-01
1164556494.814575 9.128103e-02
1164556494.814697 1.471113e-03
1164556494.814819 -6.635440e-02
1164556494.814941 -8.625611e-02
1164556494.815063 -8.670656e-02
1164556494.815186 -8.264040e-02
1164556494.815308 -6.870779e-02
1164556494.815430 -4.530983e-02
1164556494.815552 -3.146428e-02
1164556494.815674 -1.345991e-02
1164556494.815796 2.912858e-04
1164556494.815918 2.991693e-02
1164556494.816040 6.877774e-02
1164556494.816162 9.939512e-02
1164556494.816284 8.446587e-02
1164556494.816406 4.274803e-02
1164556494.816528 1.388726e-03
1164556494.816650 -2.518776e-02
1164556494.816772 -3.425227e-02
1164556494.816895 -1.766419e-02
1164556494.817017 8.432861e-03
1164556494.817139 2.170204e-02
1164556494.817261 1.174836e-04
1164556494.817383 -4.125864e-02
1164556494.817505 -8.589958e-02
1164556494.817627 -1.069811e-01
1164556494.817749 -8.959639e-02
1164556494.817871 -4.623218e-02
1164556494.817993 6.234784e-03
1164556494.818115 6.791349e-02
1164556494.818237 1.105871e-01
1164556494.818359 1.275946e-01
1164556494.818481 1.274885e-01
1164556494.818604 1.125070e-01
1164556494.818726 6.898496e-02
1164556494.818848 4.035728e-03
1164556494.818970 -6.283543e-02
1164556494.819092 -1.210248e-01
1164556494.819214 -1.536630e-01
1164556494.819336 -1.504599e-01
1164556494.819458 -1.197754e-01
1164556494.819580 -7.753410e-02
1164556494.819702 -5.122620e-02
1164556494.819824 -7.103230e-03
1164556494.819946 7.859375e-02
1164556494.820068 1.709283e-01
1164556494.820190 2.097112e-01
1164556494.820312 1.963531e-01
1164556494.820435 1.510763e-01
1164556494.820557 7.539708e-02
1164556494.820679 -3.024209e-02
1164556494.820801 -1.290074e-01
1164556494.820923 -1.938131e-01
1164556494.821045 -2.153194e-01
1164556494.821167 -1.766443e-01
1164556494.821289 -8.602327e-02
1164556494.821411 -4.475281e-03
1164556494.821533 2.709542e-02
1164556494.821655 4.158002e-02
1164556494.821777 6.410314e-02
1164556494.821899 9.227040e-02
1164556494.822021 1.254177e-01
1164556494.822144 1.389740e-01
1164556494.822266 1.190560e-01
1164556494.822388 7.466088e-02
1164556494.822510 3.049014e-02
1164556494.822632 -1.190937e-02
1164556494.822754 -6.164844e-02
1164556494.822876 -1.250144e-01
1164556494.822998 -1.796678e-01
1164556494.823120 -1.986267e-01
1164556494.823242 -1.567132e-01
1164556494.823364 -7.261013e-02
1164556494.823486 2.274321e-02
1164556494.823608 7.859965e-02
1164556494.823730 1.018097e-01
1164556494.823853 1.248031e-01
1164556494.823975 1.575240e-01
1164556494.824097 1.772812e-01
1164556494.824219 1.753521e-01
1164556494.824341 1.078352e-01
1164556494.824463 3.640932e-05
1164556494.824585 -1.011012e-01
1164556494.824707 -1.638874e-01
1164556494.824829 -2.143397e-01
1164556494.824951 -2.417582e-01
1164556494.825073 -2.143690e-01
1164556494.825195 -1.203998e-01
1164556494.825317 5.546876e-03
1164556494.825439 1.169345e-01
1164556494.825562 1.910410e-01
1164556494.825684 2.112760e-01
1164556494.825806 1.820889e-01
1164556494.825928 1.320577e-01
1164556494.826050 8.996737e-02
1164556494.826172 4.753833e-02
1164556494.826294 -8.400005e-03
1164556494.826416 -7.947723e-02
1164556494.826538 -1.529206e-01
1164556494.826660 -1.794963e-01
1164556494.826782 -1.540220e-01
1164556494.826904 -1.170986e-01
1164556494.827026 -1.032377e-01
1164556494.827148 -6.698786e-02
1164556494.827271 2.398265e-02
1164556494.827393 1.251735e-01
1164556494.827515 1.630943e-01
1164556494.827637 1.434366e-01
1164556494.827759 1.150523e-01
1164556494.827881 1.064993e-01
1164556494.828003 9.985506e-02
1164556494.828125 7.553314e-02
1164556494.828247 1.011924e-02
1164556494.828369 -8.005062e-02
1164556494.828491 -1.701497e-01
1164556494.828613 -2.121946e-01
1164556494.828735 -2.083953e-01
1164556494.828857 -1.505951e-01
1164556494.828979 -7.428483e-02
1164556494.829102 4.227700e-04
1164556494.829224 8.285380e-02
1164556494.829346 1.723872e-01
1164556494.829468 2.233960e-01
1164556494.829590 2.014450e-01
1164556494.829712 1.234438e-01
1164556494.829834 4.519323e-02
1164556494.829956 -1.048327e-02
1164556494.830078 -4.670354e-02
1164556494.830200 -9.417563e-02
1164556494.830322 -1.426161e-01
1164556494.830444 -1.688785e-01
1164556494.830566 -1.435346e-01
1164556494.830688 -8.126011e-02
1164556494.830811 -8.036487e-03
1164556494.830933 4.815388e-02
1164556494.831055 8.847602e-02
1164556494.831177 1.012991e-01
1164556494.831299 9.566632e-02
1164556494.831421 7.236533e-02
1164556494.831543 2.893689e-02
1164556494.831665 -4.871906e-03
1164556494.831787 -3.738534e-04
1164556494.831909 6.368310e-03
1164556494.832031 5.036413e-03
1164556494.832153 -5.379909e-03
1164556494.832275 -2.632218e-02
1164556494.832397 -5.055667e-02
1164556494.832520 -4.365486e-02
1164556494.832642 -2.337694e-02
1164556494.832764 -3.056397e-02
1164556494.832886 -5.426510e-02
1164556494.833008 -5.462921e-02
1164556494.833130 -4.536932e-02
1164556494.833252 -1.373937e-02
1164556494.833374 3.570763e-02
1164556494.833496 7.778439e-02
1164556494.833618 9.016365e-02
1164556494.833740 9.075841e-02
1164556494.833862 9.320925e-02
1164556494.833984 9.252425e-02
1164556494.834106 6.672525e-02
1164556494.834229 1.576757e-02
1164556494.834351 -3.971487e-02
1164556494.834473 -9.210720e-02
1164556494.834595 -1.585557e-01
1164556494.834717 -2.224357e-01
1164556494.834839 -2.233019e-01
1164556494.834961 -1.439469e-01
1164556494.835083 -3.035977e-02
1164556494.835205 1.104287e-01
1164556494.835327 2.292229e-01
1164556494.835449 2.745900e-01
1164556494.835571 2.345744e-01
1164556494.835693 1.537609e-01
1164556494.835815 6.393088e-02
1164556494.835938 -1.081346e-02
1164556494.836060 -8.563842e-02
1164556494.836182 -1.419390e-01
1164556494.836304 -1.724578e-01
1164556494.836426 -1.778869e-01
1164556494.836548 -1.776554e-01
1164556494.836670 -1.507991e-01
1164556494.836792 -9.507241e-02
1164556494.836914 -6.252655e-03
1164556494.837036 1.066781e-01
1164556494.837158 2.076918e-01
1164556494.837280 2.402447e-01
1164556494.837402 1.988827e-01
1164556494.837524 1.299660e-01
1164556494.837646 6.107972e-02
1164556494.837769 1.580389e-03
1164556494.837891 -2.325098e-02
1164556494.838013 -6.216152e-02
1164556494.838135 -1.365162e-01
1164556494.838257 -2.010594e-01
1164556494.838379 -2.076111e-01
1164556494.838501 -1.751904e-01
1164556494.838623 -1.253126e-01
1164556494.838745 -4.257324e-02
1164556494.838867 7.914580e-02
1164556494.838989 1.887405e-01
1164556494.839111 2.470683e-01
1164556494.839233 2.424171e-01
1164556494.839355 1.718983e-01
1164556494.839478 4.740036e-02
1164556494.839600 -5.885650e-02
1164556494.839722 -8.358463e-02
1164556494.839844 -5.105423e-02
1164556494.839966 -4.331344e-02
1164556494.840088 -8.828068e-02
1164556494.840210 -1.457026e-01
1164556494.840332 -1.636296e-01
1164556494.840454 -1.328771e-01
1164556494.840576 -6.136377e-02
1164556494.840698 5.239767e-03
1164556494.840820 6.627770e-02
1164556494.840942 1.118663e-01
1164556494.841064 1.475824e-01
1164556494.841187 1.580063e-01
1164556494.841309 1.453497e-01
1164556494.841431 1.095097e-01
1164556494.841553 4.622030e-02
1164556494.841675 -3.036186e-02
1164556494.841797 -6.865925e-02
1164556494.841919 -7.849966e-02
1164556494.842041 -9.493268e-02
1164556494.842163 -1.400809e-01
1164556494.842285 -1.709990e-01
1164556494.842407 -1.472927e-01
1164556494.842529 -7.766820e-02
1164556494.842651 -1.464933e-02
1164556494.842773 5.113153e-02
1164556494.842896 1.203356e-01
1164556494.843018 1.660200e-01
1164556494.843140 1.693614e-01
1164556494.843262 1.573486e-01
1164556494.843384 1.326254e-01
1164556494.843506 6.837031e-02
1164556494.843628 -9.809319e-03
1164556494.843750 -3.820812e-02
1164556494.843872 -5.283512e-02
1164556494.843994 -1.173833e-01
1164556494.844116 -2.059240e-01
1164556494.844238 -2.508722e-01
1164556494.844360 -2.289431e-01
1164556494.844482 -1.476314e-01
1164556494.844604 -2.724986e-02
1164556494.844727 1.017055e-01
1164556494.844849 1.951405e-01
1164556494.844971 2.590359e-01
1164556494.845093 2.969863e-01
1164556494.845215 2.727538e-01
1164556494.845337 1.797860e-01
1164556494.845459 6.217765e-02
1164556494.845581 -5.936842e-02
1164556494.845703 -1.780682e-01
1164556494.845825 -2.781810e-01
1164556494.845947 -3.348357e-01
1164556494.846069 -3.143233e-01
1164556494.846191 -2.110022e-01
1164556494.846313 -6.119162e-02
1164556494.846436 7.712199e-02
1164556494.846558 1.680716e-01
1164556494.846680 2.092171e-01
1164556494.846802 2.221739e-01
1164556494.846924 2.487649e-01
1164556494.847046 2.430309e-01
1164556494.847168 1.601683e-01
1164556494.847290 4.317889e-02
1164556494.847412 -6.862990e-02
1164556494.847534 -1.653980e-01
1164556494.847656 -2.393177e-01
1164556494.847778 -2.665323e-01
1164556494.847900 -2.369068e-01
1164556494.848022 -1.658434e-01
1164556494.848145 -6.556163e-02
1164556494.848267 3.819430e-02
1164556494.848389 9.892873e-02
1164556494.848511 1.088301e-01
1164556494.848633 1.348398e-01
1164556494.848755 1.691932e-01
1164556494.848877 1.870216e-01
1164556494.848999 1.677893e-01
1164556494.849121 1.576663e-01
1164556494.849243 1.164881e-01
1164556494.849365 -7.413169e-03
1164556494.849487 -1.610960e-01
1164556494.849609 -2.615519e-01
1164556494.849731 -2.911807e-01
1164556494.849854 -2.909244e-01
1164556494.849976 -2.232026e-01
1164556494.850098 -7.735009e-02
1164556494.850220 9.110414e-02
1164556494.850342 1.923780e-01
1164556494.850464 1.930340e-01
1164556494.850586 1.667130e-01
1164556494.850708 1.630314e-01
1164556494.850830 2.037409e-01
1164556494.850952 2.179067e-01
1164556494.851074 1.339249e-01
1164556494.851196 -3.121301e-02
1164556494.851318 -2.096031e-01
1164556494.851440 -3.139785e-01
1164556494.851562 -2.958813e-01
1164556494.851685 -1.949810e-01
1164556494.851807 -8.086444e-02
1164556494.851929 9.130125e-03
1164556494.852051 6.061039e-02
1164556494.852173 1.035525e-01
1164556494.852295 1.320923e-01
1164556494.852417 9.892264e-02
1164556494.852539 2.295818e-02
1164556494.852661 4.624431e-03
1164556494.852783 9.206215e-02
1164556494.852905 1.831229e-01
1164556494.853027 1.832065e-01
1164556494.853149 8.410982e-02
1164556494.853271 -5.746034e-02
1164556494.853394 -1.821068e-01
1164556494.853516 -2.227316e-01
1164556494.853638 -1.787599e-01
1164556494.853760 -1.109478e-01
1164556494.853882 -9.124831e-02
1164556494.854004 -1.049128e-01
1164556494.854126 -7.226054e-02
1164556494.854248 9.272075e-03
1164556494.854370 9.251417e-02
1164556494.854492 1.611982e-01
1164556494.854614 2.172357e-01
1164556494.854736 2.847855e-01
1164556494.854858 2.985682e-01
1164556494.854980 2.025179e-01
1164556494.855103 1.082005e-02
1164556494.855225 -1.926127e-01
1164556494.855347 -3.341636e-01
1164556494.855469 -3.609316e-01
1164556494.855591 -2.771357e-01
1164556494.855713 -1.315139e-01
1164556494.855835 -1.936871e-02
1164556494.855957 1.156484e-02
1164556494.856079 2.832279e-02
1164556494.856201 9.828506e-02
1164556494.856323 1.984648e-01
1164556494.856445 2.371447e-01
1164556494.856567 1.916096e-01
1164556494.856689 1.364109e-01
1164556494.856812 1.142426e-01
1164556494.856934 8.660430e-02
1164556494.857056 1.795491e-02
1164556494.857178 -8.887066e-02
1164556494.857300 -2.076014e-01
1164556494.857422 -2.802520e-01
1164556494.857544 -2.739870e-01
1164556494.857666 -1.899942e-01
1164556494.857788 -1.079364e-01
1164556494.857910 -6.000081e-02
1164556494.858032 -2.551278e-02
1164556494.858154 7.598399e-02
1164556494.858276 2.449649e-01
1164556494.858398 3.535399e-01
1164556494.858521 3.213284e-01
1164556494.858643 2.307138e-01
1164556494.858765 1.508165e-01
1164556494.858887 5.287858e-02
1164556494.859009 -6.978175e-02
1164556494.859131 -1.789582e-01
1164556494.859253 -2.818868e-01
1164556494.859375 -3.688257e-01
1164556494.859497 -3.905791e-01
1164556494.859619 -3.012153e-01
1164556494.859741 -1.160112e-01
1164556494.859863 8.581434e-02
1164556494.859985 2.138180e-01
1164556494.860107 2.996261e-01
1164556494.860229 3.745789e-01
1164556494.860352 3.765722e-01
1164556494.860474 2.374879e-01
1164556494.860596 5.869488e-02
1164556494.860718 -4.734771e-02
1164556494.860840 -7.322695e-02
1164556494.860962 -1.080542e-01
1164556494.861084 -1.770421e-01
1164556494.861206 -2.574945e-01
1164556494.861328 -3.209614e-01
1164556494.861450 -3.211689e-01
1164556494.861572 -2.386187e-01
1164556494.861694 -8.757755e-02
1164556494.861816 1.193920e-01
1164556494.861938 3.205613e-01
1164556494.862061 4.034405e-01
1164556494.862183 3.517065e-01
1164556494.862305 2.394547e-01
1164556494.862427 1.153462e-01
1164556494.862549 -3.098877e-03
1164556494.862671 -8.735660e-02
1164556494.862793 -8.637743e-02
1164556494.862915 -7.192221e-02
1164556494.863037 -1.204334e-01
1164556494.863159 -2.236411e-01
1164556494.863281 -3.225348e-01
1164556494.863403 -3.365764e-01
1164556494.863525 -2.282488e-01
1164556494.863647 -4.480599e-02
1164556494.863770 1.532966e-01
1164556494.863892 3.293329e-01
1164556494.864014 4.114803e-01
1164556494.864136 3.583792e-01
1164556494.864258 2.089320e-01
1164556494.864380 4.138150e-02
1164556494.864502 -6.231435e-02
1164556494.864624 -7.908903e-02
1164556494.864746 -3.694883e-02
1164556494.864868 -3.073490e-02
1164556494.864990 -9.608530e-02
1164556494.865112 -2.193210e-01
1164556494.865234 -3.557689e-01
1164556494.865356 -4.090021e-01
1164556494.865479 -2.828854e-01
1164556494.865601 -1.768207e-02
1164556494.865723 2.158895e-01
1164556494.865845 3.540286e-01
1164556494.865967 4.306762e-01
1164556494.866089 4.093173e-01
1164556494.866211 2.346744e-01
1164556494.866333 1.610742e-02
1164556494.866455 -8.768417e-02
1164556494.866577 -7.785117e-02
1164556494.866699 -2.303329e-02
1164556494.866821 -3.675919e-02
1164556494.866943 -1.571640e-01
1164556494.867065 -3.239050e-01
1164556494.867188 -4.143168e-01
1164556494.867310 -3.741436e-01
1164556494.867432 -2.281283e-01
1164556494.867554 3.031144e-03
1164556494.867676 2.564959e-01
1164556494.867798 4.101631e-01
1164556494.867920 4.268399e-01
1164556494.868042 3.884682e-01
1164556494.868164 3.282886e-01
1164556494.868286 1.609582e-01
1164556494.868408 -6.600990e-02
1164556494.868530 -1.766512e-01
1164556494.868652 -1.613831e-01
1164556494.868774 -1.975884e-01
1164556494.868896 -3.162028e-01
1164556494.869019 -4.061449e-01
1164556494.869141 -3.601192e-01
1164556494.869263 -2.254708e-01
1164556494.869385 -4.368946e-02
1164556494.869507 1.644132e-01
1164556494.869629 3.244776e-01
1164556494.869751 3.865248e-01
1164556494.869873 3.638869e-01
1164556494.869995 3.152950e-01
1164556494.870117 2.447495e-01
1164556494.870239 1.207216e-01
1164556494.870361 -5.272580e-02
1164556494.870483 -2.072854e-01
1164556494.870605 -2.529201e-01
1164556494.870728 -2.275900e-01
1164556494.870850 -2.322776e-01
1164556494.870972 -3.020383e-01
1164556494.871094 -3.109451e-01
1164556494.871216 -2.114277e-01
1164556494.871338 -6.210473e-02
1164556494.871460 8.805080e-02
1164556494.871582 2.412037e-01
1164556494.871704 3.727954e-01
1164556494.871826 4.310198e-01
1164556494.871948 4.037800e-01
1164556494.872070 3.060031e-01
1164556494.872192 1.828646e-01
1164556494.872314 -8.956257e-03
1164556494.872437 -2.552080e-01
1164556494.872559 -4.122199e-01
1164556494.872681 -3.789356e-01
1164556494.872803 -2.615570e-01
1164556494.872925 -2.437089e-01
1164556494.873047 -2.650467e-01
1164556494.873169 -2.129317e-01
1164556494.873291 -8.068517e-02
1164556494.873413 5.713440e-02
1164556494.873535 2.499959e-01
1164556494.873657 4.625497e-01
1164556494.873779 5.666308e-01
1164556494.873901 5.491508e-01
1164556494.874023 4.264214e-01
1164556494.874146 1.676363e-01
1164556494.874268 -1.919272e-01
1164556494.874390 -4.756444e-01
1164556494.874512 -5.681286e-01
1164556494.874634 -4.971616e-01
1164556494.874756 -3.231796e-01
1164556494.874878 -1.424070e-01
1164556494.875000 -6.028004e-02
1164556494.875122 -7.674563e-02
1164556494.875244 -5.073864e-02
1164556494.875366 5.791672e-02
1164556494.875488 2.423482e-01
1164556494.875610 4.497215e-01
1164556494.875732 6.025102e-01
1164556494.875854 6.039928e-01
1164556494.875977 4.146969e-01
1164556494.876099 7.445518e-02
1164556494.876221 -2.885749e-01
1164556494.876343 -5.285484e-01
1164556494.876465 -5.724074e-01
1164556494.876587 -4.439155e-01
1164556494.876709 -2.673193e-01
1164556494.876831 -1.713570e-01
1164556494.876953 -1.507912e-01
1164556494.877075 -1.440234e-01
1164556494.877197 -5.999191e-02
1164556494.877319 7.150465e-02
1164556494.877441 2.615921e-01
1164556494.877563 5.685066e-01
1164556494.877686 8.304917e-01
1164556494.877808 7.653539e-01
1164556494.877930 4.534293e-01
1164556494.878052 7.277001e-02
1164556494.878174 -3.662351e-01
1164556494.878296 -7.386383e-01
1164556494.878418 -8.092072e-01
1164556494.878540 -6.177342e-01
1164556494.878662 -4.287137e-01
1164556494.878784 -3.095369e-01
1164556494.878906 -1.347975e-01
1164556494.879028 7.861503e-02
1164556494.879150 2.311934e-01
1164556494.879272 3.941719e-01
1164556494.879395 5.980542e-01
1164556494.879517 6.999393e-01
1164556494.879639 7.059896e-01
1164556494.879761 5.792380e-01
1164556494.879883 2.376035e-01
1164556494.880005 -2.426279e-01
1164556494.880127 -6.425793e-01
1164556494.880249 -8.202148e-01
1164556494.880371 -7.926728e-01
1164556494.880493 -5.948903e-01
1164556494.880615 -2.728354e-01
1164556494.880737 -3.687299e-02
1164556494.880859 -1.923807e-02
1164556494.880981 3.576535e-02
1164556494.881104 3.221622e-01
1164556494.881226 6.117859e-01
1164556494.881348 6.844593e-01
1164556494.881470 5.954882e-01
1164556494.881592 5.197229e-01
1164556494.881714 3.995731e-01
1164556494.881836 8.065488e-02
1164556494.881958 -3.382886e-01
1164556494.882080 -6.191695e-01
1164556494.882202 -7.618169e-01
1164556494.882324 -7.474432e-01
1164556494.882446 -5.013667e-01
1164556494.882568 -1.966265e-01
1164556494.882690 -5.267364e-02
1164556494.882812 -3.425406e-02
1164556494.882935 4.617236e-02
1164556494.883057 3.053137e-01
1164556494.883179 6.187952e-01
1164556494.883301 7.864937e-01
1164556494.883423 7.163497e-01
1164556494.883545 4.616478e-01
1164556494.883667 2.202606e-01
1164556494.883789 6.358194e-02
1164556494.883911 -2.070230e-01
1164556494.884033 -5.876220e-01
1164556494.884155 -8.257219e-01
1164556494.884277 -8.235449e-01
1164556494.884399 -6.523000e-01
1164556494.884521 -3.552842e-01
1164556494.884644 -6.531811e-02
1164556494.884766 1.224284e-01
1164556494.884888 1.879308e-01
1164556494.885010 3.276964e-01
1164556494.885132 6.582994e-01
1164556494.885254 8.869101e-01
1164556494.885376 7.707506e-01
1164556494.885498 4.814754e-01
1164556494.885620 2.265701e-01
1164556494.885742 1.539587e-02
1164556494.885864 -2.202064e-01
1164556494.885986 -5.195645e-01
1164556494.886108 -8.154569e-01
1164556494.886230 -1.022085e+00
1164556494.886353 -9.410907e-01
1164556494.886475 -5.198637e-01
1164556494.886597 -8.988645e-02
1164556494.886719 1.440675e-01
1164556494.886841 2.852124e-01
1164556494.886963 4.825934e-01
1164556494.887085 6.897551e-01
1164556494.887207 9.195837e-01
1164556494.887329 1.035227e+00
1164556494.887451 8.816573e-01
1164556494.887573 5.102947e-01
1164556494.887695 8.322451e-02
1164556494.887817 -3.161347e-01
1164556494.887939 -7.771904e-01
1164556494.888062 -1.245647e+00
1164556494.888184 -1.547559e+00
1164556494.888306 -1.468973e+00
1164556494.888428 -9.215292e-01
1164556494.888550 -1.328783e-01
1164556494.888672 4.766505e-01
1164556494.888794 7.890571e-01
1164556494.888916 1.042917e+00
1164556494.889038 1.217152e+00
1164556494.889160 1.293693e+00
1164556494.889282 1.275695e+00
1164556494.889404 1.082280e+00
1164556494.889526 5.842692e-01
1164556494.889648 -1.865009e-01
1164556494.889771 -9.938714e-01
1164556494.889893 -1.607745e+00
1164556494.890015 -1.933370e+00
1164556494.890137 -1.974758e+00
1164556494.890259 -1.632135e+00
1164556494.890381 -8.766517e-01
1164556494.890503 1.411404e-01
1164556494.890625 9.924367e-01
1164556494.890747 1.383178e+00
1164556494.890869 1.587685e+00
1164556494.890991 1.799611e+00
1164556494.891113 1.917639e+00
1164556494.891235 1.727687e+00
1164556494.891357 1.226744e+00
1164556494.891479 4.107632e-01
1164556494.891602 -6.540821e-01
1164556494.891724 -1.881555e+00
1164556494.891846 -2.915840e+00
1164556494.891968 -3.280658e+00
1164556494.892090 -2.991661e+00
1164556494.892212 -2.196165e+00
1164556494.892334 -9.524026e-01
1164556494.892456 6.985251e-01
1164556494.892578 2.410681e+00
1164556494.892700 3.648796e+00
1164556494.892822 4.299376e+00
1164556494.892944 4.155279e+00
1164556494.893066 2.905160e+00
1164556494.893188 9.599447e-01
1164556494.893311 -1.009072e+00
1164556494.893433 -2.743126e+00
1164556494.893555 -3.999103e+00
1164556494.893677 -4.574142e+00
1164556494.893799 -4.393455e+00
1164556494.893921 -3.406454e+00
1164556494.894043 -1.593057e+00
1164556494.894165 7.102372e-01
1164556494.894287 2.733822e+00
1164556494.894409 4.103841e+00
1164556494.894531 4.743200e+00
1164556494.894653 4.551022e+00
1164556494.894775 3.421515e+00
1164556494.894897 1.820555e+00
1164556494.895020 2.746532e-01
1164556494.895142 -1.460356e+00
1164556494.895264 -3.288100e+00
1164556494.895386 -4.615085e+00
1164556494.895508 -5.027861e+00
1164556494.895630 -4.624006e+00
1164556494.895752 -3.427529e+00
1164556494.895874 -1.563865e+00
1164556494.895996 7.766569e-01
1164556494.896118 3.309331e+00
1164556494.896240 5.232224e+00
1164556494.896362 6.034728e+00
1164556494.896484 5.587124e+00
1164556494.896606 4.088135e+00
1164556494.896729 1.755516e+00
1164556494.896851 -8.240888e-01
1164556494.896973 -2.947759e+00
1164556494.897095 -4.587345e+00
1164556494.897217 -5.815922e+00
1164556494.897339 -6.092314e+00
1164556494.897461 -4.885689e+00
1164556494.897583 -2.802430e+00
1164556494.897705 -3.425551e-01
1164556494.897827 2.238018e+00
1164556494.897949 4.479738e+00
1164556494.898071 5.963119e+00
1164556494.898193 6.556009e+00
1164556494.898315 6.049584e+00
1164556494.898438 4.110118e+00
1164556494.898560 1.190480e+00
1164556494.898682 -1.918464e+00
1164556494.898804 -4.568783e+00
1164556494.898926 -6.320647e+00
1164556494.899048 -6.791149e+00
1164556494.899170 -6.232753e+00
1164556494.899292 -4.990759e+00
1164556494.899414 -2.594573e+00
1164556494.899536 8.664422e-01
1164556494.899658 4.311506e+00
1164556494.899780 6.563670e+00
1164556494.899902 7.596504e+00
1164556494.900024 7.549203e+00
1164556494.900146 6.165958e+00
1164556494.900269 3.428261e+00
1164556494.900391 -2.213834e-01
1164556494.900513 -4.090225e+00
1164556494.900635 -7.638003e+00
1164556494.900757 -9.788939e+00
1164556494.900879 -9.508797e+00
1164556494.901001 -6.718711e+00
1164556494.901123 -2.657281e+00
1164556494.901245 1.500236e+00
1164556494.901367 5.569380e+00
1164556494.901489 9.022280e+00
1164556494.901611 1.065943e+01
1164556494.901733 9.614126e+00
1164556494.901855 6.199803e+00
1164556494.901978 1.250814e+00
1164556494.902100 -3.861931e+00
1164556494.902222 -7.830538e+00
1164556494.902344 -1.003166e+01
1164556494.902466 -1.016270e+01
1164556494.902588 -8.087864e+00
1164556494.902710 -4.017252e+00
1164556494.902832 1.120485e+00
1164556494.902954 6.396679e+00
1164556494.903076 1.029292e+01
1164556494.903198 1.101796e+01
1164556494.903320 8.183047e+00
1164556494.903442 3.562517e+00
1164556494.903564 -1.179849e+00
1164556494.903687 -5.698009e+00
1164556494.903809 -8.953252e+00
1164556494.903931 -9.632367e+00
1164556494.904053 -7.139442e+00
1164556494.904175 -2.378872e+00
1164556494.904297 2.890791e+00
1164556494.904419 6.981116e+00
1164556494.904541 8.590762e+00
1164556494.904663 7.110824e+00
1164556494.904785 3.001479e+00
1164556494.904907 -1.711159e+00
1164556494.905029 -5.305755e+00
1164556494.905151 -7.210964e+00
1164556494.905273 -7.206207e+00
1164556494.905396 -4.302212e+00
1164556494.905518 1.467228e+00
1164556494.905640 7.115131e+00
1164556494.905762 9.515182e+00
1164556494.905884 7.738701e+00
1164556494.906006 2.411423e+00
1164556494.906128 -4.435612e+00
1164556494.906250 -9.227553e+00
1164556494.906372 -9.504746e+00
1164556494.906494 -5.229562e+00
1164556494.906616 1.881297e+00
1164556494.906738 7.902806e+00
1164556494.906860 8.438881e+00
1164556494.906982 2.625147e+00
1164556494.907104 -4.496737e+00
1164556494.907227 -6.265432e+00
1164556494.907349 -4.818073e-01
1164556494.907471 5.803827e+00
1164556494.907593 2.755081e+00
1164556494.907715 -3.109357e+00
1164556494.907837 -9.891320e-01
1164556494.907959 -3.285098e-01
1164556494.908081 -5.813771e-01
1164556494.908203 -4.395669e-01
1164556494.908325 -3.542764e-01
1164556494.908447 -1.190910e-01
1164556494.908569 4.145259e-02
1164556494.908691 -3.807901e-01
1164556494.908813 -3.222853e-01
1164556494.908936 4.228086e-01
1164556494.909058 1.156460e+00
1164556494.909180 1.247060e+00
1164556494.909302 7.193279e-01
1164556494.909424 -3.009808e-01
1164556494.909546 -8.223178e-01
1164556494.909668 -1.198654e-01
1164556494.909790 4.572819e-01
1164556494.909912 -8.410845e-02
1164556494.910034 -6.761627e-01
1164556494.910156 -4.834797e-01
1164556494.910278 -2.394042e-01
1164556494.910400 -2.552221e-01
1164556494.910522 -3.106514e-01
1164556494.910645 -2.202430e-01
1164556494.910767 -1.441658e-01
1164556494.910889 2.571954e-02
1164556494.911011 6.234840e-01
1164556494.911133 1.198700e+00
1164556494.911255 1.052423e+00
1164556494.911377 1.158827e-01
1164556494.911499 -5.956777e-01
1164556494.911621 -3.430966e-01
1164556494.911743 2.486317e-01
1164556494.911865 1.074409e-01
1164556494.911987 -5.504187e-01
1164556494.912109 -6.456386e-01
1164556494.912231 -4.757220e-01
1164556494.912354 -3.429880e-01
1164556494.912476 -1.744250e-01
1164556494.912598 -1.929923e-02
1164556494.912720 -6.983022e-02
1164556494.912842 -1.125869e-02
1164556494.912964 4.894432e-01
1164556494.913086 9.920511e-01
1164556494.913208 1.036006e+00
1164556494.913330 5.053122e-01
1164556494.913452 -1.953087e-01
1164556494.913574 -5.420374e-01
1164556494.913696 -2.558918e-01
1164556494.913818 4.634424e-02
1164556494.913940 -3.239184e-01
1164556494.914062 -8.038353e-01
1164556494.914185 -7.139823e-01
1164556494.914307 -2.606719e-01
1164556494.914429 -4.934302e-02
1164556494.914551 5.976053e-02
1164556494.914673 1.849871e-01
1164556494.914795 2.981948e-01
1164556494.914917 3.967623e-01
1164556494.915039 6.615010e-01
1164556494.915161 9.880830e-01
1164556494.915283 7.367975e-01
1164556494.915405 -9.494236e-02
1164556494.915527 -7.385577e-01
1164556494.915649 -6.066826e-01
1164556494.915771 -2.940390e-01
1164556494.915894 -3.577396e-01
1164556494.916016 -4.840002e-01
1164556494.916138 -4.078190e-01
1164556494.916260 -2.426737e-01
1164556494.916382 -1.227504e-01
1164556494.916504 1.733219e-01
1164556494.916626 3.246214e-01
1164556494.916748 3.089756e-01
1164556494.916870 4.544001e-01
1164556494.916992 7.501959e-01
1164556494.917114 8.146715e-01
1164556494.917236 4.977290e-01
1164556494.917358 -3.235732e-02
1164556494.917480 -6.876367e-01
1164556494.917603 -1.020594e+00
1164556494.917725 -7.384319e-01
1164556494.917847 -2.613898e-01
1164556494.917969 -1.542711e-01
1164556494.918091 -1.443536e-01
1164556494.918213 7.655262e-02
1164556494.918335 1.267230e-01
1164556494.918457 9.854764e-02
1164556494.918579 2.274783e-01
1164556494.918701 4.364507e-01
1164556494.918823 4.606765e-01
1164556494.918945 4.739707e-01
1164556494.919067 4.898129e-01
1164556494.919189 2.884624e-01
1164556494.919312 -2.096128e-01
1164556494.919434 -7.164922e-01
1164556494.919556 -8.287072e-01
1164556494.919678 -5.749049e-01
1164556494.919800 -1.240645e-01
1164556494.919922 9.163611e-02
1164556494.920044 7.906354e-02
1164556494.920166 1.250816e-01
1164556494.920288 9.016646e-02
1164556494.920410 -8.052619e-02
1164556494.920532 -2.409322e-02
1164556494.920654 3.628336e-01
1164556494.920776 5.278163e-01
1164556494.920898 4.685486e-01
1164556494.921021 3.655626e-01
1164556494.921143 1.693848e-01
1164556494.921265 -2.292343e-01
1164556494.921387 -6.054109e-01
1164556494.921509 -6.368765e-01
1164556494.921631 -4.222055e-01
1164556494.921753 -1.326049e-01
1164556494.921875 6.382360e-02
1164556494.921997 7.138157e-02
1164556494.922119 -1.541965e-02
1164556494.922241 2.745713e-02
1164556494.922363 7.407611e-02
1164556494.922485 3.417798e-02
1164556494.922607 2.592246e-01
1164556494.922729 5.900627e-01
1164556494.922852 6.000364e-01
1164556494.922974 2.403254e-01
1164556494.923096 -1.446964e-01
1164556494.923218 -3.979159e-01
1164556494.923340 -5.111423e-01
1164556494.923462 -4.885554e-01
1164556494.923584 -2.518453e-01
1164556494.923706 5.494988e-02
1164556494.923828 1.045921e-01
1164556494.923950 -1.398425e-02
1164556494.924072 -9.388944e-02
1164556494.924194 -3.768010e-02
1164556494.924316 6.277095e-02
1164556494.924438 9.218456e-02
1164556494.924561 2.043385e-01
1164556494.924683 4.335322e-01
1164556494.924805 5.486470e-01
1164556494.924927 3.201508e-01
1164556494.925049 -5.322150e-02
1164556494.925171 -3.640983e-01
1164556494.925293 -4.434934e-01
1164556494.925415 -3.394702e-01
1164556494.925537 -2.147843e-01
1164556494.925659 -1.388282e-01
1164556494.925781 -1.326837e-01
1164556494.925903 -1.347861e-01
1164556494.926025 -9.880973e-02
1164556494.926147 5.668429e-02
1164556494.926270 2.748614e-01
1164556494.926392 3.627307e-01
1164556494.926514 2.897486e-01
1164556494.926636 2.718920e-01
1164556494.926758 3.576163e-01
1164556494.926880 2.772260e-01
1164556494.927002 1.680928e-02
1164556494.927124 -3.278197e-01
1164556494.927246 -5.544460e-01
1164556494.927368 -5.238318e-01
1164556494.927490 -2.987634e-01
1164556494.927612 -1.193757e-01
1164556494.927734 -5.862321e-02
1164556494.927856 -8.412517e-03
1164556494.927979 8.560494e-02
1164556494.928101 2.317299e-01
1164556494.928223 3.628608e-01
1164556494.928345 3.909826e-01
1164556494.928467 2.336252e-01
1164556494.928589 4.365260e-02
1164556494.928711 4.947155e-02
1164556494.928833 1.001639e-01
1164556494.928955 1.849737e-02
1164556494.929077 -1.891997e-01
1164556494.929199 -3.868201e-01
1164556494.929321 -4.908049e-01
1164556494.929443 -3.421140e-01
1164556494.929565 -3.722126e-02
1164556494.929688 1.369098e-01
1164556494.929810 9.800660e-02
1164556494.929932 4.390539e-02
1164556494.930054 1.475207e-01
1164556494.930176 2.504118e-01
1164556494.930298 1.950968e-01
1164556494.930420 1.232798e-01
1164556494.930542 1.086325e-01
1164556494.930664 9.305921e-02
1164556494.930786 1.040655e-01
1164556494.930908 1.143157e-01
1164556494.931030 -1.027574e-02
1164556494.931152 -2.996226e-01
1164556494.931274 -5.667518e-01
1164556494.931396 -4.915125e-01
1164556494.931519 -1.670786e-01
1164556494.931641 8.685343e-02
1164556494.931763 1.659076e-01
1164556494.931885 1.549930e-01
1164556494.932007 1.263641e-01
1164556494.932129 1.828434e-01
1164556494.932251 2.634338e-01
1164556494.932373 2.585226e-01
1164556494.932495 1.985116e-01
1164556494.932617 1.503798e-01
1164556494.932739 7.496147e-02
1164556494.932861 -8.449455e-02
1164556494.932983 -2.984002e-01
1164556494.933105 -4.369721e-01
1164556494.933228 -4.895365e-01
1164556494.933350 -4.263190e-01
1164556494.933472 -1.045604e-01
1164556494.933594 3.106836e-01
1164556494.933716 4.249481e-01
1164556494.933838 2.323884e-01
1164556494.933960 4.363542e-02
1164556494.934082 4.354169e-02
1164556494.934204 1.077686e-01
1164556494.934326 1.202587e-01
1164556494.934448 1.456042e-01
1164556494.934570 2.200547e-01
1164556494.934692 1.340011e-01
1164556494.934814 -1.076505e-01
1164556494.934937 -3.058648e-01
1164556494.935059 -4.124477e-01
1164556494.935181 -4.465148e-01
1164556494.935303 -3.281225e-01
1164556494.935425 -4.851774e-02
1164556494.935547 2.272433e-01
1164556494.935669 3.335278e-01
1164556494.935791 2.741153e-01
1164556494.935913 1.391924e-01
1164556494.936035 -2.046500e-03
1164556494.936157 -1.081833e-02
1164556494.936279 1.637938e-01
1164556494.936401 2.540401e-01
1164556494.936523 1.911692e-01
1164556494.936646 8.301495e-02
1164556494.936768 -8.889309e-02
1164556494.936890 -3.637740e-01
1164556494.937012 -5.424501e-01
1164556494.937134 -4.533135e-01
1164556494.937256 -2.211176e-01
1164556494.937378 -8.899262e-03
1164556494.937500 2.176538e-01
1164556494.937622 4.016842e-01
1164556494.937744 3.465565e-01
1164556494.937866 1.414819e-01
1164556494.937988 4.671066e-02
1164556494.938110 5.854769e-02
1164556494.938232 9.418208e-02
1164556494.938354 1.201888e-01
1164556494.938477 9.514841e-02
1164556494.938599 -2.450521e-02
1164556494.938721 -1.927253e-01
1164556494.938843 -3.618130e-01
1164556494.938965 -4.183924e-01
1164556494.939087 -3.337327e-01
1164556494.939209 -1.282931e-01
1164556494.939331 1.138902e-01
1164556494.939453 2.836984e-01
1164556494.939575 3.188999e-01
1164556494.939697 2.478189e-01
1164556494.939819 1.529725e-01
1164556494.939941 9.016736e-02
1164556494.940063 3.938525e-02
1164556494.940186 -7.544382e-03
1164556494.940308 -2.905156e-02
1164556494.940430 -3.229685e-02
1164556494.940552 -7.368093e-02
1164556494.940674 -1.118347e-01
1164556494.940796 -1.618345e-01
1164556494.940918 -2.194801e-01
1164556494.941040 -2.170855e-01
1164556494.941162 -9.736804e-02
1164556494.941284 4.195044e-02
1164556494.941406 1.271118e-01
1164556494.941528 1.760175e-01
1164556494.941650 1.856146e-01
1164556494.941772 1.448030e-01
1164556494.941895 1.197965e-01
1164556494.942017 1.411250e-01
1164556494.942139 7.691141e-02
1164556494.942261 -7.176609e-02
1164556494.942383 -1.290944e-01
1164556494.942505 -7.746403e-02
1164556494.942627 -4.908276e-02
1164556494.942749 -1.233309e-01
1164556494.942871 -1.788475e-01
1164556494.942993 -1.716131e-01
1164556494.943115 -1.171344e-01
1164556494.943237 -5.044226e-02
1164556494.943359 5.425591e-02
1164556494.943481 1.638633e-01
1164556494.943604 2.065458e-01
1164556494.943726 1.826826e-01
1164556494.943848 1.368806e-01
1164556494.943970 1.231723e-01
1164556494.944092 8.811093e-02
1164556494.944214 -1.307951e-02
1164556494.944336 -1.041656e-01
1164556494.944458 -9.449529e-02
1164556494.944580 -4.628466e-02
1164556494.944702 -8.104501e-02
1164556494.944824 -1.857722e-01
1164556494.944946 -2.815786e-01
1164556494.945068 -2.685424e-01
1164556494.945190 -1.376936e-01
1164556494.945312 7.259261e-02
1164556494.945435 2.664682e-01
1164556494.945557 3.809853e-01
1164556494.945679 3.635093e-01
1164556494.945801 2.253306e-01
1164556494.945923 6.062155e-02
1164556494.946045 -4.367633e-02
1164556494.946167 -9.880327e-02
1164556494.946289 -1.649791e-01
1164556494.946411 -1.791112e-01
1164556494.946533 -9.868474e-02
1164556494.946655 -5.675809e-02
1164556494.946777 -1.582511e-01
1164556494.946899 -2.990247e-01
1164556494.947021 -2.576384e-01
1164556494.947144 -5.700568e-02
1164556494.947266 1.723181e-01
1164556494.947388 3.642098e-01
1164556494.947510 4.680390e-01
1164556494.947632 3.879914e-01
1164556494.947754 1.618209e-01
1164556494.947876 -5.987804e-02
1164556494.947998 -1.731548e-01
1164556494.948120 -2.075703e-01
1164556494.948242 -1.956514e-01
1164556494.948364 -1.487892e-01
1164556494.948486 -1.013922e-01
1164556494.948608 -8.337040e-02
1164556494.948730 -1.046260e-01
1164556494.948853 -1.504065e-01
1164556494.948975 -1.427519e-01
1164556494.949097 -3.004389e-03
1164556494.949219 2.335966e-01
1164556494.949341 3.620506e-01
1164556494.949463 3.305437e-01
1164556494.949585 2.270047e-01
1164556494.949707 1.000382e-01
1164556494.949829 -5.176589e-02
1164556494.949951 -1.620816e-01
1164556494.950073 -1.769728e-01
1164556494.950195 -1.464815e-01
1164556494.950317 -1.242253e-01
1164556494.950439 -1.192934e-01
1164556494.950562 -1.272856e-01
1164556494.950684 -1.462008e-01
1164556494.950806 -1.387956e-01
1164556494.950928 -5.823500e-02
1164556494.951050 8.702518e-02
1164556494.951172 2.611238e-01
1164556494.951294 3.722672e-01
1164556494.951416 3.576606e-01
1164556494.951538 2.158063e-01
1164556494.951660 3.670659e-02
1164556494.951782 -1.170708e-01
1164556494.951904 -2.265443e-01
1164556494.952026 -2.705587e-01
1164556494.952148 -2.455018e-01
1164556494.952271 -1.691586e-01
1164556494.952393 -7.515626e-02
1164556494.952515 -2.106910e-02
1164556494.952637 -6.244962e-03
1164556494.952759 4.464205e-02
1164556494.952881 1.274124e-01
1164556494.953003 1.684069e-01
1164556494.953125 1.754392e-01
1164556494.953247 1.563155e-01
1164556494.953369 1.044118e-01
1164556494.953491 4.250806e-03
1164556494.953613 -7.778855e-02
1164556494.953735 -8.977978e-02
1164556494.953857 -6.661984e-02
1164556494.953979 -5.400140e-02
1164556494.954102 -6.524825e-02
1164556494.954224 -8.576555e-02
1164556494.954346 -6.951035e-02
1164556494.954468 -2.856153e-02
1164556494.954590 -3.851745e-02
1164556494.954712 -8.103171e-02
1164556494.954834 -4.966611e-02
1164556494.954956 6.397918e-02
1164556494.955078 1.577182e-01
1164556494.955200 1.593731e-01
1164556494.955322 1.406173e-01
1164556494.955444 1.350033e-01
1164556494.955566 1.170735e-01
1164556494.955688 5.026509e-02
1164556494.955811 -4.648331e-02
1164556494.955933 -1.618787e-01
1164556494.956055 -2.494909e-01
1164556494.956177 -2.740340e-01
1164556494.956299 -1.960478e-01
1164556494.956421 -3.298103e-02
1164556494.956543 1.035466e-01
1164556494.956665 1.126278e-01
1164556494.956787 8.060239e-02
1164556494.956909 1.066892e-01
1164556494.957031 1.474150e-01
1164556494.957153 1.274079e-01
1164556494.957275 7.224986e-02
1164556494.957397 2.592774e-02
1164556494.957520 2.161694e-03
1164556494.957642 -6.238130e-03
1164556494.957764 -3.006077e-02
1164556494.957886 -9.638825e-02
1164556494.958008 -1.703635e-01
1164556494.958130 -2.077964e-01
1164556494.958252 -1.420156e-01
1164556494.958374 -4.631890e-03
1164556494.958496 1.073472e-01
1164556494.958618 9.549626e-02
1164556494.958740 1.536796e-02
1164556494.958862 -1.299135e-02
1164556494.958984 4.126912e-02
1164556494.959106 1.159859e-01
1164556494.959229 1.653460e-01
1164556494.959351 1.732152e-01
1164556494.959473 1.333530e-01
1164556494.959595 3.757006e-02
1164556494.959717 -9.533944e-02
1164556494.959839 -2.068502e-01
1164556494.959961 -2.708658e-01
1164556494.960083 -2.743289e-01
1164556494.960205 -1.950376e-01
1164556494.960327 -4.000867e-02
1164556494.960449 1.283818e-01
1164556494.960571 2.020499e-01
1164556494.960693 1.649454e-01
1164556494.960815 1.048445e-01
1164556494.960938 1.061339e-01
1164556494.961060 1.391320e-01
1164556494.961182 1.417944e-01
1164556494.961304 5.689736e-02
1164556494.961426 -6.017793e-02
1164556494.961548 -1.611361e-01
1164556494.961670 -2.186932e-01
1164556494.961792 -2.047766e-01
1164556494.961914 -1.367497e-01
1164556494.962036 -6.118996e-02
1164556494.962158 5.384159e-03
1164556494.962280 7.974581e-02
1164556494.962402 1.614098e-01
1164556494.962524 1.667771e-01
1164556494.962646 6.749708e-02
1164556494.962769 -4.079094e-02
1164556494.962891 -4.390150e-02
1164556494.963013 2.956073e-02
1164556494.963135 9.629831e-02
1164556494.963257 9.101596e-02
1164556494.963379 1.772367e-02
1164556494.963501 -8.100279e-02
1164556494.963623 -1.305695e-01
1164556494.963745 -1.024431e-01
1164556494.963867 -4.523343e-02
1164556494.963989 -6.498598e-03
1164556494.964111 -1.267333e-02
1164556494.964233 -3.854483e-02
1164556494.964355 -3.189749e-02
1164556494.964478 2.181897e-03
1164556494.964600 2.523938e-02
1164556494.964722 4.161017e-02
1164556494.964844 6.643002e-02
1164556494.964966 1.107456e-01
1164556494.965088 1.492075e-01
1164556494.965210 1.105491e-01
1164556494.965332 2.554542e-02
1164556494.965454 -5.232469e-02
1164556494.965576 -8.885340e-02
1164556494.965698 -1.215674e-01
1164556494.965820 -1.507715e-01
1164556494.965942 -1.198642e-01
1164556494.966064 -5.846611e-02
1164556494.966187 -2.539034e-02
1164556494.966309 -2.331967e-02
1164556494.966431 1.377689e-02
1164556494.966553 6.966218e-02
1164556494.966675 9.767155e-02
1164556494.966797 1.171907e-01
1164556494.966919 1.376036e-01
1164556494.967041 1.515860e-01
1164556494.967163 1.090767e-01
1164556494.967285 3.901789e-02
1164556494.967407 -4.938056e-02
1164556494.967529 -1.283559e-01
1164556494.967651 -1.707059e-01
1164556494.967773 -1.707679e-01
1164556494.967896 -1.685998e-01
1164556494.968018 -1.685253e-01
1164556494.968140 -1.248321e-01
1164556494.968262 -7.537072e-03
1164556494.968384 1.300300e-01
1164556494.968506 2.196971e-01
1164556494.968628 2.584852e-01
1164556494.968750 2.394084e-01
1164556494.968872 1.673852e-01
1164556494.968994 8.343989e-02
1164556494.969116 -9.132144e-03
1164556494.969238 -9.745673e-02
1164556494.969360 -1.686275e-01
1164556494.969482 -2.085915e-01
1164556494.969604 -2.173666e-01
1164556494.969727 -2.034302e-01
1164556494.969849 -1.678955e-01
1164556494.969971 -9.145095e-02
1164556494.970093 4.141148e-02
1164556494.970215 1.828696e-01
1164556494.970337 2.596029e-01
1164556494.970459 2.665378e-01
1164556494.970581 2.221251e-01
1164556494.970703 1.417603e-01
1164556494.970825 5.583367e-02
1164556494.970947 -2.311961e-02
1164556494.971069 -1.199859e-01
1164556494.971191 -2.068524e-01
1164556494.971313 -2.329892e-01
1164556494.971436 -1.950822e-01
1164556494.971558 -1.555579e-01
1164556494.971680 -1.190313e-01
1164556494.971802 -3.772237e-02
1164556494.971924 7.588766e-02
1164556494.972046 1.657222e-01
1164556494.972168 2.296535e-01
1164556494.972290 2.524523e-01
1164556494.972412 2.008564e-01
1164556494.972534 8.482093e-02
1164556494.972656 -2.400484e-02
1164556494.972778 -9.276388e-02
1164556494.972900 -1.447761e-01
1164556494.973022 -1.872846e-01
1164556494.973145 -1.686622e-01
1164556494.973267 -9.093978e-02
1164556494.973389 1.532516e-03
1164556494.973511 4.386315e-02
1164556494.973633 3.317021e-02
1164556494.973755 1.479816e-03
1164556494.973877 -9.756669e-03
1164556494.973999 8.229007e-03
1164556494.974121 7.163690e-02
1164556494.974243 1.317815e-01
1164556494.974365 1.342612e-01
1164556494.974487 6.997853e-02
1164556494.974609 -7.382196e-03
1164556494.974731 -4.895977e-02
1164556494.974854 -4.131002e-02
1164556494.974976 -3.354187e-02
1164556494.975098 -4.742841e-02
1164556494.975220 -8.623678e-02
1164556494.975342 -9.412658e-02
1164556494.975464 -7.552623e-02
1164556494.975586 -5.431825e-02
1164556494.975708 -3.555324e-02
1164556494.975830 1.131724e-02
1164556494.975952 7.717882e-02
1164556494.976074 1.285738e-01
1164556494.976196 1.474497e-01
1164556494.976318 1.328810e-01
1164556494.976440 6.654007e-02
1164556494.976562 -2.711921e-02
1164556494.976685 -8.116840e-02
1164556494.976807 -6.292705e-02
1164556494.976929 -3.426581e-02
1164556494.977051 -4.179768e-02
1164556494.977173 -6.984769e-02
1164556494.977295 -8.569181e-02
1164556494.977417 -9.043285e-02
1164556494.977539 -7.104718e-02
1164556494.977661 -1.161410e-02
1164556494.977783 6.222764e-02
1164556494.977905 1.068410e-01
1164556494.978027 1.416888e-01
1164556494.978149 1.420145e-01
1164556494.978271 9.047280e-02
1164556494.978394 1.022716e-02
1164556494.978516 -5.733610e-02
1164556494.978638 -9.147677e-02
1164556494.978760 -8.214408e-02
1164556494.978882 -4.706702e-02
1164556494.979004 -2.308505e-02
1164556494.979126 -3.005028e-02
1164556494.979248 -3.151778e-02
1164556494.979370 -2.076967e-02
1164556494.979492 -3.736665e-03
1164556494.979614 2.463006e-03
1164556494.979736 1.307612e-02
1164556494.979858 2.197501e-02
1164556494.979980 3.424507e-02
1164556494.980103 3.537302e-02
1164556494.980225 4.737816e-02
1164556494.980347 6.570252e-02
1164556494.980469 6.090404e-02
1164556494.980591 2.575138e-02
1164556494.980713 9.041508e-03
1164556494.980835 -1.960451e-02
1164556494.980957 -7.159154e-02
1164556494.981079 -1.158744e-01
1164556494.981201 -1.137069e-01
1164556494.981323 -7.332617e-02
1164556494.981445 -2.546131e-02
1164556494.981567 6.620879e-03
1164556494.981689 2.899441e-02
1164556494.981812 5.249583e-02
1164556494.981934 7.858558e-02
1164556494.982056 9.902168e-02
1164556494.982178 1.088585e-01
1164556494.982300 8.256513e-02
1164556494.982422 1.638543e-02
1164556494.982544 -4.729633e-02
1164556494.982666 -6.748194e-02
1164556494.982788 -7.872346e-02
1164556494.982910 -7.538905e-02
1164556494.983032 -5.251972e-02
1164556494.983154 -2.948985e-02
1164556494.983276 -2.178418e-02
1164556494.983398 -1.180564e-02
1164556494.983521 -1.049471e-02
1164556494.983643 -1.910403e-02
1164556494.983765 -8.354744e-03
1164556494.983887 4.489365e-02
1164556494.984009 9.428460e-02
1164556494.984131 1.182679e-01
1164556494.984253 1.041975e-01
1164556494.984375 5.947043e-02
1164556494.984497 1.539854e-02
1164556494.984619 -1.099641e-02
1164556494.984741 -4.686068e-02
1164556494.984863 -9.458191e-02
1164556494.984985 -1.396718e-01
1164556494.985107 -1.441359e-01
1164556494.985229 -1.059606e-01
1164556494.985352 -4.772022e-02
1164556494.985474 -6.012530e-03
1164556494.985596 3.426110e-02
1164556494.985718 9.191518e-02
1164556494.985840 1.697778e-01
1164556494.985962 2.077789e-01
1164556494.986084 1.729898e-01
1164556494.986206 7.754786e-02
1164556494.986328 -3.087938e-02
1164556494.986450 -1.183972e-01
1164556494.986572 -1.567114e-01
1164556494.986694 -1.438766e-01
1164556494.986816 -1.130637e-01
1164556494.986938 -9.118518e-02
1164556494.987061 -5.806081e-02
1164556494.987183 -1.353016e-02
1164556494.987305 5.352727e-02
1164556494.987427 9.970073e-02
1164556494.987549 1.036742e-01
1164556494.987671 7.587259e-02
1164556494.987793 7.525347e-02
1164556494.987915 9.239855e-02
1164556494.988037 6.969083e-02
1164556494.988159 -1.354079e-02
1164556494.988281 -8.705424e-02
1164556494.988403 -1.006838e-01
1164556494.988525 -7.045038e-02
1164556494.988647 -4.076368e-02
1164556494.988770 -2.050899e-02
1164556494.988892 -1.442815e-02
1164556494.989014 -1.662148e-02
1164556494.989136 -2.380188e-02
1164556494.989258 -2.086862e-02
1164556494.989380 -1.783682e-02
1164556494.989502 -1.420712e-03
1164556494.989624 3.163277e-02
1164556494.989746 7.148933e-02
1164556494.989868 1.126600e-01
1164556494.989990 1.367743e-01
1164556494.990112 1.096011e-01
1164556494.990234 2.311783e-02
1164556494.990356 -6.779423e-02
1164556494.990479 -1.092670e-01
1164556494.990601 -1.042112e-01
1164556494.990723 -9.800080e-02
1164556494.990845 -1.026290e-01
1164556494.990967 -9.035924e-02
1164556494.991089 -5.634211e-02
1164556494.991211 -3.207329e-04
1164556494.991333 5.953270e-02
1164556494.991455 1.054100e-01
1164556494.991577 1.081293e-01
1164556494.991699 1.107507e-01
1164556494.991821 1.172079e-01
1164556494.991943 1.132043e-01
1164556494.992065 7.547734e-02
1164556494.992188 -1.200377e-03
1164556494.992310 -1.084832e-01
1164556494.992432 -1.886875e-01
1164556494.992554 -2.087144e-01
1164556494.992676 -1.580695e-01
1164556494.992798 -7.543160e-02
1164556494.992920 5.323068e-03
1164556494.993042 6.120430e-02
1164556494.993164 9.621966e-02
1164556494.993286 1.127016e-01
1164556494.993408 1.175660e-01
1164556494.993530 1.035489e-01
1164556494.993652 6.735773e-02
1164556494.993774 2.417580e-02
1164556494.993896 8.001950e-03
1164556494.994019 -6.458958e-03
1164556494.994141 -4.405541e-02
1164556494.994263 -8.284273e-02
1164556494.994385 -1.085141e-01
1164556494.994507 -1.171626e-01
1164556494.994629 -9.282707e-02
1164556494.994751 -3.998018e-02
1164556494.994873 1.373485e-03
1164556494.994995 2.136417e-02
1164556494.995117 5.619844e-02
1164556494.995239 1.047937e-01
1164556494.995361 1.224195e-01
1164556494.995483 8.980355e-02
1164556494.995605 4.508716e-02
1164556494.995728 1.077381e-02
1164556494.995850 -1.327005e-02
1164556494.995972 -2.724865e-02
1164556494.996094 -2.429517e-02
1164556494.996216 -3.173660e-02
1164556494.996338 -5.215132e-02
1164556494.996460 -8.608111e-02
1164556494.996582 -1.068403e-01
1164556494.996704 -9.590129e-02
1164556494.996826 -5.702206e-02
1164556494.996948 5.090742e-03
1164556494.997070 7.529723e-02
1164556494.997192 1.182364e-01
1164556494.997314 1.218522e-01
1164556494.997437 1.045996e-01
1164556494.997559 8.351562e-02
1164556494.997681 5.185908e-02
1164556494.997803 2.265780e-02
1164556494.997925 -1.315429e-02
1164556494.998047 -6.011939e-02
1164556494.998169 -1.099238e-01
1164556494.998291 -1.505787e-01
1164556494.998413 -1.677028e-01
1164556494.998535 -1.304887e-01
1164556494.998657 -4.675084e-02
1164556494.998779 5.225517e-02
1164556494.998901 1.248098e-01
1164556494.999023 1.642871e-01
1164556494.999146 1.611240e-01
1164556494.999268 1.086747e-01
1164556494.999390 2.861355e-02
1164556494.999512 -2.780070e-02
1164556494.999634 -4.623519e-02
1164556494.999756 -3.282063e-02
1164556494.999878 -2.594783e-02
1164556495.000000 -4.004099e-02
1164556495.000122 -7.790610e-02
1164556495.000244 -8.835103e-02
1164556495.000366 -7.707705e-02
1164556495.000488 -5.669049e-02
1164556495.000610 -2.665028e-02
1164556495.000732 2.637167e-02
1164556495.000854 7.840233e-02
1164556495.000977 1.069318e-01
1164556495.001099 1.065059e-01
1164556495.001221 8.798073e-02
1164556495.001343 4.318834e-02
1164556495.001465 -8.077409e-03
1164556495.001587 -4.249242e-02
1164556495.001709 -3.932885e-02
1164556495.001831 -1.839041e-02
1164556495.001953 -1.605423e-02
1164556495.002075 -5.502227e-02
1164556495.002197 -9.083748e-02
1164556495.002319 -8.616632e-02
1164556495.002441 -4.821308e-02
1164556495.002563 4.383438e-03
1164556495.002686 4.743703e-02
1164556495.002808 5.252064e-02
1164556495.002930 4.640610e-02
1164556495.003052 5.050284e-02
1164556495.003174 5.858196e-02
1164556495.003296 5.467371e-02
1164556495.003418 4.489749e-02
1164556495.003540 1.839332e-02
1164556495.003662 1.043363e-02
1164556495.003784 7.970258e-03
1164556495.003906 -2.297842e-02
1164556495.004028 -8.679047e-02
1164556495.004150 -1.319890e-01
1164556495.004272 -1.337578e-01
1164556495.004395 -9.535213e-02
1164556495.004517 -3.971841e-02
1164556495.004639 1.594135e-02
1164556495.004761 8.082431e-02
1164556495.004883 1.398761e-01
1164556495.005005 1.552219e-01
1164556495.005127 1.433407e-01
1164556495.005249 9.114150e-02
1164556495.005371 1.014174e-02
1164556495.005493 -6.758340e-02
1164556495.005615 -9.648763e-02
1164556495.005737 -8.352519e-02
1164556495.005859 -6.797391e-02
1164556495.005981 -6.842577e-02
1164556495.006104 -7.664545e-02
1164556495.006226 -7.191391e-02
1164556495.006348 -3.968502e-02
1164556495.006470 -6.065102e-03
1164556495.006592 3.686461e-02
1164556495.006714 7.905118e-02
1164556495.006836 1.163905e-01
1164556495.006958 1.360485e-01
1164556495.007080 1.306691e-01
1164556495.007202 8.385803e-02
1164556495.007324 3.441252e-03
1164556495.007446 -7.430784e-02
1164556495.007568 -1.180448e-01
1164556495.007690 -1.246703e-01
1164556495.007812 -8.522436e-02
1164556495.007935 -5.385315e-02
1164556495.008057 -5.662448e-02
1164556495.008179 -5.411521e-02
1164556495.008301 -2.198542e-02
1164556495.008423 1.829372e-02
1164556495.008545 5.926443e-02
1164556495.008667 1.023880e-01
1164556495.008789 1.467667e-01
1164556495.008911 1.574879e-01
1164556495.009033 1.069465e-01
1164556495.009155 1.492028e-02
1164556495.009277 -7.082636e-02
1164556495.009399 -1.182542e-01
1164556495.009521 -1.171054e-01
1164556495.009644 -9.727161e-02
1164556495.009766 -7.240479e-02
1164556495.009888 -6.272793e-02
1164556495.010010 -5.396568e-02
1164556495.010132 -2.557291e-02
1164556495.010254 3.307588e-02
1164556495.010376 9.619773e-02
1164556495.010498 1.311445e-01
1164556495.010620 1.318633e-01
1164556495.010742 9.490904e-02
1164556495.010864 3.816686e-02
1164556495.010986 -4.204595e-03
1164556495.011108 -4.885206e-02
1164556495.011230 -8.901459e-02
1164556495.011353 -9.861134e-02
1164556495.011475 -7.701443e-02
1164556495.011597 -5.588142e-02
1164556495.011719 -3.256997e-02
1164556495.011841 -9.259901e-03
1164556495.011963 2.450571e-02
1164556495.012085 4.677694e-02
1164556495.012207 5.641943e-02
1164556495.012329 5.445793e-02
1164556495.012451 3.392618e-02
1164556495.012573 2.672459e-03
1164556495.012695 -2.166431e-03
1164556495.012817 1.154036e-02
1164556495.012939 1.183254e-02
1164556495.013062 4.104675e-03
1164556495.013184 -1.186134e-02
1164556495.013306 -3.777983e-02
1164556495.013428 -3.736814e-02
1164556495.013550 -9.300356e-03
1164556495.013672 1.969375e-02
1164556495.013794 1.029228e-02
1164556495.013916 -2.372187e-02
1164556495.014038 -4.588465e-02
1164556495.014160 -3.806702e-02
1164556495.014282 -2.447128e-02
1164556495.014404 -1.734291e-02
1164556495.014526 6.872551e-03
1164556495.014648 5.367734e-02
1164556495.014771 8.887637e-02
1164556495.014893 1.079635e-01
1164556495.015015 9.493135e-02
1164556495.015137 4.435228e-02
1164556495.015259 -2.372512e-02
1164556495.015381 -8.294369e-02
1164556495.015503 -1.226123e-01
1164556495.015625 -1.156584e-01
1164556495.015747 -8.643292e-02
1164556495.015869 -4.892256e-02
1164556495.015991 1.169161e-03
1164556495.016113 4.268148e-02
1164556495.016235 5.136908e-02
1164556495.016357 5.253929e-02
1164556495.016479 5.610240e-02
1164556495.016602 7.840217e-02
1164556495.016724 9.403902e-02
1164556495.016846 8.086986e-02
1164556495.016968 3.203264e-02
1164556495.017090 -4.167148e-02
1164556495.017212 -1.067655e-01
1164556495.017334 -1.337291e-01
1164556495.017456 -1.190654e-01
1164556495.017578 -5.689749e-02
1164556495.017700 1.006420e-02
1164556495.017822 4.836561e-02
1164556495.017944 4.295749e-02
1164556495.018066 2.321310e-02
1164556495.018188 1.530836e-02
1164556495.018311 1.979940e-02
1164556495.018433 2.236593e-02
1164556495.018555 3.130121e-02
1164556495.018677 4.323104e-02
1164556495.018799 5.021611e-02
1164556495.018921 4.160637e-02
1164556495.019043 2.400930e-02
1164556495.019165 -2.065725e-02
1164556495.019287 -7.475759e-02
1164556495.019409 -8.910917e-02
1164556495.019531 -6.698005e-02
1164556495.019653 -4.609322e-02
1164556495.019775 -3.015997e-02
1164556495.019897 -2.707259e-02
1164556495.020020 -2.250521e-02
1164556495.020142 3.029066e-03
1164556495.020264 4.599755e-02
1164556495.020386 8.434628e-02
1164556495.020508 1.079909e-01
1164556495.020630 1.102546e-01
1164556495.020752 9.400068e-02
1164556495.020874 6.517147e-02
1164556495.020996 1.053248e-02
1164556495.021118 -7.072062e-02
1164556495.021240 -1.364526e-01
1164556495.021362 -1.717365e-01
1164556495.021484 -1.646155e-01
1164556495.021606 -1.126992e-01
1164556495.021729 -3.671971e-02
1164556495.021851 1.731721e-02
1164556495.021973 6.602269e-02
1164556495.022095 1.265145e-01
1164556495.022217 1.800460e-01
1164556495.022339 1.814952e-01
1164556495.022461 1.299012e-01
1164556495.022583 5.384632e-02
1164556495.022705 -1.536462e-02
1164556495.022827 -8.232071e-02
1164556495.022949 -1.389960e-01
1164556495.023071 -1.648451e-01
1164556495.023193 -1.513587e-01
1164556495.023315 -1.169412e-01
1164556495.023438 -6.507329e-02
1164556495.023560 -2.162881e-03
1164556495.023682 6.439767e-02
1164556495.023804 1.124713e-01
1164556495.023926 1.348259e-01
1164556495.024048 1.357180e-01
1164556495.024170 1.147998e-01
1164556495.024292 7.316901e-02
1164556495.024414 1.518922e-02
1164556495.024536 -4.735856e-02
1164556495.024658 -8.217625e-02
1164556495.024780 -8.923561e-02
1164556495.024902 -8.762091e-02
1164556495.025024 -9.644487e-02
1164556495.025146 -9.811476e-02
1164556495.025269 -6.880799e-02
1164556495.025391 -7.382084e-03
1164556495.025513 5.307294e-02
1164556495.025635 9.125130e-02
1164556495.025757 1.003035e-01
1164556495.025879 1.011420e-01
1164556495.026001 9.128600e-02
1164556495.026123 5.895613e-02
1164556495.026245 2.276075e-03
1164556495.026367 -5.159340e-02
1164556495.026489 -7.694956e-02
1164556495.026611 -6.067465e-02
1164556495.026733 -3.791198e-02
1164556495.026855 -3.044874e-02
1164556495.026978 -4.422629e-02
1164556495.027100 -5.480636e-02
1164556495.027222 -3.720454e-02
1164556495.027344 7.657325e-04
1164556495.027466 3.500440e-02
1164556495.027588 7.265581e-02
1164556495.027710 8.341709e-02
1164556495.027832 6.412024e-02
1164556495.027954 3.564297e-02
1164556495.028076 1.991927e-02
1164556495.028198 -6.666955e-03
1164556495.028320 -4.707595e-02
1164556495.028442 -6.721775e-02
1164556495.028564 -5.119227e-02
1164556495.028687 -9.892702e-03
1164556495.028809 1.894999e-02
1164556495.028931 1.300176e-02
1164556495.029053 -2.417090e-03
1164556495.029175 -1.854897e-02
1164556495.029297 -2.501077e-02
1164556495.029419 -2.435095e-02
1164556495.029541 -2.468348e-03
1164556495.029663 1.821005e-02
1164556495.029785 3.159065e-02
1164556495.029907 3.761485e-02
1164556495.030029 3.123170e-02
1164556495.030151 2.595558e-02
1164556495.030273 2.083047e-02
1164556495.030396 4.140100e-03
1164556495.030518 -8.396418e-03
1164556495.030640 -1.235318e-02
1164556495.030762 -1.309142e-02
1164556495.030884 -2.539778e-02
1164556495.031006 -4.017135e-02
1164556495.031128 -4.531805e-02
1164556495.031250 -3.918307e-02
1164556495.031372 -2.439501e-02
1164556495.031494 -2.091831e-03
1164556495.031616 1.056482e-02
1164556495.031738 2.166006e-02
1164556495.031860 4.257476e-02
1164556495.031982 6.400051e-02
1164556495.032104 6.140283e-02
1164556495.032227 5.203545e-02
1164556495.032349 4.327817e-02
1164556495.032471 1.779643e-02
1164556495.032593 -1.749872e-02
1164556495.032715 -5.458223e-02
1164556495.032837 -8.639927e-02
1164556495.032959 -1.038590e-01
1164556495.033081 -1.059195e-01
1164556495.033203 -7.799200e-02
1164556495.033325 -9.960600e-03
1164556495.033447 5.603752e-02
1164556495.033569 9.477145e-02
1164556495.033691 1.130565e-01
1164556495.033813 1.058419e-01
1164556495.033936 7.523647e-02
1164556495.034058 3.293534e-02
1164556495.034180 -6.088484e-03
1164556495.034302 -4.074912e-02
1164556495.034424 -5.583855e-02
1164556495.034546 -5.619974e-02
1164556495.034668 -6.028367e-02
1164556495.034790 -7.266774e-02
1164556495.034912 -7.279877e-02
1164556495.035034 -5.041676e-02
1164556495.035156 -9.455573e-03
1164556495.035278 3.399065e-02
1164556495.035400 7.625553e-02
1164556495.035522 9.375988e-02
1164556495.035645 8.380705e-02
1164556495.035767 5.839903e-02
1164556495.035889 2.272362e-02
1164556495.036011 -4.142999e-03
1164556495.036133 -2.235976e-02
1164556495.036255 -4.647460e-02
1164556495.036377 -5.271029e-02
1164556495.036499 -3.334504e-02
1164556495.036621 -2.866150e-03
1164556495.036743 -5.553138e-03
1164556495.036865 -3.370824e-02
1164556495.036987 -6.129539e-02
1164556495.037109 -5.408185e-02
1164556495.037231 -1.654745e-02
1164556495.037354 2.119454e-02
1164556495.037476 5.543184e-02
1164556495.037598 7.950186e-02
1164556495.037720 7.810688e-02
1164556495.037842 6.516269e-02
1164556495.037964 5.734847e-02
1164556495.038086 4.490391e-02
1164556495.038208 -7.422752e-04
1164556495.038330 -5.186770e-02
1164556495.038452 -9.132477e-02
1164556495.038574 -1.046989e-01
1164556495.038696 -9.727273e-02
1164556495.038818 -8.300221e-02
1164556495.038940 -6.242648e-02
1164556495.039062 -1.601812e-02
1164556495.039185 4.825402e-02
1164556495.039307 1.111837e-01
1164556495.039429 1.353489e-01
1164556495.039551 1.186136e-01
1164556495.039673 8.260490e-02
1164556495.039795 4.802389e-02
1164556495.039917 9.838422e-03
1164556495.040039 -3.662653e-02
1164556495.040161 -9.065863e-02
1164556495.040283 -1.226748e-01
1164556495.040405 -1.211662e-01
1164556495.040527 -9.295953e-02
1164556495.040649 -5.525987e-02
1164556495.040771 -1.042795e-02
1164556495.040894 3.812862e-02
1164556495.041016 8.169942e-02
1164556495.041138 1.020387e-01
1164556495.041260 1.013204e-01
1164556495.041382 7.967959e-02
1164556495.041504 4.923811e-02
1164556495.041626 1.443909e-02
1164556495.041748 -2.554575e-02
1164556495.041870 -6.027148e-02
1164556495.041992 -7.884051e-02
1164556495.042114 -8.247246e-02
1164556495.042236 -6.940511e-02
1164556495.042358 -3.537950e-02
1164556495.042480 1.775688e-02
1164556495.042603 5.097221e-02
1164556495.042725 4.128356e-02
1164556495.042847 9.762716e-03
1164556495.042969 -4.609096e-03
1164556495.043091 3.218985e-04
1164556495.043213 7.739885e-03
1164556495.043335 6.817563e-03
1164556495.043457 1.665503e-02
1164556495.043579 3.487933e-02
