1164556494.818237 3.822047e-03
1164556494.818359 2.629263e-03
1164556494.818481 1.104476e-03
1164556494.818604 8.828099e-04
1164556494.818726 -8.509432e-04
1164556494.818848 -3.044612e-03
1164556494.818970 -1.462751e-03
1164556494.819092 -2.589636e-03
1164556494.819214 -2.248368e-03
1164556494.819336 -1.438653e-03
1164556494.819458 2.216789e-03
1164556494.819580 5.712913e-03
1164556494.819702 3.515684e-03
1164556494.819824 3.011602e-03
1164556494.819946 -1.070272e-05
1164556494.820068 -2.638781e-03
1164556494.820190 -3.115980e-03
1164556494.820312 -5.407477e-03
1164556494.820435 -3.143227e-03
1164556494.820557 -1.331800e-03
1164556494.820679 1.648541e-03
1164556494.820801 4.719387e-03
1164556494.820923 4.189041e-03
1164556494.821045 4.813018e-03
1164556494.821167 1.786504e-03
1164556494.821289 -2.078262e-03
1164556494.821411 -3.634590e-03
1164556494.821533 -5.240686e-03
1164556494.821655 -1.977739e-03
1164556494.821777 -1.217778e-03
1164556494.821899 -2.435090e-04
1164556494.822021 1.524495e-03
1164556494.822144 1.396298e-03
1164556494.822266 2.258083e-03
1164556494.822388 1.570336e-03
1164556494.822510 2.926096e-04
1164556494.822632 8.981105e-04
1164556494.822754 8.384196e-04
1164556494.822876 1.514739e-03
1164556494.822998 -4.302140e-04
1164556494.823120 -1.884106e-03
1164556494.823242 -8.745758e-04
1164556494.823364 -1.636901e-03
1164556494.823486 -1.721291e-03
1164556494.823608 -2.113084e-03
1164556494.823730 -2.407689e-03
1164556494.823853 -2.054977e-04
1164556494.823975 1.121955e-04
1164556494.824097 1.674107e-03
1164556494.824219 3.219138e-03
1164556494.824341 3.630660e-03
1164556494.824463 3.296157e-03
1164556494.824585 2.766482e-03
1164556494.824707 2.472409e-03
1164556494.824829 4.217461e-04
1164556494.824951 -2.451518e-03
1164556494.825073 -4.790311e-03
1164556494.825195 -7.958845e-03
1164556494.825317 -8.593077e-03
1164556494.825439 -4.383584e-03
1164556494.825562 8.765896e-04
1164556494.825684 5.596416e-03
1164556494.825806 8.049268e-03
1164556494.825928 6.970706e-03
1164556494.826050 5.351835e-03
1164556494.826172 2.588615e-03
1164556494.826294 4.847534e-04
1164556494.826416 -2.573628e-03
1164556494.826538 -4.504690e-03
1164556494.826660 -4.730826e-03
1164556494.826782 -4.044996e-03
1164556494.826904 -1.533407e-03
1164556494.827026 -1.081866e-03
1164556494.827148 -2.348989e-03
1164556494.827271 -2.326286e-03
1164556494.827393 -4.533011e-05
1164556494.827515 3.076520e-03
1164556494.827637 5.207168e-03
1164556494.827759 5.893963e-03
1164556494.827881 4.572293e-03
1164556494.828003 3.075980e-03
1164556494.828125 6.401266e-04
1164556494.828247 -1.435465e-03
1164556494.828369 -4.656839e-03
1164556494.828491 -6.425821e-03
1164556494.828613 -5.385796e-03
1164556494.828735 -3.382463e-03
1164556494.828857 3.403423e-04
1164556494.828979 1.522786e-03
1164556494.829102 1.754341e-03
1164556494.829224 1.127284e-03
1164556494.829346 1.378723e-03
1164556494.829468 3.280952e-03
1164556494.829590 3.373163e-03
1164556494.829712 4.798008e-03
1164556494.829834 2.280613e-03
1164556494.829956 -1.909200e-03
1164556494.830078 -4.981902e-03
1164556494.830200 -4.660848e-03
1164556494.830322 -2.530986e-03
1164556494.830444 -9.944772e-04
1164556494.830566 -3.075771e-04
1164556494.830688 1.255490e-04
1164556494.830811 1.087286e-03
1164556494.830933 2.057630e-03
1164556494.831055 1.394110e-03
1164556494.831177 -6.525836e-04
1164556494.831299 -1.165409e-04
1164556494.831421 6.978873e-04
1164556494.831543 2.337999e-03
1164556494.831665 1.961964e-03
1164556494.831787 6.640128e-04
1164556494.831909 -7.887243e-04
1164556494.832031 -2.390067e-03
1164556494.832153 -1.885536e-03
1164556494.832275 -1.813139e-03
1164556494.832397 -4.262814e-04
1164556494.832520 -1.716858e-03
1164556494.832642 -5.617698e-04
1164556494.832764 5.627305e-04
1164556494.832886 2.774364e-03
1164556494.833008 4.419313e-03
1164556494.833130 3.113330e-03
1164556494.833252 2.065251e-04
1164556494.833374 -3.257946e-03
1164556494.833496 -2.199425e-03
1164556494.833618 -2.220951e-03
1164556494.833740 -3.173970e-03
1164556494.833862 -3.598124e-03
1164556494.833984 -1.304593e-03
1164556494.834106 4.217525e-03
1164556494.834229 6.654456e-03
1164556494.834351 7.234591e-03
1164556494.834473 3.502151e-03
1164556494.834595 2.289027e-04
1164556494.834717 -4.650499e-03
1164556494.834839 -7.374831e-03
1164556494.834961 -5.496509e-03
1164556494.835083 -4.756632e-03
1164556494.835205 -1.720344e-03
1164556494.835327 -3.018764e-04
1164556494.835449 3.308661e-03
1164556494.835571 6.018852e-03
1164556494.835693 5.204455e-03
1164556494.835815 5.330631e-03
1164556494.835938 2.650583e-03
1164556494.836060 1.130073e-03
1164556494.836182 -2.722011e-03
1164556494.836304 -4.161881e-03
1164556494.836426 -4.900997e-03
1164556494.836548 -5.256694e-03
1164556494.836670 -1.706186e-03
1164556494.836792 4.528671e-04
1164556494.836914 1.642543e-03
1164556494.837036 8.028380e-04
1164556494.837158 4.040762e-04
1164556494.837280 3.223773e-04
1164556494.837402 -2.927225e-04
1164556494.837524 2.134865e-03
1164556494.837646 3.421802e-03
1164556494.837769 3.463842e-03
1164556494.837891 3.736760e-03
1164556494.838013 1.958426e-03
1164556494.838135 -4.902339e-04
1164556494.838257 -4.740270e-03
1164556494.838379 -5.727401e-03
1164556494.838501 -5.280565e-03
1164556494.838623 -4.333856e-03
1164556494.838745 -1.099505e-03
1164556494.838867 -2.694434e-04
1164556494.838989 2.718594e-03
1164556494.839111 2.340880e-03
1164556494.839233 2.680289e-03
1164556494.839355 5.838987e-03
1164556494.839478 6.221913e-03
1164556494.839600 5.420719e-03
1164556494.839722 9.055707e-05
1164556494.839844 -3.645589e-03
1164556494.839966 -6.118498e-03
1164556494.840088 -8.088967e-03
1164556494.840210 -5.505251e-03
1164556494.840332 -3.158332e-03
1164556494.840454 3.674461e-04
1164556494.840576 4.287783e-03
1164556494.840698 6.453300e-03
1164556494.840820 5.660589e-03
1164556494.840942 9.118328e-04
1164556494.841064 -2.374964e-03
1164556494.841187 -2.969918e-03
1164556494.841309 -1.776939e-03
1164556494.841431 1.391318e-03
1164556494.841553 2.658587e-03
1164556494.841675 1.389021e-03
1164556494.841797 -1.308324e-03
1164556494.841919 -2.644424e-03
1164556494.842041 -9.702631e-04
1164556494.842163 9.465313e-04
1164556494.842285 -1.389781e-04
1164556494.842407 8.221686e-04
1164556494.842529 1.341373e-03
1164556494.842651 1.642848e-04
1164556494.842773 -3.555523e-03
1164556494.842896 -5.918186e-03
1164556494.843018 -2.512395e-03
1164556494.843140 -3.774535e-04
1164556494.843262 4.078180e-03
1164556494.843384 8.804730e-03
1164556494.843506 8.841614e-03
1164556494.843628 4.815155e-03
1164556494.843750 -2.995100e-03
1164556494.843872 -6.180033e-03
1164556494.843994 -7.647233e-03
1164556494.844116 -7.493997e-03
1164556494.844238 -3.484657e-03
1164556494.844360 1.460570e-03
1164556494.844482 5.263545e-03
1164556494.844604 7.121214e-03
1164556494.844727 3.263652e-03
1164556494.844849 -1.522674e-03
1164556494.844971 -5.756768e-03
1164556494.845093 -6.456178e-03
1164556494.845215 -1.910685e-04
1164556494.845337 4.454060e-03
1164556494.845459 7.730407e-03
1164556494.845581 5.998995e-03
1164556494.845703 1.434790e-03
1164556494.845825 -1.922630e-03
1164556494.845947 -5.044572e-03
1164556494.846069 -2.123841e-03
1164556494.846191 -2.205981e-03
1164556494.846313 -4.196271e-03
1164556494.846436 -4.020789e-03
1164556494.846558 -2.588727e-03
1164556494.846680 5.554948e-05
1164556494.846802 1.301745e-03
1164556494.846924 3.451973e-03
1164556494.847046 5.701046e-03
1164556494.847168 5.793509e-03
1164556494.847290 4.933259e-03
1164556494.847412 3.283979e-03
1164556494.847534 6.825689e-04
1164556494.847656 -3.336668e-03
1164556494.847778 -7.883623e-03
1164556494.847900 -6.725325e-03
1164556494.848022 -4.149832e-03
1164556494.848145 -3.654169e-03
1164556494.848267 -4.967215e-04
1164556494.848389 2.153937e-03
1164556494.848511 3.660043e-03
1164556494.848633 2.937299e-03
1164556494.848755 4.136599e-03
1164556494.848877 5.081008e-03
1164556494.848999 2.070306e-03
1164556494.849121 1.341813e-03
1164556494.849243 -2.069284e-03
1164556494.849365 -3.959444e-03
1164556494.849487 -3.842413e-03
1164556494.849609 -1.848466e-03
1164556494.849731 9.485849e-04
1164556494.849854 -4.234918e-04
1164556494.849976 -4.414953e-04
1164556494.850098 -1.313831e-03
1164556494.850220 -7.851018e-04
1164556494.850342 -1.018605e-03
1164556494.850464 8.148274e-04
1164556494.850586 3.687787e-03
1164556494.850708 3.732613e-03
1164556494.850830 2.933446e-03
1164556494.850952 -6.981764e-04
1164556494.851074 -2.155370e-03
1164556494.851196 -3.819383e-03
1164556494.851318 -2.854744e-03
1164556494.851440 -1.588110e-03
1164556494.851562 8.439545e-04
1164556494.851685 4.034505e-03
1164556494.851807 5.926585e-03
1164556494.851929 5.732755e-03
1164556494.852051 -6.281407e-04
1164556494.852173 -5.906697e-03
1164556494.852295 -8.981060e-03
1164556494.852417 -4.393477e-03
1164556494.852539 -1.678743e-03
1164556494.852661 -8.980149e-04
1164556494.852783 1.479470e-03
1164556494.852905 1.437595e-03
1164556494.853027 3.862465e-03
1164556494.853149 5.279701e-03
1164556494.853271 9.993598e-03
1164556494.853394 7.816364e-03
1164556494.853516 2.202971e-03
1164556494.853638 -3.506717e-03
1164556494.853760 -9.428897e-03
1164556494.853882 -1.074067e-02
1164556494.854004 -1.144182e-02
1164556494.854126 -6.809784e-03
1164556494.854248 -8.475660e-04
1164556494.854370 7.326035e-03
1164556494.854492 1.088083e-02
1164556494.854614 6.799549e-03
1164556494.854736 1.961808e-03
1164556494.854858 -6.280138e-04
1164556494.854980 1.058781e-03
1164556494.855103 3.161082e-03
1164556494.855225 3.873986e-03
1164556494.855347 1.518350e-03
1164556494.855469 -3.721910e-03
1164556494.855591 -7.273147e-03
1164556494.855713 -7.244139e-03
1164556494.855835 -6.012387e-03
1164556494.855957 -4.029489e-03
1164556494.856079 -2.154553e-03
1164556494.856201 1.281363e-03
1164556494.856323 8.208169e-03
1164556494.856445 1.084154e-02
1164556494.856567 6.195646e-03
1164556494.856689 -2.061946e-03
1164556494.856812 -4.537620e-03
1164556494.856934 -2.707431e-03
1164556494.857056 8.709639e-04
1164556494.857178 4.115142e-03
1164556494.857300 3.366558e-03
1164556494.857422 -1.961166e-04
1164556494.857544 -5.008225e-03
1164556494.857666 -5.181883e-03
1164556494.857788 -4.568560e-03
1164556494.857910 -2.557682e-03
1164556494.858032 -2.099772e-03
1164556494.858154 -3.098698e-03
1164556494.858276 2.090520e-03
1164556494.858398 5.383955e-03
1164556494.858521 7.320597e-03
1164556494.858643 3.639464e-03
1164556494.858765 1.909539e-03
1164556494.858887 2.308149e-03
1164556494.859009 1.504636e-03
1164556494.859131 2.931233e-03
1164556494.859253 -1.182850e-03
1164556494.859375 -5.811580e-03
1164556494.859497 -9.593808e-03
1164556494.859619 -8.868324e-03
1164556494.859741 -3.631181e-03
1164556494.859863 2.678517e-03
1164556494.859985 6.042830e-03
1164556494.860107 2.808484e-03
1164556494.860229 -3.874942e-05
1164556494.860352 2.269041e-03
1164556494.860474 3.572632e-03
1164556494.860596 1.683852e-03
1164556494.860718 6.887088e-04
1164556494.860840 1.706687e-03
1164556494.860962 3.523515e-03
1164556494.861084 1.859237e-03
1164556494.861206 6.337976e-04
1164556494.861328 -2.912308e-03
1164556494.861450 -7.188485e-03
1164556494.861572 -9.124711e-03
1164556494.861694 -7.818581e-03
1164556494.861816 -1.829094e-03
1164556494.861938 1.828229e-03
1164556494.862061 3.246120e-03
1164556494.862183 3.174794e-03
1164556494.862305 6.543666e-03
1164556494.862427 9.545199e-03
1164556494.862549 8.229057e-03
1164556494.862671 2.590640e-03
1164556494.862793 -2.149037e-03
1164556494.862915 -5.435918e-03
1164556494.863037 -7.695403e-03
1164556494.863159 -5.623039e-03
1164556494.863281 -3.596696e-03
1164556494.863403 -1.791203e-03
1164556494.863525 -1.132428e-03
1164556494.863647 3.037714e-04
1164556494.863770 2.390944e-03
1164556494.863892 1.746050e-03
1164556494.864014 4.781175e-04
1164556494.864136 -1.596418e-03
1164556494.864258 2.242161e-03
1164556494.864380 8.175361e-03
1164556494.864502 8.994614e-03
1164556494.864624 3.043206e-03
1164556494.864746 -4.412195e-03
1164556494.864868 -8.472940e-03
1164556494.864990 -8.383307e-03
1164556494.865112 -2.668854e-03
1164556494.865234 2.870388e-03
1164556494.865356 5.545734e-03
1164556494.865479 3.716693e-03
1164556494.865601 -1.405793e-03
1164556494.865723 -6.041775e-03
1164556494.865845 -1.025316e-02
1164556494.865967 -5.197333e-03
1164556494.866089 2.046575e-03
1164556494.866211 7.933102e-03
1164556494.866333 1.170813e-02
1164556494.866455 1.137227e-02
1164556494.866577 8.213802e-03
1164556494.866699 -2.867939e-03
1164556494.866821 -1.046054e-02
1164556494.866943 -9.179378e-03
1164556494.867065 -6.652457e-03
1164556494.867188 -6.648628e-04
1164556494.867310 1.400317e-03
1164556494.867432 2.359784e-03
1164556494.867554 -1.742644e-04
1164556494.867676 -4.281676e-03
1164556494.867798 -4.414487e-03
1164556494.867920 -4.121701e-03
1164556494.868042 3.058497e-03
1164556494.868164 1.086057e-02
1164556494.868286 1.295343e-02
1164556494.868408 1.022794e-02
1164556494.868530 1.348475e-03
1164556494.868652 -6.454017e-03
1164556494.868774 -1.136808e-02
1164556494.868896 -1.055981e-02
1164556494.869019 -5.103139e-03
1164556494.869141 2.203667e-03
1164556494.869263 6.959139e-03
1164556494.869385 4.711885e-03
1164556494.869507 -3.334214e-03
1164556494.869629 -5.712758e-03
1164556494.869751 -5.948638e-03
1164556494.869873 -5.118730e-03
1164556494.869995 3.190054e-03
1164556494.870117 1.171388e-02
1164556494.870239 1.468102e-02
1164556494.870361 6.502561e-03
1164556494.870483 3.095994e-04
1164556494.870605 -4.614168e-03
1164556494.870728 -9.537009e-03
1164556494.870850 -6.594761e-03
1164556494.870972 -2.588848e-03
1164556494.871094 1.367550e-03
1164556494.871216 -7.982372e-04
1164556494.871338 -5.042023e-04
1164556494.871460 -2.918871e-03
1164556494.871582 -4.497154e-03
1164556494.871704 -2.211888e-03
1164556494.871826 2.329915e-03
1164556494.871948 4.215135e-03
1164556494.872070 5.055447e-03
1164556494.872192 1.099984e-02
1164556494.872314 9.005194e-03
1164556494.872437 1.669075e-03
1164556494.872559 -8.732255e-03
1164556494.872681 -5.686844e-03
1164556494.872803 1.724036e-05
1164556494.872925 -8.237671e-04
1164556494.873047 -1.600018e-03
1164556494.873169 -4.704772e-03
1164556494.873291 -5.529098e-03
1164556494.873413 -1.105162e-02
1164556494.873535 -6.821824e-03
1164556494.873657 1.380665e-03
1164556494.873779 8.631300e-03
1164556494.873901 1.145338e-02
1164556494.874023 1.235235e-02
1164556494.874146 1.299900e-02
1164556494.874268 7.198832e-03
1164556494.874390 5.914446e-04
1164556494.874512 -1.016215e-02
1164556494.874634 -1.383449e-02
1164556494.874756 -1.190785e-02
1164556494.874878 -5.118183e-03
1164556494.875000 -1.071879e-03
1164556494.875122 -1.798904e-03
1164556494.875244 1.313739e-03
1164556494.875366 2.567495e-03
1164556494.875488 4.520704e-03
1164556494.875610 4.702603e-04
1164556494.875732 -2.862956e-04
1164556494.875854 6.828647e-04
1164556494.875977 3.264315e-03
1164556494.876099 8.480436e-03
1164556494.876221 1.264384e-02
1164556494.876343 1.317236e-02
1164556494.876465 1.001969e-03
1164556494.876587 -1.328619e-02
1164556494.876709 -2.225895e-02
1164556494.876831 -1.614042e-02
1164556494.876953 -9.080499e-03
1164556494.877075 -9.837211e-04
1164556494.877197 8.510195e-03
1164556494.877319 1.164922e-02
1164556494.877441 1.135123e-02
1164556494.877563 7.887205e-04
1164556494.877686 -1.334316e-03
1164556494.877808 -4.137541e-03
1164556494.877930 -2.162791e-03
1164556494.878052 6.099111e-03
1164556494.878174 1.271297e-02
1164556494.878296 1.446359e-02
1164556494.878418 2.392703e-03
1164556494.878540 -8.402978e-03
1164556494.878662 -1.990624e-02
1164556494.878784 -2.505432e-02
1164556494.878906 -1.484274e-02
1164556494.879028 3.200063e-03
1164556494.879150 1.370082e-02
1164556494.879272 1.557115e-02
1164556494.879395 1.276408e-02
1164556494.879517 2.465749e-03
1164556494.879639 -7.714573e-03
1164556494.879761 -1.248980e-02
1164556494.879883 -9.537018e-04
1164556494.880005 8.208965e-03
1164556494.880127 1.634085e-02
1164556494.880249 1.581040e-02
1164556494.880371 4.503914e-03
1164556494.880493 -6.988756e-03
1164556494.880615 -2.093771e-02
1164556494.880737 -2.095974e-02
1164556494.880859 -1.444897e-02
1164556494.880981 -4.369024e-03
1164556494.881104 4.916816e-03
1164556494.881226 1.084894e-02
1164556494.881348 1.275664e-02
1164556494.881470 1.433528e-03
1164556494.881592 -5.350617e-03
1164556494.881714 4.898878e-04
1164556494.881836 1.182576e-02
1164556494.881958 1.526740e-02
1164556494.882080 1.888175e-02
1164556494.882202 1.374898e-02
1164556494.882324 -6.413179e-03
1164556494.882446 -2.704855e-02
1164556494.882568 -2.989393e-02
1164556494.882690 -2.188244e-02
1164556494.882812 -1.772747e-02
1164556494.882935 -3.103098e-03
1164556494.883057 1.507090e-02
1164556494.883179 2.147301e-02
1164556494.883301 1.778568e-02
1164556494.883423 1.328189e-02
1164556494.883545 8.041226e-03
1164556494.883667 -9.262918e-04
1164556494.883789 1.420634e-03
1164556494.883911 9.455026e-03
1164556494.884033 5.409472e-03
1164556494.884155 -9.426722e-03
1164556494.884277 -1.641294e-02
1164556494.884399 -2.262015e-02
1164556494.884521 -2.211247e-02
1164556494.884644 -9.825232e-03
1164556494.884766 7.876118e-03
1164556494.884888 1.413769e-02
1164556494.885010 7.810514e-03
1164556494.885132 6.854342e-03
1164556494.885254 1.133446e-02
1164556494.885376 9.170378e-03
1164556494.885498 1.716887e-03
1164556494.885620 -1.549419e-03
1164556494.885742 3.407627e-03
1164556494.885864 5.899831e-03
1164556494.885986 1.907439e-03
1164556494.886108 -4.317782e-03
1164556494.886230 -1.205818e-02
1164556494.886353 -1.798033e-02
1164556494.886475 -1.592922e-02
1164556494.886597 -5.731903e-03
1164556494.886719 6.264022e-03
1164556494.886841 6.293172e-03
1164556494.886963 3.768337e-03
1164556494.887085 4.061249e-03
1164556494.887207 5.554921e-03
1164556494.887329 9.684914e-03
1164556494.887451 9.953299e-03
1164556494.887573 1.145235e-03
1164556494.887695 -5.122186e-03
1164556494.887817 -8.642639e-05
1164556494.887939 1.186227e-02
1164556494.888062 9.603582e-03
1164556494.888184 -4.040952e-03
1164556494.888306 -1.305292e-02
1164556494.888428 -2.036894e-02
1164556494.888550 -2.146230e-02
1164556494.888672 -1.357521e-02
1164556494.888794 -1.449778e-03
1164556494.888916 5.396316e-03
1164556494.889038 2.169302e-03
1164556494.889160 8.848921e-03
1164556494.889282 2.052149e-02
1164556494.889404 2.681710e-02
1164556494.889526 1.734740e-02
1164556494.889648 5.133680e-03
1164556494.889771 -9.138272e-04
1164556494.889893 -2.551242e-03
1164556494.890015 -2.224357e-03
1164556494.890137 -7.877141e-03
1164556494.890259 -2.115411e-02
1164556494.890381 -3.514497e-02
1164556494.890503 -3.104089e-02
1164556494.890625 -1.743118e-02
1164556494.890747 4.102760e-04
1164556494.890869 1.501482e-02
1164556494.890991 2.469227e-02
1164556494.891113 3.248394e-02
1164556494.891235 2.596819e-02
1164556494.891357 2.704926e-02
1164556494.891479 1.641030e-02
1164556494.891602 1.692743e-03
1164556494.891724 -1.408648e-02
1164556494.891846 -1.642647e-02
1164556494.891968 -1.217653e-02
1164556494.892090 -1.624566e-02
1164556494.892212 -2.440084e-02
1164556494.892334 -3.770748e-02
1164556494.892456 -3.089098e-02
1164556494.892578 -1.234918e-02
1164556494.892700 1.264709e-02
1164556494.892822 2.894549e-02
1164556494.892944 3.736780e-02
1164556494.893066 4.061440e-02
1164556494.893188 2.574494e-02
1164556494.893311 1.472057e-02
1164556494.893433 1.974041e-03
1164556494.893555 1.345114e-03
1164556494.893677 -7.646591e-03
1164556494.893799 -9.732553e-03
1164556494.893921 -1.219227e-02
1164556494.894043 -2.084566e-02
1164556494.894165 -3.304333e-02
1164556494.894287 -4.847921e-02
1164556494.894409 -4.427749e-02
1164556494.894531 -2.569229e-02
1164556494.894653 7.615225e-03
1164556494.894775 3.374827e-02
1164556494.894897 4.744832e-02
1164556494.895020 5.125084e-02
1164556494.895142 5.091925e-02
1164556494.895264 4.530917e-02
1164556494.895386 2.589017e-02
1164556494.895508 2.481513e-02
1164556494.895630 1.590425e-02
1164556494.895752 2.510986e-03
1164556494.895874 -4.444917e-02
1164556494.895996 -8.557210e-02
1164556494.896118 -1.190561e-01
1164556494.896240 -1.479428e-01
1164556494.896362 -1.489640e-01
1164556494.896484 -1.038736e-01
1164556494.896606 1.629581e-02
1164556494.896729 2.273933e-01
1164556494.896851 3.310570e-01
1164556494.896973 3.146493e-01
1164556494.897095 2.171484e-01
1164556494.897217 5.247621e-02
1164556494.897339 -1.229073e-01
1164556494.897461 -2.521438e-01
1164556494.897583 -3.305614e-01
1164556494.897705 -3.284571e-01
1164556494.897827 -2.541279e-01
1164556494.897949 -1.257576e-01
1164556494.898071 1.837975e-02
1164556494.898193 1.836168e-01
1164556494.898315 3.226953e-01
1164556494.898438 3.804115e-01
1164556494.898560 3.640044e-01
1164556494.898682 2.547054e-01
1164556494.898804 7.479274e-02
1164556494.898926 -1.466751e-01
1164556494.899048 -3.069530e-01
1164556494.899170 -3.972696e-01
1164556494.899292 -4.166797e-01
1164556494.899414 -3.342082e-01
1164556494.899536 -1.618791e-01
1164556494.899658 6.202793e-02
1164556494.899780 2.440691e-01
1164556494.899902 3.803046e-01
1164556494.900024 4.109678e-01
1164556494.900146 3.610827e-01
1164556494.900269 2.414394e-01
1164556494.900391 7.286959e-02
1164556494.900513 -1.142251e-01
1164556494.900635 -2.951148e-01
1164556494.900757 -4.062874e-01
1164556494.900879 -4.564259e-01
1164556494.901001 -3.601266e-01
1164556494.901123 -1.649614e-01
1164556494.901245 6.085792e-02
1164556494.901367 2.554613e-01
1164556494.901489 4.010126e-01
1164556494.901611 4.807483e-01
1164556494.901733 4.053365e-01
1164556494.901855 2.392143e-01
1164556494.901978 -8.926558e-03
1164556494.902100 -2.599808e-01
1164556494.902222 -4.479722e-01
1164556494.902344 -4.757105e-01
1164556494.902466 -3.730940e-01
1164556494.902588 -1.984204e-01
1164556494.902710 3.343356e-02
1164556494.902832 2.405320e-01
1164556494.902954 3.907308e-01
1164556494.903076 4.309461e-01
1164556494.903198 3.789577e-01
1164556494.903320 1.785548e-01
1164556494.903442 -8.659019e-02
1164556494.903564 -2.916405e-01
1164556494.903687 -3.900304e-01
1164556494.903809 -3.769946e-01
1164556494.903931 -2.980310e-01
1164556494.904053 -9.903865e-02
1164556494.904175 1.067808e-01
1164556494.904297 3.008525e-01
1164556494.904419 4.098555e-01
1164556494.904541 4.078441e-01
1164556494.904663 2.623672e-01
1164556494.904785 -1.039240e-02
1164556494.904907 -2.584954e-01
1164556494.905029 -4.140657e-01
1164556494.905151 -4.118822e-01
1164556494.905273 -3.217757e-01
1164556494.905396 -1.278375e-01
1164556494.905518 1.341174e-01
1164556494.905640 3.697303e-01
1164556494.905762 4.916078e-01
1164556494.905884 4.177463e-01
1164556494.906006 2.052283e-01
1164556494.906128 -1.207041e-01
1164556494.906250 -3.692581e-01
1164556494.906372 -4.730559e-01
1164556494.906494 -3.954901e-01
1164556494.906616 -1.921488e-01
1164556494.906738 7.348118e-02
1164556494.906860 3.018482e-01
1164556494.906982 4.006384e-01
1164556494.907104 3.915213e-01
1164556494.907227 2.242916e-01
1164556494.907349 -6.577031e-02
1164556494.907471 -3.515192e-01
1164556494.907593 -4.338290e-01
1164556494.907715 -3.161330e-01
1164556494.907837 -9.436022e-02
1164556494.907959 1.650815e-01
1164556494.908081 3.366282e-01
1164556494.908203 3.825011e-01
1164556494.908325 2.349670e-01
1164556494.908447 1.947549e-02
1164556494.908569 -2.366907e-01
1164556494.908691 -3.815482e-01
1164556494.908813 -3.681316e-01
1164556494.908936 -1.842298e-01
1164556494.909058 1.471871e-01
1164556494.909180 4.132220e-01
1164556494.909302 4.500869e-01
1164556494.909424 1.840634e-01
1164556494.909546 -1.490963e-01
1164556494.909668 -3.631048e-01
1164556494.909790 -3.828566e-01
1164556494.909912 -1.495992e-01
1164556494.910034 1.684219e-01
1164556494.910156 3.816549e-01
1164556494.910278 2.898295e-01
1164556494.910400 3.384562e-02
1164556494.910522 -2.755877e-01
1164556494.910645 -3.812277e-01
1164556494.910767 -1.552294e-01
1164556494.910889 2.347064e-01
1164556494.911011 3.631311e-01
1164556494.911133 1.129147e-01
1164556494.911255 -2.470145e-01
1164556494.911377 -2.932530e-01
1164556494.911499 8.726013e-02
1164556494.911621 3.045637e-01
1164556494.911743 -7.211012e-02
1164556494.911865 -5.550377e-02
1164556494.911987 1.340395e-02
1164556494.912109 -1.456947e-02
1164556494.912231 -4.491839e-02
1164556494.912354 -2.879195e-02
1164556494.912476 1.182529e-01
1164556494.912598 -1.469083e-01
1164556494.912720 9.357538e-02
1164556494.912842 -2.536629e-04
1164556494.912964 -1.047330e-01
1164556494.913086 6.564770e-02
1164556494.913208 -5.104706e-02
1164556494.913330 1.523449e-01
1164556494.913452 -4.468286e-02
1164556494.913574 3.802922e-02
1164556494.913696 -3.407165e-02
1164556494.913818 -2.179690e-02
1164556494.913940 6.877640e-02
1164556494.914062 -1.190697e-01
1164556494.914185 2.199813e-02
1164556494.914307 -4.331705e-02
1164556494.914429 -3.063788e-03
1164556494.914551 5.858651e-02
1164556494.914673 -1.086543e-02
1164556494.914795 5.203154e-02
1164556494.914917 -4.084796e-02
1164556494.915039 -6.070868e-02
1164556494.915161 6.993795e-02
1164556494.915283 -4.905642e-03
1164556494.915405 7.040357e-02
1164556494.915527 -1.280417e-02
1164556494.915649 -7.055042e-02
1164556494.915771 4.223425e-02
1164556494.915894 -3.079878e-02
1164556494.916016 -4.820130e-03
1164556494.916138 -3.532109e-03
1164556494.916260 -5.931892e-02
1164556494.916382 4.562795e-02
1164556494.916504 -1.070617e-02
1164556494.916626 2.767188e-02
1164556494.916748 6.341278e-02
1164556494.916870 -5.864589e-02
1164556494.916992 3.885673e-03
1164556494.917114 -1.906596e-02
1164556494.917236 -3.126119e-03
1164556494.917358 6.258790e-02
1164556494.917480 -3.068356e-02
1164556494.917603 1.682374e-02
1164556494.917725 -3.582784e-02
1164556494.917847 -1.104744e-02
1164556494.917969 5.408222e-02
1164556494.918091 -5.559083e-02
1164556494.918213 -6.030387e-03
1164556494.918335 -5.427349e-03
1164556494.918457 -5.050317e-03
1164556494.918579 5.657844e-02
1164556494.918701 -1.207947e-02
1164556494.918823 1.680952e-02
1164556494.918945 -1.536496e-02
1164556494.919067 -5.969003e-02
1164556494.919189 3.646771e-02
1164556494.919312 9.307421e-03
1164556494.919434 3.222445e-02
1164556494.919556 2.096023e-02
1164556494.919678 -5.007508e-02
1164556494.919800 3.443727e-02
1164556494.919922 -3.327589e-02
1164556494.920044 -1.901821e-02
1164556494.920166 1.998596e-03
1164556494.920288 -3.871606e-02
1164556494.920410 3.228591e-02
1164556494.920532 9.849555e-03
1164556494.920654 2.470701e-02
1164556494.920776 3.056814e-02
1164556494.920898 -4.933158e-02
1164556494.921021 -8.691038e-03
1164556494.921143 3.454014e-03
1164556494.921265 -3.835880e-03
1164556494.921387 5.654187e-02
1164556494.921509 3.626547e-03
1164556494.921631 -8.793136e-03
1164556494.921753 -1.917499e-02
1164556494.921875 -4.647892e-02
1164556494.921997 1.673684e-02
1164556494.922119 -4.113889e-02
1164556494.922241 1.098915e-02
1164556494.922363 3.732688e-02
1164556494.922485 -1.229368e-04
1164556494.922607 3.654490e-02
1164556494.922729 -9.989470e-03
1164556494.922852 -3.020809e-03
1164556494.922974 -1.420837e-02
1164556494.923096 -3.025080e-02
1164556494.923218 3.233200e-02
1164556494.923340 1.352959e-02
1164556494.923462 4.342877e-03
1164556494.923584 1.166427e-02
1164556494.923706 -4.277751e-02
1164556494.923828 -1.087132e-02
1164556494.923950 -6.114347e-03
1164556494.924072 -1.929863e-02
1164556494.924194 3.600230e-02
1164556494.924316 -3.609030e-03
1164556494.924438 3.541446e-02
1164556494.924561 -1.018015e-04
1164556494.924683 -2.672399e-02
1164556494.924805 2.309978e-02
1164556494.924927 -3.703301e-02
1164556494.925049 6.877947e-03
1164556494.925171 1.332352e-02
1164556494.925293 2.152491e-03
1164556494.925415 2.607588e-02
1164556494.925537 -1.962507e-02
1164556494.925659 -2.075838e-03
1164556494.925781 -1.661897e-02
1164556494.925903 -2.554765e-02
1164556494.926025 1.604586e-02
1164556494.926147 -3.604692e-03
1164556494.926270 1.374208e-02
1164556494.926392 2.583908e-02
1164556494.926514 -1.347789e-02
1164556494.926636 1.044154e-03
1164556494.926758 -2.259754e-02
1164556494.926880 8.996106e-03
1164556494.927002 1.885262e-02
1164556494.927124 -9.234078e-03
1164556494.927246 2.829149e-02
1164556494.927368 -1.285543e-02
1164556494.927490 -1.093327e-02
1164556494.927612 -1.135372e-02
1164556494.927734 -2.527976e-02
1164556494.927856 1.590807e-02
1164556494.927979 -1.079004e-02
1164556494.928101 1.172993e-02
1164556494.928223 1.796967e-02
1164556494.928345 4.144515e-03
1164556494.928467 1.350578e-02
1164556494.928589 -2.375744e-02
1164556494.928711 -1.219874e-02
1164556494.928833 3.272930e-03
1164556494.928955 -4.493055e-04
1164556494.929077 2.755702e-02
1164556494.929199 1.476258e-04
1164556494.929321 1.710061e-03
1164556494.929443 -5.129447e-03
1164556494.929565 -2.358239e-02
1164556494.929688 8.265070e-03
1164556494.929810 -1.799176e-02
1164556494.929932 1.902682e-03
1164556494.930054 3.706905e-03
1164556494.930176 -1.065887e-02
1164556494.930298 2.829534e-02
1164556494.930420 -2.542130e-03
1164556494.930542 1.504813e-02
1164556494.930664 -7.223377e-03
1164556494.930786 -1.500730e-02
1164556494.930908 1.766636e-02
1164556494.931030 -6.862082e-03
1164556494.931152 1.453491e-02
1164556494.931274 -8.646720e-03
1164556494.931396 -1.700743e-02
1164556494.931519 6.901610e-04
1164556494.931641 -1.392485e-02
1164556494.931763 1.254849e-02
1164556494.931885 -6.526585e-03
1164556494.932007 -2.158538e-03
1164556494.932129 9.135762e-03
1164556494.932251 -2.669515e-03
1164556494.932373 2.459506e-02
1164556494.932495 2.100029e-03
1164556494.932617 -6.801350e-03
1164556494.932739 -8.966802e-03
1164556494.932861 -1.734328e-02
1164556494.932983 2.110096e-02
1164556494.933105 -1.055062e-03
1164556494.933228 1.061207e-02
1164556494.933350 -2.885973e-03
1164556494.933472 -2.455078e-02
1164556494.933594 7.316081e-03
1164556494.933716 -1.008098e-02
1164556494.933838 9.810272e-03
1164556494.933960 -7.759128e-03
1164556494.934082 -8.020714e-03
1164556494.934204 2.049913e-02
1164556494.934326 -2.279843e-03
1164556494.934448 1.988473e-02
1164556494.934570 -4.626008e-03
1164556494.934692 -4.609889e-03
1164556494.934814 -5.971197e-03
1164556494.934937 -1.198451e-02
1164556494.935059 2.182199e-02
1164556494.935181 4.063291e-03
1164556494.935303 2.909265e-03
1164556494.935425 -1.712144e-02
1164556494.935547 -2.162113e-02
1164556494.935669 -2.091192e-03
1164556494.935791 -1.254800e-02
1164556494.935913 1.537294e-02
1164556494.936035 8.584119e-03
1164556494.936157 1.598389e-02
1164556494.936279 1.881117e-02
1164556494.936401 -1.772983e-03
1164556494.936523 3.509774e-03
1164556494.936646 -2.572637e-02
1164556494.936768 -8.819069e-03
1164556494.936890 1.067610e-03
1164556494.937012 -1.021285e-04
1164556494.937134 2.322019e-02
1164556494.937256 -3.810627e-03
1164556494.937378 -3.614662e-03
1164556494.937500 -2.741622e-02
1164556494.937622 -1.711369e-02
1164556494.937744 1.407348e-02
1164556494.937866 5.460551e-03
1164556494.937988 2.402576e-02
1164556494.938110 8.598014e-03
1164556494.938232 9.434296e-03
1164556494.938354 -1.600759e-03
1164556494.938477 -2.252515e-02
1164556494.938599 -4.564650e-03
1164556494.938721 -1.317114e-02
1164556494.938843 8.148689e-03
1164556494.938965 1.067787e-02
1164556494.939087 1.161430e-02
1164556494.939209 9.591950e-03
1164556494.939331 -2.118522e-02
1164556494.939453 -1.594263e-02
1164556494.939575 -1.979146e-02
1164556494.939697 -1.022574e-03
1164556494.939819 1.679866e-02
1164556494.939941 1.997043e-02
1164556494.940063 2.791098e-02
1164556494.940186 -3.411625e-03
1164556494.940308 -3.969257e-03
1164556494.940430 -1.387298e-02
1164556494.940552 -1.940386e-02
1164556494.940674 -6.831518e-03
1164556494.940796 -5.584340e-04
1164556494.940918 2.181138e-02
1164556494.941040 5.636245e-03
1164556494.941162 3.634526e-03
1164556494.941284 -8.182825e-04
1164556494.941406 -2.045096e-02
1164556494.941528 -1.294847e-02
1164556494.941650 -1.152568e-02
1164556494.941772 1.615601e-02
1164556494.941895 1.366457e-02
1164556494.942017 1.166499e-02
1164556494.942139 1.575677e-02
1164556494.942261 -3.697783e-03
1164556494.942383 -4.524260e-03
1164556494.942505 -1.342833e-02
1164556494.942627 -6.032241e-03
1164556494.942749 -1.977002e-03
1164556494.942871 -5.022273e-03
1164556494.942993 6.813135e-03
1164556494.943115 -4.648635e-03
1164556494.943237 -8.975482e-05
1164556494.943359 -8.206885e-04
1164556494.943481 -4.185430e-04
1164556494.943604 7.079088e-03
1164556494.943726 -7.883680e-04
1164556494.943848 7.438424e-03
1164556494.943970 4.631679e-03
1164556494.944092 4.100400e-03
1164556494.944214 6.254420e-04
1164556494.944336 -1.207394e-02
1164556494.944458 -1.183684e-03
1164556494.944580 -8.983893e-03
1164556494.944702 7.044458e-04
1164556494.944824 2.825679e-03
1164556494.944946 7.136486e-04
1164556494.945068 3.711704e-03
1164556494.945190 -6.087997e-03
1164556494.945312 6.004479e-03
1164556494.945435 -1.057192e-04
1164556494.945557 7.672842e-04
1164556494.945679 2.899215e-03
1164556494.945801 -5.628671e-03
1164556494.945923 5.714834e-04
1164556494.946045 -2.300532e-03
1164556494.946167 9.923412e-03
1164556494.946289 2.775528e-03
1164556494.946411 -3.766809e-03
1164556494.946533 -4.415294e-03
1164556494.946655 -5.379862e-03
1164556494.946777 2.548778e-03
1164556494.946899 -6.186799e-04
1164556494.947021 4.615912e-03
1164556494.947144 2.016358e-03
1164556494.947266 -3.511154e-03
1164556494.947388 -2.189693e-03
1164556494.947510 -5.882947e-03
1164556494.947632 -8.255397e-04
1164556494.947754 -1.332115e-03
1164556494.947876 3.223376e-03
1164556494.947998 8.935406e-03
1164556494.948120 8.355269e-03
1164556494.948242 7.541871e-03
1164556494.948364 -4.550961e-03
1164556494.948486 -1.127190e-02
1164556494.948608 -6.270062e-03
1164556494.948730 -3.198623e-03
1164556494.948853 7.065304e-03
1164556494.948975 1.832600e-03
1164556494.949097 -6.799096e-04
1164556494.949219 -4.494058e-03
1164556494.949341 -7.805037e-03
1164556494.949463 -3.988805e-03
1164556494.949585 -2.822569e-03
1164556494.949707 9.825941e-03
1164556494.949829 1.178341e-02
1164556494.949951 1.169593e-02
1164556494.950073 9.090102e-03
1164556494.950195 8.331109e-04
1164556494.950317 -4.643081e-03
1164556494.950439 -2.048155e-02
1164556494.950562 -1.636586e-02
1164556494.950684 -5.923600e-03
1164556494.950806 6.929997e-03
1164556494.950928 8.028565e-03
1164556494.951050 4.365532e-03
1164556494.951172 3.787769e-03
1164556494.951294 -3.805461e-03
1164556494.951416 -1.077833e-03
1164556494.951538 1.127675e-03
1164556494.951660 7.799117e-03
1164556494.951782 8.786323e-03
1164556494.951904 3.480934e-03
1164556494.952026 3.551394e-05
1164556494.952148 -1.063495e-02
1164556494.952271 -1.248610e-02
1164556494.952393 -1.200270e-02
1164556494.952515 -2.355387e-03
1164556494.952637 5.942979e-03
1164556494.952759 1.096938e-02
1164556494.952881 1.421839e-02
1164556494.953003 5.882515e-03
1164556494.953125 -6.453031e-03
1164556494.953247 -9.182689e-03
1164556494.953369 -8.638529e-03
1164556494.953491 -5.038889e-03
1164556494.953613 2.952772e-05
1164556494.953735 7.008039e-03
1164556494.953857 1.225848e-02
1164556494.953979 4.466487e-03
1164556494.954102 1.200292e-03
1164556494.954224 -3.454934e-03
1164556494.954346 -6.764632e-03
1164556494.954468 -4.364524e-03
1164556494.954590 -5.177266e-03
1164556494.954712 3.098338e-03
1164556494.954834 1.336476e-03
1164556494.954956 9.172577e-04
1164556494.955078 -1.531257e-03
1164556494.955200 -3.620782e-03
1164556494.955322 -4.995012e-04
1164556494.955444 3.184200e-03
1164556494.955566 5.399906e-03
1164556494.955688 4.724110e-03
1164556494.955811 5.263681e-03
1164556494.955933 1.505478e-03
1164556494.956055 -3.739288e-03
1164556494.956177 -6.219738e-03
1164556494.956299 -5.472237e-03
1164556494.956421 -1.863164e-03
1164556494.956543 1.250595e-03
1164556494.956665 1.680246e-03
1164556494.956787 -3.242027e-03
1164556494.956909 -2.577396e-03
1164556494.957031 -7.031602e-04
1164556494.957153 1.908157e-03
1164556494.957275 4.348484e-03
1164556494.957397 5.923211e-03
1164556494.957520 4.154423e-03
1164556494.957642 -2.108641e-05
1164556494.957764 -2.070063e-03
1164556494.957886 -9.255101e-04
1164556494.958008 -5.696358e-04
1164556494.958130 -4.529821e-04
1164556494.958252 -2.271663e-03
1164556494.958374 -4.176370e-03
1164556494.958496 -2.616292e-03
1164556494.958618 1.035492e-04
1164556494.958740 -1.401315e-03
1164556494.958862 -2.700769e-03
1164556494.958984 -2.180207e-03
1164556494.959106 4.724475e-03
1164556494.959229 7.512419e-03
1164556494.959351 6.281250e-03
1164556494.959473 4.223770e-03
1164556494.959595 1.817156e-04
1164556494.959717 -1.908317e-03
1164556494.959839 -2.387103e-03
1164556494.959961 -3.337741e-03
1164556494.960083 -3.165841e-03
1164556494.960205 -6.954016e-03
1164556494.960327 -5.721606e-03
1164556494.960449 -3.265573e-03
1164556494.960571 2.899821e-03
1164556494.960693 8.089293e-03
1164556494.960815 5.460123e-03
1164556494.960938 3.452836e-03
1164556494.961060 3.969892e-03
1164556494.961182 1.974136e-03
1164556494.961304 -2.192580e-03
1164556494.961426 -6.748829e-03
1164556494.961548 -5.107007e-03
1164556494.961670 -2.549276e-03
1164556494.961792 1.435700e-03
1164556494.961914 4.690852e-03
1164556494.962036 4.869849e-03
1164556494.962158 -1.372135e-04
1164556494.962280 -5.234355e-03
1164556494.962402 -7.816453e-03
1164556494.962524 -1.021018e-03
1164556494.962646 4.671999e-03
1164556494.962769 4.815600e-03
1164556494.962891 3.030904e-03
1164556494.963013 1.291795e-03
1164556494.963135 2.260696e-03
1164556494.963257 -1.027133e-03
1164556494.963379 -5.265268e-03
1164556494.963501 -4.564428e-03
1164556494.963623 -4.922578e-03
1164556494.963745 9.080012e-04
1164556494.963867 4.641424e-03
1164556494.963989 8.003230e-03
1164556494.964111 4.585002e-03
1164556494.964233 -1.137515e-03
1164556494.964355 -4.120796e-03
1164556494.964478 -4.304599e-03
1164556494.964600 -1.075621e-03
1164556494.964722 6.947173e-04
1164556494.964844 -3.080790e-03
1164556494.964966 -5.549597e-03
1164556494.965088 -2.819082e-03
1164556494.965210 2.776796e-03
1164556494.965332 5.683320e-03
1164556494.965454 6.882918e-03
1164556494.965576 6.615979e-03
1164556494.965698 3.769154e-03
1164556494.965820 2.169055e-04
1164556494.965942 -1.997797e-03
1164556494.966064 -5.435327e-03
1164556494.966187 -8.092756e-03
1164556494.966309 -1.006889e-02
1164556494.966431 -5.175315e-03
1164556494.966553 2.062013e-03
1164556494.966675 9.320561e-03
1164556494.966797 5.760615e-03
1164556494.966919 9.525392e-04
1164556494.967041 -1.668154e-03
1164556494.967163 -1.504314e-04
1164556494.967285 2.791298e-03
1164556494.967407 4.155019e-03
1164556494.967529 5.339606e-03
1164556494.967651 3.067161e-04
1164556494.967773 -3.013467e-03
1164556494.967896 -4.826547e-03
1164556494.968018 -6.493970e-03
1164556494.968140 -4.707916e-03
1164556494.968262 -4.133329e-03
1164556494.968384 3.688471e-04
1164556494.968506 1.993858e-03
1164556494.968628 3.686523e-03
1164556494.968750 1.748356e-03
1164556494.968872 -9.500159e-04
1164556494.968994 1.670033e-03
1164556494.969116 6.045016e-03
1164556494.969238 7.888872e-03
1164556494.969360 6.122586e-03
1164556494.969482 1.361757e-04
1164556494.969604 -4.900752e-03
1164556494.969727 -8.242882e-03
1164556494.969849 -9.089446e-03
1164556494.969971 -7.251745e-03
1164556494.970093 -5.127197e-03
1164556494.970215 -1.212943e-03
1164556494.970337 3.323745e-03
1164556494.970459 6.144430e-03
1164556494.970581 1.035182e-02
1164556494.970703 8.034494e-03
1164556494.970825 3.519294e-03
1164556494.970947 -4.823111e-04
1164556494.971069 -1.270181e-03
1164556494.971191 -2.768765e-03
1164556494.971313 -5.303472e-03
1164556494.971436 -5.352068e-03
1164556494.971558 -3.491974e-03
1164556494.971680 -2.061589e-03
1164556494.971802 8.398700e-04
1164556494.971924 3.173541e-03
1164556494.972046 1.007344e-03
1164556494.972168 2.833082e-04
1164556494.972290 -9.301625e-04
1164556494.972412 -4.148248e-04
1164556494.972534 1.147426e-03
1164556494.972656 1.649446e-03
1164556494.972778 6.378782e-03
1164556494.972900 3.910772e-03
1164556494.973022 2.396981e-03
1164556494.973145 -3.660268e-03
1164556494.973267 -5.761513e-03
1164556494.973389 -4.711753e-03
1164556494.973511 -4.233494e-03
1164556494.973633 3.227042e-05
1164556494.973755 8.653467e-04
1164556494.973877 2.262129e-03
1164556494.973999 1.193302e-03
1164556494.974121 1.637946e-06
1164556494.974243 4.545394e-04
1164556494.974365 -4.867347e-04
1164556494.974487 2.093325e-03
1164556494.974609 3.979543e-03
1164556494.974731 4.605562e-03
1164556494.974854 1.445112e-03
1164556494.974976 -1.358848e-03
1164556494.975098 -6.119868e-03
1164556494.975220 -8.023157e-03
1164556494.975342 -8.159957e-03
1164556494.975464 4.044602e-04
1164556494.975586 8.314165e-03
1164556494.975708 9.054251e-03
1164556494.975830 7.457845e-03
1164556494.975952 9.958259e-04
1164556494.976074 -5.227210e-03
1164556494.976196 -9.612027e-03
1164556494.976318 -6.415198e-03
1164556494.976440 -4.508974e-04
1164556494.976562 3.463099e-04
1164556494.976685 3.360109e-03
1164556494.976807 3.915530e-03
1164556494.976929 5.856452e-03
1164556494.977051 4.527424e-03
1164556494.977173 1.351395e-03
1164556494.977295 -1.436239e-03
1164556494.977417 -3.316671e-03
1164556494.977539 -3.932364e-03
1164556494.977661 -3.364511e-03
1164556494.977783 -2.588715e-03
1164556494.977905 -2.546878e-03
1164556494.978027 -3.260046e-03
1164556494.978149 -4.292775e-04
1164556494.978271 2.974750e-03
1164556494.978394 6.060446e-03
1164556494.978516 7.406357e-03
1164556494.978638 5.266529e-03
1164556494.978760 2.089721e-04
1164556494.978882 -2.969293e-03
1164556494.979004 -4.198449e-03
1164556494.979126 -3.542755e-03
1164556494.979248 -4.180622e-03
1164556494.979370 -1.040015e-03
1164556494.979492 1.654340e-03
1164556494.979614 2.589711e-03
1164556494.979736 7.249928e-04
1164556494.979858 -2.751559e-03
1164556494.979980 -2.665942e-03
1164556494.980103 -2.096092e-03
1164556494.980225 1.364871e-04
1164556494.980347 5.097224e-03
1164556494.980469 7.301135e-03
1164556494.980591 5.382317e-03
1164556494.980713 -8.400808e-04
1164556494.980835 -1.535828e-03
1164556494.980957 -2.661841e-03
1164556494.981079 -3.839100e-03
1164556494.981201 -5.024422e-03
1164556494.981323 -4.045202e-03
1164556494.981445 -1.424464e-03
1164556494.981567 2.758338e-04
1164556494.981689 2.744171e-03
1164556494.981812 3.833486e-03
1164556494.981934 2.500701e-03
1164556494.982056 2.455792e-03
1164556494.982178 2.668531e-03
1164556494.982300 2.211265e-03
1164556494.982422 -3.120651e-04
1164556494.982544 -3.684635e-03
1164556494.982666 -5.305422e-03
1164556494.982788 -3.743677e-03
1164556494.982910 -1.413736e-03
1164556494.983032 2.329881e-03
1164556494.983154 2.514223e-03
1164556494.983276 2.572962e-03
1164556494.983398 8.534395e-04
1164556494.983521 5.024863e-04
1164556494.983643 7.436320e-04
1164556494.983765 -1.795320e-03
1164556494.983887 -1.970731e-03
1164556494.984009 -4.520174e-04
1164556494.984131 4.427921e-04
1164556494.984253 1.259993e-04
1164556494.984375 -4.352789e-04
1164556494.984497 1.700720e-04
1164556494.984619 -9.281115e-04
1164556494.984741 -2.916008e-04
1164556494.984863 1.384211e-03
1164556494.984985 3.421641e-03
1164556494.985107 2.343728e-03
1164556494.985229 7.481109e-04
1164556494.985352 -1.384643e-03
1164556494.985474 -2.532676e-03
1164556494.985596 -2.625313e-03
1164556494.985718 -2.845603e-03
1164556494.985840 -2.076991e-03
1164556494.985962 -7.585230e-04
1164556494.986084 -2.893445e-04
1164556494.986206 2.181033e-03
1164556494.986328 2.867011e-03
1164556494.986450 4.358169e-03
1164556494.986572 3.095369e-03
1164556494.986694 3.133689e-03
1164556494.986816 1.494277e-03
1164556494.986938 -2.725848e-03
1164556494.987061 -4.269025e-03
1164556494.987183 -5.916963e-03
1164556494.987305 -4.537951e-03
1164556494.987427 -1.736987e-03
1164556494.987549 4.972573e-04
1164556494.987671 2.431699e-03
1164556494.987793 8.128413e-04
1164556494.987915 3.709998e-03
1164556494.988037 4.068832e-03
1164556494.988159 3.580191e-03
1164556494.988281 2.773133e-03
1164556494.988403 -2.446707e-04
1164556494.988525 -2.677409e-03
1164556494.988647 -5.110722e-03
1164556494.988770 -4.310497e-03
1164556494.988892 -1.059253e-03
1164556494.989014 -2.249718e-03
1164556494.989136 -1.854931e-04
1164556494.989258 1.007206e-03
1164556494.989380 5.265828e-03
1164556494.989502 5.973688e-03
1164556494.989624 1.340065e-03
1164556494.989746 -1.637769e-03
1164556494.989868 -5.226782e-03
1164556494.989990 -3.393771e-03
1164556494.990112 -9.787280e-04
1164556494.990234 5.648582e-04
