1164556494.809326 2.737734e-04
1164556494.809448 7.068839e-03
1164556494.809570 -1.017087e-03
1164556494.809692 2.600973e-03
1164556494.809814 -5.852884e-02
1164556494.809937 -7.660969e-02
1164556494.810059 -5.055452e-02
1164556494.810181 1.265982e-02
1164556494.810303 1.058716e-01
1164556494.810425 1.018177e-01
1164556494.810547 6.433091e-02
1164556494.810669 -9.256220e-04
1164556494.810791 -7.689813e-02
1164556494.810913 -6.002996e-02
1164556494.811035 -7.974868e-02
1164556494.811157 -4.028007e-02
1164556494.811279 -1.109733e-02
1164556494.811401 3.396252e-02
1164556494.811523 8.092415e-02
1164556494.811646 7.962558e-02
1164556494.811768 6.574318e-02
1164556494.811890 9.475068e-05
1164556494.812012 -3.662483e-02
1164556494.812134 -2.899762e-02
1164556494.812256 -4.129700e-02
1164556494.812378 -3.687005e-02
1164556494.812500 -4.797410e-02
1164556494.812622 -5.573729e-02
1164556494.812744 -5.247997e-02
1164556494.812866 -8.239726e-03
1164556494.812988 4.092363e-02
1164556494.813110 1.204762e-01
1164556494.813232 1.275537e-01
1164556494.813354 9.585242e-02
1164556494.813477 1.690409e-02
1164556494.813599 -5.073872e-02
1164556494.813721 -8.681643e-02
1164556494.813843 -1.168648e-01
1164556494.813965 -7.937132e-02
1164556494.814087 -2.147616e-02
1164556494.814209 1.366395e-02
1164556494.814331 5.308566e-02
1164556494.814453 2.116132e-02
1164556494.814575 1.160184e-02
1164556494.814697 -1.158896e-02
1164556494.814819 1.289531e-02
1164556494.814941 4.247412e-02
1164556494.815063 3.926104e-02
1164556494.815186 4.937490e-02
1164556494.815308 2.349540e-02
1164556494.815430 -2.164462e-02
1164556494.815552 -5.365167e-02
1164556494.815674 -6.506328e-02
1164556494.815796 -3.558432e-02
1164556494.815918 -1.950087e-02
1164556494.816040 1.621287e-02
1164556494.816162 1.717298e-02
1164556494.816284 1.498014e-02
1164556494.816406 3.461542e-03
1164556494.816528 8.847846e-03
1164556494.816650 -9.410941e-03
1164556494.816772 -8.983667e-03
1164556494.816895 -2.585839e-03
1164556494.817017 5.045178e-04
1164556494.817139 1.616205e-02
1164556494.817261 5.400455e-02
1164556494.817383 6.902020e-02
1164556494.817505 5.234789e-02
1164556494.817627 -1.132284e-03
1164556494.817749 -6.102083e-02
1164556494.817871 -1.150878e-01
1164556494.817993 -1.137013e-01
1164556494.818115 -5.790612e-02
1164556494.818237 1.631025e-02
1164556494.818359 5.465177e-02
1164556494.818481 6.663908e-02
1164556494.818604 5.164516e-02
1164556494.818726 6.130573e-02
1164556494.818848 2.040536e-02
1164556494.818970 -1.047660e-02
1164556494.819092 -9.890704e-03
1164556494.819214 -1.919535e-03
1164556494.819336 1.494959e-02
1164556494.819458 1.296695e-03
1164556494.819580 -1.287125e-02
1164556494.819702 -5.446493e-02
1164556494.819824 -8.587111e-02
1164556494.819946 -3.575225e-02
1164556494.820068 2.990108e-03
1164556494.820190 2.739348e-02
1164556494.820312 1.961905e-02
1164556494.820435 2.048727e-02
1164556494.820557 1.496532e-02
1164556494.820679 2.166769e-02
1164556494.820801 3.596843e-02
1164556494.820923 3.743080e-02
1164556494.821045 1.130611e-03
1164556494.821167 6.266356e-03
1164556494.821289 1.545301e-02
1164556494.821411 3.045127e-02
1164556494.821533 1.625070e-02
1164556494.821655 -4.414297e-02
1164556494.821777 -1.049051e-01
1164556494.821899 -1.406549e-01
1164556494.822021 -1.132209e-01
1164556494.822144 -2.302122e-02
1164556494.822266 5.429296e-02
1164556494.822388 1.156679e-01
1164556494.822510 1.300298e-01
1164556494.822632 1.315972e-01
1164556494.822754 1.029342e-01
1164556494.822876 6.503920e-02
1164556494.822998 -1.019763e-02
1164556494.823120 -1.004459e-01
1164556494.823242 -1.649244e-01
1164556494.823364 -1.384640e-01
1164556494.823486 -1.011157e-01
1164556494.823608 -6.058609e-02
1164556494.823730 -7.421174e-03
1164556494.823853 4.223905e-02
1164556494.823975 9.782455e-02
1164556494.824097 1.220195e-01
1164556494.824219 1.387284e-01
1164556494.824341 1.159332e-01
1164556494.824463 3.032067e-02
1164556494.824585 -4.125669e-02
1164556494.824707 -1.187596e-01
1164556494.824829 -1.148273e-01
1164556494.824951 -1.063246e-01
1164556494.825073 -5.614569e-02
1164556494.825195 -2.404773e-02
1164556494.825317 2.148358e-02
1164556494.825439 8.356108e-02
1164556494.825562 1.151792e-01
1164556494.825684 5.963438e-02
1164556494.825806 -1.153450e-02
1164556494.825928 -3.155264e-02
1164556494.826050 -2.128902e-03
1164556494.826172 9.602161e-03
1164556494.826294 -2.048290e-02
1164556494.826416 -4.189050e-02
1164556494.826538 -6.189258e-02
1164556494.826660 -4.566566e-02
1164556494.826782 8.687341e-03
1164556494.826904 4.327000e-02
1164556494.827026 7.266362e-02
1164556494.827148 4.499306e-02
1164556494.827271 5.116402e-02
1164556494.827393 1.644286e-02
1164556494.827515 -5.352100e-03
1164556494.827637 -3.333290e-02
1164556494.827759 -8.153260e-02
1164556494.827881 -9.927196e-02
1164556494.828003 -7.809883e-02
1164556494.828125 -1.590843e-03
1164556494.828247 4.139998e-02
1164556494.828369 4.581033e-02
1164556494.828491 5.300233e-02
1164556494.828613 4.840655e-02
1164556494.828735 8.582515e-02
1164556494.828857 7.087356e-02
1164556494.828979 5.741789e-02
1164556494.829102 -1.975614e-02
1164556494.829224 -7.204167e-02
1164556494.829346 -1.083866e-01
1164556494.829468 -1.216636e-01
1164556494.829590 -9.878279e-02
1164556494.829712 -6.162444e-02
1164556494.829834 2.694500e-03
1164556494.829956 6.878369e-02
1164556494.830078 1.123093e-01
1164556494.830200 1.251037e-01
1164556494.830322 7.627220e-02
1164556494.830444 5.042372e-02
1164556494.830566 1.166193e-02
1164556494.830688 -3.003681e-02
1164556494.830811 -4.972078e-02
1164556494.830933 -6.011936e-02
1164556494.831055 -8.445930e-02
1164556494.831177 -6.238200e-02
1164556494.831299 -1.508064e-02
1164556494.831421 2.301953e-02
1164556494.831543 2.990264e-04
1164556494.831665 -1.487791e-03
1164556494.831787 -9.936627e-03
1164556494.831909 -1.528254e-02
1164556494.832031 2.685739e-02
1164556494.832153 8.445196e-02
1164556494.832275 9.548961e-02
1164556494.832397 8.249212e-02
1164556494.832520 3.852537e-02
1164556494.832642 -2.899550e-03
1164556494.832764 -7.162409e-02
1164556494.832886 -1.254161e-01
1164556494.833008 -1.235640e-01
1164556494.833130 -7.063220e-02
1164556494.833252 1.650830e-03
1164556494.833374 3.428655e-02
1164556494.833496 3.705212e-02
1164556494.833618 6.261904e-02
1164556494.833740 2.085244e-02
1164556494.833862 2.902415e-02
1164556494.833984 4.245432e-02
1164556494.834106 6.067148e-02
1164556494.834229 3.637078e-02
1164556494.834351 -1.210345e-02
1164556494.834473 -4.435021e-02
1164556494.834595 -7.476898e-02
1164556494.834717 -7.582229e-02
1164556494.834839 -4.216249e-02
1164556494.834961 -2.628183e-03
1164556494.835083 5.295668e-02
1164556494.835205 6.156665e-02
1164556494.835327 3.607367e-02
1164556494.835449 -1.343584e-02
1164556494.835571 -5.877814e-02
1164556494.835693 -6.457824e-02
1164556494.835815 -1.826960e-03
1164556494.835938 5.071318e-02
1164556494.836060 6.537855e-02
1164556494.836182 5.522908e-02
1164556494.836304 2.393011e-02
1164556494.836426 -4.070220e-02
1164556494.836548 -4.197733e-02
1164556494.836670 -2.560990e-02
1164556494.836792 6.463687e-03
1164556494.836914 -3.841660e-03
1164556494.837036 3.703059e-02
1164556494.837158 4.592742e-02
1164556494.837280 -1.833169e-02
1164556494.837402 -7.756783e-02
1164556494.837524 -1.125410e-01
1164556494.837646 -8.469528e-02
1164556494.837769 -1.583295e-02
1164556494.837891 7.651964e-02
1164556494.838013 1.585925e-01
1164556494.838135 1.242664e-01
1164556494.838257 5.495804e-02
1164556494.838379 -9.323747e-03
1164556494.838501 -1.363095e-02
1164556494.838623 -1.145304e-02
1164556494.838745 -2.969819e-02
1164556494.838867 -6.725930e-02
1164556494.838989 -9.934283e-02
1164556494.839111 -1.164572e-01
1164556494.839233 -6.688576e-02
1164556494.839355 -2.592861e-02
1164556494.839478 3.210996e-02
1164556494.839600 7.227464e-02
1164556494.839722 1.130955e-01
1164556494.839844 1.299536e-01
1164556494.839966 1.021174e-01
1164556494.840088 7.275508e-02
1164556494.840210 5.015794e-03
1164556494.840332 -8.334990e-02
1164556494.840454 -1.273197e-01
1164556494.840576 -1.191284e-01
1164556494.840698 -5.614632e-02
1164556494.840820 -2.688101e-02
1164556494.840942 4.755408e-03
1164556494.841064 2.035772e-02
1164556494.841187 4.423428e-02
1164556494.841309 1.917755e-02
1164556494.841431 -8.541024e-04
1164556494.841553 -3.319399e-03
1164556494.841675 2.375621e-02
1164556494.841797 3.870313e-02
1164556494.841919 5.982814e-02
1164556494.842041 8.161693e-02
1164556494.842163 4.936577e-02
1164556494.842285 -2.986764e-02
1164556494.842407 -5.734800e-02
1164556494.842529 -5.103038e-02
1164556494.842651 -4.793375e-02
1164556494.842773 -7.693581e-02
1164556494.842896 -7.525710e-02
1164556494.843018 -6.470337e-02
1164556494.843140 -3.354212e-02
1164556494.843262 2.050077e-02
1164556494.843384 9.240067e-02
1164556494.843506 1.022177e-01
1164556494.843628 1.059070e-01
1164556494.843750 1.072865e-01
1164556494.843872 7.375518e-02
1164556494.843994 -6.482185e-03
1164556494.844116 -6.630217e-02
1164556494.844238 -7.880586e-02
1164556494.844360 -8.155331e-02
1164556494.844482 -9.475654e-02
1164556494.844604 -9.497529e-02
1164556494.844727 -8.608895e-02
1164556494.844849 -3.921253e-02
1164556494.844971 4.656727e-02
1164556494.845093 1.327099e-01
1164556494.845215 1.541765e-01
1164556494.845337 1.232561e-01
1164556494.845459 2.745613e-02
1164556494.845581 -2.461617e-02
1164556494.845703 -5.276308e-02
1164556494.845825 -7.001763e-02
1164556494.845947 -7.188213e-02
1164556494.846069 -4.196396e-02
1164556494.846191 1.200770e-02
1164556494.846313 2.796120e-02
1164556494.846436 3.460136e-02
1164556494.846558 1.356200e-02
1164556494.846680 -3.179211e-02
1164556494.846802 -3.654345e-02
1164556494.846924 -2.277375e-02
1164556494.847046 1.138655e-02
1164556494.847168 -1.928098e-02
1164556494.847290 -6.279404e-06
1164556494.847412 2.276245e-02
1164556494.847534 4.014973e-02
1164556494.847656 1.319444e-02
1164556494.847778 3.352449e-02
1164556494.847900 8.900471e-02
1164556494.848022 6.684685e-02
1164556494.848145 2.194277e-02
1164556494.848267 -4.237149e-02
1164556494.848389 -7.405324e-02
1164556494.848511 -1.653766e-01
1164556494.848633 -1.881156e-01
1164556494.848755 -1.066789e-01
1164556494.848877 3.532239e-02
1164556494.848999 1.957222e-01
1164556494.849121 1.847847e-01
1164556494.849243 1.390474e-01
1164556494.849365 -3.157218e-02
1164556494.849487 -5.733868e-02
1164556494.849609 -3.769535e-02
1164556494.849731 -7.768313e-03
1164556494.849854 3.664350e-02
1164556494.849976 -2.171605e-02
1164556494.850098 -2.806263e-02
1164556494.850220 -7.336323e-02
1164556494.850342 -4.824192e-02
1164556494.850464 -1.557304e-02
1164556494.850586 -2.124139e-02
1164556494.850708 1.505631e-02
1164556494.850830 3.372215e-02
1164556494.850952 9.288798e-02
1164556494.851074 7.686812e-02
1164556494.851196 -3.202626e-02
1164556494.851318 -1.489624e-01
1164556494.851440 -1.220183e-01
1164556494.851562 1.241487e-03
1164556494.851685 1.531211e-01
1164556494.851807 2.131880e-01
1164556494.851929 1.815160e-01
1164556494.852051 4.185358e-02
1164556494.852173 -1.183656e-01
1164556494.852295 -1.956436e-01
1164556494.852417 -2.124475e-01
1164556494.852539 -1.577879e-01
1164556494.852661 -9.786627e-02
1164556494.852783 1.324658e-02
1164556494.852905 1.329264e-01
1164556494.853027 1.786642e-01
1164556494.853149 1.616573e-01
1164556494.853271 5.217210e-02
1164556494.853394 1.801188e-02
1164556494.853516 1.388960e-02
1164556494.853638 5.281762e-02
1164556494.853760 3.099793e-02
1164556494.853882 -3.271641e-02
1164556494.854004 -1.208253e-01
1164556494.854126 -1.875272e-01
1164556494.854248 -1.675938e-01
1164556494.854370 -7.916696e-02
1164556494.854492 3.637128e-02
1164556494.854614 7.237274e-02
1164556494.854736 7.351663e-02
1164556494.854858 7.784737e-02
1164556494.854980 1.068140e-01
1164556494.855103 1.311741e-01
1164556494.855225 4.515276e-02
1164556494.855347 -2.138433e-02
1164556494.855469 -6.642759e-02
1164556494.855591 -4.028312e-02
1164556494.855713 -5.225915e-03
1164556494.855835 1.427221e-03
1164556494.855957 -4.777949e-02
1164556494.856079 -1.045851e-01
1164556494.856201 -1.229553e-01
1164556494.856323 -4.033777e-02
1164556494.856445 2.194747e-02
1164556494.856567 5.874152e-02
1164556494.856689 4.839188e-02
1164556494.856812 2.198160e-02
1164556494.856934 8.973808e-02
1164556494.857056 1.340087e-01
1164556494.857178 9.489354e-02
1164556494.857300 -7.305405e-03
1164556494.857422 -7.261840e-02
1164556494.857544 -8.821825e-02
1164556494.857666 -1.055675e-01
1164556494.857788 -3.839210e-02
1164556494.857910 1.859426e-02
1164556494.858032 2.945388e-02
1164556494.858154 -1.900971e-02
1164556494.858276 -3.239320e-02
1164556494.858398 -4.125732e-02
1164556494.858521 -1.442602e-02
1164556494.858643 -1.982459e-02
1164556494.858765 -3.362521e-03
1164556494.858887 7.804348e-02
1164556494.859009 1.707257e-01
1164556494.859131 1.440804e-01
1164556494.859253 1.807629e-02
1164556494.859375 -8.779677e-02
1164556494.859497 -1.096348e-01
1164556494.859619 -9.071333e-02
1164556494.859741 -2.096570e-02
1164556494.859863 4.705430e-02
1164556494.859985 5.132733e-02
1164556494.860107 8.059033e-03
1164556494.860229 -6.911661e-02
1164556494.860352 -1.490691e-01
1164556494.860474 -1.506180e-01
1164556494.860596 -4.705584e-02
1164556494.860718 1.157476e-01
1164556494.860840 1.884939e-01
1164556494.860962 2.318116e-01
1164556494.861084 1.922517e-01
1164556494.861206 6.449084e-02
1164556494.861328 -1.423310e-01
1164556494.861450 -2.025821e-01
1164556494.861572 -1.478182e-01
1164556494.861694 -5.308271e-02
1164556494.861816 2.727114e-02
1164556494.861938 4.878612e-02
1164556494.862061 2.060024e-02
1164556494.862183 -7.440641e-02
1164556494.862305 -1.179181e-01
1164556494.862427 -1.175738e-01
1164556494.862549 -2.386847e-02
1164556494.862671 1.486391e-01
1164556494.862793 2.685006e-01
1164556494.862915 3.034119e-01
1164556494.863037 1.555719e-01
1164556494.863159 -3.590076e-02
1164556494.863281 -2.438930e-01
1164556494.863403 -2.954651e-01
1164556494.863525 -2.242558e-01
1164556494.863647 -5.584432e-02
1164556494.863770 1.337234e-01
1164556494.863892 1.787402e-01
1164556494.864014 9.661165e-02
1164556494.864136 -2.608565e-02
1164556494.864258 -7.881697e-02
1164556494.864380 -1.320997e-01
1164556494.864502 -1.251165e-01
1164556494.864624 2.988091e-02
1164556494.864746 2.119435e-01
1164556494.864868 2.504457e-01
1164556494.864990 1.154645e-01
1164556494.865112 7.856785e-03
1164556494.865234 -1.222780e-01
1164556494.865356 -1.356940e-01
1164556494.865479 -9.043298e-02
1164556494.865601 -3.801135e-04
1164556494.865723 4.543493e-04
1164556494.865845 -4.647992e-02
1164556494.865967 -4.816307e-02
1164556494.866089 -1.124666e-01
1164556494.866211 -9.922371e-02
1164556494.866333 -7.976997e-03
1164556494.866455 1.098351e-01
1164556494.866577 1.592270e-01
1164556494.866699 1.788068e-01
1164556494.866821 2.416497e-01
1164556494.866943 1.320660e-01
1164556494.867065 -7.169881e-02
1164556494.867188 -2.266896e-01
1164556494.867310 -1.651858e-01
1164556494.867432 -1.080533e-01
1164556494.867554 -8.593805e-02
1164556494.867676 -4.695898e-02
1164556494.867798 -4.339271e-03
1164556494.867920 2.445911e-04
1164556494.868042 3.180347e-03
1164556494.868164 4.875096e-02
1164556494.868286 7.973174e-02
1164556494.868408 7.927382e-02
1164556494.868530 6.182688e-02
1164556494.868652 9.430532e-02
1164556494.868774 1.001625e-01
1164556494.868896 5.647699e-02
1164556494.869019 -1.058576e-02
1164556494.869141 -1.460546e-01
1164556494.869263 -1.663659e-01
1164556494.869385 -1.429847e-01
1164556494.869507 -1.609814e-02
1164556494.869629 3.690252e-04
1164556494.869751 2.735280e-02
1164556494.869873 8.173746e-02
1164556494.869995 6.192080e-02
1164556494.870117 1.288732e-02
1164556494.870239 -8.488398e-02
1164556494.870361 -7.550121e-02
1164556494.870483 -4.874993e-02
1164556494.870605 2.405233e-02
1164556494.870728 1.417733e-01
1164556494.870850 2.457547e-01
1164556494.870972 2.660910e-01
1164556494.871094 8.824770e-02
1164556494.871216 -1.394425e-01
1164556494.871338 -2.834144e-01
1164556494.871460 -2.270398e-01
1164556494.871582 -2.213192e-01
1164556494.871704 -1.234031e-01
1164556494.871826 -1.737836e-02
1164556494.871948 1.104725e-01
1164556494.872070 1.161736e-01
1164556494.872192 5.109563e-02
1164556494.872314 8.839283e-02
1164556494.872437 5.354932e-02
1164556494.872559 1.178203e-01
1164556494.872681 2.143195e-01
1164556494.872803 2.851934e-01
1164556494.872925 1.469882e-01
1164556494.873047 -1.230371e-01
1164556494.873169 -3.130168e-01
1164556494.873291 -4.905497e-01
1164556494.873413 -4.258443e-01
1164556494.873535 -1.986643e-01
1164556494.873657 1.178101e-01
1164556494.873779 2.718610e-01
1164556494.873901 3.528180e-01
1164556494.874023 2.762174e-01
1164556494.874146 7.887676e-02
1164556494.874268 -1.059207e-01
1164556494.874390 -1.356902e-01
1164556494.874512 5.366210e-03
1164556494.874634 1.227541e-01
1164556494.874756 2.120041e-01
1164556494.874878 1.314465e-01
1164556494.875000 -6.190720e-02
1164556494.875122 -2.583810e-01
1164556494.875244 -3.825515e-01
1164556494.875366 -3.141000e-01
1164556494.875488 -1.720809e-01
1164556494.875610 5.184569e-02
1164556494.875732 1.934169e-01
1164556494.875854 3.348100e-01
1164556494.875977 2.672336e-01
1164556494.876099 6.503304e-02
1164556494.876221 -6.917718e-02
1164556494.876343 -2.065795e-02
1164556494.876465 6.541685e-02
1164556494.876587 6.651861e-02
1164556494.876709 1.350598e-01
1164556494.876831 7.426487e-02
1164556494.876953 -1.990261e-01
1164556494.877075 -3.477210e-01
1164556494.877197 -2.733319e-01
1164556494.877319 -1.856005e-01
1164556494.877441 -1.373641e-01
1164556494.877563 8.687312e-02
1164556494.877686 2.853354e-01
1164556494.877808 2.760030e-01
1164556494.877930 1.695033e-01
1164556494.878052 1.308329e-01
1164556494.878174 -2.635880e-02
1164556494.878296 -9.130827e-02
1164556494.878418 -4.043142e-04
1164556494.878540 1.505908e-01
1164556494.878662 6.637937e-02
1164556494.878784 -1.086873e-01
1164556494.878906 -1.557526e-01
1164556494.879028 -2.912978e-01
1164556494.879150 -2.872830e-01
1164556494.879272 -7.523902e-02
1164556494.879395 1.595965e-01
1164556494.879517 1.764460e-01
1164556494.879639 3.641573e-02
1164556494.879761 1.108380e-01
1164556494.879883 1.318075e-01
1164556494.880005 4.934636e-02
1164556494.880127 -8.878118e-02
1164556494.880249 -4.808487e-02
1164556494.880371 9.546738e-02
1164556494.880493 1.886295e-01
1164556494.880615 1.656432e-01
1164556494.880737 3.568726e-02
1164556494.880859 -1.492337e-01
1164556494.880981 -3.224520e-01
1164556494.881104 -3.153758e-01
1164556494.881226 -1.165570e-01
1164556494.881348 2.359186e-02
1164556494.881470 8.675220e-03
1164556494.881592 -3.017909e-02
1164556494.881714 1.969417e-02
1164556494.881836 1.090193e-01
1164556494.881958 2.501107e-01
1164556494.882080 2.423548e-01
1164556494.882202 1.463808e-01
1164556494.882324 5.774490e-02
1164556494.882446 1.335397e-01
1164556494.882568 1.764439e-01
1164556494.882690 -3.373415e-02
1164556494.882812 -3.058708e-01
1164556494.882935 -4.133921e-01
1164556494.883057 -4.459282e-01
1164556494.883179 -3.156739e-01
1164556494.883301 -9.616337e-02
1164556494.883423 1.540103e-01
1164556494.883545 1.883232e-01
1164556494.883667 1.586239e-01
1164556494.883789 2.855821e-01
1164556494.883911 3.937371e-01
1164556494.884033 3.225896e-01
1164556494.884155 6.517173e-02
1164556494.884277 -7.463294e-02
1164556494.884399 -5.354116e-02
1164556494.884521 -2.047622e-02
1164556494.884644 2.310874e-02
1164556494.884766 -1.357786e-01
1164556494.884888 -3.955429e-01
1164556494.885010 -5.634210e-01
1164556494.885132 -4.342306e-01
1164556494.885254 -1.972321e-01
1164556494.885376 6.358439e-02
1164556494.885498 2.224344e-01
1164556494.885620 4.565624e-01
1164556494.885742 4.720570e-01
1164556494.885864 4.558825e-01
1164556494.885986 4.249831e-01
1164556494.886108 2.185614e-01
1164556494.886230 -3.656830e-02
1164556494.886353 -2.699259e-01
1164556494.886475 -1.686479e-01
1164556494.886597 -1.714828e-01
1164556494.886719 -2.735359e-01
1164556494.886841 -5.136063e-01
1164556494.886963 -7.304792e-01
1164556494.887085 -5.295750e-01
1164556494.887207 -2.297632e-01
1164556494.887329 3.013785e-01
1164556494.887451 5.505300e-01
1164556494.887573 8.238027e-01
1164556494.887695 7.961681e-01
1164556494.887817 4.890853e-01
1164556494.887939 1.813446e-01
1164556494.888062 2.844584e-03
1164556494.888184 -9.038453e-02
1164556494.888306 -2.746781e-01
1164556494.888428 -2.595795e-01
1164556494.888550 -3.152768e-01
1164556494.888672 -4.277415e-01
1164556494.888794 -6.885307e-01
1164556494.888916 -8.261540e-01
1164556494.889038 -6.040976e-01
1164556494.889160 -1.757342e-01
1164556494.889282 4.545087e-01
1164556494.889404 7.121086e-01
1164556494.889526 9.372431e-01
1164556494.889648 8.379026e-01
1164556494.889771 8.034063e-01
1164556494.889893 5.225156e-01
1164556494.890015 3.007119e-01
1164556494.890137 2.544721e-01
1164556494.890259 1.428189e-01
1164556494.890381 -1.894869e-01
1164556494.890503 -9.445280e-01
1164556494.890625 -1.546535e+00
1164556494.890747 -2.088815e+00
1164556494.890869 -2.480541e+00
1164556494.890991 -2.217232e+00
1164556494.891113 -1.185119e+00
1164556494.891235 1.497254e+00
1164556494.891357 4.661030e+00
1164556494.891479 5.446108e+00
1164556494.891602 4.646725e+00
1164556494.891724 2.643334e+00
1164556494.891846 -2.182277e-01
1164556494.891968 -2.874465e+00
1164556494.892090 -4.669363e+00
1164556494.892212 -5.566637e+00
1164556494.892334 -5.005205e+00
1164556494.892456 -3.477419e+00
1164556494.892578 -1.241472e+00
1164556494.892700 1.170264e+00
1164556494.892822 3.922815e+00
1164556494.892944 5.764229e+00
1164556494.893066 6.288105e+00
1164556494.893188 5.490935e+00
1164556494.893311 3.300598e+00
1164556494.893433 -1.323118e-02
1164556494.893555 -3.474529e+00
1164556494.893677 -5.587224e+00
1164556494.893799 -6.777702e+00
1164556494.893921 -6.519317e+00
1164556494.894043 -4.745598e+00
1164556494.894165 -1.492779e+00
1164556494.894287 2.023156e+00
1164556494.894409 4.798191e+00
1164556494.894531 6.693221e+00
1164556494.894653 6.648634e+00
1164556494.894775 5.539598e+00
1164556494.894897 3.185178e+00
1164556494.895020 2.493221e-01
1164556494.895142 -2.991704e+00
1164556494.895264 -5.699649e+00
1164556494.895386 -7.225431e+00
1164556494.895508 -7.296685e+00
1164556494.895630 -4.910226e+00
1164556494.895752 -1.477652e+00
1164556494.895874 2.188185e+00
1164556494.895996 5.060280e+00
1164556494.896118 7.308316e+00
1164556494.896240 7.726044e+00
1164556494.896362 5.877279e+00
1164556494.896484 2.654795e+00
1164556494.896606 -1.601891e+00
1164556494.896729 -5.420357e+00
1164556494.896851 -7.801900e+00
1164556494.896973 -7.348523e+00
1164556494.897095 -5.325780e+00
1164556494.897217 -2.090884e+00
1164556494.897339 1.711860e+00
1164556494.897461 4.889553e+00
1164556494.897583 6.857444e+00
1164556494.897705 7.009929e+00
1164556494.897827 5.391965e+00
1164556494.897949 1.400397e+00
1164556494.898071 -2.733348e+00
1164556494.898193 -5.559812e+00
1164556494.898315 -6.368886e+00
1164556494.898438 -5.912858e+00
1164556494.898560 -3.916197e+00
1164556494.898682 -4.502478e-01
1164556494.898804 2.886797e+00
1164556494.898926 5.793396e+00
1164556494.899048 6.891458e+00
1164556494.899170 6.218733e+00
1164556494.899292 2.830090e+00
1164556494.899414 -1.740526e+00
1164556494.899536 -5.459725e+00
1164556494.899658 -7.146518e+00
1164556494.899780 -6.348292e+00
1164556494.899902 -4.354264e+00
1164556494.900024 -5.092685e-01
1164556494.900146 3.699316e+00
1164556494.900269 7.182382e+00
1164556494.900391 8.029283e+00
1164556494.900513 5.937724e+00
1164556494.900635 1.536114e+00
1164556494.900757 -3.781794e+00
1164556494.900879 -7.093438e+00
1164556494.901001 -7.794327e+00
1164556494.901123 -5.570646e+00
1164556494.901245 -1.708138e+00
1164556494.901367 2.834087e+00
1164556494.901489 5.913981e+00
1164556494.901611 6.949245e+00
1164556494.901733 5.905764e+00
1164556494.901855 2.163303e+00
1164556494.901978 -2.964478e+00
1164556494.902100 -6.932061e+00
1164556494.902222 -6.844574e+00
1164556494.902344 -4.232687e+00
1164556494.902466 -8.311657e-03
1164556494.902588 3.923978e+00
1164556494.902710 6.250864e+00
1164556494.902832 5.887340e+00
1164556494.902954 2.816219e+00
1164556494.903076 -1.088512e+00
1164556494.903198 -5.105110e+00
1164556494.903320 -6.588275e+00
1164556494.903442 -5.544662e+00
1164556494.903564 -1.337616e+00
1164556494.903687 4.243942e+00
1164556494.903809 7.650949e+00
1164556494.903931 6.474598e+00
1164556494.904053 1.045624e+00
1164556494.904175 -3.895185e+00
1164556494.904297 -6.665362e+00
1164556494.904419 -5.354307e+00
1164556494.904541 -7.188174e-01
1164556494.904663 4.482238e+00
1164556494.904785 6.314768e+00
1164556494.904907 3.510814e+00
1164556494.905029 -1.340319e+00
1164556494.905151 -5.850487e+00
1164556494.905273 -5.639837e+00
1164556494.905396 -2.634870e-01
1164556494.905518 5.502349e+00
1164556494.905640 5.290627e+00
1164556494.905762 -2.770881e-01
1164556494.905884 -5.190465e+00
1164556494.906006 -3.367474e+00
1164556494.906128 3.800521e+00
1164556494.906250 3.247563e+00
1164556494.906372 -2.346433e+00
1164556494.906494 4.357138e-02
1164556494.906616 -3.214481e-01
1164556494.906738 1.273526e-02
1164556494.906860 -1.296516e+00
1164556494.906982 1.150419e+00
1164556494.907104 6.872763e-01
1164556494.907227 -1.930704e+00
1164556494.907349 2.585991e+00
1164556494.907471 -1.920207e+00
1164556494.907593 -2.193181e-01
1164556494.907715 -4.420929e-02
1164556494.907837 9.870408e-02
1164556494.907959 1.904412e+00
1164556494.908081 -1.237756e+00
1164556494.908203 1.198823e+00
1164556494.908325 -1.447339e+00
1164556494.908447 1.212955e+00
1164556494.908569 -5.802753e-02
1164556494.908691 -1.256138e+00
1164556494.908813 5.132410e-01
1164556494.908936 -1.074190e+00
1164556494.909058 5.791859e-01
1164556494.909180 3.618613e-01
1164556494.909302 -1.128579e-01
1164556494.909424 7.506047e-01
1164556494.909546 -1.488295e+00
1164556494.909668 -1.042391e-02
1164556494.909790 8.307884e-01
1164556494.909912 1.152980e-01
1164556494.910034 1.335339e+00
1164556494.910156 -9.986215e-01
1164556494.910278 -2.732527e-01
1164556494.910400 6.560953e-01
1164556494.910522 -6.987544e-01
1164556494.910645 3.277849e-01
1164556494.910767 -7.569986e-01
1164556494.910889 -5.640183e-01
1164556494.911011 5.829952e-01
1164556494.911133 -5.479527e-01
1164556494.911255 1.022555e+00
1164556494.911377 2.576624e-01
1164556494.911499 -8.526047e-01
1164556494.911621 4.649608e-01
1164556494.911743 -4.282933e-01
1164556494.911865 8.706848e-01
1164556494.911987 5.764702e-01
1164556494.912109 -5.181712e-01
1164556494.912231 1.613588e-01
1164556494.912354 -1.072926e+00
1164556494.912476 4.312226e-01
1164556494.912598 2.349069e-01
1164556494.912720 -9.683545e-01
1164556494.912842 2.672379e-01
1164556494.912964 -3.654471e-01
1164556494.913086 4.706354e-01
1164556494.913208 6.729160e-01
1164556494.913330 -1.715425e-01
1164556494.913452 5.218948e-01
1164556494.913574 -7.550995e-01
1164556494.913696 -4.911976e-01
1164556494.913818 6.559620e-01
1164556494.913940 -6.712191e-02
1164556494.914062 7.815709e-01
1164556494.914185 -4.009189e-01
1164556494.914307 -4.421557e-01
1164556494.914429 4.620822e-01
1164556494.914551 -8.254711e-01
1164556494.914673 1.801873e-01
1164556494.914795 -2.946708e-01
1164556494.914917 -2.460457e-01
1164556494.915039 6.177009e-01
1164556494.915161 1.283928e-03
1164556494.915283 7.023300e-01
1164556494.915405 3.291118e-02
1164556494.915527 -7.698812e-01
1164556494.915649 1.311777e-01
1164556494.915771 -2.619848e-01
1164556494.915894 1.922075e-01
1164556494.916016 7.750501e-01
1164556494.916138 -2.319384e-01
1164556494.916260 6.931289e-02
1164556494.916382 -6.251391e-01
1164556494.916504 -2.658843e-01
1164556494.916626 1.628942e-01
1164556494.916748 -6.530899e-01
1164556494.916870 6.464494e-01
1164556494.916992 2.150934e-01
1164556494.917114 2.067406e-01
1164556494.917236 4.126224e-01
1164556494.917358 -3.839798e-01
1164556494.917480 -3.356005e-02
1164556494.917603 -5.646878e-01
1164556494.917725 -1.922874e-01
1164556494.917847 6.555684e-01
1164556494.917969 1.075126e-01
1164556494.918091 3.535324e-01
1164556494.918213 4.121922e-02
1164556494.918335 -6.553837e-01
1164556494.918457 1.042495e-01
1164556494.918579 -4.481322e-01
1164556494.918701 -3.588544e-02
1164556494.918823 3.277797e-01
1164556494.918945 -1.229825e-01
1164556494.919067 6.185555e-01
1164556494.919189 -5.132854e-01
1164556494.919312 1.247253e-02
1164556494.919434 1.809221e-01
1164556494.919556 -5.001982e-01
1164556494.919678 5.513269e-01
1164556494.919800 1.640824e-01
1164556494.919922 3.708946e-01
1164556494.920044 1.323538e-01
1164556494.920166 -5.260825e-01
1164556494.920288 -1.647484e-01
1164556494.920410 -6.169051e-01
1164556494.920532 -2.273863e-01
1164556494.920654 2.967445e-01
1164556494.920776 -2.626965e-02
1164556494.920898 5.959510e-01
1164556494.921021 2.864256e-01
1164556494.921143 -1.446733e-01
1164556494.921265 -6.289004e-02
1164556494.921387 -4.485324e-01
1164556494.921509 3.506690e-01
1164556494.921631 9.868134e-03
1164556494.921753 9.116721e-02
1164556494.921875 4.121560e-01
1164556494.921997 -4.146926e-01
1164556494.922119 -5.238034e-02
1164556494.922241 -4.520751e-01
1164556494.922363 -1.757597e-01
1164556494.922485 1.983390e-01
1164556494.922607 -1.458398e-01
1164556494.922729 4.248194e-01
1164556494.922852 1.602583e-01
1164556494.922974 1.809213e-01
1164556494.923096 6.613723e-02
1164556494.923218 -4.775769e-01
1164556494.923340 -5.753715e-02
1164556494.923462 -4.406960e-02
1164556494.923584 1.628340e-01
1164556494.923706 3.554963e-01
1164556494.923828 -1.543764e-01
1164556494.923950 1.187100e-01
1164556494.924072 -2.386276e-01
1164556494.924194 -1.429222e-01
1164556494.924316 1.192357e-01
1164556494.924438 -3.452096e-01
1164556494.924561 2.147609e-01
1164556494.924683 -1.974301e-01
1164556494.924805 3.870842e-02
1164556494.924927 3.226422e-01
1164556494.925049 -7.321490e-02
1164556494.925171 2.890817e-01
1164556494.925293 -3.515416e-01
1164556494.925415 7.761035e-02
1164556494.925537 2.114968e-01
1164556494.925659 -1.015291e-02
1164556494.925781 2.942602e-01
1164556494.925903 -3.496471e-01
1164556494.926025 -1.540863e-01
1164556494.926147 -1.852555e-01
1164556494.926270 -1.506591e-01
1164556494.926392 1.452449e-01
1164556494.926514 -1.944963e-01
1164556494.926636 1.535709e-01
1164556494.926758 5.850056e-02
1164556494.926880 1.656527e-01
1164556494.927002 4.616788e-01
1164556494.927124 -5.506143e-02
1164556494.927246 -3.489979e-02
1164556494.927368 -3.690064e-01
1164556494.927490 -1.708114e-01
1164556494.927612 1.934020e-01
1164556494.927734 -1.061947e-01
1164556494.927856 3.158748e-01
1164556494.927979 -2.331881e-01
1164556494.928101 -1.357153e-01
1164556494.928223 1.050601e-01
1164556494.928345 -1.155960e-01
1164556494.928467 2.256851e-01
1164556494.928589 -3.295031e-01
1164556494.928711 1.250247e-01
1164556494.928833 1.589707e-01
1164556494.928955 -1.061659e-02
1164556494.929077 2.565915e-01
1164556494.929199 -2.589523e-01
1164556494.929321 4.624193e-02
1164556494.929443 -1.854222e-01
1164556494.929565 1.049129e-01
1164556494.929688 4.132959e-01
1164556494.929810 -1.915752e-02
1164556494.929932 -1.176644e-02
1164556494.930054 -5.040608e-01
1164556494.930176 -2.246013e-01
1164556494.930298 -8.054889e-02
1164556494.930420 -5.339902e-02
1164556494.930542 3.544988e-01
1164556494.930664 4.167380e-02
1164556494.930786 3.131843e-01
1164556494.930908 1.135057e-01
1164556494.931030 -2.677006e-02
1164556494.931152 -2.332598e-02
1164556494.931274 -3.852275e-01
1164556494.931396 1.160985e-01
1164556494.931519 -7.870699e-03
1164556494.931641 1.678030e-01
1164556494.931763 2.246513e-01
1164556494.931885 -2.319183e-01
1164556494.932007 -2.082728e-01
1164556494.932129 -5.611915e-01
1164556494.932251 2.427517e-04
1164556494.932373 2.404524e-01
1164556494.932495 2.173859e-01
1164556494.932617 4.027731e-01
1164556494.932739 1.145155e-01
1164556494.932861 1.985546e-01
1164556494.932983 -2.168227e-01
1164556494.933105 -2.867522e-01
1164556494.933228 -1.405260e-01
1164556494.933350 -1.676085e-01
1164556494.933472 1.684849e-01
1164556494.933594 6.917264e-02
1164556494.933716 2.419366e-01
1164556494.933838 -2.944375e-02
1164556494.933960 -3.039101e-01
1164556494.934082 -1.596647e-01
1164556494.934204 -2.210700e-01
1164556494.934326 1.866975e-01
1164556494.934448 2.153652e-01
1164556494.934570 3.675933e-01
1164556494.934692 2.248201e-01
1164556494.934814 -2.041697e-01
1164556494.934937 -4.759095e-02
1164556494.935059 -3.348029e-01
1164556494.935181 -1.447817e-01
1164556494.935303 -5.776922e-02
1164556494.935425 1.520607e-01
1164556494.935547 3.471288e-01
1164556494.935669 -6.425315e-02
1164556494.935791 9.066996e-02
1164556494.935913 -1.960333e-01
1164556494.936035 -2.695821e-01
1164556494.936157 -1.386706e-01
1164556494.936279 -7.110897e-03
1164556494.936401 3.760991e-01
1164556494.936523 9.547921e-02
1164556494.936646 1.738009e-01
1164556494.936768 3.166851e-02
1164556494.936890 -1.857264e-01
1164556494.937012 -1.146117e-01
1164556494.937134 -1.810507e-01
1164556494.937256 7.681055e-02
1164556494.937378 5.862946e-02
1164556494.937500 1.259491e-01
1164556494.937622 1.278584e-01
1164556494.937744 -1.211638e-01
1164556494.937866 -5.706080e-02
1164556494.937988 -1.821921e-01
1164556494.938110 -6.815617e-02
1164556494.938232 4.548367e-03
1164556494.938354 -4.887258e-04
1164556494.938477 1.536087e-01
1164556494.938599 7.351656e-02
1164556494.938721 1.693835e-01
1164556494.938843 1.661163e-02
1164556494.938965 -3.255917e-02
1164556494.939087 7.871298e-03
1164556494.939209 -1.321349e-01
1164556494.939331 4.661955e-02
1164556494.939453 -6.819905e-02
1164556494.939575 -8.181002e-03
1164556494.939697 -1.082131e-01
1164556494.939819 -1.468336e-01
1164556494.939941 3.925770e-02
1164556494.940063 -5.881241e-02
1164556494.940186 1.357476e-01
1164556494.940308 8.618288e-02
1164556494.940430 9.509950e-02
1164556494.940552 9.979956e-02
1164556494.940674 4.866005e-02
1164556494.940796 1.332154e-01
1164556494.940918 -1.506410e-01
1164556494.941040 -1.453556e-01
1164556494.941162 -1.317632e-01
1164556494.941284 -3.309297e-02
1164556494.941406 3.624569e-02
1164556494.941528 5.036103e-04
1164556494.941650 9.274112e-02
1164556494.941772 -3.316986e-02
1164556494.941895 -4.230444e-02
1164556494.942017 -5.164901e-02
1164556494.942139 -4.934863e-02
1164556494.942261 4.606243e-02
1164556494.942383 5.419229e-02
1164556494.942505 1.433558e-01
1164556494.942627 1.471456e-01
1164556494.942749 1.138599e-01
1164556494.942871 1.392173e-02
1164556494.942993 -2.167244e-01
1164556494.943115 -2.238631e-01
1164556494.943237 -1.357254e-01
1164556494.943359 2.273132e-04
1164556494.943481 1.449634e-01
1164556494.943604 8.776167e-02
1164556494.943726 5.673259e-02
1164556494.943848 -9.791884e-02
1164556494.943970 -1.055571e-01
1164556494.944092 -9.825401e-02
1164556494.944214 3.236425e-03
1164556494.944336 1.909954e-01
1164556494.944458 1.851979e-01
1164556494.944580 2.371284e-01
1164556494.944702 8.404850e-02
1164556494.944824 -2.549912e-02
1164556494.944946 -2.449115e-01
1164556494.945068 -4.029960e-01
1164556494.945190 -2.115840e-01
1164556494.945312 -1.192181e-02
1164556494.945435 2.257019e-01
1164556494.945557 1.438127e-01
1164556494.945679 1.231481e-01
1164556494.945801 3.655811e-02
1164556494.945923 -9.105291e-02
1164556494.946045 -3.530831e-02
1164556494.946167 9.719346e-03
1164556494.946289 1.449570e-01
1164556494.946411 9.679463e-02
1164556494.946533 3.241455e-02
1164556494.946655 -2.059452e-02
1164556494.946777 -1.714591e-01
1164556494.946899 -1.957237e-01
1164556494.947021 -1.747608e-01
1164556494.947144 -2.538234e-02
1164556494.947266 1.293681e-01
1164556494.947388 2.236782e-01
1164556494.947510 2.276987e-01
1164556494.947632 3.607480e-03
1164556494.947754 -1.569265e-01
1164556494.947876 -1.336587e-01
1164556494.947998 -1.126086e-01
1164556494.948120 -2.564047e-02
1164556494.948242 3.289209e-02
1164556494.948364 1.707596e-01
1164556494.948486 1.671627e-01
1164556494.948608 4.879359e-02
1164556494.948730 -7.386755e-03
1164556494.948853 -1.420641e-01
1164556494.948975 -1.238363e-01
1164556494.949097 -1.163666e-01
1164556494.949219 -3.625973e-02
1164556494.949341 7.773778e-02
1164556494.949463 2.969839e-02
1164556494.949585 4.750124e-02
1164556494.949707 -2.087643e-02
1164556494.949829 -5.923687e-03
1164556494.949951 4.159170e-02
1164556494.950073 8.060418e-02
1164556494.950195 8.500741e-02
1164556494.950317 2.384079e-02
1164556494.950439 1.203045e-02
1164556494.950562 -6.610318e-02
1164556494.950684 -1.282558e-01
1164556494.950806 -1.224965e-01
1164556494.950928 -6.849722e-02
1164556494.951050 3.409442e-02
1164556494.951172 1.163905e-01
1164556494.951294 1.013839e-01
1164556494.951416 3.502553e-02
1164556494.951538 6.467145e-03
1164556494.951660 -4.898300e-02
1164556494.951782 -6.967297e-02
1164556494.951904 -7.400136e-02
1164556494.952026 -4.070262e-03
1164556494.952148 2.166651e-02
1164556494.952271 3.637135e-02
1164556494.952393 9.684331e-02
1164556494.952515 9.544319e-02
1164556494.952637 8.131679e-02
1164556494.952759 -1.978588e-03
1164556494.952881 -1.000883e-01
1164556494.953003 -1.390267e-01
1164556494.953125 -1.017982e-01
1164556494.953247 -5.257256e-02
1164556494.953369 -7.254330e-02
1164556494.953491 -4.024014e-02
1164556494.953613 7.265510e-02
1164556494.953735 1.755029e-01
1164556494.953857 1.381422e-01
1164556494.953979 8.846102e-02
1164556494.954102 1.891139e-02
1164556494.954224 -1.730161e-02
1164556494.954346 -2.769495e-02
1164556494.954468 -2.319026e-02
1164556494.954590 -2.825743e-02
1164556494.954712 -9.675322e-02
1164556494.954834 -1.505863e-01
1164556494.954956 -1.587376e-01
1164556494.955078 -5.988128e-02
1164556494.955200 8.651807e-02
1164556494.955322 1.452402e-01
1164556494.955444 1.250233e-01
1164556494.955566 1.208950e-01
1164556494.955688 1.348107e-01
1164556494.955811 4.687787e-02
1164556494.955933 -6.119262e-02
1164556494.956055 -1.562167e-01
1164556494.956177 -1.804467e-01
1164556494.956299 -1.048360e-01
1164556494.956421 3.609978e-02
1164556494.956543 1.171009e-01
1164556494.956665 9.427476e-02
1164556494.956787 -1.882051e-02
1164556494.956909 -8.542499e-02
1164556494.957031 -8.378908e-02
1164556494.957153 3.275735e-02
1164556494.957275 9.553968e-02
1164556494.957397 7.086923e-02
1164556494.957520 4.166860e-02
1164556494.957642 -7.334142e-03
1164556494.957764 -2.237278e-02
1164556494.957886 -6.819388e-02
1164556494.958008 -6.060987e-02
1164556494.958130 -1.833172e-02
1164556494.958252 1.587420e-02
1164556494.958374 7.643575e-02
1164556494.958496 6.144080e-02
1164556494.958618 2.663295e-02
1164556494.958740 -6.684790e-02
1164556494.958862 -1.277164e-01
1164556494.958984 -9.052162e-02
1164556494.959106 2.811977e-02
1164556494.959229 1.266819e-01
1164556494.959351 1.271204e-01
1164556494.959473 2.142887e-02
1164556494.959595 -5.024600e-02
1164556494.959717 -8.790370e-02
1164556494.959839 -5.172624e-02
1164556494.959961 -1.611371e-02
1164556494.960083 8.034757e-03
1164556494.960205 5.667176e-02
1164556494.960327 5.488782e-02
1164556494.960449 6.856637e-02
1164556494.960571 3.057191e-02
1164556494.960693 -2.449329e-02
1164556494.960815 -9.333353e-02
1164556494.960938 -1.264374e-01
1164556494.961060 -2.244987e-02
1164556494.961182 5.300416e-02
1164556494.961304 6.042319e-02
1164556494.961426 -3.765071e-02
1164556494.961548 -7.597402e-02
1164556494.961670 -3.975508e-02
1164556494.961792 5.718867e-02
1164556494.961914 1.526747e-01
1164556494.962036 1.767909e-01
1164556494.962158 9.931613e-02
1164556494.962280 -2.859351e-02
1164556494.962402 -9.723337e-02
1164556494.962524 -1.473509e-01
1164556494.962646 -1.461432e-01
1164556494.962769 -1.237706e-01
1164556494.962891 -9.080936e-02
1164556494.963013 -5.579787e-03
1164556494.963135 8.215746e-02
1164556494.963257 1.547211e-01
1164556494.963379 1.390294e-01
1164556494.963501 9.671022e-02
1164556494.963623 4.597906e-02
1164556494.963745 3.941901e-02
1164556494.963867 7.457795e-05
1164556494.963989 -4.398599e-02
1164556494.964111 -9.549338e-02
1164556494.964233 -9.039537e-02
1164556494.964355 -8.633153e-02
1164556494.964478 -1.240338e-01
1164556494.964600 -6.692064e-02
1164556494.964722 -1.662432e-03
1164556494.964844 7.831750e-02
1164556494.964966 8.200856e-02
1164556494.965088 1.102847e-01
1164556494.965210 1.330886e-01
1164556494.965332 7.327694e-02
1164556494.965454 3.644875e-02
1164556494.965576 -3.850359e-02
1164556494.965698 -2.992824e-02
1164556494.965820 -9.667788e-02
1164556494.965942 -8.918749e-02
1164556494.966064 -9.563448e-02
1164556494.966187 -1.030232e-01
1164556494.966309 -3.086329e-02
1164556494.966431 3.019407e-02
1164556494.966553 1.403380e-01
1164556494.966675 1.007303e-01
1164556494.966797 5.960589e-02
1164556494.966919 2.745141e-02
1164556494.967041 -1.037061e-02
1164556494.967163 -1.828363e-02
1164556494.967285 -4.322559e-02
1164556494.967407 -1.836241e-02
1164556494.967529 -4.069209e-02
1164556494.967651 -2.835817e-02
1164556494.967773 -1.777714e-02
1164556494.967896 6.664628e-03
1164556494.968018 9.917148e-03
1164556494.968140 4.121591e-02
1164556494.968262 5.642282e-02
1164556494.968384 3.853777e-02
1164556494.968506 -6.281184e-03
1164556494.968628 -8.338156e-02
1164556494.968750 -9.297802e-02
1164556494.968872 -6.140701e-02
1164556494.968994 -9.240502e-04
1164556494.969116 5.335915e-02
1164556494.969238 8.433162e-02
1164556494.969360 1.002708e-01
1164556494.969482 6.389374e-02
1164556494.969604 4.933639e-02
1164556494.969727 -1.651289e-02
1164556494.969849 -9.971397e-02
1164556494.969971 -1.252970e-01
1164556494.970093 -7.616096e-02
1164556494.970215 -1.764662e-02
1164556494.970337 3.186456e-03
1164556494.970459 2.981286e-02
1164556494.970581 5.802556e-02
1164556494.970703 3.394048e-02
1164556494.970825 1.456074e-02
1164556494.970947 2.769455e-02
1164556494.971069 2.211003e-02
1164556494.971191 -2.993752e-03
1164556494.971313 3.559647e-03
1164556494.971436 3.443881e-02
1164556494.971558 3.399799e-02
1164556494.971680 -4.609019e-02
1164556494.971802 -8.447376e-02
1164556494.971924 -9.162754e-02
1164556494.972046 -4.054176e-02
1164556494.972168 2.708236e-02
1164556494.972290 6.357976e-02
1164556494.972412 6.164762e-02
1164556494.972534 1.819573e-02
1164556494.972656 -3.532451e-02
1164556494.972778 -2.540528e-02
1164556494.972900 1.292822e-02
1164556494.973022 6.189769e-02
1164556494.973145 5.260580e-02
1164556494.973267 -7.168017e-04
1164556494.973389 -3.898377e-02
1164556494.973511 -5.647469e-02
1164556494.973633 -4.155658e-02
1164556494.973755 -8.812835e-03
1164556494.973877 -2.076207e-02
1164556494.973999 2.257337e-02
1164556494.974121 4.741661e-02
1164556494.974243 5.163058e-02
1164556494.974365 7.898632e-03
1164556494.974487 -5.161467e-02
1164556494.974609 -6.018944e-02
1164556494.974731 -5.717703e-02
1164556494.974854 -1.758497e-03
1164556494.974976 8.372241e-02
1164556494.975098 1.076117e-01
1164556494.975220 6.828996e-02
1164556494.975342 -2.166923e-02
1164556494.975464 -5.096488e-02
1164556494.975586 -6.748082e-02
1164556494.975708 -6.103971e-02
1164556494.975830 -4.075473e-02
1164556494.975952 1.251426e-02
1164556494.976074 3.681464e-02
1164556494.976196 3.631796e-02
1164556494.976318 2.949162e-02
1164556494.976440 1.611572e-02
1164556494.976562 -2.776504e-02
1164556494.976685 -2.932635e-02
1164556494.976807 -7.696875e-04
1164556494.976929 1.697428e-02
1164556494.977051 4.733702e-03
1164556494.977173 -3.329094e-03
1164556494.977295 -6.342141e-03
1164556494.977417 -7.627903e-03
1164556494.977539 3.006674e-02
1164556494.977661 5.498127e-02
1164556494.977783 2.832715e-02
1164556494.977905 -1.316322e-03
1164556494.978027 -4.140932e-02
1164556494.978149 -5.691077e-02
1164556494.978271 -8.809377e-02
1164556494.978394 -6.291976e-02
1164556494.978516 -3.139003e-02
1164556494.978638 2.763804e-02
1164556494.978760 7.296676e-02
1164556494.978882 9.120345e-02
1164556494.979004 1.086620e-01
1164556494.979126 7.664142e-02
1164556494.979248 1.885577e-02
1164556494.979370 -2.018682e-02
1164556494.979492 -5.579737e-02
1164556494.979614 -8.998715e-02
1164556494.979736 -1.405833e-01
1164556494.979858 -1.137736e-01
1164556494.979980 -4.957275e-02
1164556494.980103 2.702983e-02
1164556494.980225 1.070445e-01
1164556494.980347 1.270896e-01
1164556494.980469 9.765174e-02
1164556494.980591 5.522669e-02
1164556494.980713 -5.300099e-03
1164556494.980835 -1.448825e-02
1164556494.980957 -3.717327e-02
1164556494.981079 -4.704987e-02
1164556494.981201 -6.974868e-02
1164556494.981323 -4.542806e-02
1164556494.981445 -2.983467e-02
1164556494.981567 -2.202496e-02
1164556494.981689 1.066897e-02
1164556494.981812 4.579147e-02
1164556494.981934 5.621802e-02
1164556494.982056 6.161357e-02
1164556494.982178 5.576748e-02
1164556494.982300 -5.505328e-03
1164556494.982422 -7.198879e-02
1164556494.982544 -7.521785e-02
1164556494.982666 -4.664591e-02
1164556494.982788 -5.810937e-03
1164556494.982910 2.736276e-02
1164556494.983032 4.909633e-02
1164556494.983154 3.527499e-02
1164556494.983276 4.861545e-02
1164556494.983398 3.954364e-02
1164556494.983521 8.000951e-03
1164556494.983643 -4.533848e-02
1164556494.983765 -6.864946e-02
1164556494.983887 -5.432811e-02
1164556494.984009 -2.054948e-02
1164556494.984131 -1.088098e-02
1164556494.984253 -2.241697e-02
1164556494.984375 -3.978879e-02
1164556494.984497 1.056764e-02
1164556494.984619 6.977457e-02
1164556494.984741 1.213848e-01
1164556494.984863 1.200935e-01
1164556494.984985 6.481738e-02
1164556494.985107 -1.241709e-02
1164556494.985229 -9.206259e-02
1164556494.985352 -1.153990e-01
1164556494.985474 -1.001636e-01
1164556494.985596 -8.817507e-02
1164556494.985718 -3.704957e-02
1164556494.985840 9.675653e-04
1164556494.985962 7.550864e-02
1164556494.986084 9.703500e-02
1164556494.986206 9.338089e-02
1164556494.986328 2.021721e-02
1164556494.986450 -2.119622e-02
1164556494.986572 1.283674e-02
1164556494.986694 3.167221e-02
1164556494.986816 2.019172e-02
1164556494.986938 -3.787956e-02
1164556494.987061 -5.507169e-02
1164556494.987183 -5.554217e-02
1164556494.987305 -5.961546e-02
1164556494.987427 -3.000713e-02
1164556494.987549 -3.081270e-02
1164556494.987671 1.796132e-02
1164556494.987793 4.007214e-02
1164556494.987915 8.249172e-02
1164556494.988037 7.763049e-02
1164556494.988159 2.785413e-02
1164556494.988281 -1.346862e-02
1164556494.988403 -5.944967e-02
