      0.000000 1.104854e-02
      2.000000 1.104854e-02
      4.000000 1.104854e-02
      6.000000 1.104854e-02
      8.000000 1.104854e-02
     10.000000 1.104854e-02
     12.000000 1.104854e-02
     14.000000 1.104854e-02
     16.000000 1.104854e-02
     18.000000 1.036012e-22
     20.000000 1.036012e-22
     22.000000 5.496905e-23
     24.000000 5.496905e-23
     26.000000 3.195350e-23
     28.000000 3.195350e-23
     30.000000 2.395292e-23
     32.000000 2.395292e-23
     34.000000 1.896419e-23
     36.000000 1.896419e-23
     38.000000 1.445156e-23
     40.000000 1.445156e-23
     42.000000 1.222861e-23
     44.000000 1.222861e-23
     46.000000 1.019414e-23
     48.000000 1.019414e-23
     50.000000 9.751321e-24
     52.000000 9.751321e-24
     54.000000 9.046277e-24
     56.000000 9.046277e-24
     58.000000 8.750008e-24
     60.000000 8.750008e-24
     62.000000 8.349619e-24
     64.000000 8.349619e-24
     66.000000 7.999307e-24
     68.000000 7.999307e-24
     70.000000 8.111422e-24
     72.000000 8.111422e-24
     74.000000 8.142583e-24
     76.000000 8.142583e-24
     78.000000 7.151358e-24
     80.000000 7.151358e-24
     82.000000 7.080771e-24
     84.000000 7.080771e-24
     86.000000 7.130980e-24
     88.000000 7.130980e-24
     90.000000 6.788216e-24
     92.000000 6.788216e-24
     94.000000 6.620058e-24
     96.000000 6.620058e-24
     98.000000 6.741670e-24
    100.000000 6.741670e-24
    102.000000 6.255436e-24
    104.000000 6.255436e-24
    106.000000 6.712946e-24
    108.000000 6.712946e-24
    110.000000 6.320145e-24
    112.000000 6.320145e-24
    114.000000 6.124893e-24
    116.000000 6.124893e-24
    118.000000 6.338822e-24
    120.000000 6.338822e-24
    122.000000 5.880430e-24
    124.000000 5.880430e-24
    126.000000 6.092017e-24
    128.000000 6.092017e-24
    130.000000 5.962799e-24
    132.000000 5.962799e-24
    134.000000 6.100477e-24
    136.000000 6.100477e-24
    138.000000 5.745763e-24
    140.000000 5.745763e-24
    142.000000 6.016004e-24
    144.000000 6.016004e-24
    146.000000 6.254949e-24
    148.000000 6.254949e-24
    150.000000 5.992622e-24
    152.000000 5.992622e-24
    154.000000 6.135224e-24
    156.000000 6.135224e-24
    158.000000 5.742213e-24
    160.000000 5.742213e-24
    162.000000 5.801230e-24
    164.000000 5.801230e-24
    166.000000 5.550729e-24
    168.000000 5.550729e-24
    170.000000 5.768891e-24
    172.000000 5.768891e-24
    174.000000 5.910771e-24
    176.000000 5.910771e-24
    178.000000 6.002248e-24
    180.000000 6.002248e-24
    182.000000 6.283382e-24
    184.000000 6.283382e-24
    186.000000 5.938201e-24
    188.000000 5.938201e-24
    190.000000 5.632740e-24
    192.000000 5.632740e-24
    194.000000 5.370120e-24
    196.000000 5.370120e-24
    198.000000 5.309128e-24
    200.000000 5.309128e-24
    202.000000 5.653390e-24
    204.000000 5.653390e-24
    206.000000 5.655706e-24
    208.000000 5.655706e-24
    210.000000 5.708130e-24
    212.000000 5.708130e-24
    214.000000 5.356476e-24
    216.000000 5.356476e-24
    218.000000 5.897747e-24
    220.000000 5.897747e-24
    222.000000 5.449156e-24
    224.000000 5.449156e-24
    226.000000 5.617124e-24
    228.000000 5.617124e-24
    230.000000 5.878320e-24
    232.000000 5.878320e-24
    234.000000 5.213758e-24
    236.000000 5.213758e-24
    238.000000 5.720078e-24
    240.000000 5.720078e-24
    242.000000 5.740963e-24
    244.000000 5.740963e-24
    246.000000 5.303735e-24
    248.000000 5.303735e-24
    250.000000 5.106915e-24
    252.000000 5.106915e-24
    254.000000 5.670273e-24
    256.000000 5.670273e-24
    258.000000 5.709203e-24
    260.000000 5.709203e-24
    262.000000 5.463990e-24
    264.000000 5.463990e-24
    266.000000 5.690795e-24
    268.000000 5.690795e-24
    270.000000 5.336461e-24
    272.000000 5.336461e-24
    274.000000 5.460979e-24
    276.000000 5.460979e-24
    278.000000 5.392047e-24
    280.000000 5.392047e-24
    282.000000 5.198177e-24
    284.000000 5.198177e-24
    286.000000 5.583033e-24
    288.000000 5.583033e-24
    290.000000 5.591607e-24
    292.000000 5.591607e-24
    294.000000 5.393763e-24
    296.000000 5.393763e-24
    298.000000 5.379937e-24
    300.000000 5.379937e-24
    302.000000 5.534843e-24
    304.000000 5.534843e-24
    306.000000 5.309913e-24
    308.000000 5.309913e-24
    310.000000 5.244950e-24
    312.000000 5.244950e-24
    314.000000 5.774510e-24
    316.000000 5.774510e-24
    318.000000 5.207433e-24
    320.000000 5.207433e-24
    322.000000 5.097186e-24
    324.000000 5.097186e-24
    326.000000 5.448010e-24
    328.000000 5.448010e-24
    330.000000 5.427997e-24
    332.000000 5.427997e-24
    334.000000 5.503985e-24
    336.000000 5.503985e-24
    338.000000 5.449419e-24
    340.000000 5.449419e-24
    342.000000 5.573190e-24
    344.000000 5.573190e-24
    346.000000 5.843356e-24
    348.000000 5.843356e-24
    350.000000 5.395346e-24
    352.000000 5.395346e-24
    354.000000 5.318032e-24
    356.000000 5.318032e-24
    358.000000 5.519598e-24
    360.000000 5.519598e-24
    362.000000 5.298835e-24
    364.000000 5.298835e-24
    366.000000 5.434941e-24
    368.000000 5.434941e-24
    370.000000 5.278924e-24
    372.000000 5.278924e-24
    374.000000 5.778256e-24
    376.000000 5.778256e-24
    378.000000 5.553163e-24
    380.000000 5.553163e-24
    382.000000 5.261570e-24
    384.000000 5.261570e-24
    386.000000 5.254274e-24
    388.000000 5.254274e-24
    390.000000 5.189716e-24
    392.000000 5.189716e-24
    394.000000 5.487720e-24
    396.000000 5.487720e-24
    398.000000 5.489351e-24
    400.000000 5.489351e-24
    402.000000 5.064511e-24
    404.000000 5.064511e-24
    406.000000 5.327904e-24
    408.000000 5.327904e-24
    410.000000 5.587196e-24
    412.000000 5.587196e-24
    414.000000 5.100709e-24
    416.000000 5.100709e-24
    418.000000 5.332359e-24
    420.000000 5.332359e-24
    422.000000 5.633756e-24
    424.000000 5.633756e-24
    426.000000 5.603164e-24
    428.000000 5.603164e-24
    430.000000 5.280658e-24
    432.000000 5.280658e-24
    434.000000 5.788450e-24
    436.000000 5.788450e-24
    438.000000 5.742720e-24
    440.000000 5.742720e-24
    442.000000 5.013380e-24
    444.000000 5.013380e-24
    446.000000 5.499307e-24
    448.000000 5.499307e-24
    450.000000 5.358337e-24
    452.000000 5.358337e-24
    454.000000 5.264586e-24
    456.000000 5.264586e-24
    458.000000 5.427840e-24
    460.000000 5.427840e-24
    462.000000 5.837998e-24
    464.000000 5.837998e-24
    466.000000 5.961855e-24
    468.000000 5.961855e-24
    470.000000 5.384168e-24
    472.000000 5.384168e-24
    474.000000 5.402427e-24
    476.000000 5.402427e-24
    478.000000 5.077492e-24
    480.000000 5.077492e-24
    482.000000 5.334861e-24
    484.000000 5.334861e-24
    486.000000 5.501809e-24
    488.000000 5.501809e-24
    490.000000 5.351103e-24
    492.000000 5.351103e-24
    494.000000 5.633241e-24
    496.000000 5.633241e-24
    498.000000 5.267135e-24
    500.000000 5.267135e-24
    502.000000 5.693334e-24
    504.000000 5.693334e-24
    506.000000 5.273568e-24
    508.000000 5.273568e-24
    510.000000 5.501375e-24
    512.000000 5.501375e-24
    514.000000 5.340350e-24
    516.000000 5.340350e-24
    518.000000 5.102701e-24
    520.000000 5.102701e-24
    522.000000 5.387807e-24
    524.000000 5.387807e-24
    526.000000 5.523308e-24
    528.000000 5.523308e-24
    530.000000 5.607594e-24
    532.000000 5.607594e-24
    534.000000 5.727595e-24
    536.000000 5.727595e-24
    538.000000 5.498810e-24
    540.000000 5.498810e-24
    542.000000 5.118660e-24
    544.000000 5.118660e-24
    546.000000 5.389083e-24
    548.000000 5.389083e-24
    550.000000 5.700424e-24
    552.000000 5.700424e-24
    554.000000 5.284479e-24
    556.000000 5.284479e-24
    558.000000 5.490753e-24
    560.000000 5.490753e-24
    562.000000 5.563231e-24
    564.000000 5.563231e-24
    566.000000 5.553308e-24
    568.000000 5.553308e-24
    570.000000 5.469051e-24
    572.000000 5.469051e-24
    574.000000 5.297918e-24
    576.000000 5.297918e-24
    578.000000 5.349876e-24
    580.000000 5.349876e-24
    582.000000 5.388562e-24
    584.000000 5.388562e-24
    586.000000 5.823297e-24
    588.000000 5.823297e-24
    590.000000 5.351350e-24
    592.000000 5.351350e-24
    594.000000 5.507670e-24
    596.000000 5.507670e-24
    598.000000 5.376305e-24
    600.000000 5.376305e-24
    602.000000 5.379420e-24
    604.000000 5.379420e-24
    606.000000 5.585434e-24
    608.000000 5.585434e-24
    610.000000 5.609584e-24
    612.000000 5.609584e-24
    614.000000 5.587095e-24
    616.000000 5.587095e-24
    618.000000 5.924620e-24
    620.000000 5.924620e-24
    622.000000 5.716465e-24
    624.000000 5.716465e-24
    626.000000 5.352080e-24
    628.000000 5.352080e-24
    630.000000 5.631119e-24
    632.000000 5.631119e-24
    634.000000 5.158909e-24
    636.000000 5.158909e-24
    638.000000 5.748161e-24
    640.000000 5.748161e-24
    642.000000 6.258401e-24
    644.000000 6.258401e-24
    646.000000 5.482385e-24
    648.000000 5.482385e-24
    650.000000 5.582352e-24
    652.000000 5.582352e-24
    654.000000 6.091209e-24
    656.000000 6.091209e-24
    658.000000 5.772638e-24
    660.000000 5.772638e-24
    662.000000 5.683930e-24
    664.000000 5.683930e-24
    666.000000 5.827212e-24
    668.000000 5.827212e-24
    670.000000 5.466327e-24
    672.000000 5.466327e-24
    674.000000 5.988579e-24
    676.000000 5.988579e-24
    678.000000 5.609367e-24
    680.000000 5.609367e-24
    682.000000 5.596070e-24
    684.000000 5.596070e-24
    686.000000 5.600258e-24
    688.000000 5.600258e-24
    690.000000 5.970700e-24
    692.000000 5.970700e-24
    694.000000 6.012900e-24
    696.000000 6.012900e-24
    698.000000 6.107091e-24
    700.000000 6.107091e-24
    702.000000 5.700154e-24
    704.000000 5.700154e-24
    706.000000 5.795819e-24
    708.000000 5.795819e-24
    710.000000 5.862192e-24
    712.000000 5.862192e-24
    714.000000 5.765188e-24
    716.000000 5.765188e-24
    718.000000 6.234512e-24
    720.000000 6.234512e-24
    722.000000 5.504624e-24
    724.000000 5.504624e-24
    726.000000 5.914102e-24
    728.000000 5.914102e-24
    730.000000 5.864004e-24
    732.000000 5.864004e-24
    734.000000 5.709236e-24
    736.000000 5.709236e-24
    738.000000 6.141432e-24
    740.000000 6.141432e-24
    742.000000 5.532683e-24
    744.000000 5.532683e-24
    746.000000 5.757290e-24
    748.000000 5.757290e-24
    750.000000 5.378321e-24
    752.000000 5.378321e-24
    754.000000 6.136398e-24
    756.000000 6.136398e-24
    758.000000 5.346794e-24
    760.000000 5.346794e-24
    762.000000 6.080540e-24
    764.000000 6.080540e-24
    766.000000 5.655006e-24
    768.000000 5.655006e-24
    770.000000 6.116369e-24
    772.000000 6.116369e-24
    774.000000 5.815937e-24
    776.000000 5.815937e-24
    778.000000 5.511452e-24
    780.000000 5.511452e-24
    782.000000 5.925899e-24
    784.000000 5.925899e-24
    786.000000 5.702892e-24
    788.000000 5.702892e-24
    790.000000 6.207481e-24
    792.000000 6.207481e-24
    794.000000 6.011310e-24
    796.000000 6.011310e-24
    798.000000 5.601782e-24
    800.000000 5.601782e-24
    802.000000 6.059397e-24
    804.000000 6.059397e-24
    806.000000 6.142037e-24
    808.000000 6.142037e-24
    810.000000 6.246775e-24
    812.000000 6.246775e-24
    814.000000 6.244822e-24
    816.000000 6.244822e-24
    818.000000 5.948140e-24
    820.000000 5.948140e-24
    822.000000 5.749066e-24
    824.000000 5.749066e-24
    826.000000 6.326687e-24
    828.000000 6.326687e-24
    830.000000 6.730428e-24
    832.000000 6.730428e-24
    834.000000 5.980126e-24
    836.000000 5.980126e-24
    838.000000 6.041900e-24
    840.000000 6.041900e-24
    842.000000 6.137660e-24
    844.000000 6.137660e-24
    846.000000 5.583452e-24
    848.000000 5.583452e-24
    850.000000 6.440192e-24
    852.000000 6.440192e-24
    854.000000 5.741290e-24
    856.000000 5.741290e-24
    858.000000 6.479546e-24
    860.000000 6.479546e-24
    862.000000 5.928240e-24
    864.000000 5.928240e-24
    866.000000 5.888912e-24
    868.000000 5.888912e-24
    870.000000 6.175882e-24
    872.000000 6.175882e-24
    874.000000 6.073710e-24
    876.000000 6.073710e-24
    878.000000 5.906410e-24
    880.000000 5.906410e-24
    882.000000 6.175439e-24
    884.000000 6.175439e-24
    886.000000 6.389493e-24
    888.000000 6.389493e-24
    890.000000 6.153013e-24
    892.000000 6.153013e-24
    894.000000 6.086532e-24
    896.000000 6.086532e-24
    898.000000 6.463426e-24
    900.000000 6.463426e-24
    902.000000 6.071512e-24
    904.000000 6.071512e-24
    906.000000 6.109193e-24
    908.000000 6.109193e-24
    910.000000 6.449569e-24
    912.000000 6.449569e-24
    914.000000 5.929002e-24
    916.000000 5.929002e-24
    918.000000 6.351725e-24
    920.000000 6.351725e-24
    922.000000 6.616639e-24
    924.000000 6.616639e-24
    926.000000 6.135879e-24
    928.000000 6.135879e-24
    930.000000 5.996534e-24
    932.000000 5.996534e-24
    934.000000 5.788414e-24
    936.000000 5.788414e-24
    938.000000 6.655213e-24
    940.000000 6.655213e-24
    942.000000 6.199059e-24
    944.000000 6.199059e-24
    946.000000 5.660818e-24
    948.000000 5.660818e-24
    950.000000 6.558249e-24
    952.000000 6.558249e-24
    954.000000 6.443523e-24
    956.000000 6.443523e-24
    958.000000 6.586412e-24
    960.000000 6.586412e-24
    962.000000 6.528442e-24
    964.000000 6.528442e-24
    966.000000 6.101035e-24
    968.000000 6.101035e-24
    970.000000 6.088453e-24
    972.000000 6.088453e-24
    974.000000 6.080006e-24
    976.000000 6.080006e-24
    978.000000 6.460991e-24
    980.000000 6.460991e-24
    982.000000 6.609947e-24
    984.000000 6.609947e-24
    986.000000 6.345390e-24
    988.000000 6.345390e-24
    990.000000 6.344579e-24
    992.000000 6.344579e-24
    994.000000 6.412064e-24
    996.000000 6.412064e-24
    998.000000 6.234109e-24
   1000.000000 6.234109e-24
   1002.000000 6.231422e-24
   1004.000000 6.231422e-24
   1006.000000 6.431622e-24
   1008.000000 6.431622e-24
   1010.000000 6.407570e-24
   1012.000000 6.407570e-24
   1014.000000 6.365135e-24
   1016.000000 6.365135e-24
   1018.000000 6.852836e-24
   1020.000000 6.852836e-24
   1022.000000 6.910477e-24
   1024.000000 6.910477e-24
   1026.000000 6.277372e-24
   1028.000000 6.277372e-24
   1030.000000 6.499704e-24
   1032.000000 6.499704e-24
   1034.000000 6.341701e-24
   1036.000000 6.341701e-24
   1038.000000 6.056232e-24
   1040.000000 6.056232e-24
   1042.000000 6.434945e-24
   1044.000000 6.434945e-24
   1046.000000 6.430389e-24
   1048.000000 6.430389e-24
   1050.000000 7.010599e-24
   1052.000000 7.010599e-24
   1054.000000 7.098060e-24
   1056.000000 7.098060e-24
   1058.000000 6.046661e-24
   1060.000000 6.046661e-24
   1062.000000 6.339117e-24
   1064.000000 6.339117e-24
   1066.000000 6.810973e-24
   1068.000000 6.810973e-24
   1070.000000 6.744325e-24
   1072.000000 6.744325e-24
   1074.000000 6.394089e-24
   1076.000000 6.394089e-24
   1078.000000 6.676782e-24
   1080.000000 6.676782e-24
   1082.000000 6.530226e-24
   1084.000000 6.530226e-24
   1086.000000 7.073331e-24
   1088.000000 7.073331e-24
   1090.000000 6.526309e-24
   1092.000000 6.526309e-24
   1094.000000 7.019045e-24
   1096.000000 7.019045e-24
   1098.000000 7.331070e-24
   1100.000000 7.331070e-24
   1102.000000 6.635243e-24
   1104.000000 6.635243e-24
   1106.000000 6.618019e-24
   1108.000000 6.618019e-24
   1110.000000 6.702545e-24
   1112.000000 6.702545e-24
   1114.000000 6.805437e-24
   1116.000000 6.805437e-24
   1118.000000 6.524219e-24
   1120.000000 6.524219e-24
   1122.000000 6.299976e-24
   1124.000000 6.299976e-24
   1126.000000 6.378370e-24
   1128.000000 6.378370e-24
   1130.000000 6.969962e-24
   1132.000000 6.969962e-24
   1134.000000 7.016577e-24
   1136.000000 7.016577e-24
   1138.000000 6.712204e-24
   1140.000000 6.712204e-24
   1142.000000 6.987240e-24
   1144.000000 6.987240e-24
   1146.000000 7.405224e-24
   1148.000000 7.405224e-24
   1150.000000 6.921380e-24
   1152.000000 6.921380e-24
   1154.000000 6.619046e-24
   1156.000000 6.619046e-24
   1158.000000 6.590938e-24
   1160.000000 6.590938e-24
   1162.000000 6.943849e-24
   1164.000000 6.943849e-24
   1166.000000 7.087809e-24
   1168.000000 7.087809e-24
   1170.000000 7.064032e-24
   1172.000000 7.064032e-24
   1174.000000 6.692600e-24
   1176.000000 6.692600e-24
   1178.000000 6.872232e-24
   1180.000000 6.872232e-24
   1182.000000 6.901367e-24
   1184.000000 6.901367e-24
   1186.000000 7.279629e-24
   1188.000000 7.279629e-24
   1190.000000 7.127747e-24
   1192.000000 7.127747e-24
   1194.000000 6.812806e-24
   1196.000000 6.812806e-24
   1198.000000 7.232167e-24
   1200.000000 7.232167e-24
   1202.000000 6.867998e-24
   1204.000000 6.867998e-24
   1206.000000 6.490911e-24
   1208.000000 6.490911e-24
   1210.000000 6.861998e-24
   1212.000000 6.861998e-24
   1214.000000 7.356096e-24
   1216.000000 7.356096e-24
   1218.000000 6.932801e-24
   1220.000000 6.932801e-24
   1222.000000 7.888729e-24
   1224.000000 7.888729e-24
   1226.000000 7.081420e-24
   1228.000000 7.081420e-24
   1230.000000 7.196695e-24
   1232.000000 7.196695e-24
   1234.000000 6.983963e-24
   1236.000000 6.983963e-24
   1238.000000 7.117832e-24
   1240.000000 7.117832e-24
   1242.000000 6.458772e-24
   1244.000000 6.458772e-24
   1246.000000 7.164871e-24
   1248.000000 7.164871e-24
   1250.000000 7.332453e-24
   1252.000000 7.332453e-24
   1254.000000 6.779190e-24
   1256.000000 6.779190e-24
   1258.000000 6.923803e-24
   1260.000000 6.923803e-24
   1262.000000 6.961180e-24
   1264.000000 6.961180e-24
   1266.000000 7.061994e-24
   1268.000000 7.061994e-24
   1270.000000 7.368318e-24
   1272.000000 7.368318e-24
   1274.000000 6.955373e-24
   1276.000000 6.955373e-24
   1278.000000 7.710572e-24
   1280.000000 7.710572e-24
   1282.000000 7.101770e-24
   1284.000000 7.101770e-24
   1286.000000 6.905762e-24
   1288.000000 6.905762e-24
   1290.000000 7.413335e-24
   1292.000000 7.413335e-24
   1294.000000 6.885771e-24
   1296.000000 6.885771e-24
   1298.000000 7.410111e-24
   1300.000000 7.410111e-24
   1302.000000 7.259359e-24
   1304.000000 7.259359e-24
   1306.000000 6.805983e-24
   1308.000000 6.805983e-24
   1310.000000 7.475094e-24
   1312.000000 7.475094e-24
   1314.000000 7.560250e-24
   1316.000000 7.560250e-24
   1318.000000 7.239969e-24
   1320.000000 7.239969e-24
   1322.000000 7.823399e-24
   1324.000000 7.823399e-24
   1326.000000 7.315818e-24
   1328.000000 7.315818e-24
   1330.000000 7.345509e-24
   1332.000000 7.345509e-24
   1334.000000 7.758666e-24
   1336.000000 7.758666e-24
   1338.000000 7.524821e-24
   1340.000000 7.524821e-24
   1342.000000 8.459181e-24
   1344.000000 8.459181e-24
   1346.000000 7.168277e-24
   1348.000000 7.168277e-24
   1350.000000 7.424751e-24
   1352.000000 7.424751e-24
   1354.000000 7.362224e-24
   1356.000000 7.362224e-24
   1358.000000 7.347655e-24
   1360.000000 7.347655e-24
   1362.000000 7.576745e-24
   1364.000000 7.576745e-24
   1366.000000 7.742040e-24
   1368.000000 7.742040e-24
   1370.000000 7.320352e-24
   1372.000000 7.320352e-24
   1374.000000 7.634071e-24
   1376.000000 7.634071e-24
   1378.000000 6.959621e-24
   1380.000000 6.959621e-24
   1382.000000 7.333094e-24
   1384.000000 7.333094e-24
   1386.000000 7.989739e-24
   1388.000000 7.989739e-24
   1390.000000 7.898060e-24
   1392.000000 7.898060e-24
   1394.000000 7.877728e-24
   1396.000000 7.877728e-24
   1398.000000 7.499194e-24
   1400.000000 7.499194e-24
   1402.000000 7.352022e-24
   1404.000000 7.352022e-24
   1406.000000 7.802090e-24
   1408.000000 7.802090e-24
   1410.000000 7.719869e-24
   1412.000000 7.719869e-24
   1414.000000 7.463213e-24
   1416.000000 7.463213e-24
   1418.000000 7.727469e-24
   1420.000000 7.727469e-24
   1422.000000 7.746725e-24
   1424.000000 7.746725e-24
   1426.000000 7.834194e-24
   1428.000000 7.834194e-24
   1430.000000 7.274204e-24
   1432.000000 7.274204e-24
   1434.000000 7.740300e-24
   1436.000000 7.740300e-24
   1438.000000 8.319766e-24
   1440.000000 8.319766e-24
   1442.000000 7.629778e-24
   1444.000000 7.629778e-24
   1446.000000 7.249225e-24
   1448.000000 7.249225e-24
   1450.000000 7.755081e-24
   1452.000000 7.755081e-24
   1454.000000 8.086937e-24
   1456.000000 8.086937e-24
   1458.000000 7.654656e-24
   1460.000000 7.654656e-24
   1462.000000 7.449262e-24
   1464.000000 7.449262e-24
   1466.000000 7.699954e-24
   1468.000000 7.699954e-24
   1470.000000 7.853784e-24
   1472.000000 7.853784e-24
   1474.000000 7.930704e-24
   1476.000000 7.930704e-24
   1478.000000 7.934268e-24
   1480.000000 7.934268e-24
   1482.000000 8.435589e-24
   1484.000000 8.435589e-24
   1486.000000 7.438021e-24
   1488.000000 7.438021e-24
   1490.000000 7.412885e-24
   1492.000000 7.412885e-24
   1494.000000 7.741444e-24
   1496.000000 7.741444e-24
   1498.000000 7.882867e-24
   1500.000000 7.882867e-24
   1502.000000 8.276163e-24
   1504.000000 8.276163e-24
   1506.000000 8.345325e-24
   1508.000000 8.345325e-24
   1510.000000 7.915506e-24
   1512.000000 7.915506e-24
   1514.000000 7.764512e-24
   1516.000000 7.764512e-24
   1518.000000 7.975092e-24
   1520.000000 7.975092e-24
   1522.000000 8.112833e-24
   1524.000000 8.112833e-24
   1526.000000 7.391581e-24
   1528.000000 7.391581e-24
   1530.000000 8.178887e-24
   1532.000000 8.178887e-24
   1534.000000 8.249401e-24
   1536.000000 8.249401e-24
   1538.000000 8.757426e-24
   1540.000000 8.757426e-24
   1542.000000 8.351223e-24
   1544.000000 8.351223e-24
   1546.000000 7.890896e-24
   1548.000000 7.890896e-24
   1550.000000 8.539633e-24
   1552.000000 8.539633e-24
   1554.000000 8.547901e-24
   1556.000000 8.547901e-24
   1558.000000 8.128074e-24
   1560.000000 8.128074e-24
   1562.000000 7.760017e-24
   1564.000000 7.760017e-24
   1566.000000 7.700447e-24
   1568.000000 7.700447e-24
   1570.000000 8.175210e-24
   1572.000000 8.175210e-24
   1574.000000 7.997116e-24
   1576.000000 7.997116e-24
   1578.000000 8.054164e-24
   1580.000000 8.054164e-24
   1582.000000 8.701109e-24
   1584.000000 8.701109e-24
   1586.000000 7.852726e-24
   1588.000000 7.852726e-24
   1590.000000 7.917312e-24
   1592.000000 7.917312e-24
   1594.000000 8.262111e-24
   1596.000000 8.262111e-24
   1598.000000 8.461892e-24
   1600.000000 8.461892e-24
   1602.000000 8.233128e-24
   1604.000000 8.233128e-24
   1606.000000 7.989998e-24
   1608.000000 7.989998e-24
   1610.000000 7.724098e-24
   1612.000000 7.724098e-24
   1614.000000 8.121904e-24
   1616.000000 8.121904e-24
   1618.000000 8.928621e-24
   1620.000000 8.928621e-24
   1622.000000 7.988887e-24
   1624.000000 7.988887e-24
   1626.000000 8.176400e-24
   1628.000000 8.176400e-24
   1630.000000 8.702736e-24
   1632.000000 8.702736e-24
   1634.000000 8.653254e-24
   1636.000000 8.653254e-24
   1638.000000 9.030998e-24
   1640.000000 9.030998e-24
   1642.000000 8.766347e-24
   1644.000000 8.766347e-24
   1646.000000 8.754092e-24
   1648.000000 8.754092e-24
   1650.000000 8.607564e-24
   1652.000000 8.607564e-24
   1654.000000 8.501883e-24
   1656.000000 8.501883e-24
   1658.000000 8.132233e-24
   1660.000000 8.132233e-24
   1662.000000 8.611008e-24
   1664.000000 8.611008e-24
   1666.000000 8.650173e-24
   1668.000000 8.650173e-24
   1670.000000 8.517965e-24
   1672.000000 8.517965e-24
   1674.000000 8.502662e-24
   1676.000000 8.502662e-24
   1678.000000 8.236654e-24
   1680.000000 8.236654e-24
   1682.000000 8.278356e-24
   1684.000000 8.278356e-24
   1686.000000 8.568959e-24
   1688.000000 8.568959e-24
   1690.000000 8.947437e-24
   1692.000000 8.947437e-24
   1694.000000 8.337602e-24
   1696.000000 8.337602e-24
   1698.000000 8.560973e-24
   1700.000000 8.560973e-24
   1702.000000 8.387829e-24
   1704.000000 8.387829e-24
   1706.000000 8.854527e-24
   1708.000000 8.854527e-24
   1710.000000 8.570406e-24
   1712.000000 8.570406e-24
   1714.000000 8.115771e-24
   1716.000000 8.115771e-24
   1718.000000 8.779355e-24
   1720.000000 8.779355e-24
   1722.000000 8.623483e-24
   1724.000000 8.623483e-24
   1726.000000 8.832837e-24
   1728.000000 8.832837e-24
   1730.000000 8.485113e-24
   1732.000000 8.485113e-24
   1734.000000 8.562916e-24
   1736.000000 8.562916e-24
   1738.000000 8.999815e-24
   1740.000000 8.999815e-24
   1742.000000 8.324134e-24
   1744.000000 8.324134e-24
   1746.000000 9.105519e-24
   1748.000000 9.105519e-24
   1750.000000 8.677286e-24
   1752.000000 8.677286e-24
   1754.000000 8.809694e-24
   1756.000000 8.809694e-24
   1758.000000 9.138470e-24
   1760.000000 9.138470e-24
   1762.000000 9.217404e-24
   1764.000000 9.217404e-24
   1766.000000 8.931467e-24
   1768.000000 8.931467e-24
   1770.000000 8.627284e-24
   1772.000000 8.627284e-24
   1774.000000 8.702510e-24
   1776.000000 8.702510e-24
   1778.000000 9.051137e-24
   1780.000000 9.051137e-24
   1782.000000 8.520832e-24
   1784.000000 8.520832e-24
   1786.000000 8.375774e-24
   1788.000000 8.375774e-24
   1790.000000 8.671521e-24
   1792.000000 8.671521e-24
   1794.000000 8.997905e-24
   1796.000000 8.997905e-24
   1798.000000 9.567729e-24
   1800.000000 9.567729e-24
   1802.000000 9.250752e-24
   1804.000000 9.250752e-24
   1806.000000 8.784223e-24
   1808.000000 8.784223e-24
   1810.000000 9.055715e-24
   1812.000000 9.055715e-24
   1814.000000 9.301107e-24
   1816.000000 9.301107e-24
   1818.000000 9.507139e-24
   1820.000000 9.507139e-24
   1822.000000 9.135642e-24
   1824.000000 9.135642e-24
   1826.000000 9.000964e-24
   1828.000000 9.000964e-24
   1830.000000 8.453379e-24
   1832.000000 8.453379e-24
   1834.000000 8.641520e-24
   1836.000000 8.641520e-24
   1838.000000 1.028997e-23
   1840.000000 1.028997e-23
   1842.000000 8.985816e-24
   1844.000000 8.985816e-24
   1846.000000 8.754909e-24
   1848.000000 8.754909e-24
   1850.000000 9.587392e-24
   1852.000000 9.587392e-24
   1854.000000 9.062469e-24
   1856.000000 9.062469e-24
   1858.000000 8.692544e-24
   1860.000000 8.692544e-24
   1862.000000 8.500641e-24
   1864.000000 8.500641e-24
   1866.000000 9.452381e-24
   1868.000000 9.452381e-24
   1870.000000 8.969269e-24
   1872.000000 8.969269e-24
   1874.000000 9.460279e-24
   1876.000000 9.460279e-24
   1878.000000 8.711366e-24
   1880.000000 8.711366e-24
   1882.000000 9.051683e-24
   1884.000000 9.051683e-24
   1886.000000 8.971639e-24
   1888.000000 8.971639e-24
   1890.000000 9.499254e-24
   1892.000000 9.499254e-24
   1894.000000 9.358251e-24
   1896.000000 9.358251e-24
   1898.000000 9.920433e-24
   1900.000000 9.920433e-24
   1902.000000 8.909507e-24
   1904.000000 8.909507e-24
   1906.000000 8.522610e-24
   1908.000000 8.522610e-24
   1910.000000 9.597151e-24
   1912.000000 9.597151e-24
   1914.000000 9.530117e-24
   1916.000000 9.530117e-24
   1918.000000 9.703789e-24
   1920.000000 9.703789e-24
   1922.000000 9.503406e-24
   1924.000000 9.503406e-24
   1926.000000 8.811151e-24
   1928.000000 8.811151e-24
   1930.000000 9.445067e-24
   1932.000000 9.445067e-24
   1934.000000 9.573728e-24
   1936.000000 9.573728e-24
   1938.000000 9.591017e-24
   1940.000000 9.591017e-24
   1942.000000 9.301649e-24
   1944.000000 9.301649e-24
   1946.000000 9.180310e-24
   1948.000000 9.180310e-24
   1950.000000 1.000914e-23
   1952.000000 1.000914e-23
   1954.000000 9.335437e-24
   1956.000000 9.335437e-24
   1958.000000 9.573389e-24
   1960.000000 9.573389e-24
   1962.000000 9.839699e-24
   1964.000000 9.839699e-24
   1966.000000 9.476308e-24
   1968.000000 9.476308e-24
   1970.000000 9.617575e-24
   1972.000000 9.617575e-24
   1974.000000 9.663250e-24
   1976.000000 9.663250e-24
   1978.000000 9.165291e-24
   1980.000000 9.165291e-24
   1982.000000 9.501735e-24
   1984.000000 9.501735e-24
   1986.000000 9.638613e-24
   1988.000000 9.638613e-24
   1990.000000 9.138881e-24
   1992.000000 9.138881e-24
   1994.000000 9.644716e-24
   1996.000000 9.644716e-24
   1998.000000 9.867973e-24
   2000.000000 9.867973e-24
   2002.000000 9.878249e-24
   2004.000000 9.878249e-24
   2006.000000 9.144896e-24
   2008.000000 9.144896e-24
   2010.000000 9.081245e-24
   2012.000000 9.081245e-24
   2014.000000 8.798917e-24
   2016.000000 8.798917e-24
   2018.000000 9.364667e-24
   2020.000000 9.364667e-24
   2022.000000 9.156461e-24
   2024.000000 9.156461e-24
   2026.000000 1.024911e-23
   2028.000000 1.024911e-23
   2030.000000 9.658194e-24
   2032.000000 9.658194e-24
   2034.000000 1.022580e-23
   2036.000000 1.022580e-23
   2038.000000 1.070218e-23
   2040.000000 1.070218e-23
   2042.000000 1.026526e-23
   2044.000000 1.026526e-23
   2046.000000 1.012059e-23
   2048.000000 1.012059e-23
   2050.000000 1.028036e-23
   2052.000000 1.028036e-23
   2054.000000 9.464686e-24
   2056.000000 9.464686e-24
   2058.000000 9.525451e-24
   2060.000000 9.525451e-24
   2062.000000 1.008800e-23
   2064.000000 1.008800e-23
   2066.000000 9.863240e-24
   2068.000000 9.863240e-24
   2070.000000 9.930785e-24
   2072.000000 9.930785e-24
   2074.000000 9.334399e-24
   2076.000000 9.334399e-24
   2078.000000 9.702063e-24
   2080.000000 9.702063e-24
   2082.000000 1.081623e-23
   2084.000000 1.081623e-23
   2086.000000 1.021874e-23
   2088.000000 1.021874e-23
   2090.000000 1.042331e-23
   2092.000000 1.042331e-23
   2094.000000 1.011847e-23
   2096.000000 1.011847e-23
   2098.000000 1.004537e-23
   2100.000000 1.004537e-23
   2102.000000 1.106703e-23
   2104.000000 1.106703e-23
   2106.000000 9.923080e-24
   2108.000000 9.923080e-24
   2110.000000 1.007205e-23
   2112.000000 1.007205e-23
   2114.000000 1.063799e-23
   2116.000000 1.063799e-23
   2118.000000 1.049086e-23
   2120.000000 1.049086e-23
   2122.000000 1.036373e-23
   2124.000000 1.036373e-23
   2126.000000 1.039108e-23
   2128.000000 1.039108e-23
   2130.000000 1.051033e-23
   2132.000000 1.051033e-23
   2134.000000 1.017722e-23
   2136.000000 1.017722e-23
   2138.000000 1.023261e-23
   2140.000000 1.023261e-23
   2142.000000 1.013186e-23
   2144.000000 1.013186e-23
   2146.000000 1.029669e-23
   2148.000000 1.029669e-23
   2150.000000 1.085528e-23
   2152.000000 1.085528e-23
   2154.000000 1.028936e-23
   2156.000000 1.028936e-23
   2158.000000 1.047440e-23
   2160.000000 1.047440e-23
   2162.000000 1.021258e-23
   2164.000000 1.021258e-23
   2166.000000 1.014776e-23
   2168.000000 1.014776e-23
   2170.000000 1.117419e-23
   2172.000000 1.117419e-23
   2174.000000 1.018843e-23
   2176.000000 1.018843e-23
   2178.000000 1.075508e-23
   2180.000000 1.075508e-23
   2182.000000 1.027958e-23
   2184.000000 1.027958e-23
   2186.000000 1.081206e-23
   2188.000000 1.081206e-23
   2190.000000 1.061194e-23
   2192.000000 1.061194e-23
   2194.000000 1.032307e-23
   2196.000000 1.032307e-23
   2198.000000 1.022834e-23
   2200.000000 1.022834e-23
   2202.000000 1.035322e-23
   2204.000000 1.035322e-23
   2206.000000 1.013139e-23
   2208.000000 1.013139e-23
   2210.000000 9.977569e-24
   2212.000000 9.977569e-24
   2214.000000 1.113658e-23
   2216.000000 1.113658e-23
   2218.000000 1.066179e-23
   2220.000000 1.066179e-23
   2222.000000 1.060205e-23
   2224.000000 1.060205e-23
   2226.000000 1.160582e-23
   2228.000000 1.160582e-23
   2230.000000 1.145628e-23
   2232.000000 1.145628e-23
   2234.000000 1.032270e-23
   2236.000000 1.032270e-23
   2238.000000 1.061362e-23
   2240.000000 1.061362e-23
   2242.000000 1.059795e-23
   2244.000000 1.059795e-23
   2246.000000 1.042831e-23
   2248.000000 1.042831e-23
   2250.000000 1.063947e-23
   2252.000000 1.063947e-23
   2254.000000 1.103426e-23
   2256.000000 1.103426e-23
   2258.000000 1.007143e-23
   2260.000000 1.007143e-23
   2262.000000 1.102878e-23
   2264.000000 1.102878e-23
   2266.000000 1.051178e-23
   2268.000000 1.051178e-23
   2270.000000 1.107682e-23
   2272.000000 1.107682e-23
   2274.000000 1.165458e-23
   2276.000000 1.165458e-23
   2278.000000 1.058732e-23
   2280.000000 1.058732e-23
   2282.000000 1.040430e-23
   2284.000000 1.040430e-23
   2286.000000 1.064823e-23
   2288.000000 1.064823e-23
   2290.000000 1.076353e-23
   2292.000000 1.076353e-23
   2294.000000 1.089795e-23
   2296.000000 1.089795e-23
   2298.000000 1.038272e-23
   2300.000000 1.038272e-23
   2302.000000 1.090362e-23
   2304.000000 1.090362e-23
   2306.000000 1.097966e-23
   2308.000000 1.097966e-23
   2310.000000 1.102129e-23
   2312.000000 1.102129e-23
   2314.000000 1.122389e-23
   2316.000000 1.122389e-23
   2318.000000 1.104965e-23
   2320.000000 1.104965e-23
   2322.000000 1.063694e-23
   2324.000000 1.063694e-23
   2326.000000 1.112027e-23
   2328.000000 1.112027e-23
   2330.000000 1.126694e-23
   2332.000000 1.126694e-23
   2334.000000 1.106624e-23
   2336.000000 1.106624e-23
   2338.000000 1.076565e-23
   2340.000000 1.076565e-23
   2342.000000 1.116395e-23
   2344.000000 1.116395e-23
   2346.000000 1.129633e-23
   2348.000000 1.129633e-23
   2350.000000 1.118132e-23
   2352.000000 1.118132e-23
   2354.000000 1.126021e-23
   2356.000000 1.126021e-23
   2358.000000 1.163731e-23
   2360.000000 1.163731e-23
   2362.000000 1.142085e-23
   2364.000000 1.142085e-23
   2366.000000 1.202023e-23
   2368.000000 1.202023e-23
   2370.000000 1.050476e-23
   2372.000000 1.050476e-23
   2374.000000 1.096061e-23
   2376.000000 1.096061e-23
   2378.000000 1.054723e-23
   2380.000000 1.054723e-23
   2382.000000 1.081084e-23
   2384.000000 1.081084e-23
   2386.000000 1.113475e-23
   2388.000000 1.113475e-23
   2390.000000 1.163502e-23
   2392.000000 1.163502e-23
   2394.000000 1.110658e-23
   2396.000000 1.110658e-23
   2398.000000 1.085441e-23
   2400.000000 1.085441e-23
   2402.000000 1.041064e-23
   2404.000000 1.041064e-23
   2406.000000 1.082736e-23
   2408.000000 1.082736e-23
   2410.000000 1.100802e-23
   2412.000000 1.100802e-23
   2414.000000 1.152847e-23
   2416.000000 1.152847e-23
   2418.000000 1.130777e-23
   2420.000000 1.130777e-23
   2422.000000 1.116692e-23
   2424.000000 1.116692e-23
   2426.000000 1.077513e-23
   2428.000000 1.077513e-23
   2430.000000 1.158776e-23
   2432.000000 1.158776e-23
   2434.000000 1.069582e-23
   2436.000000 1.069582e-23
   2438.000000 1.210410e-23
   2440.000000 1.210410e-23
   2442.000000 1.122815e-23
   2444.000000 1.122815e-23
   2446.000000 1.166506e-23
   2448.000000 1.166506e-23
   2450.000000 1.214891e-23
   2452.000000 1.214891e-23
   2454.000000 1.071589e-23
   2456.000000 1.071589e-23
   2458.000000 1.128881e-23
   2460.000000 1.128881e-23
   2462.000000 1.184930e-23
   2464.000000 1.184930e-23
   2466.000000 1.131258e-23
   2468.000000 1.131258e-23
   2470.000000 1.142893e-23
   2472.000000 1.142893e-23
   2474.000000 1.140294e-23
   2476.000000 1.140294e-23
   2478.000000 1.107119e-23
   2480.000000 1.107119e-23
   2482.000000 1.073531e-23
   2484.000000 1.073531e-23
   2486.000000 1.258267e-23
   2488.000000 1.258267e-23
   2490.000000 1.174438e-23
   2492.000000 1.174438e-23
   2494.000000 1.109937e-23
   2496.000000 1.109937e-23
   2498.000000 1.137148e-23
   2500.000000 1.137148e-23
   2502.000000 1.186243e-23
   2504.000000 1.186243e-23
   2506.000000 1.213270e-23
   2508.000000 1.213270e-23
   2510.000000 1.218230e-23
   2512.000000 1.218230e-23
   2514.000000 1.087465e-23
   2516.000000 1.087465e-23
   2518.000000 1.071339e-23
   2520.000000 1.071339e-23
   2522.000000 1.129426e-23
   2524.000000 1.129426e-23
   2526.000000 1.143880e-23
   2528.000000 1.143880e-23
   2530.000000 1.162791e-23
   2532.000000 1.162791e-23
   2534.000000 1.237124e-23
   2536.000000 1.237124e-23
   2538.000000 1.256909e-23
   2540.000000 1.256909e-23
   2542.000000 1.180848e-23
   2544.000000 1.180848e-23
   2546.000000 1.181422e-23
   2548.000000 1.181422e-23
   2550.000000 1.167855e-23
   2552.000000 1.167855e-23
   2554.000000 1.162713e-23
   2556.000000 1.162713e-23
   2558.000000 1.187531e-23
   2560.000000 1.187531e-23
   2562.000000 1.175763e-23
   2564.000000 1.175763e-23
   2566.000000 1.131132e-23
   2568.000000 1.131132e-23
   2570.000000 1.167343e-23
   2572.000000 1.167343e-23
   2574.000000 1.237033e-23
   2576.000000 1.237033e-23
   2578.000000 1.261976e-23
   2580.000000 1.261976e-23
   2582.000000 1.228141e-23
   2584.000000 1.228141e-23
   2586.000000 1.208997e-23
   2588.000000 1.208997e-23
   2590.000000 1.168396e-23
   2592.000000 1.168396e-23
   2594.000000 1.142462e-23
   2596.000000 1.142462e-23
   2598.000000 1.180577e-23
   2600.000000 1.180577e-23
   2602.000000 1.144747e-23
   2604.000000 1.144747e-23
   2606.000000 1.129771e-23
   2608.000000 1.129771e-23
   2610.000000 1.295605e-23
   2612.000000 1.295605e-23
   2614.000000 1.184783e-23
   2616.000000 1.184783e-23
   2618.000000 1.200891e-23
   2620.000000 1.200891e-23
   2622.000000 1.230218e-23
   2624.000000 1.230218e-23
   2626.000000 1.181081e-23
   2628.000000 1.181081e-23
   2630.000000 1.228850e-23
   2632.000000 1.228850e-23
   2634.000000 1.223089e-23
   2636.000000 1.223089e-23
   2638.000000 1.210542e-23
   2640.000000 1.210542e-23
   2642.000000 1.281728e-23
   2644.000000 1.281728e-23
   2646.000000 1.229168e-23
   2648.000000 1.229168e-23
   2650.000000 1.174885e-23
   2652.000000 1.174885e-23
   2654.000000 1.254680e-23
   2656.000000 1.254680e-23
   2658.000000 1.197683e-23
   2660.000000 1.197683e-23
   2662.000000 1.192810e-23
   2664.000000 1.192810e-23
   2666.000000 1.212206e-23
   2668.000000 1.212206e-23
   2670.000000 1.317801e-23
   2672.000000 1.317801e-23
   2674.000000 1.249190e-23
   2676.000000 1.249190e-23
   2678.000000 1.237566e-23
   2680.000000 1.237566e-23
   2682.000000 1.322939e-23
   2684.000000 1.322939e-23
   2686.000000 1.137324e-23
   2688.000000 1.137324e-23
   2690.000000 1.224311e-23
   2692.000000 1.224311e-23
   2694.000000 1.239745e-23
   2696.000000 1.239745e-23
   2698.000000 1.277884e-23
   2700.000000 1.277884e-23
   2702.000000 1.289514e-23
   2704.000000 1.289514e-23
   2706.000000 1.248406e-23
   2708.000000 1.248406e-23
   2710.000000 1.120377e-23
   2712.000000 1.120377e-23
   2714.000000 1.254501e-23
   2716.000000 1.254501e-23
   2718.000000 1.273151e-23
   2720.000000 1.273151e-23
   2722.000000 1.253438e-23
   2724.000000 1.253438e-23
   2726.000000 1.290998e-23
   2728.000000 1.290998e-23
   2730.000000 1.246870e-23
   2732.000000 1.246870e-23
   2734.000000 1.214041e-23
   2736.000000 1.214041e-23
   2738.000000 1.245095e-23
   2740.000000 1.245095e-23
   2742.000000 1.323387e-23
   2744.000000 1.323387e-23
   2746.000000 1.165703e-23
   2748.000000 1.165703e-23
   2750.000000 1.236267e-23
   2752.000000 1.236267e-23
   2754.000000 1.371895e-23
   2756.000000 1.371895e-23
   2758.000000 1.258068e-23
   2760.000000 1.258068e-23
   2762.000000 1.344948e-23
   2764.000000 1.344948e-23
   2766.000000 1.372206e-23
   2768.000000 1.372206e-23
   2770.000000 1.249321e-23
   2772.000000 1.249321e-23
   2774.000000 1.344472e-23
   2776.000000 1.344472e-23
   2778.000000 1.244651e-23
   2780.000000 1.244651e-23
   2782.000000 1.294036e-23
   2784.000000 1.294036e-23
   2786.000000 1.309382e-23
   2788.000000 1.309382e-23
   2790.000000 1.217215e-23
   2792.000000 1.217215e-23
   2794.000000 1.255157e-23
   2796.000000 1.255157e-23
   2798.000000 1.231800e-23
   2800.000000 1.231800e-23
   2802.000000 1.284149e-23
   2804.000000 1.284149e-23
   2806.000000 1.193357e-23
   2808.000000 1.193357e-23
   2810.000000 1.294073e-23
   2812.000000 1.294073e-23
   2814.000000 1.256959e-23
   2816.000000 1.256959e-23
   2818.000000 1.253332e-23
   2820.000000 1.253332e-23
   2822.000000 1.370635e-23
   2824.000000 1.370635e-23
   2826.000000 1.261880e-23
   2828.000000 1.261880e-23
   2830.000000 1.182824e-23
   2832.000000 1.182824e-23
   2834.000000 1.243357e-23
   2836.000000 1.243357e-23
   2838.000000 1.273879e-23
   2840.000000 1.273879e-23
   2842.000000 1.338153e-23
   2844.000000 1.338153e-23
   2846.000000 1.219377e-23
   2848.000000 1.219377e-23
   2850.000000 1.219703e-23
   2852.000000 1.219703e-23
   2854.000000 1.284793e-23
   2856.000000 1.284793e-23
   2858.000000 1.340736e-23
   2860.000000 1.340736e-23
   2862.000000 1.263314e-23
   2864.000000 1.263314e-23
   2866.000000 1.342817e-23
   2868.000000 1.342817e-23
   2870.000000 1.297210e-23
   2872.000000 1.297210e-23
   2874.000000 1.343817e-23
   2876.000000 1.343817e-23
   2878.000000 1.171003e-23
   2880.000000 1.171003e-23
   2882.000000 1.248797e-23
   2884.000000 1.248797e-23
   2886.000000 1.347236e-23
   2888.000000 1.347236e-23
   2890.000000 1.272143e-23
   2892.000000 1.272143e-23
   2894.000000 1.331055e-23
   2896.000000 1.331055e-23
   2898.000000 1.370367e-23
   2900.000000 1.370367e-23
   2902.000000 1.285009e-23
   2904.000000 1.285009e-23
   2906.000000 1.320936e-23
   2908.000000 1.320936e-23
   2910.000000 1.281798e-23
   2912.000000 1.281798e-23
   2914.000000 1.178386e-23
   2916.000000 1.178386e-23
   2918.000000 1.242583e-23
   2920.000000 1.242583e-23
   2922.000000 1.389984e-23
   2924.000000 1.389984e-23
   2926.000000 1.396359e-23
   2928.000000 1.396359e-23
   2930.000000 1.354447e-23
   2932.000000 1.354447e-23
   2934.000000 1.304445e-23
   2936.000000 1.304445e-23
   2938.000000 1.253812e-23
   2940.000000 1.253812e-23
   2942.000000 1.368062e-23
   2944.000000 1.368062e-23
   2946.000000 1.321024e-23
   2948.000000 1.321024e-23
   2950.000000 1.401997e-23
   2952.000000 1.401997e-23
   2954.000000 1.318833e-23
   2956.000000 1.318833e-23
   2958.000000 1.282179e-23
   2960.000000 1.282179e-23
   2962.000000 1.313473e-23
   2964.000000 1.313473e-23
   2966.000000 1.398404e-23
   2968.000000 1.398404e-23
   2970.000000 1.398263e-23
   2972.000000 1.398263e-23
   2974.000000 1.333479e-23
   2976.000000 1.333479e-23
   2978.000000 1.374985e-23
   2980.000000 1.374985e-23
   2982.000000 1.286242e-23
   2984.000000 1.286242e-23
   2986.000000 1.305169e-23
   2988.000000 1.305169e-23
   2990.000000 1.376995e-23
   2992.000000 1.376995e-23
   2994.000000 1.415687e-23
   2996.000000 1.415687e-23
   2998.000000 1.441255e-23
   3000.000000 1.441255e-23
   3002.000000 1.408838e-23
   3004.000000 1.408838e-23
   3006.000000 1.303877e-23
   3008.000000 1.303877e-23
   3010.000000 1.282173e-23
   3012.000000 1.282173e-23
   3014.000000 1.338887e-23
   3016.000000 1.338887e-23
   3018.000000 1.446142e-23
   3020.000000 1.446142e-23
   3022.000000 1.286070e-23
   3024.000000 1.286070e-23
   3026.000000 1.348288e-23
   3028.000000 1.348288e-23
   3030.000000 1.248112e-23
   3032.000000 1.248112e-23
   3034.000000 1.291937e-23
   3036.000000 1.291937e-23
   3038.000000 1.379295e-23
   3040.000000 1.379295e-23
   3042.000000 1.409090e-23
   3044.000000 1.409090e-23
   3046.000000 1.303027e-23
   3048.000000 1.303027e-23
   3050.000000 1.407281e-23
   3052.000000 1.407281e-23
   3054.000000 1.451463e-23
   3056.000000 1.451463e-23
   3058.000000 1.387149e-23
   3060.000000 1.387149e-23
   3062.000000 1.501581e-23
   3064.000000 1.501581e-23
   3066.000000 1.450998e-23
   3068.000000 1.450998e-23
   3070.000000 1.360187e-23
   3072.000000 1.360187e-23
   3074.000000 1.482927e-23
   3076.000000 1.482927e-23
   3078.000000 1.406602e-23
   3080.000000 1.406602e-23
   3082.000000 1.351589e-23
   3084.000000 1.351589e-23
   3086.000000 1.363401e-23
   3088.000000 1.363401e-23
   3090.000000 1.410560e-23
   3092.000000 1.410560e-23
   3094.000000 1.353423e-23
   3096.000000 1.353423e-23
   3098.000000 1.393401e-23
   3100.000000 1.393401e-23
   3102.000000 1.459456e-23
   3104.000000 1.459456e-23
   3106.000000 1.414272e-23
   3108.000000 1.414272e-23
   3110.000000 1.539374e-23
   3112.000000 1.539374e-23
   3114.000000 1.389776e-23
   3116.000000 1.389776e-23
   3118.000000 1.488908e-23
   3120.000000 1.488908e-23
   3122.000000 1.371587e-23
   3124.000000 1.371587e-23
   3126.000000 1.394962e-23
   3128.000000 1.394962e-23
   3130.000000 1.424867e-23
   3132.000000 1.424867e-23
   3134.000000 1.501281e-23
   3136.000000 1.501281e-23
   3138.000000 1.450931e-23
   3140.000000 1.450931e-23
   3142.000000 1.392150e-23
   3144.000000 1.392150e-23
   3146.000000 1.362399e-23
   3148.000000 1.362399e-23
   3150.000000 1.534429e-23
   3152.000000 1.534429e-23
   3154.000000 1.431078e-23
   3156.000000 1.431078e-23
   3158.000000 1.368825e-23
   3160.000000 1.368825e-23
   3162.000000 1.452462e-23
   3164.000000 1.452462e-23
   3166.000000 1.471874e-23
   3168.000000 1.471874e-23
   3170.000000 1.445208e-23
   3172.000000 1.445208e-23
   3174.000000 1.541761e-23
   3176.000000 1.541761e-23
   3178.000000 1.433547e-23
   3180.000000 1.433547e-23
   3182.000000 1.501090e-23
   3184.000000 1.501090e-23
   3186.000000 1.502257e-23
   3188.000000 1.502257e-23
   3190.000000 1.373711e-23
   3192.000000 1.373711e-23
   3194.000000 1.453052e-23
   3196.000000 1.453052e-23
   3198.000000 1.500555e-23
   3200.000000 1.500555e-23
   3202.000000 1.480064e-23
   3204.000000 1.480064e-23
   3206.000000 1.458548e-23
   3208.000000 1.458548e-23
   3210.000000 1.471081e-23
   3212.000000 1.471081e-23
   3214.000000 1.476588e-23
   3216.000000 1.476588e-23
   3218.000000 1.459693e-23
   3220.000000 1.459693e-23
   3222.000000 1.453025e-23
   3224.000000 1.453025e-23
   3226.000000 1.508204e-23
   3228.000000 1.508204e-23
   3230.000000 1.467238e-23
   3232.000000 1.467238e-23
   3234.000000 1.526405e-23
   3236.000000 1.526405e-23
   3238.000000 1.473894e-23
   3240.000000 1.473894e-23
   3242.000000 1.433238e-23
   3244.000000 1.433238e-23
   3246.000000 1.442466e-23
   3248.000000 1.442466e-23
   3250.000000 1.447844e-23
   3252.000000 1.447844e-23
   3254.000000 1.500204e-23
   3256.000000 1.500204e-23
   3258.000000 1.423461e-23
   3260.000000 1.423461e-23
   3262.000000 1.512495e-23
   3264.000000 1.512495e-23
   3266.000000 1.465994e-23
   3268.000000 1.465994e-23
   3270.000000 1.483180e-23
   3272.000000 1.483180e-23
   3274.000000 1.461990e-23
   3276.000000 1.461990e-23
   3278.000000 1.348316e-23
   3280.000000 1.348316e-23
   3282.000000 1.428525e-23
   3284.000000 1.428525e-23
   3286.000000 1.555170e-23
   3288.000000 1.555170e-23
   3290.000000 1.398483e-23
   3292.000000 1.398483e-23
   3294.000000 1.541544e-23
   3296.000000 1.541544e-23
   3298.000000 1.585919e-23
   3300.000000 1.585919e-23
   3302.000000 1.593085e-23
   3304.000000 1.593085e-23
   3306.000000 1.489411e-23
   3308.000000 1.489411e-23
   3310.000000 1.447814e-23
   3312.000000 1.447814e-23
   3314.000000 1.526127e-23
   3316.000000 1.526127e-23
   3318.000000 1.562943e-23
   3320.000000 1.562943e-23
   3322.000000 1.514489e-23
   3324.000000 1.514489e-23
   3326.000000 1.432072e-23
   3328.000000 1.432072e-23
   3330.000000 1.500624e-23
   3332.000000 1.500624e-23
   3334.000000 1.432536e-23
   3336.000000 1.432536e-23
   3338.000000 1.482851e-23
   3340.000000 1.482851e-23
   3342.000000 1.573610e-23
   3344.000000 1.573610e-23
   3346.000000 1.591814e-23
   3348.000000 1.591814e-23
   3350.000000 1.465339e-23
   3352.000000 1.465339e-23
   3354.000000 1.491139e-23
   3356.000000 1.491139e-23
   3358.000000 1.602428e-23
   3360.000000 1.602428e-23
   3362.000000 1.615343e-23
   3364.000000 1.615343e-23
   3366.000000 1.524974e-23
   3368.000000 1.524974e-23
   3370.000000 1.586283e-23
   3372.000000 1.586283e-23
   3374.000000 1.469638e-23
   3376.000000 1.469638e-23
   3378.000000 1.455471e-23
   3380.000000 1.455471e-23
   3382.000000 1.514719e-23
   3384.000000 1.514719e-23
   3386.000000 1.446546e-23
   3388.000000 1.446546e-23
   3390.000000 1.493330e-23
   3392.000000 1.493330e-23
   3394.000000 1.543645e-23
   3396.000000 1.543645e-23
   3398.000000 1.637872e-23
   3400.000000 1.637872e-23
   3402.000000 1.511207e-23
   3404.000000 1.511207e-23
   3406.000000 1.424217e-23
   3408.000000 1.424217e-23
   3410.000000 1.523759e-23
   3412.000000 1.523759e-23
   3414.000000 1.620582e-23
   3416.000000 1.620582e-23
   3418.000000 1.537553e-23
   3420.000000 1.537553e-23
   3422.000000 1.586930e-23
   3424.000000 1.586930e-23
   3426.000000 1.558890e-23
   3428.000000 1.558890e-23
   3430.000000 1.405625e-23
   3432.000000 1.405625e-23
   3434.000000 1.436628e-23
   3436.000000 1.436628e-23
   3438.000000 1.518702e-23
   3440.000000 1.518702e-23
   3442.000000 1.512275e-23
   3444.000000 1.512275e-23
   3446.000000 1.570002e-23
   3448.000000 1.570002e-23
   3450.000000 1.467660e-23
   3452.000000 1.467660e-23
   3454.000000 1.544175e-23
   3456.000000 1.544175e-23
   3458.000000 1.592947e-23
   3460.000000 1.592947e-23
   3462.000000 1.485058e-23
   3464.000000 1.485058e-23
   3466.000000 1.563919e-23
   3468.000000 1.563919e-23
   3470.000000 1.533140e-23
   3472.000000 1.533140e-23
   3474.000000 1.504867e-23
   3476.000000 1.504867e-23
   3478.000000 1.501283e-23
   3480.000000 1.501283e-23
   3482.000000 1.551566e-23
   3484.000000 1.551566e-23
   3486.000000 1.628456e-23
   3488.000000 1.628456e-23
   3490.000000 1.632338e-23
   3492.000000 1.632338e-23
   3494.000000 1.501426e-23
   3496.000000 1.501426e-23
   3498.000000 1.601963e-23
   3500.000000 1.601963e-23
   3502.000000 1.458675e-23
   3504.000000 1.458675e-23
   3506.000000 1.555223e-23
   3508.000000 1.555223e-23
   3510.000000 1.525043e-23
   3512.000000 1.525043e-23
   3514.000000 1.416120e-23
   3516.000000 1.416120e-23
   3518.000000 1.577224e-23
   3520.000000 1.577224e-23
   3522.000000 1.627991e-23
   3524.000000 1.627991e-23
   3526.000000 1.635976e-23
   3528.000000 1.635976e-23
   3530.000000 1.649660e-23
   3532.000000 1.649660e-23
   3534.000000 1.528779e-23
   3536.000000 1.528779e-23
   3538.000000 1.483689e-23
   3540.000000 1.483689e-23
   3542.000000 1.641504e-23
   3544.000000 1.641504e-23
   3546.000000 1.502389e-23
   3548.000000 1.502389e-23
   3550.000000 1.580268e-23
   3552.000000 1.580268e-23
   3554.000000 1.576566e-23
   3556.000000 1.576566e-23
   3558.000000 1.577831e-23
   3560.000000 1.577831e-23
   3562.000000 1.437491e-23
   3564.000000 1.437491e-23
   3566.000000 1.538499e-23
   3568.000000 1.538499e-23
   3570.000000 1.619793e-23
   3572.000000 1.619793e-23
   3574.000000 1.584212e-23
   3576.000000 1.584212e-23
   3578.000000 1.676403e-23
   3580.000000 1.676403e-23
   3582.000000 1.601890e-23
   3584.000000 1.601890e-23
   3586.000000 1.621923e-23
   3588.000000 1.621923e-23
   3590.000000 1.565120e-23
   3592.000000 1.565120e-23
   3594.000000 1.656213e-23
   3596.000000 1.656213e-23
   3598.000000 1.583136e-23
   3600.000000 1.583136e-23
   3602.000000 1.630950e-23
   3604.000000 1.630950e-23
   3606.000000 1.628423e-23
   3608.000000 1.628423e-23
   3610.000000 1.529133e-23
   3612.000000 1.529133e-23
   3614.000000 1.579687e-23
   3616.000000 1.579687e-23
   3618.000000 1.656458e-23
   3620.000000 1.656458e-23
   3622.000000 1.632771e-23
   3624.000000 1.632771e-23
   3626.000000 1.608160e-23
   3628.000000 1.608160e-23
   3630.000000 1.643509e-23
   3632.000000 1.643509e-23
   3634.000000 1.606092e-23
   3636.000000 1.606092e-23
   3638.000000 1.632072e-23
   3640.000000 1.632072e-23
   3642.000000 1.596586e-23
   3644.000000 1.596586e-23
   3646.000000 1.572452e-23
   3648.000000 1.572452e-23
   3650.000000 1.572064e-23
   3652.000000 1.572064e-23
   3654.000000 1.694092e-23
   3656.000000 1.694092e-23
   3658.000000 1.728728e-23
   3660.000000 1.728728e-23
   3662.000000 1.673556e-23
   3664.000000 1.673556e-23
   3666.000000 1.539648e-23
   3668.000000 1.539648e-23
   3670.000000 1.626109e-23
   3672.000000 1.626109e-23
   3674.000000 1.528727e-23
   3676.000000 1.528727e-23
   3678.000000 1.663689e-23
   3680.000000 1.663689e-23
   3682.000000 1.625971e-23
   3684.000000 1.625971e-23
   3686.000000 1.666130e-23
   3688.000000 1.666130e-23
   3690.000000 1.652674e-23
   3692.000000 1.652674e-23
   3694.000000 1.687901e-23
   3696.000000 1.687901e-23
   3698.000000 1.661554e-23
   3700.000000 1.661554e-23
   3702.000000 1.681178e-23
   3704.000000 1.681178e-23
   3706.000000 1.574791e-23
   3708.000000 1.574791e-23
   3710.000000 1.638626e-23
   3712.000000 1.638626e-23
   3714.000000 1.673888e-23
   3716.000000 1.673888e-23
   3718.000000 1.568577e-23
   3720.000000 1.568577e-23
   3722.000000 1.705458e-23
   3724.000000 1.705458e-23
   3726.000000 1.632146e-23
   3728.000000 1.632146e-23
   3730.000000 1.642400e-23
   3732.000000 1.642400e-23
   3734.000000 1.639748e-23
   3736.000000 1.639748e-23
   3738.000000 1.746869e-23
   3740.000000 1.746869e-23
   3742.000000 1.701195e-23
   3744.000000 1.701195e-23
   3746.000000 1.761310e-23
   3748.000000 1.761310e-23
   3750.000000 1.628469e-23
   3752.000000 1.628469e-23
   3754.000000 1.566188e-23
   3756.000000 1.566188e-23
   3758.000000 1.755370e-23
   3760.000000 1.755370e-23
   3762.000000 1.592394e-23
   3764.000000 1.592394e-23
   3766.000000 1.637978e-23
   3768.000000 1.637978e-23
   3770.000000 1.646612e-23
   3772.000000 1.646612e-23
   3774.000000 1.695590e-23
   3776.000000 1.695590e-23
   3778.000000 1.612736e-23
   3780.000000 1.612736e-23
   3782.000000 1.642298e-23
   3784.000000 1.642298e-23
   3786.000000 1.650287e-23
   3788.000000 1.650287e-23
   3790.000000 1.603082e-23
   3792.000000 1.603082e-23
   3794.000000 1.589038e-23
   3796.000000 1.589038e-23
   3798.000000 1.726583e-23
   3800.000000 1.726583e-23
   3802.000000 1.775924e-23
   3804.000000 1.775924e-23
   3806.000000 1.786564e-23
   3808.000000 1.786564e-23
   3810.000000 1.632237e-23
   3812.000000 1.632237e-23
   3814.000000 1.714418e-23
   3816.000000 1.714418e-23
   3818.000000 1.679434e-23
   3820.000000 1.679434e-23
   3822.000000 1.572202e-23
   3824.000000 1.572202e-23
   3826.000000 1.730237e-23
   3828.000000 1.730237e-23
   3830.000000 1.754847e-23
   3832.000000 1.754847e-23
   3834.000000 1.748016e-23
   3836.000000 1.748016e-23
   3838.000000 1.676673e-23
   3840.000000 1.676673e-23
   3842.000000 1.808419e-23
   3844.000000 1.808419e-23
   3846.000000 1.737905e-23
   3848.000000 1.737905e-23
   3850.000000 1.823259e-23
   3852.000000 1.823259e-23
   3854.000000 1.740703e-23
   3856.000000 1.740703e-23
   3858.000000 1.719391e-23
   3860.000000 1.719391e-23
   3862.000000 1.699125e-23
   3864.000000 1.699125e-23
   3866.000000 1.701595e-23
   3868.000000 1.701595e-23
   3870.000000 1.654999e-23
   3872.000000 1.654999e-23
   3874.000000 1.709311e-23
   3876.000000 1.709311e-23
   3878.000000 1.637669e-23
   3880.000000 1.637669e-23
   3882.000000 1.796027e-23
   3884.000000 1.796027e-23
   3886.000000 1.601239e-23
   3888.000000 1.601239e-23
   3890.000000 1.657216e-23
   3892.000000 1.657216e-23
   3894.000000 1.667495e-23
   3896.000000 1.667495e-23
   3898.000000 1.738033e-23
   3900.000000 1.738033e-23
   3902.000000 1.694978e-23
   3904.000000 1.694978e-23
   3906.000000 1.756393e-23
   3908.000000 1.756393e-23
   3910.000000 1.746154e-23
   3912.000000 1.746154e-23
   3914.000000 1.788060e-23
   3916.000000 1.788060e-23
   3918.000000 1.774576e-23
   3920.000000 1.774576e-23
   3922.000000 1.915340e-23
   3924.000000 1.915340e-23
   3926.000000 1.744958e-23
   3928.000000 1.744958e-23
   3930.000000 1.722600e-23
   3932.000000 1.722600e-23
   3934.000000 1.720991e-23
   3936.000000 1.720991e-23
   3938.000000 1.806638e-23
   3940.000000 1.806638e-23
   3942.000000 1.800226e-23
   3944.000000 1.800226e-23
   3946.000000 1.703641e-23
   3948.000000 1.703641e-23
   3950.000000 1.834595e-23
   3952.000000 1.834595e-23
   3954.000000 1.747679e-23
   3956.000000 1.747679e-23
   3958.000000 1.730388e-23
   3960.000000 1.730388e-23
   3962.000000 1.692063e-23
   3964.000000 1.692063e-23
   3966.000000 1.780672e-23
   3968.000000 1.780672e-23
   3970.000000 1.681979e-23
   3972.000000 1.681979e-23
   3974.000000 1.777151e-23
   3976.000000 1.777151e-23
   3978.000000 1.749640e-23
   3980.000000 1.749640e-23
   3982.000000 1.752476e-23
   3984.000000 1.752476e-23
   3986.000000 1.906585e-23
   3988.000000 1.906585e-23
   3990.000000 1.649693e-23
   3992.000000 1.649693e-23
   3994.000000 1.798122e-23
   3996.000000 1.798122e-23
   3998.000000 1.680162e-23
   4000.000000 1.680162e-23
   4002.000000 1.750761e-23
   4004.000000 1.750761e-23
   4006.000000 1.783075e-23
   4008.000000 1.783075e-23
   4010.000000 1.742721e-23
   4012.000000 1.742721e-23
   4014.000000 1.866456e-23
   4016.000000 1.866456e-23
   4018.000000 1.762457e-23
   4020.000000 1.762457e-23
   4022.000000 1.716608e-23
   4024.000000 1.716608e-23
   4026.000000 1.739591e-23
   4028.000000 1.739591e-23
   4030.000000 1.804082e-23
   4032.000000 1.804082e-23
   4034.000000 1.908736e-23
   4036.000000 1.908736e-23
   4038.000000 1.714443e-23
   4040.000000 1.714443e-23
   4042.000000 1.815696e-23
   4044.000000 1.815696e-23
   4046.000000 1.800083e-23
   4048.000000 1.800083e-23
   4050.000000 1.769383e-23
   4052.000000 1.769383e-23
   4054.000000 1.906891e-23
   4056.000000 1.906891e-23
   4058.000000 1.729250e-23
   4060.000000 1.729250e-23
   4062.000000 1.918763e-23
   4064.000000 1.918763e-23
   4066.000000 1.861013e-23
   4068.000000 1.861013e-23
   4070.000000 1.732537e-23
   4072.000000 1.732537e-23
   4074.000000 1.751774e-23
   4076.000000 1.751774e-23
   4078.000000 1.834161e-23
   4080.000000 1.834161e-23
   4082.000000 1.810644e-23
   4084.000000 1.810644e-23
   4086.000000 1.757004e-23
   4088.000000 1.757004e-23
   4090.000000 1.731172e-23
   4092.000000 1.731172e-23
   4094.000000 1.104854e-02
