# WAT Version : 6.3.0.0 - GIT Revision : 96ad788623c4de9d20a6c6a8795c09baa7043d66 - Tag/Branch : cWB-6.3.0 
# trigger 2 in lag 0 for 
nevent:     1
ndim:       3
run:        1
name:       ../waveform/t_hplus_APR4_q09.txt
rho:        5.453479
netCC:      0.896600
netED:      -0.011466
penalty:    0.952227
gnet:       0.522963
anet:       0.198576
inet:       0.000000
likelihood: 1.040026e+02
ecor:       1.000803e+02
ECOR:       5.948087e+01
factor:     2.000000
range:      0.000000
mchirp:     0.000000
norm:       2.246279
usize:      0
ifo:        L1 H1 V1 
eventID:    2 0 
rho:        5.453479 4.343488 
type:       1 1 
rate:       0 0 0 
volume:     67 10 0 
size:       10 10 0 
lag:        0.000000 0.000000 0.000000 
slag:       0.000000 0.000000 0.000000 
phi:        314.648438 315.072632 263.273773 314.648438 
theta:      81.010704 75.710701 8.989300 81.010704 
psi:        0.000000 179.116806 
iota:       0.000000 -0.956404 
bp:          0.6828 -0.2947 -0.4873 
inj_bp:      0.7174 -0.3404 -0.5424 
bx:         -0.0147 -0.0798  0.1746 
inj_bx:      0.0615 -0.1607  0.2146 
chirp:      0.000000 -0.200000 0.066466 0.983973 1.000000 0.655184 
range:      0.000000 10.342900 
Deff:       0.000000 0.000000 0.000000 
mass:       0.000000 0.000000 
spin:       0.000000 0.000000 0.000000 0.000000 0.000000 0.000000 
eBBH:       0.000000 0.000000 0.000000 0.000000 
null:       2.195187e+00 4.745553e+00 9.104730e-01 
strain:     1.425155e-22 3.441971e-22 
hrss:       1.055030e-22 5.662349e-23 7.728889e-23 
inj_hrss:   2.349103e-22 1.114442e-22 1.776196e-22 
noise:      1.670371e-23 1.675109e-23 1.059137e-23 
segment:    1164556000.0000 1164556810.0000 1164556000.0000 1164556810.0000 1164556000.0000 1164556810.0000 
start:      1164556494.9062 1164556494.9062 1164556494.9062 
time:       1164556494.9110 1164556494.9190 1164556494.9145 
stop:       1164556494.9238 1164556494.9238 1164556494.9238 
inj_time:   1164556494.9004 1164556494.9079 1164556494.9034 
left:       494.906250 494.906250 494.906250 
right:      315.076172 315.076172 315.076172 
duration:   0.005317 0.017578 
frequency:  3364.524902 3336.441895 
low:        3136.000000 
high:       3712.000000 
bandwidth:  144.745697 576.000000 
snr:        4.702526e+01 2.486958e+01 5.140447e+01 
xSNR:       4.347889e+01 1.705097e+01 5.175711e+01 
sSNR:       4.019997e+01 1.169041e+01 5.211217e+01 
iSNR:       2088.701416 468.961487 1402.133057 
oSNR:       40.199970 11.690410 52.112175 
ioSNR:      28.908873 5.909451 41.138924 
netcc:      0.896600 0.896600 0.935957 0.938183 
neted:      -1.147564 22.873852 123.299316 110.177170 138.482346 
erA:         1.774  0.458  1.024  1.449  1.889  2.380  2.933  3.693  4.626  6.197 103.797 
sky_res:    0.458065
map_lenght: 784
#skyID  theta   DEC     step   phi     R.A    step  probability    cumulative
 83135   81.0    9.0    0.35  314.6  263.3    0.70  5.851530e-02  5.851530e-02
 74431   75.8   14.2    0.35  314.3  262.9    0.70  5.599154e-02  1.145068e-01
 63164   68.9   21.1    0.35  312.2  260.8    0.70  2.913147e-02  1.436383e-01
 11642   28.1   61.9    0.35  287.2  235.8    1.18  2.430427e-02  1.679426e-01
 44726   56.8   33.2    0.35  308.0  256.6    0.70  2.415339e-02  1.920960e-01
 11643   28.1   61.9    0.35  288.4  237.0    1.18  2.303520e-02  2.151312e-01
 70844   73.7   16.3    0.35  312.5  261.2    0.70  2.234144e-02  2.374726e-01
 37044   51.3   38.7    0.35  306.9  255.5    0.70  1.809071e-02  2.555633e-01
  9600   25.4   64.6    0.35  282.4  231.0    1.30  1.785607e-02  2.734194e-01
 39094   52.8   37.2    0.35  308.3  256.9    0.70  1.784777e-02  2.912672e-01
 44725   56.8   33.2    0.35  307.3  255.9    0.70  1.716843e-02  3.084356e-01
  8264   23.6   66.4    0.35  282.0  230.6    1.41  1.607845e-02  3.245141e-01
 70846   73.7   16.3    0.35  313.9  262.6    0.70  1.423207e-02  3.387461e-01
 63163   68.9   21.1    0.35  311.5  260.1    0.70  1.341856e-02  3.521647e-01
 74432   75.8   14.2    0.35  315.0  263.6    0.70  1.282665e-02  3.649913e-01
 13552   30.3   59.7    0.35  294.7  243.3    1.10  1.281643e-02  3.778078e-01
 11341   27.7   62.3    0.35  289.8  238.4    1.20  1.269278e-02  3.905006e-01
176166  142.4  -52.4    0.35  144.8   93.4    0.89  1.182722e-02  4.023278e-01
 70845   73.7   16.3    0.35  313.2  261.9    0.70  1.144404e-02  4.137718e-01
 83136   81.0    9.0    0.35  315.4  264.0    0.70  1.112447e-02  4.248963e-01
 11955   28.4   61.6    0.35  294.0  242.6    1.17  1.106694e-02  4.359632e-01
 10166   26.2   63.8    0.35  287.1  235.7    1.27  1.087467e-02  4.468379e-01
  9884   25.8   64.2    0.35  288.6  237.3    1.29  1.051479e-02  4.573527e-01
 13881   30.7   59.3    0.35  292.2  240.9    1.08  1.036044e-02  4.677131e-01
 16679   33.7   56.3    0.35  296.2  244.8    0.99  1.004817e-02  4.777613e-01
 15598   32.6   57.4    0.35  293.0  241.6    1.02  9.503566e-03  4.872649e-01
 79550   78.9   11.1    0.35  313.6  262.2    0.70  8.658342e-03  4.959232e-01
  8270   23.6   66.4    0.35  290.4  239.0    1.41  8.524430e-03  5.044476e-01
 46776   58.3   31.7    0.35  309.4  258.0    0.70  8.264202e-03  5.127118e-01
178134  144.3  -54.3    0.35  141.1   89.7    0.94  8.178050e-03  5.208899e-01
181437  147.8  -57.8    0.35  146.4   95.0    1.03  7.738641e-03  5.286285e-01
 11954   28.4   61.6    0.35  292.8  241.4    1.17  7.647372e-03  5.362759e-01
178135  144.3  -54.3    0.35  142.0   90.7    0.94  7.544673e-03  5.438206e-01
176156  142.4  -52.4    0.35  135.9   84.5    0.89  7.357620e-03  5.511782e-01
174519  140.9  -50.9    0.35  147.0   95.6    0.86  7.029752e-03  5.582079e-01
 79549   78.9   11.1    0.35  312.9  261.5    0.70  6.511260e-03  5.647192e-01
179643  145.9  -55.9    0.35  144.3   92.9    0.98  6.478186e-03  5.711974e-01
  7760   22.8   67.2    0.35  285.2  233.9    1.45  6.291792e-03  5.774892e-01
  8016   23.2   66.8    0.35  292.1  240.8    1.43  6.120197e-03  5.836094e-01
178140  144.3  -54.3    0.35  146.7   95.3    0.94  5.915189e-03  5.895246e-01
 49851   60.3   29.7    0.35  311.5  260.1    0.70  5.781698e-03  5.953063e-01
 83137   81.0    9.0    0.35  316.1  264.7    0.70  5.590121e-03  6.008964e-01
176167  142.4  -52.4    0.35  145.7   94.3    0.89  5.487541e-03  6.063839e-01
179633  145.9  -55.9    0.35  134.5   83.1    0.98  5.390268e-03  6.117742e-01
  8010   23.2   66.8    0.35  283.6  232.2    1.43  5.324410e-03  6.170986e-01
 11335   27.7   62.3    0.35  282.6  231.2    1.20  4.963486e-03  6.220621e-01
181431  147.8  -57.8    0.35  140.2   88.8    1.03  4.735209e-03  6.267973e-01
 46269   57.9   32.1    0.35  313.2  261.9    0.70  4.555565e-03  6.313529e-01
 39093   52.8   37.2    0.35  307.6  256.2    0.70  4.529184e-03  6.358821e-01
 15248   32.2   57.8    0.35  294.3  242.9    1.03  4.528516e-03  6.404106e-01
 46777   58.3   31.7    0.35  310.1  258.7    0.70  4.335117e-03  6.447457e-01
 93889   87.3    2.7    0.35  315.7  264.3    0.70  4.307684e-03  6.490534e-01
 11340   27.7   62.3    0.35  288.6  237.2    1.20  4.212284e-03  6.532657e-01
 49850   60.3   29.7    0.35  310.8  259.4    0.70  4.208943e-03  6.574746e-01
 13882   30.7   59.3    0.35  293.3  241.9    1.08  4.065195e-03  6.615398e-01
172365  138.9  -48.9    0.35  145.2   93.9    0.82  4.060345e-03  6.656001e-01
174083  140.5  -50.5    0.35  135.4   84.0    0.85  4.053165e-03  6.696533e-01
  9878   25.8   64.2    0.35  280.9  229.6    1.29  4.034438e-03  6.736877e-01
 12265   28.8   61.2    0.35  292.5  241.1    1.15  3.706949e-03  6.773947e-01
180009  146.3  -56.3    0.35  143.9   92.5    0.99  3.656633e-03  6.810513e-01
 43201   55.8   34.2    0.35  316.1  264.7    0.70  3.587645e-03  6.846390e-01
 39603   53.2   36.8    0.35  305.9  254.5    0.70  3.543367e-03  6.881823e-01
181608  147.8  -57.8    0.35  323.3  271.9    1.03  3.540953e-03  6.917233e-01
 70843   73.7   16.3    0.35  311.8  260.5    0.70  3.496174e-03  6.952195e-01
172356  138.9  -48.9    0.35  137.9   86.5    0.82  3.433798e-03  6.986533e-01
 11037   27.3   62.7    0.35  284.0  232.6    1.22  3.415427e-03  7.020687e-01
181432  147.8  -57.8    0.35  141.2   89.8    1.03  3.356289e-03  7.054250e-01
 87746   83.7    6.3    0.35  316.4  265.0    0.70  3.320899e-03  7.087459e-01
180008  146.3  -56.3    0.35  142.9   91.5    0.99  3.279405e-03  7.120253e-01
 10173   26.2   63.8    0.35  296.0  244.6    1.27  3.246331e-03  7.152716e-01
 55485   64.1   25.9    0.35  313.2  261.9    0.70  3.231050e-03  7.185027e-01
  8009   23.2   66.8    0.35  282.1  230.8    1.43  3.230850e-03  7.217335e-01
 79552   78.9   11.1    0.35  315.0  263.6    0.70  3.194817e-03  7.249283e-01
 84161   81.6    8.4    0.35  316.1  264.7    0.70  3.075197e-03  7.280035e-01
 84159   81.6    8.4    0.35  314.6  263.3    0.70  3.026465e-03  7.310300e-01
174514  140.9  -50.9    0.35  142.7   91.3    0.86  3.025397e-03  7.340554e-01
172361  138.9  -48.9    0.35  142.0   90.6    0.82  2.996662e-03  7.370520e-01
 40133   53.6   36.4    0.35  318.9  267.5    0.70  2.980540e-03  7.400326e-01
184254  150.8  -60.8    0.35  326.4  275.0    1.14  2.972493e-03  7.430051e-01
  6563   20.9   69.1    0.35  283.4  232.0    1.58  2.872262e-03  7.458773e-01
  9606   25.4   64.6    0.35  290.2  238.8    1.30  2.847045e-03  7.487244e-01
 13551   30.3   59.7    0.35  293.6  242.2    1.10  2.818912e-03  7.515433e-01
176157  142.4  -52.4    0.35  136.8   85.4    0.89  2.714198e-03  7.542575e-01
 41144   54.3   35.7    0.35  309.7  258.4    0.70  2.656837e-03  7.569143e-01
 56505   64.7   25.3    0.35  310.4  259.1    0.70  2.646800e-03  7.595611e-01
181433  147.8  -57.8    0.35  142.2   90.9    1.03  2.630737e-03  7.621919e-01
 44216   56.5   33.5    0.35  309.7  258.4    0.70  2.626208e-03  7.648181e-01
 78018   78.0   12.0    0.35  316.8  265.4    0.70  2.573601e-03  7.673917e-01
179644  145.9  -55.9    0.35  145.3   93.9    0.98  2.503501e-03  7.698952e-01
181436  147.8  -57.8    0.35  145.3   94.0    1.03  2.450296e-03  7.723455e-01
181438  147.8  -57.8    0.35  147.4   96.0    1.03  2.387692e-03  7.747332e-01
174509  140.9  -50.9    0.35  138.4   87.1    0.86  2.385217e-03  7.771184e-01
179642  145.9  -55.9    0.35  143.3   91.9    0.98  2.366957e-03  7.794853e-01
 40642   53.9   36.1    0.35  316.4  265.0    0.70  2.305585e-03  7.817909e-01
 13219   29.9   60.1    0.35  288.3  237.0    1.11  2.255891e-03  7.840468e-01
178130  144.3  -54.3    0.35  137.3   86.0    0.94  2.196223e-03  7.862430e-01
184407  151.2  -61.2    0.35  142.5   91.1    1.15  2.194781e-03  7.884378e-01
 74430   75.8   14.2    0.35  313.6  262.2    0.70  2.186471e-03  7.906243e-01
 55486   64.1   25.9    0.35  313.9  262.6    0.70  2.177369e-03  7.928017e-01
 17421   34.5   55.5    0.35  299.5  248.1    0.97  2.159406e-03  7.949611e-01
  6799   21.3   68.7    0.35  290.9  239.6    1.55  2.147954e-03  7.971090e-01
176160  142.4  -52.4    0.35  139.5   88.1    0.89  2.144152e-03  7.992532e-01
  8017   23.2   66.8    0.35  293.6  242.2    1.43  2.121687e-03  8.013749e-01
  8528   23.9   66.1    0.35  288.7  237.3    1.38  2.117168e-03  8.034920e-01
174066  140.5  -50.5    0.35  121.0   69.6    0.85  2.069249e-03  8.055613e-01
184410  151.2  -61.2    0.35  146.0   94.6    1.15  2.068506e-03  8.076298e-01
184411  151.2  -61.2    0.35  147.1   95.7    1.15  2.035550e-03  8.096653e-01
 44217   56.5   33.5    0.35  310.4  259.1    0.70  2.007721e-03  8.116731e-01
188772  156.8  -66.8    0.35  326.4  275.1    1.43  1.914146e-03  8.135872e-01
 13213   29.9   60.1    0.35  281.7  230.3    1.11  1.906920e-03  8.154941e-01
 11650   28.1   61.9    0.35  296.6  245.3    1.18  1.895369e-03  8.173895e-01
 55484   64.1   25.9    0.35  312.5  261.2    0.70  1.861976e-03  8.192515e-01
  6800   21.3   68.7    0.35  292.5  241.1    1.55  1.785397e-03  8.210369e-01
 53431   62.7   27.3    0.35  309.0  257.6    0.70  1.718992e-03  8.227559e-01
176161  142.4  -52.4    0.35  140.3   89.0    0.89  1.676742e-03  8.244326e-01
 63165   68.9   21.1    0.35  312.9  261.5    0.70  1.663421e-03  8.260960e-01
172360  138.9  -48.9    0.35  141.1   89.8    0.82  1.657498e-03  8.277535e-01
187060  154.6  -64.6    0.35  146.7   95.4    1.30  1.653445e-03  8.294070e-01
180003  146.3  -56.3    0.35  138.0   86.6    0.99  1.646436e-03  8.310534e-01
 14215   31.1   58.9    0.35  290.9  239.5    1.07  1.619624e-03  8.326730e-01
181427  147.8  -57.8    0.35  136.0   84.7    1.03  1.611033e-03  8.342841e-01
186357  153.4  -63.4    0.35  326.9  275.5    1.25  1.594362e-03  8.358784e-01
  9892   25.8   64.2    0.35  298.9  247.6    1.29  1.581558e-03  8.374600e-01
  9327   25.1   64.9    0.35  285.2  233.8    1.32  1.576875e-03  8.390369e-01
173637  140.1  -50.1    0.35  119.0   67.6    0.84  1.534312e-03  8.405712e-01
 11649   28.1   61.9    0.35  295.5  244.1    1.18  1.527112e-03  8.420983e-01
184412  151.2  -61.2    0.35  148.3   96.9    1.15  1.525750e-03  8.436240e-01
179637  145.9  -55.9    0.35  138.4   87.0    0.98  1.474423e-03  8.450984e-01
 12891   29.6   60.4    0.35  282.9  231.6    1.12  1.469483e-03  8.465679e-01
 31427   47.0   43.0    0.35  307.8  256.4    0.72  1.456754e-03  8.480247e-01
 15597   32.6   57.4    0.35  292.0  240.6    1.02  1.452505e-03  8.494772e-01
 35013   49.8   40.2    0.35  318.9  267.5    0.70  1.433884e-03  8.509111e-01
178141  144.3  -54.3    0.35  147.7   96.3    0.94  1.414209e-03  8.523253e-01
179638  145.9  -55.9    0.35  139.4   88.0    0.98  1.401226e-03  8.537265e-01
173638  140.1  -50.1    0.35  119.9   68.5    0.84  1.308169e-03  8.550347e-01
182799  149.3  -59.3    0.35  146.9   95.6    1.08  1.288530e-03  8.563232e-01
171435  138.1  -48.1    0.35  112.1   60.7    0.80  1.263531e-03  8.575867e-01
  9333   25.1   64.9    0.35  293.2  241.8    1.32  1.251152e-03  8.588379e-01
 79551   78.9   11.1    0.35  314.3  262.9    0.70  1.247397e-03  8.600853e-01
181430  147.8  -57.8    0.35  139.1   87.8    1.03  1.216425e-03  8.613017e-01
185918  153.1  -63.1    0.35  141.2   89.8    1.23  1.207196e-03  8.625089e-01
 16316   33.4   56.6    0.35  296.5  245.1    1.00  1.201833e-03  8.637107e-01
173205  139.7  -49.7    0.35  117.9   66.5    0.83  1.153603e-03  8.648643e-01
  4284   16.9   73.1    0.35  282.7  231.3    1.96  1.113041e-03  8.659774e-01
177740  144.0  -54.0    0.35  134.1   82.7    0.93  1.078300e-03  8.670557e-01
182796  149.3  -59.3    0.35  143.7   92.3    1.08  1.062588e-03  8.681183e-01
178129  144.3  -54.3    0.35  136.4   85.0    0.94  1.058052e-03  8.691763e-01
 87747   83.7    6.3    0.35  317.1  265.7    0.70  1.052498e-03  8.702288e-01
182793  149.3  -59.3    0.35  140.4   89.0    1.08  1.033442e-03  8.712623e-01
 45761   57.6   32.4    0.35  315.7  264.3    0.70  1.020807e-03  8.722831e-01
172366  138.9  -48.9    0.35  146.0   94.7    0.82  1.018688e-03  8.733018e-01
 78019   78.0   12.0    0.35  317.5  266.1    0.70  1.010099e-03  8.743119e-01
 36027   50.5   39.5    0.35  311.8  260.5    0.70  9.767939e-04  8.752887e-01
174515  140.9  -50.9    0.35  143.6   92.2    0.86  9.756184e-04  8.762643e-01
 25694   42.3   47.7    0.35  304.6  253.3    0.80  9.700413e-04  8.772343e-01
 36022   50.5   39.5    0.35  308.3  256.9    0.70  9.559894e-04  8.781903e-01
156873  126.4  -36.4    0.35  321.7  270.3    0.70  9.347413e-04  8.791250e-01
 12897   29.6   60.4    0.35  289.7  238.3    1.12  9.271117e-04  8.800522e-01
 45762   57.6   32.4    0.35  316.4  265.0    0.70  9.263873e-04  8.809785e-01
182791  149.3  -59.3    0.35  138.3   86.9    1.08  9.204115e-04  8.818990e-01
172328  138.9  -48.9    0.35  115.0   63.6    0.82  8.956429e-04  8.827946e-01
  9883   25.8   64.2    0.35  287.4  236.0    1.29  8.918202e-04  8.836864e-01
 16317   33.4   56.6    0.35  297.5  246.1    1.00  8.549381e-04  8.845414e-01
 37574   51.7   38.3    0.35  319.2  267.8    0.70  8.368148e-04  8.853782e-01
182800  149.3  -59.3    0.35  148.0   96.6    1.08  8.039888e-04  8.861822e-01
  9891   25.8   64.2    0.35  297.6  246.3    1.29  8.000011e-04  8.869822e-01
170112  137.0  -47.0    0.35  144.4   93.0    0.78  7.800502e-04  8.877622e-01
 49849   60.3   29.7    0.35  310.1  258.7    0.70  7.715918e-04  8.885338e-01
178133  144.3  -54.3    0.35  140.2   88.8    0.94  7.708505e-04  8.893047e-01
159435  128.3  -38.3    0.35  322.7  271.4    0.70  7.628915e-04  8.900675e-01
 13226   29.9   60.1    0.35  296.1  244.7    1.11  7.536989e-04  8.908212e-01
 38077   52.1   37.9    0.35  313.2  261.9    0.70  7.535986e-04  8.915748e-01
 47797   59.0   31.0    0.35  307.3  255.9    0.70  7.422736e-04  8.923171e-01
 56506   64.7   25.3    0.35  311.1  259.8    0.70  7.358824e-04  8.930530e-01
168200  135.4  -45.4    0.35  115.3   64.0    0.76  7.293798e-04  8.937824e-01
 35518   50.2   39.8    0.35  313.6  262.2    0.70  7.207877e-04  8.945032e-01
 12264   28.8   61.2    0.35  291.3  240.0    1.15  7.172789e-04  8.952204e-01
181426  147.8  -57.8    0.35  135.0   83.6    1.03  7.150358e-04  8.959355e-01
 47799   59.0   31.0    0.35  308.7  257.3    0.70  7.088438e-04  8.966443e-01
156874  126.4  -36.4    0.35  322.4  271.0    0.70  7.076116e-04  8.973519e-01
 40134   53.6   36.4    0.35  319.6  268.2    0.70  7.023277e-04  8.980543e-01
 42675   55.4   34.6    0.35  305.9  254.5    0.70  6.926735e-04  8.987469e-01
  6338   20.6   69.4    0.35  286.9  235.5    1.61  6.905950e-04  8.994375e-01
154313  124.6  -34.6    0.35  321.3  270.0    0.70  6.892376e-04  9.001268e-01
184406  151.2  -61.2    0.35  141.3   90.0    1.15  6.855433e-04  9.008123e-01
 10737   26.9   63.1    0.35  278.0  226.6    1.23  6.773961e-04  9.014897e-01
167999  135.0  -45.0    0.35  323.6  272.3    0.75  6.586031e-04  9.021483e-01
 31928   47.4   42.6    0.35  306.1  254.7    0.71  6.496313e-04  9.027979e-01
 13545   30.3   59.7    0.35  287.0  235.6    1.10  6.492605e-04  9.034472e-01
166053  133.4  -43.4    0.35  323.3  272.0    0.73  6.472897e-04  9.040945e-01
 87748   83.7    6.3    0.35  317.8  266.4    0.70  6.418933e-04  9.047364e-01
173198  139.7  -49.7    0.35  112.1   60.7    0.83  6.391343e-04  9.053755e-01
182798  149.3  -59.3    0.35  145.8   94.5    1.08  6.273106e-04  9.060028e-01
 65727   70.5   19.5    0.35  314.6  263.3    0.70  6.268813e-04  9.066297e-01
 40127   53.6   36.4    0.35  314.6  263.3    0.70  6.184338e-04  9.072481e-01
  5466   19.1   70.9    0.35  281.2  229.9    1.73  6.130310e-04  9.078612e-01
186638  153.8  -63.8    0.35  322.6  271.2    1.27  5.924290e-04  9.084536e-01
 20943   38.0   52.0    0.35  299.6  248.2    0.88  5.885122e-04  9.090421e-01
  9321   25.1   64.9    0.35  277.3  225.9    1.32  5.851306e-04  9.096273e-01
 11348   27.7   62.3    0.35  298.2  246.8    1.20  5.765816e-04  9.102038e-01
 15951   33.0   57.0    0.35  290.7  239.4    1.01  5.749126e-04  9.107787e-01
 43196   55.8   34.2    0.35  312.5  261.2    0.70  5.702397e-04  9.113490e-01
181428  147.8  -57.8    0.35  137.1   85.7    1.03  5.696711e-04  9.119187e-01
  9601   25.4   64.6    0.35  283.7  232.3    1.30  5.693305e-04  9.124880e-01
178136  144.3  -54.3    0.35  143.0   91.6    0.94  5.643388e-04  9.130523e-01
 15241   32.2   57.8    0.35  287.1  235.7    1.03  5.622456e-04  9.136146e-01
 48837   59.7   30.3    0.35  318.5  267.1    0.70  5.564442e-04  9.141710e-01
182792  149.3  -59.3    0.35  139.3   88.0    1.08  5.443924e-04  9.147154e-01
 40636   53.9   36.1    0.35  312.2  260.8    0.70  5.401920e-04  9.152556e-01
 40637   53.9   36.1    0.35  312.9  261.5    0.70  5.356032e-04  9.157912e-01
181434  147.8  -57.8    0.35  143.3   91.9    1.03  5.355173e-04  9.163267e-01
 46270   57.9   32.1    0.35  313.9  262.6    0.70  5.191226e-04  9.168458e-01
182790  149.3  -59.3    0.35  137.2   85.8    1.08  5.100369e-04  9.173559e-01
166263  133.8  -43.8    0.35  116.7   65.3    0.73  5.048400e-04  9.178607e-01
 78016   78.0   12.0    0.35  315.4  264.0    0.70  5.027964e-04  9.183635e-01
  9316   25.1   64.9    0.35  270.7  219.3    1.32  4.982454e-04  9.188618e-01
  6337   20.6   69.4    0.35  285.3  233.9    1.61  4.951533e-04  9.193569e-01
 23910   40.7   49.3    0.35  302.6  251.2    0.83  4.940056e-04  9.198509e-01
  8522   23.9   66.1    0.35  280.4  229.0    1.38  4.896871e-04  9.203406e-01
 16678   33.7   56.3    0.35  295.2  243.8    0.99  4.877202e-04  9.208283e-01
167034  134.2  -44.2    0.35  323.5  272.1    0.74  4.778060e-04  9.213061e-01
 38586   52.5   37.5    0.35  310.8  259.4    0.70  4.770747e-04  9.217832e-01
170564  137.4  -47.4    0.35  139.3   88.0    0.79  4.706119e-04  9.222538e-01
  9885   25.8   64.2    0.35  289.9  238.6    1.29  4.667700e-04  9.227206e-01
 54980   63.7   26.3    0.35  317.8  266.4    0.70  4.655125e-04  9.231861e-01
173454  139.7  -49.7    0.35  325.4  274.0    0.83  4.620985e-04  9.236482e-01
 57526   65.4   24.6    0.35  308.3  256.9    0.70  4.614837e-04  9.241097e-01
177755  144.0  -54.0    0.35  148.0   96.6    0.93  4.604865e-04  9.245702e-01
 47798   59.0   31.0    0.35  308.0  256.6    0.70  4.581118e-04  9.250283e-01
 44218   56.5   33.5    0.35  311.1  259.8    0.70  4.464785e-04  9.254748e-01
 84162   81.6    8.4    0.35  316.8  265.4    0.70  4.417408e-04  9.259165e-01
  5053   18.4   71.6    0.35  276.3  224.9    1.80  4.383647e-04  9.263549e-01
170569  137.4  -47.4    0.35  143.3   91.9    0.79  4.373324e-04  9.267922e-01
 54981   63.7   26.3    0.35  318.5  267.1    0.70  4.345735e-04  9.272268e-01
182786  149.3  -59.3    0.35  132.8   81.5    1.08  4.334963e-04  9.276603e-01
181088  147.4  -57.4    0.35  147.8   96.4    1.02  4.299167e-04  9.280902e-01
 42694   55.4   34.6    0.35  319.2  267.8    0.70  4.291941e-04  9.285194e-01
 33468   48.6   41.4    0.35  312.2  260.8    0.70  4.209868e-04  9.289404e-01
187059  154.6  -64.6    0.35  145.4   94.1    1.30  4.192601e-04  9.293596e-01
175747  142.0  -52.0    0.35  133.7   82.3    0.88  4.175290e-04  9.297772e-01
168240  135.4  -45.4    0.35  145.6   94.2    0.76  4.165754e-04  9.301937e-01
 10165   26.2   63.8    0.35  285.8  234.5    1.27  4.160452e-04  9.306098e-01
174098  140.5  -50.5    0.35  148.2   96.8    0.85  4.134720e-04  9.310232e-01
  5260   18.7   71.3    0.35  283.2  231.9    1.76  4.115235e-04  9.314348e-01
169618  136.6  -46.6    0.35  119.9   68.5    0.78  4.111080e-04  9.318459e-01
 74433   75.8   14.2    0.35  315.7  264.3    0.70  4.056719e-04  9.322516e-01
 18172   35.3   54.7    0.35  296.1  244.7    0.95  4.030554e-04  9.326546e-01
 23477   40.3   49.7    0.35  304.6  253.2    0.83  4.026388e-04  9.330572e-01
  6558   20.9   69.1    0.35  275.5  224.2    1.58  3.998413e-04  9.334571e-01
  6793   21.3   68.7    0.35  281.6  230.3    1.55  3.993808e-04  9.338565e-01
182797  149.3  -59.3    0.35  144.8   93.4    1.08  3.981359e-04  9.342546e-01
 41653   54.7   35.3    0.35  307.3  255.9    0.70  3.961016e-04  9.346507e-01
173019  139.3  -49.3    0.35  323.3  271.9    0.83  3.934470e-04  9.350442e-01
174902  141.3  -51.3    0.35  116.4   65.0    0.87  3.915836e-04  9.354357e-01
185629  152.7  -62.7    0.35  147.8   96.4    1.22  3.868601e-04  9.358226e-01
 15591   32.6   57.4    0.35  285.9  234.5    1.02  3.848805e-04  9.362075e-01
186922  154.2  -64.2    0.35  327.2  275.8    1.29  3.847868e-04  9.365923e-01
  4470   17.2   72.8    0.35  280.5  229.2    1.91  3.792107e-04  9.369715e-01
 11349   27.7   62.3    0.35  299.4  248.0    1.20  3.729416e-04  9.373444e-01
  7755   22.8   67.2    0.35  278.0  226.6    1.45  3.712279e-04  9.377156e-01
  6564   20.9   69.1    0.35  285.0  233.6    1.58  3.645791e-04  9.380802e-01
 38585   52.5   37.5    0.35  310.1  258.7    0.70  3.594834e-04  9.384397e-01
179634  145.9  -55.9    0.35  135.5   84.1    0.98  3.556763e-04  9.387954e-01
 65728   70.5   19.5    0.35  315.4  264.0    0.70  3.477854e-04  9.391432e-01
171884  138.5  -48.5    0.35  113.9   62.5    0.81  3.398039e-04  9.394830e-01
184100  150.8  -60.8    0.35  150.9   99.6    1.14  3.393240e-04  9.398223e-01
  5467   19.1   70.9    0.35  283.0  231.6    1.73  3.392946e-04  9.401616e-01
131531  109.8  -19.8    0.35  142.7   91.4    0.70  3.355849e-04  9.404972e-01
181082  147.4  -57.4    0.35  141.6   90.3    1.02  3.323344e-04  9.408295e-01
169610  136.6  -46.6    0.35  113.7   62.3    0.78  3.293353e-04  9.411588e-01
 52410   62.0   28.0    0.35  311.1  259.8    0.70  3.275662e-04  9.414864e-01
 16315   33.4   56.6    0.35  295.5  244.1    1.00  3.243430e-04  9.418108e-01
 89279   84.6    5.4    0.35  314.6  263.3    0.70  3.238767e-04  9.421346e-01
 12573   29.2   60.8    0.35  284.2  232.9    1.14  3.234939e-04  9.424581e-01
 17052   34.1   55.9    0.35  301.8  250.4    0.98  3.200047e-04  9.427781e-01
 12567   29.2   60.8    0.35  277.4  226.0    1.14  3.175111e-04  9.430956e-01
 30446   46.2   43.8    0.35  317.9  266.6    0.73  3.147465e-04  9.434104e-01
181429  147.8  -57.8    0.35  138.1   86.7    1.03  3.119275e-04  9.437223e-01
184564  151.2  -61.2    0.35  323.7  272.3    1.15  3.040609e-04  9.440264e-01
 38076   52.1   37.9    0.35  312.5  261.2    0.70  3.028788e-04  9.443293e-01
 26621   43.0   47.0    0.35  314.2  262.8    0.78  3.016721e-04  9.446309e-01
127947  107.6  -17.6    0.35  143.1   91.7    0.70  3.008468e-04  9.449318e-01
 32958   48.2   41.8    0.35  313.9  262.6    0.70  3.002241e-04  9.452320e-01
184563  151.2  -61.2    0.35  322.5  271.1    1.15  2.965876e-04  9.455286e-01
187061  154.6  -64.6    0.35  148.0   96.7    1.30  2.947521e-04  9.458233e-01
180004  146.3  -56.3    0.35  139.0   87.6    0.99  2.916863e-04  9.461150e-01
155336  125.3  -35.3    0.35  320.6  269.3    0.70  2.911550e-04  9.464062e-01
183119  149.7  -59.7    0.35  135.5   84.2    1.10  2.892483e-04  9.466954e-01
 14889   31.8   58.2    0.35  282.0  230.7    1.05  2.877710e-04  9.469832e-01
179636  145.9  -55.9    0.35  137.4   86.1    0.98  2.853705e-04  9.472686e-01
 30934   46.6   43.4    0.35  312.5  261.1    0.73  2.779324e-04  9.475465e-01
 41145   54.3   35.7    0.35  310.4  259.1    0.70  2.771071e-04  9.478236e-01
 70842   73.7   16.3    0.35  311.1  259.8    0.70  2.769198e-04  9.481005e-01
  5682   19.5   70.5    0.35  289.5  238.2    1.70  2.736956e-04  9.483742e-01
 50872   61.0   29.0    0.35  309.4  258.0    0.70  2.722123e-04  9.486464e-01
 79548   78.9   11.1    0.35  312.2  260.8    0.70  2.707385e-04  9.489172e-01
177739  144.0  -54.0    0.35  133.1   81.8    0.93  2.689994e-04  9.491862e-01
175311  141.6  -51.6    0.35  111.4   60.0    0.87  2.671250e-04  9.494533e-01
 10172   26.2   63.8    0.35  294.7  243.3    1.27  2.648214e-04  9.497181e-01
 83134   81.0    9.0    0.35  313.9  262.6    0.70  2.618170e-04  9.499799e-01
 11949   28.4   61.6    0.35  286.9  235.6    1.17  2.595919e-04  9.502395e-01
 11637   28.1   61.9    0.35  281.2  229.9    1.18  2.569199e-04  9.504964e-01
 11031   27.3   62.7    0.35  276.7  225.3    1.22  2.554565e-04  9.507519e-01
  5462   19.1   70.9    0.35  274.3  223.0    1.73  2.544579e-04  9.510064e-01
 17794   34.9   55.1    0.35  297.3  245.9    0.96  2.534114e-04  9.512598e-01
  5473   19.1   70.9    0.35  293.4  242.0    1.73  2.526258e-04  9.515124e-01
185919  153.1  -63.1    0.35  142.4   91.0    1.23  2.524799e-04  9.517649e-01
 48829   59.7   30.3    0.35  312.9  261.5    0.70  2.473770e-04  9.520123e-01
170075  137.0  -47.0    0.35  115.4   64.1    0.78  2.470094e-04  9.522593e-01
  5256   18.7   71.3    0.35  276.2  224.8    1.76  2.445235e-04  9.525038e-01
174088  140.5  -50.5    0.35  139.7   88.3    0.85  2.437325e-04  9.527475e-01
168231  135.4  -45.4    0.35  138.8   87.4    0.76  2.422192e-04  9.529897e-01
 32454   47.8   42.2    0.35  319.3  267.9    0.71  2.344971e-04  9.532242e-01
 37554   51.7   38.3    0.35  305.2  253.8    0.70  2.330593e-04  9.534573e-01
 11329   27.7   62.3    0.35  275.4  224.0    1.20  2.326964e-04  9.536900e-01
188263  156.1  -66.1    0.35  326.1  274.7    1.38  2.296436e-04  9.539196e-01
167745  135.0  -45.0    0.35  133.1   81.8    0.75  2.295608e-04  9.541492e-01
 15958   33.0   57.0    0.35  297.8  246.4    1.01  2.294449e-04  9.543786e-01
 56504   64.7   25.3    0.35  309.7  258.4    0.70  2.292626e-04  9.546079e-01
 26147   42.6   47.4    0.35  302.8  251.4    0.79  2.256147e-04  9.548335e-01
166756  134.2  -44.2    0.35  118.4   67.0    0.74  2.250964e-04  9.550586e-01
 10442   26.6   63.4    0.35  273.1  221.8    1.25  2.208911e-04  9.552795e-01
 24347   41.1   48.9    0.35  300.7  249.3    0.82  2.207452e-04  9.555003e-01
 15236   32.2   57.8    0.35  281.9  230.5    1.03  2.123674e-04  9.557126e-01
 17795   34.9   55.1    0.35  298.2  246.9    0.96  2.100361e-04  9.559227e-01
 62144   68.3   21.7    0.35  315.0  263.6    0.70  2.084369e-04  9.561311e-01
 58564   66.0   24.0    0.35  318.2  266.8    0.70  2.070299e-04  9.563381e-01
167516  134.6  -44.6    0.35  321.7  270.3    0.74  2.059919e-04  9.565441e-01
177346  143.6  -53.6    0.35  130.9   79.5    0.92  2.046444e-04  9.567488e-01
127944  107.6  -17.6    0.35  141.0   89.6    0.70  2.034660e-04  9.569522e-01
  9046   24.7   65.3    0.35  272.0  220.6    1.34  2.015065e-04  9.571537e-01
174099  140.5  -50.5    0.35  149.0   97.6    0.85  2.014465e-04  9.573552e-01
184405  151.2  -61.2    0.35  140.2   88.8    1.15  1.992076e-04  9.575544e-01
174084  140.5  -50.5    0.35  136.3   84.9    0.85  1.990014e-04  9.577534e-01
178132  144.3  -54.3    0.35  139.2   87.8    0.94  1.967841e-04  9.579502e-01
  4102   16.5   73.5    0.35  285.0  233.6    2.00  1.939092e-04  9.581441e-01
 49343   60.0   30.0    0.35  314.6  263.3    0.70  1.924747e-04  9.583366e-01
 30938   46.6   43.4    0.35  315.4  264.0    0.73  1.905469e-04  9.585271e-01
 78017   78.0   12.0    0.35  316.1  264.7    0.70  1.905155e-04  9.587176e-01
165767  133.4  -43.4    0.35  115.8   64.4    0.73  1.890793e-04  9.589067e-01
 33972   49.0   41.0    0.35  306.9  255.5    0.70  1.878968e-04  9.590946e-01
  5261   18.7   71.3    0.35  285.0  233.6    1.76  1.869074e-04  9.592815e-01
 40641   53.9   36.1    0.35  315.7  264.3    0.70  1.839544e-04  9.594655e-01
178328  144.3  -54.3    0.35  323.0  271.6    0.94  1.838689e-04  9.596493e-01
127946  107.6  -17.6    0.35  142.4   91.0    0.70  1.809519e-04  9.598303e-01
183126  149.7  -59.7    0.35  143.2   91.9    1.10  1.809424e-04  9.600112e-01
172585  138.9  -48.9    0.35  325.2  273.9    0.82  1.808704e-04  9.601921e-01
 84158   81.6    8.4    0.35  313.9  262.6    0.70  1.791463e-04  9.603712e-01
170543  137.4  -47.4    0.35  122.8   71.4    0.79  1.784038e-04  9.605496e-01
166264  133.8  -43.8    0.35  117.4   66.1    0.73  1.776630e-04  9.607273e-01
172768  139.3  -49.3    0.35  116.0   64.6    0.83  1.767837e-04  9.609041e-01
 28501   44.6   45.4    0.35  315.8  264.4    0.76  1.758127e-04  9.610799e-01
 93890   87.3    2.7    0.35  316.4  265.0    0.70  1.740184e-04  9.612539e-01
 42693   55.4   34.6    0.35  318.5  267.1    0.70  1.730618e-04  9.614270e-01
 46778   58.3   31.7    0.35  310.8  259.4    0.70  1.720172e-04  9.615990e-01
185920  153.1  -63.1    0.35  143.6   92.3    1.23  1.704704e-04  9.617695e-01
181439  147.8  -57.8    0.35  148.4   97.1    1.03  1.683034e-04  9.619378e-01
174895  141.3  -51.3    0.35  110.3   59.0    0.87  1.676946e-04  9.621055e-01
176172  142.4  -52.4    0.35  150.1   98.8    0.89  1.674301e-04  9.622729e-01
 51398   61.4   28.6    0.35  319.6  268.2    0.70  1.655608e-04  9.624385e-01
185621  152.7  -62.7    0.35  138.0   86.7    1.22  1.639653e-04  9.626024e-01
127945  107.6  -17.6    0.35  141.7   90.3    0.70  1.624388e-04  9.627649e-01
172802  139.3  -49.3    0.35  144.1   92.7    0.83  1.612032e-04  9.629261e-01
 51397   61.4   28.6    0.35  318.9  267.5    0.70  1.598810e-04  9.630859e-01
 14554   31.5   58.5    0.35  290.6  239.3    1.06  1.591886e-04  9.632451e-01
 38587   52.5   37.5    0.35  311.5  260.1    0.70  1.580524e-04  9.634032e-01
  8535   23.9   66.1    0.35  298.4  247.0    1.38  1.567571e-04  9.635599e-01
176140  142.4  -52.4    0.35  121.6   70.3    0.89  1.566232e-04  9.637166e-01
 26165   42.6   47.4    0.35  317.0  265.6    0.79  1.551662e-04  9.638717e-01
 23040   39.9   50.1    0.35  299.9  248.5    0.84  1.542645e-04  9.640260e-01
 43710   56.1   33.9    0.35  313.6  262.2    0.70  1.538179e-04  9.641798e-01
 51904   61.7   28.3    0.35  315.0  263.6    0.70  1.534489e-04  9.643333e-01
 13208   29.9   60.1    0.35  276.1  224.7    1.11  1.533351e-04  9.644866e-01
 51379   61.4   28.6    0.35  306.2  254.8    0.70  1.530437e-04  9.646396e-01
 47290   58.6   31.4    0.35  311.1  259.8    0.70  1.522017e-04  9.647918e-01
 36026   50.5   39.5    0.35  311.1  259.8    0.70  1.510550e-04  9.649429e-01
 35517   50.2   39.8    0.35  312.9  261.5    0.70  1.504106e-04  9.650933e-01
131530  109.8  -19.8    0.35  142.0   90.7    0.70  1.497834e-04  9.652431e-01
184409  151.2  -61.2    0.35  144.8   93.4    1.15  1.494087e-04  9.653925e-01
180007  146.3  -56.3    0.35  141.9   90.5    0.99  1.490600e-04  9.655416e-01
171925  138.5  -48.5    0.35  147.2   95.8    0.81  1.484899e-04  9.656901e-01
  4476   17.2   72.8    0.35  292.0  240.6    1.91  1.460553e-04  9.658361e-01
 14547   31.5   58.5    0.35  283.2  231.9    1.06  1.459341e-04  9.659820e-01
 20538   37.6   52.4    0.35  301.6  250.3    0.89  1.458701e-04  9.661279e-01
182785  149.3  -59.3    0.35  131.7   80.4    1.08  1.452773e-04  9.662732e-01
 64183   69.6   20.4    0.35  308.7  257.3    0.70  1.451492e-04  9.664183e-01
 15959   33.0   57.0    0.35  298.8  247.4    1.01  1.445401e-04  9.665629e-01
171910  138.5  -48.5    0.35  135.0   83.6    0.81  1.442828e-04  9.667072e-01
176132  142.4  -52.4    0.35  114.5   63.1    0.89  1.428853e-04  9.668500e-01
 35523   50.2   39.8    0.35  317.1  265.7    0.70  1.397320e-04  9.669898e-01
 45722   57.6   32.4    0.35  288.3  236.9    0.70  1.395421e-04  9.671293e-01
173206  139.7  -49.7    0.35  118.7   67.4    0.83  1.385531e-04  9.672679e-01
183935  150.4  -60.4    0.35  323.4  272.1    1.12  1.380540e-04  9.674059e-01
 19732   36.8   53.2    0.35  298.6  247.3    0.91  1.379946e-04  9.675439e-01
 83138   81.0    9.0    0.35  316.8  265.4    0.70  1.368323e-04  9.676808e-01
 43704   56.1   33.9    0.35  309.4  258.0    0.70  1.357759e-04  9.678165e-01
 14896   31.8   58.2    0.35  289.4  238.0    1.05  1.357413e-04  9.679523e-01
182787  149.3  -59.3    0.35  133.9   82.5    1.08  1.353935e-04  9.680877e-01
169149  136.2  -46.2    0.35  118.1   66.7    0.77  1.352955e-04  9.682230e-01
178131  144.3  -54.3    0.35  138.3   86.9    0.94  1.350364e-04  9.683580e-01
174513  140.9  -50.9    0.35  141.9   90.5    0.86  1.347831e-04  9.684928e-01
  6569   20.9   69.1    0.35  292.9  241.5    1.58  1.338190e-04  9.686266e-01
 27542   43.8   46.2    0.35  306.5  255.2    0.77  1.317232e-04  9.687583e-01
176163  142.4  -52.4    0.35  142.1   90.8    0.89  1.306662e-04  9.688890e-01
181435  147.8  -57.8    0.35  144.3   92.9    1.03  1.304549e-04  9.690194e-01
177166  143.2  -53.2    0.35  325.9  274.5    0.91  1.301412e-04  9.691496e-01
170117  137.0  -47.0    0.35  148.3   96.9    0.78  1.301160e-04  9.692797e-01
179641  145.9  -55.9    0.35  142.3   91.0    0.98  1.295801e-04  9.694093e-01
 25245   41.9   48.1    0.35  306.6  255.2    0.80  1.294589e-04  9.695387e-01
 39095   52.8   37.2    0.35  309.0  257.6    0.70  1.287972e-04  9.696675e-01
174094  140.5  -50.5    0.35  144.8   93.4    0.85  1.285945e-04  9.697961e-01
 37573   51.7   38.3    0.35  318.5  267.1    0.70  1.265022e-04  9.699226e-01
 51399   61.4   28.6    0.35  320.3  268.9    0.70  1.260803e-04  9.700487e-01
179639  145.9  -55.9    0.35  140.4   89.0    0.98  1.245589e-04  9.701733e-01
175319  141.6  -51.6    0.35  118.4   67.0    0.87  1.244329e-04  9.702977e-01
 37569   51.7   38.3    0.35  315.7  264.3    0.70  1.237306e-04  9.704214e-01
172355  138.9  -48.9    0.35  137.0   85.7    0.82  1.228500e-04  9.705443e-01
  5896   19.8   70.2    0.35  287.5  236.1    1.67  1.227749e-04  9.706671e-01
175731  142.0  -52.0    0.35  119.6   68.2    0.88  1.207491e-04  9.707878e-01
 15960   33.0   57.0    0.35  299.8  248.5    1.01  1.206939e-04  9.709085e-01
  9326   25.1   64.9    0.35  283.9  232.5    1.32  1.184738e-04  9.710270e-01
 62145   68.3   21.7    0.35  315.7  264.3    0.70  1.179843e-04  9.711450e-01
 74434   75.8   14.2    0.35  316.4  265.0    0.70  1.172965e-04  9.712623e-01
 20955   38.0   52.0    0.35  310.1  258.8    0.88  1.168687e-04  9.713791e-01
 54982   63.7   26.3    0.35  319.2  267.8    0.70  1.160561e-04  9.714952e-01
155850  125.7  -35.7    0.35  322.4  271.0    0.70  1.150368e-04  9.716102e-01
 29451   45.4   44.6    0.35  306.1  254.7    0.74  1.142429e-04  9.717245e-01
 13875   30.7   59.3    0.35  285.7  234.3    1.08  1.140465e-04  9.718385e-01
185628  152.7  -62.7    0.35  146.6   95.2    1.22  1.137559e-04  9.719523e-01
  9595   25.4   64.6    0.35  275.9  224.5    1.30  1.132210e-04  9.720655e-01
170568  137.4  -47.4    0.35  142.5   91.1    0.79  1.125104e-04  9.721780e-01
  5472   19.1   70.9    0.35  291.6  240.3    1.73  1.122112e-04  9.722902e-01
 19338   36.4   53.6    0.35  299.8  248.5    0.92  1.116065e-04  9.724018e-01
 34482   49.4   40.6    0.35  305.2  253.8    0.70  1.106050e-04  9.725124e-01
 64184   69.6   20.4    0.35  309.4  258.0    0.70  1.092374e-04  9.726217e-01
166543  133.8  -43.8    0.35  321.6  270.2    0.73  1.091919e-04  9.727308e-01
 55483   64.1   25.9    0.35  311.8  260.5    0.70  1.090401e-04  9.728399e-01
183125  149.7  -59.7    0.35  142.1   90.8    1.10  1.086253e-04  9.729485e-01
173630  140.1  -50.1    0.35  113.1   61.8    0.84  1.082837e-04  9.730568e-01
 10732   26.9   63.1    0.35  271.8  220.5    1.23  1.080982e-04  9.731649e-01
169611  136.6  -46.6    0.35  114.4   63.1    0.78  1.080734e-04  9.732730e-01
 10160   26.2   63.8    0.35  279.5  228.1    1.27  1.078054e-04  9.733808e-01
151492  122.8  -32.8    0.35  138.2   86.8    0.70  1.076246e-04  9.734884e-01
182794  149.3  -59.3    0.35  141.5   90.1    1.08  1.076236e-04  9.735960e-01
  7033   21.7   68.3    0.35  289.1  237.7    1.53  1.053339e-04  9.737014e-01
 62146   68.3   21.7    0.35  316.4  265.0    0.70  1.052345e-04  9.738066e-01
 52924   62.4   27.6    0.35  312.2  260.8    0.70  1.030470e-04  9.739096e-01
175746  142.0  -52.0    0.35  132.8   81.4    0.88  1.020224e-04  9.740117e-01
 46268   57.9   32.1    0.35  312.5  261.2    0.70  1.011892e-04  9.741128e-01
177749  144.0  -54.0    0.35  142.4   91.0    0.93  1.011706e-04  9.742140e-01
 12253   28.8   61.2    0.35  278.7  227.3    1.15  1.002068e-04  9.743142e-01
 62121   68.3   21.7    0.35  298.8  247.5    0.70  9.917463e-05  9.744134e-01
 18949   36.0   54.0    0.35  302.0  250.6    0.93  9.861157e-05  9.745120e-01
 14204   31.1   58.9    0.35  279.1  227.7    1.07  9.800097e-05  9.746100e-01
 58563   66.0   24.0    0.35  317.5  266.1    0.70  9.731519e-05  9.747073e-01
 84160   81.6    8.4    0.35  315.4  264.0    0.70  9.692607e-05  9.748043e-01
 24142   41.1   48.9    0.35  133.0   81.6    0.82  9.681330e-05  9.749011e-01
184400  151.2  -61.2    0.35  134.4   83.0    1.15  9.673995e-05  9.749978e-01
 10447   26.6   63.4    0.35  279.4  228.0    1.25  9.666116e-05  9.750945e-01
182795  149.3  -59.3    0.35  142.6   91.2    1.08  9.612335e-05  9.751906e-01
 31426   47.0   43.0    0.35  307.1  255.7    0.72  9.589164e-05  9.752865e-01
 45760   57.6   32.4    0.35  315.0  263.6    0.70  9.585377e-05  9.753823e-01
 14542   31.5   58.5    0.35  277.9  226.6    1.06  9.444039e-05  9.754768e-01
 13220   29.9   60.1    0.35  289.4  238.1    1.11  9.343173e-05  9.755702e-01
 58562   66.0   24.0    0.35  316.8  265.4    0.70  9.302644e-05  9.756632e-01
 26160   42.6   47.4    0.35  313.0  261.7    0.79  9.222530e-05  9.757555e-01
 33973   49.0   41.0    0.35  307.6  256.2    0.70  9.061007e-05  9.758461e-01
 87745   83.7    6.3    0.35  315.7  264.3    0.70  9.007940e-05  9.759362e-01
  8269   23.6   66.4    0.35  289.0  237.6    1.41  9.003071e-05  9.760262e-01
171883  138.5  -48.5    0.35  113.1   61.7    0.81  8.949077e-05  9.761157e-01
148933  121.0  -31.0    0.35  138.5   87.1    0.70  8.900283e-05  9.762047e-01
 37568   51.7   38.3    0.35  315.0  263.6    0.70  8.875189e-05  9.762934e-01
159123  128.3  -38.3    0.35  103.4   52.0    0.70  8.830661e-05  9.763817e-01
 15605   32.6   57.4    0.35  300.2  248.8    1.02  8.695856e-05  9.764687e-01
168235  135.4  -45.4    0.35  141.8   90.4    0.76  8.657588e-05  9.765553e-01
 24364   41.1   48.9    0.35  314.6  263.2    0.82  8.638114e-05  9.766416e-01
 15952   33.0   57.0    0.35  291.7  240.4    1.01  8.615093e-05  9.767278e-01
 15235   32.2   57.8    0.35  280.9  229.5    1.03  8.492929e-05  9.768127e-01
177556  143.6  -53.6    0.35  323.7  272.3    0.92  8.470395e-05  9.768974e-01
185622  152.7  -62.7    0.35  139.3   87.9    1.22  8.408278e-05  9.769815e-01
 11051   27.3   62.7    0.35  301.0  249.6    1.22  8.375382e-05  9.770653e-01
171894  138.5  -48.5    0.35  122.0   70.7    0.81  8.335319e-05  9.771486e-01
 11036   27.3   62.7    0.35  282.8  231.4    1.22  8.324410e-05  9.772319e-01
131532  109.8  -19.8    0.35  143.4   92.1    0.70  8.300900e-05  9.773149e-01
 34991   49.8   40.2    0.35  303.4  252.0    0.70  8.217818e-05  9.773971e-01
174491  140.9  -50.9    0.35  123.0   71.6    0.86  8.210604e-05  9.774792e-01
 78024   78.0   12.0    0.35  321.0  269.6    0.70  8.203409e-05  9.775612e-01
135115  112.0  -22.0    0.35  143.1   91.7    0.70  8.164779e-05  9.776428e-01
183617  150.1  -60.1    0.35  326.1  274.7    1.11  8.111907e-05  9.777240e-01
 43202   55.8   34.2    0.35  316.8  265.4    0.70  8.109547e-05  9.778051e-01
185917  153.1  -63.1    0.35  139.9   88.6    1.23  8.088274e-05  9.778859e-01
 35014   49.8   40.2    0.35  319.6  268.2    0.70  8.076461e-05  9.779667e-01
  3245   14.7   75.3    0.35  282.4  231.0    2.25  8.049257e-05  9.780472e-01
 60070   67.0   23.0    0.35  296.7  245.3    0.70  7.938199e-05  9.781266e-01
171893  138.5  -48.5    0.35  121.2   69.8    0.81  7.814145e-05  9.782047e-01
 30441   46.2   43.8    0.35  314.3  262.9    0.73  7.761525e-05  9.782823e-01
 22207   39.1   50.9    0.35  315.0  263.6    0.86  7.753767e-05  9.783599e-01
 17422   34.5   55.5    0.35  300.5  249.1    0.97  7.742114e-05  9.784373e-01
 19731   36.8   53.2    0.35  297.7  246.4    0.91  7.719361e-05  9.785145e-01
 94914   87.9    2.1    0.35  316.4  265.0    0.70  7.714679e-05  9.785916e-01
  6110   20.2   69.8    0.35  279.0  227.6    1.64  7.641116e-05  9.786680e-01
 40893   54.3   35.7    0.35  133.2   81.9    0.70  7.544296e-05  9.787435e-01
178139  144.3  -54.3    0.35  145.8   94.4    0.94  7.447215e-05  9.788180e-01
184404  151.2  -61.2    0.35  139.0   87.7    1.15  7.437452e-05  9.788923e-01
  5683   19.5   70.5    0.35  291.2  239.9    1.70  7.417804e-05  9.789665e-01
 37553   51.7   38.3    0.35  304.5  253.1    0.70  7.361582e-05  9.790401e-01
179281  145.5  -55.5    0.35  152.4  101.0    0.97  7.234733e-05  9.791125e-01
181072  147.4  -57.4    0.35  131.4   80.0    1.02  7.207441e-05  9.791846e-01
176567  142.8  -52.8    0.35  143.6   92.2    0.90  7.136936e-05  9.792559e-01
173449  139.7  -49.7    0.35  321.2  269.9    0.83  7.087376e-05  9.793268e-01
 41916   55.0   35.0    0.35  132.5   81.2    0.70  7.062329e-05  9.793974e-01
 40892   54.3   35.7    0.35  132.5   81.2    0.70  6.970813e-05  9.794671e-01
 22623   39.5   50.5    0.35  308.6  257.3    0.85  6.941409e-05  9.795365e-01
 30933   46.6   43.4    0.35  311.7  260.4    0.73  6.924168e-05  9.796058e-01
 74429   75.8   14.2    0.35  312.9  261.5    0.70  6.922054e-05  9.796750e-01
187055  154.6  -64.6    0.35  140.2   88.8    1.30  6.921149e-05  9.797442e-01
138194  114.0  -24.0    0.35  148.0   96.6    0.70  6.885304e-05  9.798131e-01
 43709   56.1   33.9    0.35  312.9  261.5    0.70  6.870697e-05  9.798818e-01
 54452   63.4   26.6    0.35  306.9  255.5    0.70  6.860789e-05  9.799504e-01
 42166   55.0   35.0    0.35  308.3  256.9    0.70  6.770096e-05  9.800181e-01
 49305   60.0   30.0    0.35  287.9  236.6    0.70  6.763290e-05  9.800857e-01
 22628   39.5   50.5    0.35  312.9  261.5    0.85  6.735954e-05  9.801531e-01
155543  125.7  -35.7    0.35  106.5   55.1    0.70  6.730805e-05  9.802204e-01
177756  144.0  -54.0    0.35  148.9   97.5    0.93  6.654300e-05  9.802869e-01
  8005   23.2   66.8    0.35  276.4  225.1    1.43  6.592125e-05  9.803528e-01
  8259   23.6   66.4    0.35  274.9  223.5    1.41  6.580426e-05  9.804187e-01
174508  140.9  -50.9    0.35  137.6   86.2    0.86  6.563729e-05  9.804843e-01
 51905   61.7   28.3    0.35  315.7  264.3    0.70  6.541638e-05  9.805497e-01
170103  137.0  -47.0    0.35  137.3   86.0    0.78  6.512061e-05  9.806148e-01
 59048   66.4   23.6    0.35  298.1  246.8    0.70  6.509028e-05  9.806799e-01
174093  140.5  -50.5    0.35  143.9   92.5    0.85  6.470936e-05  9.807446e-01
158412  127.5  -37.5    0.35  323.4  272.1    0.70  6.428548e-05  9.808089e-01
179647  145.9  -55.9    0.35  148.2   96.8    0.98  6.358488e-05  9.808725e-01
  6332   20.6   69.4    0.35  277.2  225.9    1.61  6.311465e-05  9.809356e-01
168676  135.8  -45.8    0.35  116.3   64.9    0.76  6.257519e-05  9.809982e-01
175767  142.0  -52.0    0.35  151.3   99.9    0.88  6.243598e-05  9.810606e-01
 18958   36.0   54.0    0.35  310.4  259.0    0.93  6.208674e-05  9.811227e-01
185627  152.7  -62.7    0.35  145.3   94.0    1.22  6.195866e-05  9.811847e-01
 46744   58.3   31.7    0.35  286.9  235.5    0.70  6.113876e-05  9.812458e-01
 42941   55.8   34.2    0.35  133.2   81.9    0.70  6.095757e-05  9.813068e-01
 89278   84.6    5.4    0.35  313.9  262.6    0.70  6.063469e-05  9.813674e-01
127943  107.6  -17.6    0.35  140.3   88.9    0.70  6.061123e-05  9.814280e-01
 28497   44.6   45.4    0.35  312.7  261.4    0.76  6.020020e-05  9.814882e-01
167245  134.6  -44.6    0.35  120.1   68.7    0.74  5.945444e-05  9.815477e-01
160149  129.1  -39.1    0.35  104.8   53.4    0.70  5.894087e-05  9.816066e-01
 78023   78.0   12.0    0.35  320.3  268.9    0.70  5.819612e-05  9.816648e-01
171911  138.5  -48.5    0.35  135.8   84.4    0.81  5.746287e-05  9.817223e-01
184364  151.2  -61.2    0.35   92.9   41.5    1.15  5.744382e-05  9.817797e-01
 29450   45.4   44.6    0.35  305.3  254.0    0.74  5.737552e-05  9.818371e-01
171445  138.1  -48.1    0.35  120.1   68.8    0.80  5.674443e-05  9.818938e-01
 65726   70.5   19.5    0.35  313.9  262.6    0.70  5.651871e-05  9.819503e-01
 13539   30.3   59.7    0.35  280.4  229.1    1.10  5.607746e-05  9.820064e-01
 15249   32.2   57.8    0.35  295.3  244.0    1.03  5.580568e-05  9.820622e-01
  8517   23.9   66.1    0.35  273.5  222.1    1.38  5.483779e-05  9.821171e-01
 21352   38.4   51.6    0.35  297.5  246.1    0.87  5.448218e-05  9.821715e-01
 28974   45.0   45.0    0.35  310.9  259.5    0.75  5.437577e-05  9.822259e-01
195690  172.3  -82.3    0.35   27.9  336.5    4.29  5.433886e-05  9.822803e-01
156359  126.1  -36.1    0.35  319.9  268.5    0.70  5.419672e-05  9.823345e-01
173653  140.1  -50.1    0.35  132.5   81.1    0.84  5.412369e-05  9.823886e-01
130978  109.5  -19.5    0.35  114.3   62.9    0.70  5.389383e-05  9.824425e-01
174302  140.5  -50.5    0.35  321.4  270.0    0.85  5.373896e-05  9.824962e-01
176162  142.4  -52.4    0.35  141.2   89.9    0.89  5.364623e-05  9.825499e-01
 29936   45.8   44.2    0.35  304.3  252.9    0.74  5.364059e-05  9.826035e-01
 13889   30.7   59.3    0.35  300.9  249.5    1.08  5.316194e-05  9.826567e-01
 23048   39.9   50.1    0.35  306.6  255.2    0.84  5.279973e-05  9.827095e-01
138195  114.0  -24.0    0.35  148.7   97.3    0.70  5.243706e-05  9.827619e-01
 48838   59.7   30.3    0.35  319.2  267.8    0.70  5.213284e-05  9.828140e-01
168210  135.4  -45.4    0.35  122.9   71.5    0.76  5.160779e-05  9.828656e-01
 28011   44.2   45.8    0.35  304.7  253.3    0.76  5.110290e-05  9.829167e-01
 12259   28.8   61.2    0.35  285.6  234.2    1.15  5.102266e-05  9.829678e-01
  4290   16.9   73.1    0.35  294.5  243.1    1.96  5.089389e-05  9.830187e-01
 70847   73.7   16.3    0.35  314.6  263.3    0.70  5.055297e-05  9.830692e-01
174067  140.5  -50.5    0.35  121.8   70.5    0.85  5.018164e-05  9.831194e-01
 94915   87.9    2.1    0.35  317.1  265.7    0.70  4.977659e-05  9.831692e-01
190427  159.4  -69.4    0.35  327.1  275.7    1.61  4.960559e-05  9.832188e-01
  9614   25.4   64.6    0.35  300.7  249.3    1.30  4.914718e-05  9.832679e-01
135114  112.0  -22.0    0.35  142.4   91.0    0.70  4.912401e-05  9.833171e-01
 71866   74.3   15.7    0.35  311.1  259.8    0.70  4.874199e-05  9.833658e-01
168473  135.4  -45.4    0.35  321.8  270.4    0.76  4.861104e-05  9.834144e-01
138698  114.3  -24.3    0.35  142.0   90.7    0.70  4.733109e-05  9.834617e-01
189384  157.9  -67.9    0.35  144.8   93.4    1.50  4.721429e-05  9.835089e-01
 10161   26.2   63.8    0.35  280.8  229.4    1.27  4.719160e-05  9.835561e-01
166729  134.2  -44.2    0.35   98.5   47.1    0.74  4.666228e-05  9.836028e-01
 32433   47.8   42.2    0.35  304.4  253.0    0.71  4.653246e-05  9.836493e-01
 23707   40.7   49.3    0.35  135.0   83.6    0.83  4.639687e-05  9.836957e-01
 43711   56.1   33.9    0.35  314.3  262.9    0.70  4.632352e-05  9.837421e-01
 24801   41.5   48.5    0.35  309.3  257.9    0.81  4.610524e-05  9.837882e-01
 48321   59.3   30.7    0.35  316.1  264.7    0.70  4.609885e-05  9.838343e-01
 59047   66.4   23.6    0.35  297.4  246.0    0.70  4.576199e-05  9.838800e-01
188387  156.4  -66.4    0.35  139.9   88.5    1.41  4.574252e-05  9.839258e-01
182801  149.3  -59.3    0.35  149.1   97.7    1.08  4.550554e-05  9.839713e-01
179632  145.9  -55.9    0.35  133.5   82.2    0.98  4.543183e-05  9.840167e-01
 33467   48.6   41.4    0.35  311.5  260.1    0.70  4.525700e-05  9.840620e-01
118741  102.0  -12.0    0.35  150.1   98.7    0.70  4.479073e-05  9.841067e-01
165793  133.4  -43.4    0.35  134.6   83.3    0.73  4.477106e-05  9.841515e-01
 73414   75.2   14.8    0.35  319.2  267.8    0.70  4.450981e-05  9.841960e-01
 33464   48.6   41.4    0.35  309.4  258.0    0.70  4.441994e-05  9.842405e-01
 65729   70.5   19.5    0.35  316.1  264.7    0.70  4.439984e-05  9.842849e-01
 12254   28.8   61.2    0.35  279.8  228.4    1.15  4.431302e-05  9.843292e-01
191150  160.9  -70.9    0.35   94.3   43.0    1.73  4.373700e-05  9.843729e-01
  5255   18.7   71.3    0.35  274.4  223.0    1.76  4.291576e-05  9.844158e-01
126882  107.0  -17.0    0.35  114.3   62.9    0.70  4.263997e-05  9.844585e-01
 53432   62.7   27.3    0.35  309.7  258.4    0.70  4.260086e-05  9.845011e-01
167729  135.0  -45.0    0.35  121.1   69.8    0.75  4.239852e-05  9.845435e-01
 53466   62.7   27.3    0.35  333.6  282.3    0.70  4.238238e-05  9.845858e-01
172370  138.9  -48.9    0.35  149.3   97.9    0.82  4.235840e-05  9.846282e-01
  5677   19.5   70.5    0.35  281.0  229.7    1.70  4.224132e-05  9.846704e-01
172321  138.9  -48.9    0.35  109.2   57.9    0.82  4.211344e-05  9.847126e-01
 64185   69.6   20.4    0.35  310.1  258.7    0.70  4.184869e-05  9.847544e-01
  9057   24.7   65.3    0.35  286.8  235.4    1.34  4.176400e-05  9.847962e-01
 15585   32.6   57.4    0.35  279.7  228.3    1.02  4.148491e-05  9.848376e-01
186785  154.2  -64.2    0.35  151.1   99.7    1.29  4.137218e-05  9.848790e-01
179646  145.9  -55.9    0.35  147.2   95.9    0.98  4.085199e-05  9.849199e-01
  3413   15.0   75.0    0.35  293.0  241.7    2.20  4.080771e-05  9.849607e-01
 15945   33.0   57.0    0.35  284.7  233.3    1.01  4.076612e-05  9.850014e-01
 58561   66.0   24.0    0.35  316.1  264.7    0.70  4.067721e-05  9.850421e-01
  8277   23.6   66.4    0.35  300.2  248.9    1.41  4.059577e-05  9.850827e-01
170961  137.7  -47.7    0.35   93.6   42.2    0.80  4.041843e-05  9.851231e-01
 83139   81.0    9.0    0.35  317.5  266.1    0.70  4.024289e-05  9.851634e-01
166548  133.8  -43.8    0.35  325.2  273.9    0.73  4.012268e-05  9.852035e-01
 32942   48.2   41.8    0.35  302.7  251.3    0.70  3.999417e-05  9.852435e-01
184101  150.8  -60.8    0.35  152.1  100.7    1.14  3.983353e-05  9.852833e-01
 20537   37.6   52.4    0.35  300.7  249.4    0.89  3.971560e-05  9.853230e-01
167212  134.6  -44.6    0.35   95.6   44.2    0.74  3.960326e-05  9.853627e-01
 48322   59.3   30.7    0.35  316.8  265.4    0.70  3.946379e-05  9.854021e-01
181425  147.8  -57.8    0.35  134.0   82.6    1.03  3.941239e-05  9.854415e-01
131528  109.8  -19.8    0.35  140.6   89.3    0.70  3.928601e-05  9.854808e-01
188386  156.4  -66.4    0.35  138.5   87.1    1.41  3.875868e-05  9.855196e-01
163729  131.8  -41.8    0.35  102.3   50.9    0.70  3.874016e-05  9.855583e-01
180010  146.3  -56.3    0.35  144.9   93.5    0.99  3.857028e-05  9.855969e-01
177750  144.0  -54.0    0.35  143.4   92.0    0.93  3.777842e-05  9.856347e-01
123341  104.8  -14.8    0.35  144.1   92.8    0.70  3.775115e-05  9.856724e-01
183124  149.7  -59.7    0.35  141.0   89.7    1.10  3.769622e-05  9.857101e-01
  9342   25.1   64.9    0.35  305.1  253.7    1.32  3.745638e-05  9.857476e-01
181081  147.4  -57.4    0.35  140.6   89.3    1.02  3.730999e-05  9.857849e-01
 52419   62.0   28.0    0.35  317.5  266.1    0.70  3.728140e-05  9.858222e-01
 69828   73.0   17.0    0.35  318.2  266.8    0.70  3.705910e-05  9.858592e-01
 62142   68.3   21.7    0.35  313.6  262.2    0.70  3.668002e-05  9.858959e-01
188133  156.1  -66.1    0.35  146.1   94.7    1.38  3.654645e-05  9.859324e-01
  5461   19.1   70.9    0.35  272.6  221.2    1.73  3.585295e-05  9.859683e-01
135113  112.0  -22.0    0.35  141.7   90.3    0.70  3.559434e-05  9.860039e-01
  9615   25.4   64.6    0.35  302.0  250.6    1.30  3.557581e-05  9.860395e-01
 11043   27.3   62.7    0.35  291.3  239.9    1.22  3.542665e-05  9.860749e-01
194357  167.5  -77.5    0.35  342.8  291.4    2.65  3.524550e-05  9.861101e-01
 11325   27.7   62.3    0.35  270.6  219.2    1.20  3.517921e-05  9.861453e-01
188392  156.4  -66.4    0.35  147.0   95.6    1.41  3.514656e-05  9.861805e-01
 20551   37.6   52.4    0.35  313.2  261.8    0.89  3.478298e-05  9.862152e-01
 14895   31.8   58.2    0.35  288.3  236.9    1.05  3.476242e-05  9.862500e-01
166237  133.8  -43.8    0.35   97.7   46.3    0.73  3.463024e-05  9.862846e-01
142283  116.6  -26.6    0.35  143.1   91.7    0.70  3.453582e-05  9.863192e-01
 28502   44.6   45.4    0.35  316.5  265.1    0.76  3.433615e-05  9.863535e-01
 39868   53.6   36.4    0.35  132.5   81.2    0.70  3.418288e-05  9.863877e-01
 33977   49.0   41.0    0.35  310.4  259.1    0.70  3.397189e-05  9.864217e-01
 66216   70.8   19.2    0.35  298.1  246.8    0.70  3.384092e-05  9.864555e-01
179635  145.9  -55.9    0.35  136.5   85.1    0.98  3.382623e-05  9.864893e-01
 74435   75.8   14.2    0.35  317.1  265.7    0.70  3.372624e-05  9.865231e-01
144853  118.3  -28.3    0.35  149.8   98.4    0.70  3.364804e-05  9.865567e-01
  4097   16.5   73.5    0.35  275.0  223.6    2.00  3.322586e-05  9.865899e-01
 24359   41.1   48.9    0.35  310.5  259.1    0.82  3.313160e-05  9.866231e-01
174913  141.3  -51.3    0.35  125.9   74.5    0.87  3.302564e-05  9.866561e-01
 13869   30.7   59.3    0.35  279.2  227.8    1.08  3.301808e-05  9.866891e-01
 93888   87.3    2.7    0.35  315.0  263.6    0.70  3.290877e-05  9.867220e-01
 54979   63.7   26.3    0.35  317.1  265.7    0.70  3.289600e-05  9.867549e-01
188132  156.1  -66.1    0.35  144.7   93.3    1.38  3.260581e-05  9.867875e-01
 20150   37.2   52.8    0.35  315.5  264.1    0.90  3.231385e-05  9.868198e-01
173880  140.1  -50.1    0.35  323.4  272.0    0.84  3.216945e-05  9.868520e-01
170102  137.0  -47.0    0.35  136.6   85.2    0.78  3.209379e-05  9.868841e-01
176155  142.4  -52.4    0.35  135.0   83.6    0.89  3.196637e-05  9.869161e-01
184088  150.8  -60.8    0.35  137.3   85.9    1.14  3.191020e-05  9.869480e-01
191692  161.6  -71.6    0.35  332.1  280.7    1.80  3.180902e-05  9.869798e-01
 65730   70.5   19.5    0.35  316.8  265.4    0.70  3.177407e-05  9.870116e-01
 71864   74.3   15.7    0.35  309.7  258.4    0.70  3.176831e-05  9.870433e-01
 14222   31.1   58.9    0.35  298.4  247.0    1.07  3.155919e-05  9.870749e-01
 65195   70.2   19.8    0.35  300.2  248.9    0.70  3.153504e-05  9.871064e-01
179645  145.9  -55.9    0.35  146.2   94.9    0.98  3.151544e-05  9.871379e-01
 22627   39.5   50.5    0.35  312.0  260.7    0.85  3.145508e-05  9.871694e-01
 16318   33.4   56.6    0.35  298.5  247.1    1.00  3.139875e-05  9.872008e-01
157897  127.2  -37.2    0.35  321.7  270.3    0.70  3.126912e-05  9.872321e-01
181091  147.4  -57.4    0.35  150.9   99.5    1.02  3.119728e-05  9.872633e-01
183934  150.4  -60.4    0.35  322.3  270.9    1.12  3.105829e-05  9.872943e-01
 78022   78.0   12.0    0.35  319.6  268.2    0.70  3.100606e-05  9.873253e-01
 19347   36.4   53.6    0.35  308.1  256.7    0.92  3.098311e-05  9.873563e-01
179649  145.9  -55.9    0.35  150.2   98.8    0.98  3.092547e-05  9.873872e-01
174492  140.9  -50.9    0.35  123.9   72.5    0.86  3.067364e-05  9.874179e-01
179650  145.9  -55.9    0.35  151.1   99.8    0.98  3.066545e-05  9.874486e-01
189385  157.9  -67.9    0.35  146.2   94.9    1.50  3.065656e-05  9.874792e-01
179259  145.5  -55.5    0.35  131.1   79.8    0.97  3.063660e-05  9.875099e-01
 40128   53.6   36.4    0.35  315.4  264.0    0.70  3.046168e-05  9.875403e-01
167217  134.6  -44.6    0.35   99.3   47.9    0.74  3.045050e-05  9.875708e-01
 26604   43.0   47.0    0.35  300.9  249.5    0.78  2.998341e-05  9.876008e-01
142282  116.6  -26.6    0.35  142.4   91.0    0.70  2.992288e-05  9.876307e-01
181076  147.4  -57.4    0.35  135.5   84.1    1.02  2.971736e-05  9.876604e-01
 71865   74.3   15.7    0.35  310.4  259.1    0.70  2.958061e-05  9.876900e-01
 52409   62.0   28.0    0.35  310.4  259.1    0.70  2.934751e-05  9.877193e-01
 42167   55.0   35.0    0.35  309.0  257.6    0.70  2.930265e-05  9.877486e-01
 73413   75.2   14.8    0.35  318.5  267.1    0.70  2.928126e-05  9.877779e-01
165798  133.4  -43.4    0.35  138.3   86.9    0.73  2.918583e-05  9.878071e-01
196572  178.5  -88.5    0.35  101.2   49.9   22.50  2.911585e-05  9.878362e-01
 32963   48.2   41.8    0.35  317.5  266.1    0.70  2.901977e-05  9.878652e-01
 16309   33.4   56.6    0.35  289.5  238.1    1.00  2.900849e-05  9.878942e-01
 63143   68.9   21.1    0.35  297.4  246.0    0.70  2.900462e-05  9.879232e-01
 41654   54.7   35.3    0.35  308.0  256.6    0.70  2.898865e-05  9.879522e-01
  3082   14.3   75.7    0.35  273.5  222.1    2.31  2.896322e-05  9.879812e-01
 23928   40.7   49.3    0.35  317.5  266.1    0.83  2.887867e-05  9.880101e-01
 12568   29.2   60.8    0.35  278.5  227.2    1.14  2.871517e-05  9.880388e-01
184096  150.8  -60.8    0.35  146.4   95.0    1.14  2.869542e-05  9.880675e-01
  4279   16.9   73.1    0.35  272.9  221.6    1.96  2.864285e-05  9.880961e-01
165759  133.4  -43.4    0.35  110.0   58.6    0.73  2.856334e-05  9.881247e-01
 13227   29.9   60.1    0.35  297.2  245.8    1.11  2.848296e-05  9.881532e-01
 14884   31.8   58.2    0.35  276.8  225.4    1.05  2.828843e-05  9.881815e-01
 11347   27.7   62.3    0.35  297.0  245.6    1.20  2.828529e-05  9.882097e-01
 14902   31.8   58.2    0.35  295.6  244.3    1.05  2.769280e-05  9.882374e-01
107716   95.4   -5.4    0.35  318.2  266.8    0.70  2.738283e-05  9.882648e-01
 76999   77.4   12.6    0.35  320.3  268.9    0.70  2.731853e-05  9.882921e-01
 32962   48.2   41.8    0.35  316.8  265.4    0.70  2.729198e-05  9.883194e-01
196395  176.3  -86.3    0.35   67.5   16.1    9.00  2.717474e-05  9.883466e-01
191358  161.3  -71.3    0.35   96.2   44.8    1.76  2.714304e-05  9.883737e-01
138193  114.0  -24.0    0.35  147.3   95.9    0.70  2.713811e-05  9.884009e-01
 42695   55.4   34.6    0.35  319.9  268.5    0.70  2.703419e-05  9.884279e-01
131529  109.8  -19.8    0.35  141.3   90.0    0.70  2.674163e-05  9.884547e-01
158920  127.9  -37.9    0.35  321.0  269.6    0.70  2.672133e-05  9.884814e-01
193635  165.7  -75.7    0.35  340.4  289.0    2.31  2.672132e-05  9.885081e-01
165802  133.4  -43.4    0.35  141.2   89.8    0.73  2.671141e-05  9.885348e-01
167696  135.0  -45.0    0.35   96.4   45.0    0.75  2.645504e-05  9.885613e-01
150992  122.4  -32.4    0.35  146.2   94.9    0.70  2.642716e-05  9.885877e-01
 34486   49.4   40.6    0.35  308.0  256.6    0.70  2.641978e-05  9.886141e-01
 73415   75.2   14.8    0.35  319.9  268.5    0.70  2.634134e-05  9.886405e-01
190205  159.1  -69.1    0.35  330.8  279.4    1.58  2.630733e-05  9.886668e-01
 29220   45.4   44.6    0.35  134.3   82.9    0.74  2.612352e-05  9.886929e-01
  3240   14.7   75.3    0.35  271.1  219.8    2.25  2.611186e-05  9.887190e-01
180907  147.0  -57.0    0.35  323.1  271.7    1.01  2.573337e-05  9.887447e-01
 13874   30.7   59.3    0.35  284.6  233.3    1.08  2.564290e-05  9.887704e-01
156624  126.4  -36.4    0.35  146.6   95.2    0.70  2.557145e-05  9.887959e-01
188137  156.1  -66.1    0.35  151.6  100.2    1.38  2.552003e-05  9.888215e-01
195860  173.1  -83.1    0.35   59.2    7.8    4.74  2.540770e-05  9.888469e-01
 69290   72.7   17.3    0.35  299.5  248.2    0.70  2.539767e-05  9.888723e-01
  7027   21.7   68.3    0.35  279.9  228.5    1.53  2.536053e-05  9.888976e-01
  3407   15.0   75.0    0.35  279.9  228.5    2.20  2.532316e-05  9.889230e-01
174518  140.9  -50.9    0.35  146.1   94.8    0.86  2.524923e-05  9.889482e-01
111032   97.5   -7.5    0.35  129.4   78.0    0.70  2.500201e-05  9.889732e-01
163790  131.8  -41.8    0.35  145.2   93.8    0.70  2.491449e-05  9.889981e-01
 29935   45.8   44.2    0.35  303.6  252.2    0.74  2.489317e-05  9.890230e-01
 42165   55.0   35.0    0.35  307.6  256.2    0.70  2.483967e-05  9.890479e-01
 70848   73.7   16.3    0.35  315.4  264.0    0.70  2.482497e-05  9.890727e-01
  9607   25.4   64.6    0.35  291.5  240.1    1.30  2.477961e-05  9.890975e-01
178113  144.3  -54.3    0.35  121.4   70.0    0.94  2.471958e-05  9.891222e-01
 53430   62.7   27.3    0.35  308.3  256.9    0.70  2.468240e-05  9.891469e-01
166741  134.2  -44.2    0.35  107.3   56.0    0.74  2.460140e-05  9.891715e-01
 10458   26.6   63.4    0.35  293.1  241.8    1.25  2.451003e-05  9.891960e-01
179258  145.5  -55.5    0.35  130.2   78.8    0.97  2.449968e-05  9.892205e-01
170098  137.0  -47.0    0.35  133.4   82.1    0.78  2.448201e-05  9.892450e-01
192634  163.5  -73.5    0.35  333.0  281.6    2.00  2.440210e-05  9.892694e-01
166249  133.8  -43.8    0.35  106.5   55.1    0.73  2.424357e-05  9.892936e-01
  5672   19.5   70.5    0.35  272.5  221.2    1.70  2.423237e-05  9.893178e-01
169142  136.2  -46.2    0.35  112.7   61.3    0.77  2.421846e-05  9.893421e-01
185632  152.7  -62.7    0.35  151.4  100.0    1.22  2.420152e-05  9.893663e-01
 28034   44.2   45.8    0.35  322.2  270.9    0.76  2.411612e-05  9.893904e-01
 48830   59.7   30.3    0.35  313.6  262.2    0.70  2.410142e-05  9.894145e-01
181776  148.2  -58.2    0.35  138.7   87.3    1.05  2.404082e-05  9.894385e-01
 39604   53.2   36.8    0.35  306.6  255.2    0.70  2.403563e-05  9.894625e-01
 48306   59.3   30.7    0.35  305.5  254.1    0.70  2.389919e-05  9.894864e-01
  9341   25.1   64.9    0.35  303.8  252.4    1.32  2.381915e-05  9.895103e-01
  8015   23.2   66.8    0.35  290.7  239.3    1.43  2.378310e-05  9.895341e-01
176165  142.4  -52.4    0.35  143.9   92.5    0.89  2.359211e-05  9.895576e-01
 48836   59.7   30.3    0.35  317.8  266.4    0.70  2.357470e-05  9.895812e-01
156867  126.4  -36.4    0.35  317.5  266.1    0.70  2.355827e-05  9.896048e-01
177744  144.0  -54.0    0.35  137.8   86.4    0.93  2.355000e-05  9.896283e-01
170574  137.4  -47.4    0.35  147.2   95.9    0.79  2.345997e-05  9.896518e-01
184099  150.8  -60.8    0.35  149.8   98.4    1.14  2.343766e-05  9.896752e-01
157896  127.2  -37.2    0.35  321.0  269.6    0.70  2.330968e-05  9.896985e-01
187054  154.6  -64.6    0.35  138.9   87.5    1.30  2.329383e-05  9.897218e-01
177561  143.6  -53.6    0.35  328.3  276.9    0.92  2.327727e-05  9.897451e-01
 36536   50.9   39.1    0.35  309.4  258.0    0.70  2.319662e-05  9.897683e-01
181092  147.4  -57.4    0.35  151.9  100.5    1.02  2.318831e-05  9.897915e-01
 24788   41.5   48.5    0.35  298.8  247.4    0.81  2.287123e-05  9.898144e-01
 22208   39.1   50.9    0.35  315.9  264.5    0.86  2.258789e-05  9.898369e-01
185623  152.7  -62.7    0.35  140.5   89.1    1.22  2.251604e-05  9.898595e-01
167994  135.0  -45.0    0.35  319.9  268.5    0.75  2.250617e-05  9.898820e-01
179640  145.9  -55.9    0.35  141.4   90.0    0.98  2.248709e-05  9.899045e-01
176545  142.8  -52.8    0.35  123.8   72.4    0.90  2.243341e-05  9.899269e-01
 17044   34.1   55.9    0.35  294.0  242.6    0.98  2.240152e-05  9.899493e-01
149877  121.7  -31.7    0.35   82.3   30.9    0.70  2.228191e-05  9.899716e-01
 60123   67.0   23.0    0.35  334.0  282.6    0.70  2.217543e-05  9.899937e-01
 74432   75.8   14.2    0.35  315.0  263.6    0.70  1.282665e-02  0.000000e+00
