1164556494.807251 -5.578649e-02
1164556494.807373 -4.118491e-02
1164556494.807495 -2.117506e-02
1164556494.807617 -1.881607e-03
1164556494.807739 1.259175e-02
1164556494.807861 4.026951e-02
1164556494.807983 5.757422e-02
1164556494.808105 4.945419e-02
1164556494.808228 1.996958e-02
1164556494.808350 -1.253805e-02
1164556494.808472 -4.002719e-02
1164556494.808594 -3.991614e-02
1164556494.808716 -3.624333e-02
1164556494.808838 -1.512555e-02
1164556494.808960 4.279313e-03
1164556494.809082 2.049253e-03
1164556494.809204 2.819720e-03
1164556494.809326 9.080418e-03
1164556494.809448 3.941482e-03
1164556494.809570 7.269051e-03
1164556494.809692 3.843924e-03
1164556494.809814 3.740457e-02
1164556494.809937 4.348809e-02
1164556494.810059 2.483925e-02
1164556494.810181 -1.468397e-02
1164556494.810303 -7.003060e-02
1164556494.810425 -6.365961e-02
1164556494.810547 -3.966004e-02
1164556494.810669 1.757610e-03
1164556494.810791 4.895939e-02
1164556494.810913 3.970967e-02
1164556494.811035 4.964025e-02
1164556494.811157 2.317172e-02
1164556494.811279 5.899271e-03
1164556494.811401 -1.886550e-02
1164556494.811523 -4.530407e-02
1164556494.811646 -4.342923e-02
1164556494.811768 -3.662227e-02
1164556494.811890 1.191329e-03
1164556494.812012 2.082696e-02
1164556494.812134 1.412020e-02
1164556494.812256 2.084714e-02
1164556494.812378 1.792760e-02
1164556494.812500 2.408446e-02
1164556494.812622 2.936731e-02
1164556494.812744 2.868474e-02
1164556494.812866 5.606158e-03
1164556494.812988 -2.141962e-02
1164556494.813110 -6.610198e-02
1164556494.813232 -6.994263e-02
1164556494.813354 -5.293535e-02
1164556494.813477 -8.912030e-03
1164556494.813599 2.933974e-02
1164556494.813721 5.155824e-02
1164556494.813843 7.040494e-02
1164556494.813965 4.766630e-02
1164556494.814087 1.178315e-02
1164556494.814209 -1.275334e-02
1164556494.814331 -3.788156e-02
1164556494.814453 -1.852479e-02
1164556494.814575 -8.924858e-03
1164556494.814697 6.350760e-03
1164556494.814819 -6.552227e-03
1164556494.814941 -2.107726e-02
1164556494.815063 -1.735795e-02
1164556494.815186 -2.343054e-02
1164556494.815308 -1.058499e-02
1164556494.815430 1.373504e-02
1164556494.815552 3.099517e-02
1164556494.815674 3.706657e-02
1164556494.815796 1.971193e-02
1164556494.815918 8.638153e-03
1164556494.816040 -1.233743e-02
1164556494.816162 -1.227704e-02
1164556494.816284 -1.072135e-02
1164556494.816406 -3.452422e-03
1164556494.816528 -4.901748e-03
1164556494.816650 6.144476e-03
1164556494.816772 6.750945e-03
1164556494.816895 2.575763e-03
1164556494.817017 1.195668e-04
1164556494.817139 -1.033431e-02
1164556494.817261 -3.096745e-02
1164556494.817383 -3.592618e-02
1164556494.817505 -2.686220e-02
1164556494.817627 1.852424e-03
1164556494.817749 3.397888e-02
1164556494.817871 6.424861e-02
1164556494.817993 6.485571e-02
1164556494.818115 3.220848e-02
1164556494.818237 -8.751205e-03
1164556494.818359 -3.223091e-02
1164556494.818481 -3.975210e-02
1164556494.818604 -3.126894e-02
1164556494.818726 -3.864772e-02
1164556494.818848 -1.417113e-02
1164556494.818970 3.715396e-03
1164556494.819092 6.795247e-03
1164556494.819214 5.594951e-03
1164556494.819336 -3.753539e-03
1164556494.819458 4.574217e-03
1164556494.819580 1.052749e-02
1164556494.819702 3.416091e-02
1164556494.819824 4.911354e-02
1164556494.819946 1.790655e-02
1164556494.820068 -5.452820e-03
1164556494.820190 -2.000632e-02
1164556494.820312 -1.569797e-02
1164556494.820435 -1.764883e-02
1164556494.820557 -1.287545e-02
1164556494.820679 -1.268652e-02
1164556494.820801 -1.658994e-02
1164556494.820923 -1.594736e-02
1164556494.821045 4.166106e-03
1164556494.821167 3.344593e-04
1164556494.821289 -6.223611e-03
1164556494.821411 -1.497229e-02
1164556494.821533 -8.684970e-03
1164556494.821655 2.489936e-02
1164556494.821777 5.769659e-02
1164556494.821899 7.648908e-02
1164556494.822021 6.027734e-02
1164556494.822144 8.715798e-03
1164556494.822266 -3.382297e-02
1164556494.822388 -6.741505e-02
1164556494.822510 -7.381864e-02
1164556494.822632 -7.236563e-02
1164556494.822754 -5.566143e-02
1164556494.822876 -3.285389e-02
1164556494.822998 8.902007e-03
1164556494.823120 5.955287e-02
1164556494.823242 9.468277e-02
1164556494.823364 7.629612e-02
1164556494.823486 5.491712e-02
1164556494.823608 3.318815e-02
1164556494.823730 5.393290e-03
1164556494.823853 -2.319394e-02
1164556494.823975 -5.616655e-02
1164556494.824097 -7.037195e-02
1164556494.824219 -8.144117e-02
1164556494.824341 -6.732929e-02
1164556494.824463 -1.799737e-02
1164556494.824585 2.295195e-02
1164556494.824707 6.612679e-02
1164556494.824829 6.536842e-02
1164556494.824951 6.263291e-02
1164556494.825073 3.494958e-02
1164556494.825195 1.750905e-02
1164556494.825317 -9.155325e-03
1164556494.825439 -4.621667e-02
1164556494.825562 -6.743533e-02
1164556494.825684 -3.659127e-02
1164556494.825806 4.468978e-03
1164556494.825928 1.675563e-02
1164556494.826050 1.945094e-03
1164556494.826172 -6.720314e-03
1164556494.826294 9.517436e-03
1164556494.826416 2.137753e-02
1164556494.826538 3.432982e-02
1164556494.826660 2.649138e-02
1164556494.826782 -3.910649e-03
1164556494.826904 -2.197623e-02
1164556494.827026 -3.919230e-02
1164556494.827148 -2.259434e-02
1164556494.827271 -2.651476e-02
1164556494.827393 -9.345208e-03
1164556494.827515 1.596138e-03
1164556494.827637 1.704927e-02
1164556494.827759 4.634673e-02
1164556494.827881 5.683113e-02
1164556494.828003 4.408787e-02
1164556494.828125 -1.819976e-03
1164556494.828247 -2.685924e-02
1164556494.828369 -2.881730e-02
1164556494.828491 -3.157384e-02
1164556494.828613 -2.692521e-02
1164556494.828735 -4.690064e-02
1164556494.828857 -3.676723e-02
1164556494.828979 -2.892571e-02
1164556494.829102 1.443424e-02
1164556494.829224 4.128365e-02
1164556494.829346 5.979245e-02
1164556494.829468 6.855175e-02
1164556494.829590 5.689203e-02
1164556494.829712 3.721383e-02
1164556494.829834 -1.339799e-03
1164556494.829956 -4.253942e-02
1164556494.830078 -6.995434e-02
1164556494.830200 -7.665607e-02
1164556494.830322 -4.488722e-02
1164556494.830444 -2.611877e-02
1164556494.830566 -2.827444e-03
1164556494.830688 2.024153e-02
1164556494.830811 2.882699e-02
1164556494.830933 3.486924e-02
1164556494.831055 5.004367e-02
1164556494.831177 3.857300e-02
1164556494.831299 1.172570e-02
1164556494.831421 -1.268068e-02
1164556494.831543 -2.275710e-03
1164556494.831665 -5.069582e-03
1164556494.831787 2.540463e-04
1164556494.831909 7.360036e-03
1164556494.832031 -1.371914e-02
1164556494.832153 -4.522025e-02
1164556494.832275 -5.398840e-02
1164556494.832397 -4.801074e-02
1164556494.832520 -2.585307e-02
1164556494.832642 -8.801185e-04
1164556494.832764 4.275028e-02
1164556494.832886 7.650758e-02
1164556494.833008 7.659938e-02
1164556494.833130 4.503833e-02
1164556494.833252 2.841491e-03
1164556494.833374 -1.906314e-02
1164556494.833496 -2.442115e-02
1164556494.833618 -4.232829e-02
1164556494.833740 -2.157640e-02
1164556494.833862 -2.443550e-02
1164556494.833984 -2.828337e-02
1164556494.834106 -3.349067e-02
1164556494.834229 -1.511308e-02
1164556494.834351 1.605818e-02
1164556494.834473 3.528554e-02
1164556494.834595 4.956492e-02
1164556494.834717 4.611023e-02
1164556494.834839 2.143135e-02
1164556494.834961 -6.517956e-03
1164556494.835083 -3.995428e-02
1164556494.835205 -4.381061e-02
1164556494.835327 -2.501317e-02
1164556494.835449 8.825694e-03
1164556494.835571 4.056039e-02
1164556494.835693 4.511737e-02
1164556494.835815 7.181613e-03
1164556494.835938 -2.606920e-02
1164556494.836060 -3.801860e-02
1164556494.836182 -3.421637e-02
1164556494.836304 -1.743850e-02
1164556494.836426 1.938146e-02
1164556494.836548 2.071017e-02
1164556494.836670 1.371307e-02
1164556494.836792 -2.455972e-03
1164556494.836914 2.395840e-03
1164556494.837036 -2.094932e-02
1164556494.837158 -2.662987e-02
1164556494.837280 1.186315e-02
1164556494.837402 4.711418e-02
1164556494.837524 6.855800e-02
1164556494.837646 5.342285e-02
1164556494.837769 1.054426e-02
1164556494.837891 -4.462951e-02
1164556494.838013 -9.507639e-02
1164556494.838135 -7.719734e-02
1164556494.838257 -3.772579e-02
1164556494.838379 -9.999871e-04
1164556494.838501 6.442000e-03
1164556494.838623 8.030855e-03
1164556494.838745 2.333592e-02
1164556494.838867 4.741189e-02
1164556494.838989 6.516567e-02
1164556494.839111 7.202369e-02
1164556494.839233 3.625607e-02
1164556494.839355 9.672332e-03
1164556494.839478 -2.595802e-02
1164556494.839600 -4.749694e-02
1164556494.839722 -6.644579e-02
1164556494.839844 -7.470955e-02
1164556494.839966 -5.708839e-02
1164556494.840088 -4.143780e-02
1164556494.840210 -9.557276e-04
1164556494.840332 5.090459e-02
1164556494.840454 7.680500e-02
1164556494.840576 7.092089e-02
1164556494.840698 3.106164e-02
1164556494.840820 1.260718e-02
1164556494.840942 -7.066300e-03
1164556494.841064 -1.423216e-02
1164556494.841187 -2.465644e-02
1164556494.841309 -7.460800e-03
1164556494.841431 4.064950e-03
1164556494.841553 3.043583e-03
1164556494.841675 -1.439283e-02
1164556494.841797 -2.560061e-02
1164556494.841919 -3.561012e-02
1164556494.842041 -4.685580e-02
1164556494.842163 -2.710074e-02
1164556494.842285 1.797933e-02
1164556494.842407 3.121426e-02
1164556494.842529 2.679515e-02
1164556494.842651 2.458083e-02
1164556494.842773 4.413826e-02
1164556494.842896 4.543608e-02
1164556494.843018 4.096057e-02
1164556494.843140 2.531491e-02
1164556494.843262 -9.044702e-03
1164556494.843384 -5.313476e-02
1164556494.843506 -6.061542e-02
1164556494.843628 -6.373044e-02
1164556494.843750 -6.441630e-02
1164556494.843872 -4.627940e-02
1164556494.843994 4.549554e-04
1164556494.844116 3.427833e-02
1164556494.844238 4.355797e-02
1164556494.844360 5.135553e-02
1164556494.844482 6.005790e-02
1164556494.844604 6.140882e-02
1164556494.844727 5.336010e-02
1164556494.844849 2.258492e-02
1164556494.844971 -2.903827e-02
1164556494.845093 -7.970652e-02
1164556494.845215 -9.017532e-02
1164556494.845337 -7.405984e-02
1164556494.845459 -1.832159e-02
1164556494.845581 1.270360e-02
1164556494.845703 2.905853e-02
1164556494.845825 4.200078e-02
1164556494.845947 4.307301e-02
1164556494.846069 2.798516e-02
1164556494.846191 -2.357539e-03
1164556494.846313 -1.340039e-02
1164556494.846436 -2.118392e-02
1164556494.846558 -1.229505e-02
1164556494.846680 1.456802e-02
1164556494.846802 1.828406e-02
1164556494.846924 1.047098e-02
1164556494.847046 -7.209758e-03
1164556494.847168 1.303649e-02
1164556494.847290 4.140477e-03
1164556494.847412 -7.435750e-03
1164556494.847534 -1.751570e-02
1164556494.847656 -4.829964e-03
1164556494.847778 -2.201967e-02
1164556494.847900 -5.826936e-02
1164556494.848022 -4.499256e-02
1164556494.848145 -1.805881e-02
1164556494.848267 2.211577e-02
1164556494.848389 4.435945e-02
1164556494.848511 1.004261e-01
1164556494.848633 1.135442e-01
1164556494.848755 6.399603e-02
1164556494.848877 -1.973882e-02
1164556494.848999 -1.127850e-01
1164556494.849121 -1.069922e-01
1164556494.849243 -7.975840e-02
1164556494.849365 1.928283e-02
1164556494.849487 3.320273e-02
1164556494.849609 2.038296e-02
1164556494.849731 6.852282e-04
1164556494.849854 -2.388402e-02
1164556494.849976 1.121584e-02
1164556494.850098 1.419708e-02
1164556494.850220 4.213396e-02
1164556494.850342 2.768555e-02
1164556494.850464 1.161851e-02
1164556494.850586 1.440120e-02
1164556494.850708 -4.529010e-03
1164556494.850830 -1.357990e-02
1164556494.850952 -5.233718e-02
1164556494.851074 -4.566574e-02
1164556494.851196 1.386760e-02
1164556494.851318 8.216478e-02
1164556494.851440 6.789014e-02
1164556494.851562 -2.249230e-03
1164556494.851685 -8.674360e-02
1164556494.851807 -1.220099e-01
1164556494.851929 -1.036975e-01
1164556494.852051 -2.462839e-02
1164556494.852173 6.742066e-02
1164556494.852295 1.127248e-01
1164556494.852417 1.223671e-01
1164556494.852539 9.114284e-02
1164556494.852661 5.766525e-02
1164556494.852783 -6.637281e-03
1164556494.852905 -7.443273e-02
1164556494.853027 -9.963546e-02
1164556494.853149 -9.069828e-02
1164556494.853271 -3.051494e-02
1164556494.853394 -1.413313e-02
1164556494.853516 -1.159634e-02
1164556494.853638 -3.385592e-02
1164556494.853760 -2.123501e-02
1164556494.853882 1.812190e-02
1164556494.854004 7.049013e-02
1164556494.854126 1.099536e-01
1164556494.854248 9.713340e-02
1164556494.854370 4.571703e-02
1164556494.854492 -1.850155e-02
1164556494.854614 -3.684260e-02
1164556494.854736 -3.684750e-02
1164556494.854858 -4.209971e-02
1164556494.854980 -6.362800e-02
1164556494.855103 -7.967723e-02
1164556494.855225 -3.176995e-02
1164556494.855347 8.319416e-03
1164556494.855469 3.660940e-02
1164556494.855591 2.153995e-02
1164556494.855713 3.099385e-03
1164556494.855835 8.746319e-04
1164556494.855957 3.017280e-02
1164556494.856079 6.255983e-02
1164556494.856201 7.228579e-02
1164556494.856323 2.657137e-02
1164556494.856445 -1.166452e-02
1164556494.856567 -3.452374e-02
1164556494.856689 -2.839444e-02
1164556494.856812 -1.389724e-02
1164556494.856934 -5.132380e-02
1164556494.857056 -7.868929e-02
1164556494.857178 -5.649569e-02
1164556494.857300 2.614709e-03
1164556494.857422 3.925116e-02
1164556494.857544 5.157695e-02
1164556494.857666 6.090916e-02
1164556494.857788 2.423379e-02
1164556494.857910 -9.789970e-03
1164556494.858032 -1.759356e-02
1164556494.858154 1.193672e-02
1164556494.858276 1.804673e-02
1164556494.858398 2.488114e-02
1164556494.858521 1.017080e-02
1164556494.858643 1.347243e-02
1164556494.858765 4.010335e-03
1164556494.858887 -4.653929e-02
1164556494.859009 -9.982211e-02
1164556494.859131 -8.518111e-02
1164556494.859253 -1.315802e-02
1164556494.859375 4.949619e-02
1164556494.859497 6.156420e-02
1164556494.859619 5.147739e-02
1164556494.859741 1.110247e-02
1164556494.859863 -2.750978e-02
1164556494.859985 -2.605732e-02
1164556494.860107 -9.278049e-04
1164556494.860229 4.407600e-02
1164556494.860352 8.889666e-02
1164556494.860474 8.801509e-02
1164556494.860596 2.562875e-02
1164556494.860718 -7.182382e-02
1164556494.860840 -1.129580e-01
1164556494.860962 -1.346707e-01
1164556494.861084 -1.115417e-01
1164556494.861206 -3.772785e-02
1164556494.861328 8.175972e-02
1164556494.861450 1.167248e-01
1164556494.861572 8.678368e-02
1164556494.861694 3.189006e-02
1164556494.861816 -1.364398e-02
1164556494.861938 -2.600451e-02
1164556494.862061 -1.108957e-02
1164556494.862183 4.530612e-02
1164556494.862305 6.727236e-02
1164556494.862427 6.643215e-02
1164556494.862549 1.087057e-02
1164556494.862671 -8.872723e-02
1164556494.862793 -1.550914e-01
1164556494.862915 -1.772253e-01
1164556494.863037 -8.965316e-02
1164556494.863159 2.267772e-02
1164556494.863281 1.434064e-01
1164556494.863403 1.740924e-01
1164556494.863525 1.295755e-01
1164556494.863647 3.175933e-02
1164556494.863770 -8.016700e-02
1164556494.863892 -1.067996e-01
1164556494.864014 -5.692551e-02
1164556494.864136 1.622041e-02
1164556494.864258 4.838629e-02
1164556494.864380 7.837235e-02
1164556494.864502 7.326864e-02
1164556494.864624 -1.552731e-02
1164556494.864746 -1.222152e-01
1164556494.864868 -1.459174e-01
1164556494.864990 -6.942720e-02
1164556494.865112 -8.811424e-03
1164556494.865234 6.864920e-02
1164556494.865356 7.859219e-02
1164556494.865479 5.351003e-02
1164556494.865601 2.522271e-03
1164556494.865723 1.854716e-03
1164556494.865845 2.988791e-02
1164556494.865967 2.908924e-02
1164556494.866089 6.430606e-02
1164556494.866211 5.558267e-02
1164556494.866333 3.435320e-03
1164556494.866455 -6.332883e-02
1164556494.866577 -9.130093e-02
1164556494.866699 -1.050255e-01
1164556494.866821 -1.426692e-01
1164556494.866943 -7.885714e-02
1164556494.867065 4.002094e-02
1164556494.867188 1.323590e-01
1164556494.867310 9.874173e-02
1164556494.867432 6.846754e-02
1164556494.867554 5.407758e-02
1164556494.867676 2.771127e-02
1164556494.867798 1.254376e-03
1164556494.867920 -5.151594e-03
1164556494.868042 -6.874857e-03
1164556494.868164 -3.330301e-02
1164556494.868286 -4.782747e-02
1164556494.868408 -4.334176e-02
1164556494.868530 -3.263841e-02
1164556494.868652 -5.040190e-02
1164556494.868774 -5.446286e-02
1164556494.868896 -2.983275e-02
1164556494.869019 7.975939e-03
1164556494.869141 8.400188e-02
1164556494.869263 9.378149e-02
1164556494.869385 7.602164e-02
1164556494.869507 2.107131e-03
1164556494.869629 -3.412104e-03
1164556494.869751 -1.358381e-02
1164556494.869873 -4.203178e-02
1164556494.869995 -3.046955e-02
1164556494.870117 -3.253000e-03
1164556494.870239 5.062291e-02
1164556494.870361 4.193327e-02
1164556494.870483 2.615747e-02
1164556494.870605 -1.427061e-02
1164556494.870728 -8.274507e-02
1164556494.870850 -1.453648e-01
1164556494.870972 -1.578765e-01
1164556494.871094 -5.408734e-02
1164556494.871216 8.193504e-02
1164556494.871338 1.678201e-01
1164556494.871460 1.358747e-01
1164556494.871582 1.316017e-01
1164556494.871704 7.214637e-02
1164556494.871826 8.847947e-03
1164556494.871948 -6.764445e-02
1164556494.872070 -6.951524e-02
1164556494.872192 -2.950906e-02
1164556494.872314 -5.156016e-02
1164556494.872437 -2.992257e-02
1164556494.872559 -6.920403e-02
1164556494.872681 -1.246735e-01
1164556494.872803 -1.658960e-01
1164556494.872925 -8.403682e-02
1164556494.873047 7.505063e-02
1164556494.873169 1.827866e-01
1164556494.873291 2.850931e-01
1164556494.873413 2.447135e-01
1164556494.873535 1.123682e-01
1164556494.873657 -6.895649e-02
1164556494.873779 -1.582283e-01
1164556494.873901 -2.034368e-01
1164556494.874023 -1.612464e-01
1164556494.874146 -4.688141e-02
1164556494.874268 6.121331e-02
1164556494.874390 8.034074e-02
1164556494.874512 4.791254e-04
1164556494.874634 -7.088433e-02
1164556494.874756 -1.232778e-01
1164556494.874878 -7.516867e-02
1164556494.875000 3.669303e-02
1164556494.875122 1.495885e-01
1164556494.875244 2.183620e-01
1164556494.875366 1.791917e-01
1164556494.875488 9.716411e-02
1164556494.875610 -3.073830e-02
1164556494.875732 -1.110628e-01
1164556494.875854 -1.914348e-01
1164556494.875977 -1.493808e-01
1164556494.876099 -3.390166e-02
1164556494.876221 3.990468e-02
1164556494.876343 8.103835e-03
1164556494.876465 -4.300914e-02
1164556494.876587 -4.151500e-02
1164556494.876709 -7.740699e-02
1164556494.876831 -3.865569e-02
1164556494.876953 1.178067e-01
1164556494.877075 2.008786e-01
1164556494.877197 1.549609e-01
1164556494.877319 1.046751e-01
1164556494.877441 8.048938e-02
1164556494.877563 -4.678966e-02
1164556494.877686 -1.618258e-01
1164556494.877808 -1.581428e-01
1164556494.877930 -9.903595e-02
1164556494.878052 -7.833926e-02
1164556494.878174 1.211780e-02
1164556494.878296 5.260384e-02
1164556494.878418 -8.401213e-04
1164556494.878540 -8.973079e-02
1164556494.878662 -4.035618e-02
1164556494.878784 6.264994e-02
1164556494.878906 9.438955e-02
1164556494.879028 1.738181e-01
1164556494.879150 1.717619e-01
1164556494.879272 4.628226e-02
1164556494.879395 -9.311418e-02
1164556494.879517 -1.043947e-01
1164556494.879639 -2.626427e-02
1164556494.879761 -6.816689e-02
1164556494.879883 -8.179814e-02
1164556494.880005 -3.178464e-02
1164556494.880127 5.159893e-02
1164556494.880249 2.950271e-02
1164556494.880371 -5.175955e-02
1164556494.880493 -1.046698e-01
1164556494.880615 -8.940991e-02
1164556494.880737 -1.644160e-02
1164556494.880859 8.687084e-02
1164556494.880981 1.849322e-01
1164556494.881104 1.787077e-01
1164556494.881226 6.491324e-02
1164556494.881348 -1.607869e-02
1164556494.881470 -8.128622e-03
1164556494.881592 1.464203e-02
1164556494.881714 -1.407520e-02
1164556494.881836 -6.466920e-02
1164556494.881958 -1.441991e-01
1164556494.882080 -1.364906e-01
1164556494.882202 -7.889922e-02
1164556494.882324 -2.850053e-02
1164556494.882446 -7.282314e-02
1164556494.882568 -1.006447e-01
1164556494.882690 1.988180e-02
1164556494.882812 1.756394e-01
1164556494.882935 2.349220e-01
1164556494.883057 2.507268e-01
1164556494.883179 1.749223e-01
1164556494.883301 5.157009e-02
1164556494.883423 -8.966552e-02
1164556494.883545 -1.048414e-01
1164556494.883667 -8.503983e-02
1164556494.883789 -1.576097e-01
1164556494.883911 -2.214472e-01
1164556494.884033 -1.851614e-01
1164556494.884155 -4.014151e-02
1164556494.884277 3.687186e-02
1164556494.884399 2.576919e-02
1164556494.884521 7.931084e-03
1164556494.884644 -1.505469e-02
1164556494.884766 8.008524e-02
1164556494.884888 2.313465e-01
1164556494.885010 3.306101e-01
1164556494.885132 2.543688e-01
1164556494.885254 1.150928e-01
1164556494.885376 -3.719686e-02
1164556494.885498 -1.320134e-01
1164556494.885620 -2.671719e-01
1164556494.885742 -2.770613e-01
1164556494.885864 -2.649103e-01
1164556494.885986 -2.446286e-01
1164556494.886108 -1.237281e-01
1164556494.886230 2.642003e-02
1164556494.886353 1.587218e-01
1164556494.886475 9.698186e-02
1164556494.886597 9.735429e-02
1164556494.886719 1.564718e-01
1164556494.886841 2.967738e-01
1164556494.886963 4.223546e-01
1164556494.887085 3.072428e-01
1164556494.887207 1.321619e-01
1164556494.887329 -1.780623e-01
1164556494.887451 -3.218266e-01
1164556494.887573 -4.782841e-01
1164556494.887695 -4.590637e-01
1164556494.887817 -2.766483e-01
1164556494.887939 -9.792740e-02
1164556494.888062 3.253391e-03
1164556494.888184 5.205948e-02
1164556494.888306 1.542807e-01
1164556494.888428 1.428151e-01
1164556494.888550 1.743322e-01
1164556494.888672 2.428749e-01
1164556494.888794 3.986378e-01
1164556494.888916 4.826024e-01
1164556494.889038 3.579911e-01
1164556494.889160 1.100455e-01
1164556494.889282 -2.572358e-01
1164556494.889404 -4.117031e-01
1164556494.889526 -5.474267e-01
1164556494.889648 -4.905288e-01
1164556494.889771 -4.708023e-01
1164556494.889893 -3.075099e-01
1164556494.890015 -1.770531e-01
1164556494.890137 -1.492878e-01
1164556494.890259 -8.144303e-02
1164556494.890381 1.112226e-01
1164556494.890503 5.504091e-01
1164556494.890625 9.010942e-01
1164556494.890747 1.215541e+00
1164556494.890869 1.443669e+00
1164556494.890991 1.289347e+00
1164556494.891113 6.892585e-01
1164556494.891235 -8.707476e-01
1164556494.891357 -2.712971e+00
1164556494.891479 -3.169141e+00
1164556494.891602 -2.703157e+00
1164556494.891724 -1.536292e+00
1164556494.891846 1.281408e-01
1164556494.891968 1.672872e+00
1164556494.892090 2.717362e+00
1164556494.892212 3.237300e+00
1164556494.892334 2.909624e+00
1164556494.892456 2.021987e+00
1164556494.892578 7.208079e-01
1164556494.892700 -6.809281e-01
1164556494.892822 -2.280756e+00
1164556494.892944 -3.352053e+00
1164556494.893066 -3.657456e+00
1164556494.893188 -3.194679e+00
1164556494.893311 -1.919513e+00
1164556494.893433 8.823682e-03
1164556494.893555 2.020720e+00
1164556494.893677 3.250647e+00
1164556494.893799 3.942750e+00
1164556494.893921 3.794095e+00
1164556494.894043 2.760812e+00
1164556494.894165 8.655013e-01
1164556494.894287 -1.179895e+00
1164556494.894409 -2.795126e+00
1164556494.894531 -3.894229e+00
1164556494.894653 -3.866043e+00
1164556494.894775 -3.219238e+00
1164556494.894897 -1.847041e+00
1164556494.895020 -1.414170e-01
1164556494.895142 1.743307e+00
1164556494.895264 3.315164e+00
1164556494.895386 4.198576e+00
1164556494.895508 4.238342e+00
1164556494.895630 2.849940e+00
1164556494.895752 8.574561e-01
1164556494.895874 -1.272313e+00
1164556494.895996 -2.942096e+00
1164556494.896118 -4.246525e+00
1164556494.896240 -4.490227e+00
1164556494.896362 -3.414383e+00
1164556494.896484 -1.541628e+00
1164556494.896606 9.320369e-01
1164556494.896729 3.152065e+00
1164556494.896851 4.533265e+00
1164556494.896973 4.270644e+00
1164556494.897095 3.094996e+00
1164556494.897217 1.212838e+00
1164556494.897339 -9.956685e-01
1164556494.897461 -2.842379e+00
1164556494.897583 -3.983104e+00
1164556494.897705 -4.073603e+00
1164556494.897827 -3.135708e+00
1164556494.897949 -8.144905e-01
1164556494.898071 1.586684e+00
1164556494.898193 3.231196e+00
1164556494.898315 3.703505e+00
1164556494.898438 3.438878e+00
1164556494.898560 2.279434e+00
1164556494.898682 2.622440e-01
1164556494.898804 -1.676806e+00
1164556494.898926 -3.366351e+00
1164556494.899048 -4.006369e+00
1164556494.899170 -3.615743e+00
1164556494.899292 -1.649648e+00
1164556494.899414 1.006670e+00
1164556494.899536 3.168683e+00
1164556494.899658 4.149205e+00
1164556494.899780 3.692600e+00
1164556494.899902 2.537163e+00
1164556494.900024 3.045612e-01
1164556494.900146 -2.142376e+00
1164556494.900269 -4.168891e+00
1164556494.900391 -4.664741e+00
1164556494.900513 -3.457636e+00
1164556494.900635 -9.021625e-01
1164556494.900757 2.190331e+00
1164556494.900879 4.117166e+00
1164556494.901001 4.529172e+00
1164556494.901123 3.239394e+00
1164556494.901245 9.960102e-01
1164556494.901367 -1.644313e+00
1164556494.901489 -3.434935e+00
1164556494.901611 -4.034736e+00
1164556494.901733 -3.429410e+00
1164556494.901855 -1.256392e+00
1164556494.901978 1.724611e+00
1164556494.902100 4.028801e+00
1164556494.902222 3.977997e+00
1164556494.902344 2.456132e+00
1164556494.902466 -9.141371e-04
1164556494.902588 -2.285166e+00
1164556494.902710 -3.636780e+00
1164556494.902832 -3.420703e+00
1164556494.902954 -1.634007e+00
1164556494.903076 6.375565e-01
1164556494.903198 2.972881e+00
1164556494.903320 3.830906e+00
1164556494.903442 3.222972e+00
1164556494.903564 7.747594e-01
1164556494.903687 -2.471366e+00
1164556494.903809 -4.452598e+00
1164556494.903931 -3.765666e+00
1164556494.904053 -6.023068e-01
1164556494.904175 2.272156e+00
1164556494.904297 3.881553e+00
1164556494.904419 3.115829e+00
1164556494.904541 4.135434e-01
1164556494.904663 -2.614838e+00
1164556494.904785 -3.681860e+00
1164556494.904907 -2.047379e+00
1164556494.905029 7.788892e-01
1164556494.905151 3.405397e+00
1164556494.905273 3.285659e+00
1164556494.905396 1.610593e-01
1164556494.905518 -3.193063e+00
1164556494.905640 -3.072849e+00
1164556494.905762 1.611528e-01
1164556494.905884 3.015800e+00
1164556494.906006 1.954287e+00
1164556494.906128 -2.214141e+00
1164556494.906250 -1.892009e+00
1164556494.906372 1.358777e+00
1164556494.906494 -2.804325e-02
1164556494.906616 1.869832e-01
1164556494.906738 -5.650219e-03
1164556494.906860 7.574269e-01
1164556494.906982 -6.657170e-01
1164556494.907104 -3.954434e-01
1164556494.907227 1.126679e+00
1164556494.907349 -1.499441e+00
1164556494.907471 1.116675e+00
1164556494.907593 1.249758e-01
1164556494.907715 2.041140e-02
1164556494.907837 -6.393836e-02
1164556494.907959 -1.112907e+00
1164556494.908081 7.185873e-01
1164556494.908203 -6.944315e-01
1164556494.908325 8.442971e-01
1164556494.908447 -7.008697e-01
1164556494.908569 3.648809e-02
1164556494.908691 7.333063e-01
1164556494.908813 -2.983738e-01
1164556494.908936 6.232306e-01
1164556494.909058 -3.366052e-01
1164556494.909180 -2.121058e-01
1164556494.909302 6.367406e-02
1164556494.909424 -4.390517e-01
1164556494.909546 8.626840e-01
1164556494.909668 3.020458e-03
1164556494.909790 -4.843695e-01
1164556494.909912 -6.374184e-02
1164556494.910034 -7.694934e-01
1164556494.910156 5.866082e-01
1164556494.910278 1.630753e-01
1164556494.910400 -3.817788e-01
1164556494.910522 4.027334e-01
1164556494.910645 -1.953979e-01
1164556494.910767 4.335943e-01
1164556494.910889 3.229306e-01
1164556494.911011 -3.420055e-01
1164556494.911133 3.186846e-01
1164556494.911255 -5.903037e-01
1164556494.911377 -1.442296e-01
1164556494.911499 5.028451e-01
1164556494.911621 -2.662529e-01
1164556494.911743 2.513228e-01
1164556494.911865 -5.051487e-01
1164556494.911987 -3.392078e-01
1164556494.912109 2.941209e-01
1164556494.912231 -1.020601e-01
1164556494.912354 6.200141e-01
1164556494.912476 -2.500463e-01
1164556494.912598 -1.349287e-01
1164556494.912720 5.690513e-01
1164556494.912842 -1.510798e-01
1164556494.912964 2.143727e-01
1164556494.913086 -2.737400e-01
1164556494.913208 -3.918124e-01
1164556494.913330 1.001683e-01
1164556494.913452 -3.051939e-01
1164556494.913574 4.383172e-01
1164556494.913696 2.852638e-01
1164556494.913818 -3.834335e-01
1164556494.913940 3.863987e-02
1164556494.914062 -4.547235e-01
1164556494.914185 2.337964e-01
1164556494.914307 2.579496e-01
1164556494.914429 -2.691211e-01
1164556494.914551 4.808226e-01
1164556494.914673 -1.044814e-01
1164556494.914795 1.709443e-01
1164556494.914917 1.422996e-01
1164556494.915039 -3.605968e-01
1164556494.915161 1.586135e-03
1164556494.915283 -4.076243e-01
1164556494.915405 -1.832195e-02
1164556494.915527 4.483920e-01
1164556494.915649 -7.739355e-02
1164556494.915771 1.517856e-01
1164556494.915894 -1.134061e-01
1164556494.916016 -4.506538e-01
1164556494.916138 1.351341e-01
1164556494.916260 -4.072087e-02
1164556494.916382 3.656300e-01
1164556494.916504 1.551604e-01
1164556494.916626 -9.562044e-02
1164556494.916748 3.776390e-01
1164556494.916870 -3.778845e-01
1164556494.916992 -1.245770e-01
1164556494.917114 -1.194369e-01
1164556494.917236 -2.383412e-01
1164556494.917358 2.259289e-01
1164556494.917480 2.006147e-02
1164556494.917603 3.294706e-01
1164556494.917725 1.111980e-01
1164556494.917847 -3.828392e-01
1164556494.917969 -6.462314e-02
1164556494.918091 -2.079106e-01
1164556494.918213 -2.244695e-02
1164556494.918335 3.826864e-01
1164556494.918457 -6.028688e-02
1164556494.918579 2.601958e-01
1164556494.918701 1.790756e-02
1164556494.918823 -1.917734e-01
1164556494.918945 7.048807e-02
1164556494.919067 -3.586877e-01
1164556494.919189 3.030187e-01
1164556494.919312 -2.659795e-03
1164556494.919434 -1.005093e-01
1164556494.919556 2.913988e-01
1164556494.919678 -3.247717e-01
1164556494.919800 -1.010236e-01
1164556494.919922 -2.235803e-01
1164556494.920044 -8.053510e-02
1164556494.920166 3.054984e-01
1164556494.920288 9.896534e-02
1164556494.920410 3.659732e-01
1164556494.920532 1.379663e-01
1164556494.920654 -1.671685e-01
1164556494.920776 1.467868e-02
1164556494.920898 -3.509322e-01
1164556494.921021 -1.697235e-01
1164556494.921143 7.905476e-02
1164556494.921265 3.460633e-02
1164556494.921387 2.601496e-01
1164556494.921509 -2.016401e-01
1164556494.921631 -3.393951e-03
1164556494.921753 -5.282787e-02
1164556494.921875 -2.376285e-01
1164556494.921997 2.411878e-01
1164556494.922119 2.974149e-02
1164556494.922241 2.628937e-01
1164556494.922363 1.026444e-01
1164556494.922485 -1.127860e-01
1164556494.922607 8.460772e-02
1164556494.922729 -2.492410e-01
1164556494.922852 -9.566704e-02
1164556494.922974 -1.067098e-01
1164556494.923096 -3.799373e-02
1164556494.923218 2.777242e-01
1164556494.923340 3.331970e-02
1164556494.923462 2.634181e-02
1164556494.923584 -9.426451e-02
1164556494.923706 -2.044453e-01
1164556494.923828 9.252150e-02
1164556494.923950 -6.739834e-02
1164556494.924072 1.384803e-01
1164556494.924194 8.001768e-02
1164556494.924316 -7.303866e-02
1164556494.924438 1.980479e-01
1164556494.924561 -1.259456e-01
1164556494.924683 1.168233e-01
1164556494.924805 -1.983714e-02
1164556494.924927 -1.840592e-01
1164556494.925049 4.423819e-02
1164556494.925171 -1.689653e-01
1164556494.925293 2.024939e-01
1164556494.925415 -4.777860e-02
1164556494.925537 -1.240834e-01
1164556494.925659 5.698109e-03
1164556494.925781 -1.724489e-01
1164556494.925903 2.038905e-01
1164556494.926025 9.117205e-02
1164556494.926147 1.102433e-01
1164556494.926270 9.066772e-02
1164556494.926392 -8.233060e-02
1164556494.926514 1.138605e-01
1164556494.926636 -9.225517e-02
1164556494.926758 -3.794771e-02
1164556494.926880 -9.953150e-02
1164556494.927002 -2.721083e-01
1164556494.927124 3.198894e-02
1164556494.927246 2.159722e-02
1164556494.927368 2.165549e-01
1164556494.927490 1.012653e-01
1164556494.927612 -1.100586e-01
1164556494.927734 6.522640e-02
1164556494.927856 -1.814025e-01
1164556494.927979 1.359767e-01
1164556494.928101 7.846153e-02
1164556494.928223 -6.283566e-02
1164556494.928345 6.452675e-02
1164556494.928467 -1.353733e-01
1164556494.928589 1.867627e-01
1164556494.928711 -7.407107e-02
1164556494.928833 -9.129110e-02
1164556494.928955 8.368259e-03
1164556494.929077 -1.462404e-01
1164556494.929199 1.516496e-01
1164556494.929321 -2.373524e-02
1164556494.929443 1.105803e-01
1164556494.929565 -5.820104e-02
1164556494.929688 -2.393754e-01
1164556494.929810 7.939108e-03
1164556494.929932 2.955444e-03
1164556494.930054 2.876335e-01
1164556494.930176 1.278410e-01
1164556494.930298 4.762312e-02
1164556494.930420 3.263804e-02
1164556494.930542 -2.019789e-01
1164556494.930664 -2.262951e-02
1164556494.930786 -1.815272e-01
1164556494.930908 -6.593299e-02
1164556494.931030 1.440470e-02
1164556494.931152 1.177594e-02
1164556494.931274 2.198698e-01
1164556494.931396 -6.830620e-02
1164556494.931519 7.382429e-03
1164556494.931641 -9.349419e-02
1164556494.931763 -1.249109e-01
1164556494.931885 1.375272e-01
1164556494.932007 1.210119e-01
1164556494.932129 3.225383e-01
1164556494.932251 -6.550843e-03
1164556494.932373 -1.457288e-01
1164556494.932495 -1.290775e-01
1164556494.932617 -2.328844e-01
1164556494.932739 -6.379624e-02
1164556494.932861 -1.140758e-01
1164556494.932983 1.268479e-01
1164556494.933105 1.671861e-01
1164556494.933228 8.574400e-02
1164556494.933350 1.045907e-01
1164556494.933472 -9.386545e-02
1164556494.933594 -4.128845e-02
1164556494.933716 -1.461387e-01
1164556494.933838 9.899009e-03
1164556494.933960 1.712958e-01
1164556494.934082 9.095723e-02
1164556494.934204 1.305205e-01
1164556494.934326 -1.055763e-01
1164556494.934448 -1.237991e-01
1164556494.934570 -2.136016e-01
1164556494.934692 -1.306088e-01
1164556494.934814 1.201948e-01
1164556494.934937 2.972024e-02
1164556494.935059 1.947469e-01
1164556494.935181 8.566873e-02
1164556494.935303 3.337681e-02
1164556494.935425 -8.793133e-02
1164556494.935547 -2.013184e-01
1164556494.935669 3.598348e-02
1164556494.935791 -5.419851e-02
1164556494.935913 1.103091e-01
1164556494.936035 1.552038e-01
1164556494.936157 7.987021e-02
1164556494.936279 4.427908e-03
1164556494.936401 -2.166188e-01
1164556494.936523 -5.518839e-02
1164556494.936646 -9.843729e-02
1164556494.936768 -1.723352e-02
1164556494.936890 1.068475e-01
1164556494.937012 6.588946e-02
1164556494.937134 1.058619e-01
1164556494.937256 -4.232492e-02
1164556494.937378 -3.311008e-02
1164556494.937500 -7.465211e-02
1164556494.937622 -7.510220e-02
1164556494.937744 7.004630e-02
1164556494.937866 3.475744e-02
1164556494.937988 1.048695e-01
1164556494.938110 3.557436e-02
1164556494.938232 -6.387662e-03
1164556494.938354 -3.400504e-03
1164556494.938477 -8.831908e-02
1164556494.938599 -3.789053e-02
1164556494.938721 -9.234182e-02
1164556494.938843 -4.713204e-03
1164556494.938965 2.004448e-02
1164556494.939087 -5.601069e-03
1164556494.939209 7.308661e-02
1164556494.939331 -3.018227e-02
1164556494.939453 3.808058e-02
1164556494.939575 4.123825e-03
1164556494.939697 6.242520e-02
1164556494.939819 8.479754e-02
1164556494.939941 -2.375887e-02
1164556494.940063 3.454581e-02
1164556494.940186 -7.732454e-02
1164556494.940308 -4.822064e-02
1164556494.940430 -5.324051e-02
1164556494.940552 -5.769662e-02
1164556494.940674 -3.013452e-02
1164556494.940796 -7.873362e-02
1164556494.940918 8.812035e-02
1164556494.941040 8.764736e-02
1164556494.941162 7.692434e-02
1164556494.941284 1.709435e-02
1164556494.941406 -2.389752e-02
1164556494.941528 -3.136842e-03
1164556494.941650 -5.316971e-02
1164556494.941772 2.149531e-02
1164556494.941895 2.851740e-02
1164556494.942017 3.344892e-02
1164556494.942139 2.791431e-02
1164556494.942261 -2.939128e-02
1164556494.942383 -3.649980e-02
1164556494.942505 -8.548498e-02
1164556494.942627 -8.672633e-02
1164556494.942749 -6.676948e-02
1164556494.942871 -5.458786e-03
1164556494.942993 1.288497e-01
1164556494.943115 1.336100e-01
1164556494.943237 8.179563e-02
1164556494.943359 1.781327e-03
1164556494.943481 -8.333501e-02
1164556494.943604 -5.348567e-02
1164556494.943726 -3.541774e-02
1164556494.943848 5.312081e-02
1164556494.943970 5.642448e-02
1164556494.944092 5.301196e-02
1164556494.944214 -3.421465e-03
1164556494.944336 -1.081469e-01
1164556494.944458 -1.033757e-01
1164556494.944580 -1.331517e-01
1164556494.944702 -4.407053e-02
1164556494.944824 1.699933e-02
1164556494.944946 1.424915e-01
1164556494.945068 2.325883e-01
1164556494.945190 1.216436e-01
1164556494.945312 4.807971e-03
1164556494.945435 -1.348003e-01
1164556494.945557 -8.745338e-02
1164556494.945679 -7.366528e-02
1164556494.945801 -2.167411e-02
1164556494.945923 5.365878e-02
1164556494.946045 2.309036e-02
1164556494.946167 -1.379591e-03
1164556494.946289 -8.019178e-02
1164556494.946411 -5.418753e-02
1164556494.946533 -1.964329e-02
1164556494.946655 9.094754e-03
1164556494.946777 9.660800e-02
1164556494.946899 1.126546e-01
1164556494.947021 1.005251e-01
1164556494.947144 1.428528e-02
1164556494.947266 -7.505192e-02
1164556494.947388 -1.279264e-01
1164556494.947510 -1.292028e-01
1164556494.947632 -6.947993e-04
1164556494.947754 9.056069e-02
1164556494.947876 7.501543e-02
1164556494.947998 6.307653e-02
1164556494.948120 1.344854e-02
1164556494.948242 -1.994946e-02
1164556494.948364 -9.832546e-02
1164556494.948486 -9.595412e-02
1164556494.948608 -2.674142e-02
1164556494.948730 4.986660e-03
1164556494.948853 8.419052e-02
1164556494.948975 7.427430e-02
1164556494.949097 6.862201e-02
1164556494.949219 2.046959e-02
1164556494.949341 -4.647362e-02
1164556494.949463 -1.973728e-02
1164556494.949585 -3.107111e-02
1164556494.949707 8.245386e-03
1164556494.949829 1.877104e-03
1164556494.949951 -2.241248e-02
1164556494.950073 -4.372580e-02
1164556494.950195 -4.618384e-02
1164556494.950317 -1.180017e-02
1164556494.950439 -5.237705e-03
1164556494.950562 4.046223e-02
1164556494.950684 7.631872e-02
1164556494.950806 7.141664e-02
1164556494.950928 3.535880e-02
1164556494.951050 -2.511191e-02
1164556494.951172 -7.255768e-02
1164556494.951294 -6.152646e-02
1164556494.951416 -2.110176e-02
1164556494.951538 -1.618323e-03
1164556494.951660 3.439086e-02
1164556494.951782 4.641152e-02
1164556494.951904 4.659388e-02
1164556494.952026 3.106486e-03
1164556494.952148 -1.223714e-02
1164556494.952271 -2.212225e-02
1164556494.952393 -5.984579e-02
1164556494.952515 -5.949510e-02
1164556494.952637 -5.274343e-02
1164556494.952759 -3.412935e-03
1164556494.952881 5.474262e-02
1164556494.953003 8.209683e-02
1164556494.953125 6.460318e-02
1164556494.953247 3.758927e-02
1164556494.953369 4.957203e-02
1164556494.953491 2.845987e-02
1164556494.953613 -3.954870e-02
1164556494.953735 -1.037525e-01
1164556494.953857 -8.609943e-02
1164556494.953979 -5.878450e-02
1164556494.954102 -1.979106e-02
1164556494.954224 3.419868e-03
1164556494.954346 1.319358e-02
1164556494.954468 1.700308e-02
1164556494.954590 2.440697e-02
1164556494.954712 6.544233e-02
1164556494.954834 9.490140e-02
1164556494.954956 9.433148e-02
1164556494.955078 3.205715e-02
1164556494.955200 -5.438988e-02
1164556494.955322 -8.747065e-02
1164556494.955444 -7.411618e-02
1164556494.955566 -7.169159e-02
1164556494.955688 -7.944059e-02
1164556494.955811 -2.892816e-02
1164556494.955933 3.331735e-02
1164556494.956055 8.868710e-02
1164556494.956177 1.048241e-01
1164556494.956299 6.448633e-02
1164556494.956421 -1.643606e-02
1164556494.956543 -6.509197e-02
1164556494.956665 -5.381410e-02
1164556494.956787 1.160857e-02
1164556494.956909 5.023985e-02
1164556494.957031 4.733735e-02
1164556494.957153 -2.068716e-02
1164556494.957275 -5.967079e-02
1164556494.957397 -4.449304e-02
1164556494.957520 -2.529192e-02
1164556494.957642 6.824996e-03
1164556494.957764 1.641908e-02
1164556494.957886 4.113542e-02
1164556494.958008 3.738009e-02
1164556494.958130 9.865323e-03
1164556494.958252 -1.196043e-02
1164556494.958374 -4.780621e-02
1164556494.958496 -3.817535e-02
1164556494.958618 -1.417265e-02
1164556494.958740 4.009584e-02
1164556494.958862 7.650988e-02
1164556494.958984 5.471727e-02
1164556494.959106 -1.346678e-02
1164556494.959229 -7.009114e-02
1164556494.959351 -7.404434e-02
1164556494.959473 -1.443136e-02
1164556494.959595 2.515849e-02
1164556494.959717 4.548766e-02
1164556494.959839 2.742090e-02
1164556494.959961 8.217672e-03
1164556494.960083 -2.336940e-03
1164556494.960205 -3.066167e-02
1164556494.960327 -3.036732e-02
1164556494.960449 -3.803814e-02
1164556494.960571 -1.840468e-02
1164556494.960693 1.588534e-02
1164556494.960815 5.765092e-02
1164556494.960938 7.584490e-02
1164556494.961060 1.404152e-02
1164556494.961182 -3.418110e-02
1164556494.961304 -3.852427e-02
1164556494.961426 1.759278e-02
1164556494.961548 4.044633e-02
1164556494.961670 2.307763e-02
1164556494.961792 -3.134247e-02
1164556494.961914 -8.453932e-02
1164556494.962036 -1.003447e-01
1164556494.962158 -5.732650e-02
1164556494.962280 1.755529e-02
1164556494.962402 5.489558e-02
1164556494.962524 8.362202e-02
1164556494.962646 8.358857e-02
1164556494.962769 7.188633e-02
1164556494.962891 5.287723e-02
1164556494.963013 4.493726e-03
1164556494.963135 -4.503969e-02
1164556494.963257 -8.698829e-02
1164556494.963379 -8.034218e-02
1164556494.963501 -5.723646e-02
1164556494.963623 -2.845301e-02
1164556494.963745 -2.690280e-02
1164556494.963867 -2.353095e-03
1164556494.963989 2.405277e-02
1164556494.964111 5.646073e-02
1164556494.964233 5.438167e-02
1164556494.964355 4.843077e-02
1164556494.964478 7.194922e-02
1164556494.964600 3.840791e-02
1164556494.964722 4.261088e-03
1164556494.964844 -4.074652e-02
1164556494.964966 -4.340161e-02
1164556494.965088 -6.006906e-02
1164556494.965210 -7.900806e-02
1164556494.965332 -4.553108e-02
1164556494.965454 -2.434118e-02
1164556494.965576 1.725951e-02
1164556494.965698 1.235137e-02
1164556494.965820 5.050718e-02
1164556494.965942 5.029676e-02
1164556494.966064 5.715253e-02
1164556494.966187 6.318417e-02
1164556494.966309 2.571060e-02
1164556494.966431 -9.359337e-03
1164556494.966553 -7.594475e-02
1164556494.966675 -5.835251e-02
1164556494.966797 -4.031007e-02
1164556494.966919 -2.120548e-02
1164556494.967041 1.937132e-03
1164556494.967163 1.100625e-02
1164556494.967285 2.713697e-02
1164556494.967407 1.050498e-02
1164556494.967529 2.228968e-02
1164556494.967651 1.354264e-02
1164556494.967773 7.962344e-03
1164556494.967896 -4.287421e-03
1164556494.968018 -5.280451e-03
1164556494.968140 -2.286003e-02
1164556494.968262 -3.085367e-02
1164556494.968384 -1.836970e-02
1164556494.968506 8.342734e-03
1164556494.968628 5.284159e-02
1164556494.968750 5.687528e-02
1164556494.968872 3.544872e-02
1164556494.968994 -5.189219e-03
1164556494.969116 -3.833266e-02
1164556494.969238 -5.782837e-02
1164556494.969360 -6.454947e-02
1164556494.969482 -3.531352e-02
1164556494.969604 -2.181376e-02
1164556494.969727 1.888829e-02
1164556494.969849 6.353696e-02
1164556494.969971 7.365514e-02
1164556494.970093 4.113686e-02
1164556494.970215 3.846511e-03
1164556494.970337 -4.537918e-03
1164556494.970459 -1.929452e-02
1164556494.970581 -3.274727e-02
1164556494.970703 -1.645745e-02
1164556494.970825 -5.742331e-03
1164556494.970947 -1.222982e-02
1164556494.971069 -1.110306e-02
1164556494.971191 2.354103e-03
1164556494.971313 -3.652411e-03
1164556494.971436 -2.497586e-02
1164556494.971558 -2.438082e-02
1164556494.971680 2.107503e-02
1164556494.971802 4.778230e-02
1164556494.971924 5.551572e-02
1164556494.972046 2.614603e-02
1164556494.972168 -1.166087e-02
1164556494.972290 -3.467980e-02
1164556494.972412 -3.326527e-02
1164556494.972534 -8.362888e-03
1164556494.972656 2.174071e-02
1164556494.972778 1.617835e-02
1164556494.972900 -9.006918e-03
1164556494.973022 -3.667187e-02
1164556494.973145 -3.356530e-02
1164556494.973267 -3.298403e-03
1164556494.973389 1.902139e-02
1164556494.973511 2.854183e-02
1164556494.973633 2.260866e-02
1164556494.973755 5.045435e-03
1164556494.973877 1.418761e-02
1164556494.973999 -9.018331e-03
1164556494.974121 -2.170233e-02
1164556494.974243 -2.449043e-02
1164556494.974365 -1.969976e-03
1164556494.974487 3.056186e-02
1164556494.974609 3.281988e-02
1164556494.974731 2.964326e-02
1164556494.974854 -3.845527e-03
1164556494.974976 -5.170157e-02
1164556494.975098 -6.506817e-02
1164556494.975220 -4.006575e-02
1164556494.975342 1.468518e-02
1164556494.975464 3.214249e-02
1164556494.975586 4.145421e-02
1164556494.975708 3.378760e-02
1164556494.975830 2.210005e-02
1164556494.975952 -7.643666e-03
1164556494.976074 -2.122346e-02
1164556494.976196 -1.852335e-02
1164556494.976318 -1.590445e-02
1164556494.976440 -6.763857e-03
1164556494.976562 1.687563e-02
1164556494.976685 1.745137e-02
1164556494.976807 1.149162e-03
1164556494.976929 -1.206996e-02
1164556494.977051 -3.909979e-03
1164556494.977173 -1.068763e-04
1164556494.977295 1.440386e-03
1164556494.977417 2.214352e-03
1164556494.977539 -2.033363e-02
1164556494.977661 -3.230360e-02
1164556494.977783 -1.674232e-02
1164556494.977905 3.811276e-03
1164556494.978027 2.880487e-02
1164556494.978149 3.736348e-02
1164556494.978271 5.462525e-02
1164556494.978394 3.577617e-02
1164556494.978516 1.481553e-02
1164556494.978638 -1.829601e-02
1164556494.978760 -4.184632e-02
1164556494.978882 -5.067453e-02
1164556494.979004 -6.294221e-02
1164556494.979126 -4.717247e-02
1164556494.979248 -1.630269e-02
1164556494.979370 7.216492e-03
1164556494.979492 3.170734e-02
1164556494.979614 5.465398e-02
1164556494.979736 8.474874e-02
1164556494.979858 6.908923e-02
1164556494.979980 2.973634e-02
1164556494.980103 -1.585791e-02
1164556494.980225 -6.066770e-02
1164556494.980347 -7.072065e-02
1164556494.980469 -5.395067e-02
1164556494.980591 -3.138874e-02
1164556494.980713 5.610484e-04
1164556494.980835 3.390038e-03
1164556494.980957 1.522535e-02
1164556494.981079 2.523910e-02
1164556494.981201 4.235496e-02
1164556494.981323 3.036913e-02
1164556494.981445 2.090766e-02
1164556494.981567 1.330705e-02
1164556494.981689 -7.346799e-03
1164556494.981812 -2.954817e-02
1164556494.981934 -3.514673e-02
1164556494.982056 -3.664395e-02
1164556494.982178 -3.233424e-02
1164556494.982300 6.270998e-03
1164556494.982422 4.546574e-02
1164556494.982544 4.806609e-02
1164556494.982666 2.917150e-02
1164556494.982788 2.753604e-03
1164556494.982910 -1.775642e-02
1164556494.983032 -3.094333e-02
1164556494.983154 -2.192349e-02
1164556494.983276 -2.973559e-02
1164556494.983398 -2.552621e-02
1164556494.983521 -8.053479e-03
1164556494.983643 2.301973e-02
1164556494.983765 3.810414e-02
1164556494.983887 3.176571e-02
1164556494.984009 1.422620e-02
1164556494.984131 1.044772e-02
1164556494.984253 1.870095e-02
1164556494.984375 2.924996e-02
1164556494.984497 -4.156361e-04
1164556494.984619 -3.865997e-02
1164556494.984741 -7.098957e-02
1164556494.984863 -7.268472e-02
1164556494.984985 -4.270657e-02
1164556494.985107 3.986811e-06
1164556494.985229 4.464882e-02
1164556494.985352 5.974008e-02
1164556494.985474 5.505941e-02
1164556494.985596 5.346481e-02
1164556494.985718 2.770387e-02
1164556494.985840 6.448327e-03
1164556494.985962 -3.771959e-02
1164556494.986084 -5.169131e-02
1164556494.986206 -5.033962e-02
1164556494.986328 -9.277331e-03
1164556494.986450 1.234236e-02
1164556494.986572 -8.486082e-03
1164556494.986694 -2.037097e-02
1164556494.986816 -1.636828e-02
1164556494.986938 1.736010e-02
1164556494.987061 2.729856e-02
1164556494.987183 2.901282e-02
1164556494.987305 3.184743e-02
1164556494.987427 1.490534e-02
1164556494.987549 1.558058e-02
1164556494.987671 -1.145005e-02
1164556494.987793 -2.045821e-02
1164556494.987915 -4.334950e-02
1164556494.988037 -3.984610e-02
1164556494.988159 -1.054049e-02
1164556494.988281 1.297669e-02
1164556494.988403 4.031286e-02
1164556494.988525 4.156758e-02
1164556494.988647 1.148862e-02
1164556494.988770 -2.333415e-02
1164556494.988892 -3.406887e-02
1164556494.989014 -1.420193e-02
1164556494.989136 -6.053607e-03
1164556494.989258 -7.800770e-03
1164556494.989380 -9.634486e-04
1164556494.989502 1.715967e-02
1164556494.989624 2.536031e-02
1164556494.989746 3.512999e-02
1164556494.989868 1.457481e-02
1164556494.989990 -2.449235e-03
1164556494.990112 -2.907262e-02
1164556494.990234 -1.430935e-02
1164556494.990356 1.115517e-02
1164556494.990479 1.989274e-02
