# WAT Version : 6.3.0.0 - GIT Revision : 96ad788623c4de9d20a6c6a8795c09baa7043d66 - Tag/Branch : cWB-6.3.0 
# trigger 2 in lag 0 for 
nevent:     1
ndim:       3
run:        1
name:       ../waveform/t_hplus_APR4_q09.txt
rho:        5.398473
netCC:      0.897603
netED:      -0.014969
penalty:    0.940341
gnet:       0.523092
anet:       0.198341
inet:       0.000000
likelihood: 1.015610e+02
ecor:       9.683094e+01
ECOR:       5.828703e+01
factor:     2.000000
range:      0.000000
mchirp:     0.000000
norm:       2.266441
usize:      0
ifo:        L1 H1 V1 
eventID:    2 0 
rho:        5.398473 4.267731 
type:       1 1 
rate:       0 0 0 
volume:     78 10 0 
size:       10 10 0 
lag:        0.000000 0.000000 0.000000 
slag:       0.000000 0.000000 0.000000 
phi:        287.171051 315.072632 235.796387 314.648438 
theta:      28.056164 75.710701 61.943836 81.010704 
psi:        0.000000 179.116806 
iota:       0.000000 -0.956404 
bp:          0.8277 -0.8666  0.1349 
inj_bp:      0.7174 -0.3404 -0.5424 
bx:         -0.1171 -0.0824  0.6456 
inj_bx:      0.0615 -0.1607  0.2146 
chirp:      0.000000 -0.200000 0.043851 0.983973 1.000000 0.645484 
range:      0.000000 10.342900 
Deff:       0.000000 0.000000 0.000000 
mass:       0.000000 0.000000 
spin:       0.000000 0.000000 0.000000 0.000000 0.000000 0.000000 
eBBH:       0.000000 0.000000 0.000000 0.000000 
null:       2.329627e+00 4.667924e+00 9.574883e-01 
strain:     1.407403e-22 3.441971e-22 
hrss:       1.042538e-22 5.570412e-23 7.639382e-23 
inj_hrss:   2.351029e-22 1.115326e-22 1.777484e-22 
noise:      1.680584e-23 1.687529e-23 1.059444e-23 
segment:    1164556000.0000 1164556810.0000 1164556000.0000 1164556810.0000 1164556000.0000 1164556810.0000 
start:      1164556494.9062 1164556494.9062 1164556494.9062 
time:       1164556494.9111 1164556494.9105 1164556494.9151 
stop:       1164556494.9238 1164556494.9238 1164556494.9238 
inj_time:   1164556494.9003 1164556494.9078 1164556494.9033 
left:       494.906250 494.906250 494.906250 
right:      315.076172 315.076172 315.076172 
duration:   0.005394 0.017578 
frequency:  3357.981201 3331.331299 
low:        3136.000000 
high:       3712.000000 
bandwidth:  140.998260 576.000000 
snr:        4.544442e+01 2.474449e+01 5.079231e+01 
xSNR:       4.230527e+01 1.675841e+01 5.081030e+01 
sSNR:       3.938296e+01 1.134977e+01 5.082830e+01 
iSNR:       2050.650146 455.026184 1397.805176 
oSNR:       39.382957 11.349771 50.828300 
ioSNR:      27.998047 5.810296 40.818974 
netcc:      0.897603 0.897603 0.937161 0.936212 
neted:      -1.449497 22.846851 120.981232 108.719116 137.098434 
erA:         2.631  0.458  0.916  1.374  1.774  2.197  2.748  3.428  4.297  5.848 102.276 
sky_res:    0.458065
map_lenght: 724
#skyID  theta   DEC     step   phi     R.A    step  probability    cumulative
 11642   28.1   61.9    0.35  287.2  235.8    1.18  6.742203e-02  6.742203e-02
 11643   28.1   61.9    0.35  288.4  237.0    1.18  4.747474e-02  1.148968e-01
 11341   27.7   62.3    0.35  289.8  238.4    1.20  3.113823e-02  1.460350e-01
 13881   30.7   59.3    0.35  292.2  240.9    1.08  2.973453e-02  1.757695e-01
 13552   30.3   59.7    0.35  294.7  243.3    1.10  2.866546e-02  2.044350e-01
 11340   27.7   62.3    0.35  288.6  237.2    1.20  2.583826e-02  2.302733e-01
 10173   26.2   63.8    0.35  296.0  244.6    1.27  2.419130e-02  2.544646e-01
  9600   25.4   64.6    0.35  282.4  231.0    1.30  2.259288e-02  2.770574e-01
176166  142.4  -52.4    0.35  144.8   93.4    0.89  1.999020e-02  2.970476e-01
  8270   23.6   66.4    0.35  290.4  239.0    1.41  1.875892e-02  3.158066e-01
 83135   81.0    9.0    0.35  314.6  263.3    0.70  1.853683e-02  3.343434e-01
 74431   75.8   14.2    0.35  314.3  262.9    0.70  1.612352e-02  3.504669e-01
 11037   27.3   62.7    0.35  284.0  232.6    1.22  1.569687e-02  3.661638e-01
  9884   25.8   64.2    0.35  288.6  237.3    1.29  1.489520e-02  3.810590e-01
 10166   26.2   63.8    0.35  287.1  235.7    1.27  1.443702e-02  3.954960e-01
 15598   32.6   57.4    0.35  293.0  241.6    1.02  1.411663e-02  4.096126e-01
 13551   30.3   59.7    0.35  293.6  242.2    1.10  1.397760e-02  4.235902e-01
  8016   23.2   66.8    0.35  292.1  240.8    1.43  1.340919e-02  4.369994e-01
179633  145.9  -55.9    0.35  134.5   83.1    0.98  1.291624e-02  4.499157e-01
 63164   68.9   21.1    0.35  312.2  260.8    0.70  1.284498e-02  4.627606e-01
 11954   28.4   61.6    0.35  292.8  241.4    1.17  1.210719e-02  4.748678e-01
 44726   56.8   33.2    0.35  308.0  256.6    0.70  9.833960e-03  4.847018e-01
181437  147.8  -57.8    0.35  146.4   95.0    1.03  9.627523e-03  4.943293e-01
 11335   27.7   62.3    0.35  282.6  231.2    1.20  9.018867e-03  5.033482e-01
  8264   23.6   66.4    0.35  282.0  230.6    1.41  8.796827e-03  5.121450e-01
 70844   73.7   16.3    0.35  312.5  261.2    0.70  8.779402e-03  5.209244e-01
178140  144.3  -54.3    0.35  146.7   95.3    0.94  8.151977e-03  5.290764e-01
 37044   51.3   38.7    0.35  306.9  255.5    0.70  8.149528e-03  5.372259e-01
 13882   30.7   59.3    0.35  293.3  241.9    1.08  8.108379e-03  5.453343e-01
174519  140.9  -50.9    0.35  147.0   95.6    0.86  7.928984e-03  5.532633e-01
187060  154.6  -64.6    0.35  146.7   95.4    1.30  7.759670e-03  5.610229e-01
178134  144.3  -54.3    0.35  141.1   89.7    0.94  7.259132e-03  5.682821e-01
 74432   75.8   14.2    0.35  315.0  263.6    0.70  7.201912e-03  5.754840e-01
178129  144.3  -54.3    0.35  136.4   85.0    0.94  7.044948e-03  5.825289e-01
178135  144.3  -54.3    0.35  142.0   90.7    0.94  6.445717e-03  5.889747e-01
184410  151.2  -61.2    0.35  146.0   94.6    1.15  6.419944e-03  5.953946e-01
 39094   52.8   37.2    0.35  308.3  256.9    0.70  6.416308e-03  6.018109e-01
176156  142.4  -52.4    0.35  135.9   84.5    0.89  6.372195e-03  6.081831e-01
 44725   56.8   33.2    0.35  307.3  255.9    0.70  6.312931e-03  6.144960e-01
  9878   25.8   64.2    0.35  280.9  229.6    1.29  6.256762e-03  6.207528e-01
 12265   28.8   61.2    0.35  292.5  241.1    1.15  5.717009e-03  6.264698e-01
  9891   25.8   64.2    0.35  297.6  246.3    1.29  5.625192e-03  6.320950e-01
176167  142.4  -52.4    0.35  145.7   94.3    0.89  5.541647e-03  6.376366e-01
180003  146.3  -56.3    0.35  138.0   86.6    0.99  5.495785e-03  6.431324e-01
 13213   29.9   60.1    0.35  281.7  230.3    1.11  5.293180e-03  6.484256e-01
 13219   29.9   60.1    0.35  288.3  237.0    1.11  5.140370e-03  6.535660e-01
  8010   23.2   66.8    0.35  283.6  232.2    1.43  5.034697e-03  6.586007e-01
181432  147.8  -57.8    0.35  141.2   89.8    1.03  4.966814e-03  6.635675e-01
  6799   21.3   68.7    0.35  290.9  239.6    1.55  4.891921e-03  6.684594e-01
 83136   81.0    9.0    0.35  315.4  264.0    0.70  4.613381e-03  6.730728e-01
180009  146.3  -56.3    0.35  143.9   92.5    0.99  4.565294e-03  6.776381e-01
 46269   57.9   32.1    0.35  313.2  261.9    0.70  4.517846e-03  6.821559e-01
176157  142.4  -52.4    0.35  136.8   85.4    0.89  4.233339e-03  6.863893e-01
178130  144.3  -54.3    0.35  137.3   86.0    0.94  4.185547e-03  6.905748e-01
  8017   23.2   66.8    0.35  293.6  242.2    1.43  4.153869e-03  6.947287e-01
  8009   23.2   66.8    0.35  282.1  230.8    1.43  4.083471e-03  6.988122e-01
  9606   25.4   64.6    0.35  290.2  238.8    1.30  4.055885e-03  7.028680e-01
177740  144.0  -54.0    0.35  134.1   82.7    0.93  4.044102e-03  7.069121e-01
184412  151.2  -61.2    0.35  148.3   96.9    1.15  3.978465e-03  7.108906e-01
 70846   73.7   16.3    0.35  313.9  262.6    0.70  3.800178e-03  7.146908e-01
 63163   68.9   21.1    0.35  311.5  260.1    0.70  3.782116e-03  7.184729e-01
181427  147.8  -57.8    0.35  136.0   84.7    1.03  3.760822e-03  7.222337e-01
  6563   20.9   69.1    0.35  283.4  232.0    1.58  3.715940e-03  7.259497e-01
 12891   29.6   60.4    0.35  282.9  231.6    1.12  3.705296e-03  7.296550e-01
 46777   58.3   31.7    0.35  310.1  258.7    0.70  3.664305e-03  7.333193e-01
182799  149.3  -59.3    0.35  146.9   95.6    1.08  3.585586e-03  7.369049e-01
  9892   25.8   64.2    0.35  298.9  247.6    1.29  3.516539e-03  7.404214e-01
181436  147.8  -57.8    0.35  145.3   94.0    1.03  3.403167e-03  7.438246e-01
179643  145.9  -55.9    0.35  144.3   92.9    0.98  3.359004e-03  7.471836e-01
184254  150.8  -60.8    0.35  326.4  275.0    1.14  3.352240e-03  7.505358e-01
184411  151.2  -61.2    0.35  147.1   95.7    1.15  3.128643e-03  7.536644e-01
174509  140.9  -50.9    0.35  138.4   87.1    0.86  3.111302e-03  7.567757e-01
 35013   49.8   40.2    0.35  318.9  267.5    0.70  3.091022e-03  7.598668e-01
 14215   31.1   58.9    0.35  290.9  239.5    1.07  3.078429e-03  7.629452e-01
  9327   25.1   64.9    0.35  285.2  233.8    1.32  2.899913e-03  7.658451e-01
 17421   34.5   55.5    0.35  299.5  248.1    0.97  2.870305e-03  7.687154e-01
 55485   64.1   25.9    0.35  313.2  261.9    0.70  2.828588e-03  7.715440e-01
 70845   73.7   16.3    0.35  313.2  261.9    0.70  2.798344e-03  7.743423e-01
 79549   78.9   11.1    0.35  312.9  261.5    0.70  2.682596e-03  7.770249e-01
182793  149.3  -59.3    0.35  140.4   89.0    1.08  2.667470e-03  7.796924e-01
181431  147.8  -57.8    0.35  140.2   88.8    1.03  2.651942e-03  7.823444e-01
 79550   78.9   11.1    0.35  313.6  262.2    0.70  2.536390e-03  7.848807e-01
 15248   32.2   57.8    0.35  294.3  242.9    1.03  2.499263e-03  7.873800e-01
 70843   73.7   16.3    0.35  311.8  260.5    0.70  2.442208e-03  7.898222e-01
 46776   58.3   31.7    0.35  309.4  258.0    0.70  2.425865e-03  7.922481e-01
  8528   23.9   66.1    0.35  288.7  237.3    1.38  2.404043e-03  7.946521e-01
  7760   22.8   67.2    0.35  285.2  233.9    1.45  2.361628e-03  7.970138e-01
179642  145.9  -55.9    0.35  143.3   91.9    0.98  2.282105e-03  7.992959e-01
 15241   32.2   57.8    0.35  287.1  235.7    1.03  2.201656e-03  8.014975e-01
 83137   81.0    9.0    0.35  316.1  264.7    0.70  2.018275e-03  8.035158e-01
182791  149.3  -59.3    0.35  138.3   86.9    1.08  1.996981e-03  8.055128e-01
 56505   64.7   25.3    0.35  310.4  259.1    0.70  1.985773e-03  8.074985e-01
 78018   78.0   12.0    0.35  316.8  265.4    0.70  1.967122e-03  8.094657e-01
179644  145.9  -55.9    0.35  145.3   93.9    0.98  1.954746e-03  8.114204e-01
 11955   28.4   61.6    0.35  294.0  242.6    1.17  1.929203e-03  8.133496e-01
 12264   28.8   61.2    0.35  291.3  240.0    1.15  1.904515e-03  8.152541e-01
 55486   64.1   25.9    0.35  313.9  262.6    0.70  1.903925e-03  8.171581e-01
179637  145.9  -55.9    0.35  138.4   87.0    0.98  1.856585e-03  8.190146e-01
 11649   28.1   61.9    0.35  295.5  244.1    1.18  1.847132e-03  8.208618e-01
178141  144.3  -54.3    0.35  147.7   96.3    0.94  1.819514e-03  8.226813e-01
 15591   32.6   57.4    0.35  285.9  234.5    1.02  1.791653e-03  8.244729e-01
181430  147.8  -57.8    0.35  139.1   87.8    1.03  1.789254e-03  8.262622e-01
179638  145.9  -55.9    0.35  139.4   88.0    0.98  1.736953e-03  8.279991e-01
174514  140.9  -50.9    0.35  142.7   91.3    0.86  1.722418e-03  8.297216e-01
 13545   30.3   59.7    0.35  287.0  235.6    1.10  1.696176e-03  8.314177e-01
167999  135.0  -45.0    0.35  323.6  272.3    0.75  1.695950e-03  8.331137e-01
 39093   52.8   37.2    0.35  307.6  256.2    0.70  1.663134e-03  8.347768e-01
172366  138.9  -48.9    0.35  146.0   94.7    0.82  1.650307e-03  8.364271e-01
174083  140.5  -50.5    0.35  135.4   84.0    0.85  1.583904e-03  8.380110e-01
 30446   46.2   43.8    0.35  317.9  266.6    0.73  1.574643e-03  8.395857e-01
  6338   20.6   69.4    0.35  286.9  235.5    1.61  1.531778e-03  8.411175e-01
  4284   16.9   73.1    0.35  282.7  231.3    1.96  1.529837e-03  8.426473e-01
182800  149.3  -59.3    0.35  148.0   96.6    1.08  1.479169e-03  8.441265e-01
 93889   87.3    2.7    0.35  315.7  264.3    0.70  1.475843e-03  8.456023e-01
 49850   60.3   29.7    0.35  310.8  259.4    0.70  1.458593e-03  8.470609e-01
 32454   47.8   42.2    0.35  319.3  267.9    0.71  1.434882e-03  8.484958e-01
 16679   33.7   56.3    0.35  296.2  244.8    0.99  1.405855e-03  8.499016e-01
159435  128.3  -38.3    0.35  322.7  271.4    0.70  1.388461e-03  8.512901e-01
 12897   29.6   60.4    0.35  289.7  238.3    1.12  1.388228e-03  8.526783e-01
  9333   25.1   64.9    0.35  293.2  241.8    1.32  1.382393e-03  8.540607e-01
 43201   55.8   34.2    0.35  316.1  264.7    0.70  1.359765e-03  8.554205e-01
 39603   53.2   36.8    0.35  305.9  254.5    0.70  1.343979e-03  8.567645e-01
 38077   52.1   37.9    0.35  313.2  261.9    0.70  1.339930e-03  8.581044e-01
 16316   33.4   56.6    0.35  296.5  245.1    1.00  1.323986e-03  8.594284e-01
 53431   62.7   27.3    0.35  309.0  257.6    0.70  1.320353e-03  8.607487e-01
 40133   53.6   36.4    0.35  318.9  267.5    0.70  1.276328e-03  8.620251e-01
181426  147.8  -57.8    0.35  135.0   83.6    1.03  1.263810e-03  8.632889e-01
171435  138.1  -48.1    0.35  112.1   60.7    0.80  1.233055e-03  8.645219e-01
181088  147.4  -57.4    0.35  147.8   96.4    1.02  1.191677e-03  8.657136e-01
188772  156.8  -66.8    0.35  326.4  275.1    1.43  1.179806e-03  8.668934e-01
181433  147.8  -57.8    0.35  142.2   90.9    1.03  1.165573e-03  8.680590e-01
 87746   83.7    6.3    0.35  316.4  265.0    0.70  1.142716e-03  8.692017e-01
181608  147.8  -57.8    0.35  323.3  271.9    1.03  1.122511e-03  8.703242e-01
172356  138.9  -48.9    0.35  137.9   86.5    0.82  1.116967e-03  8.714412e-01
185629  152.7  -62.7    0.35  147.8   96.4    1.22  1.105858e-03  8.725470e-01
 15597   32.6   57.4    0.35  292.0  240.6    1.02  1.101213e-03  8.736482e-01
  6800   21.3   68.7    0.35  292.5  241.1    1.55  1.077542e-03  8.747258e-01
  9883   25.8   64.2    0.35  287.4  236.0    1.29  1.064445e-03  8.757902e-01
182798  149.3  -59.3    0.35  145.8   94.5    1.08  1.064193e-03  8.768544e-01
181438  147.8  -57.8    0.35  147.4   96.0    1.03  1.059280e-03  8.779137e-01
 84161   81.6    8.4    0.35  316.1  264.7    0.70  1.053030e-03  8.789667e-01
 74430   75.8   14.2    0.35  313.6  262.2    0.70  1.051990e-03  8.800187e-01
172328  138.9  -48.9    0.35  115.0   63.6    0.82  1.045981e-03  8.810647e-01
 41144   54.3   35.7    0.35  309.7  258.4    0.70  1.034718e-03  8.820994e-01
184407  151.2  -61.2    0.35  142.5   91.1    1.15  1.007362e-03  8.831068e-01
172365  138.9  -48.9    0.35  145.2   93.9    0.82  1.007111e-03  8.841139e-01
186357  153.4  -63.4    0.35  326.9  275.5    1.25  9.884435e-04  8.851023e-01
180008  146.3  -56.3    0.35  142.9   91.5    0.99  9.748664e-04  8.860772e-01
178133  144.3  -54.3    0.35  140.2   88.8    0.94  9.621602e-04  8.870394e-01
173454  139.7  -49.7    0.35  325.4  274.0    0.83  9.289013e-04  8.879683e-01
 84159   81.6    8.4    0.35  314.6  263.3    0.70  9.260256e-04  8.888943e-01
180004  146.3  -56.3    0.35  139.0   87.6    0.99  9.197867e-04  8.898141e-01
182796  149.3  -59.3    0.35  143.7   92.3    1.08  8.997759e-04  8.907139e-01
167034  134.2  -44.2    0.35  323.5  272.1    0.74  8.873064e-04  8.916012e-01
173019  139.3  -49.3    0.35  323.3  271.9    0.83  8.729503e-04  8.924741e-01
 11348   27.7   62.3    0.35  298.2  246.8    1.20  8.712211e-04  8.933453e-01
 18172   35.3   54.7    0.35  296.1  244.7    0.95  8.698574e-04  8.942152e-01
176161  142.4  -52.4    0.35  140.3   89.0    0.89  8.591424e-04  8.950743e-01
  6337   20.6   69.4    0.35  285.3  233.9    1.61  8.576991e-04  8.959320e-01
156874  126.4  -36.4    0.35  322.4  271.0    0.70  8.446308e-04  8.967767e-01
 79552   78.9   11.1    0.35  315.0  263.6    0.70  8.331624e-04  8.976098e-01
 44216   56.5   33.5    0.35  309.7  258.4    0.70  8.220436e-04  8.984319e-01
 78019   78.0   12.0    0.35  317.5  266.1    0.70  8.167327e-04  8.992486e-01
179634  145.9  -55.9    0.35  135.5   84.1    0.98  8.076244e-04  9.000562e-01
  7755   22.8   67.2    0.35  278.0  226.6    1.45  8.007909e-04  9.008570e-01
173198  139.7  -49.7    0.35  112.1   60.7    0.83  7.762428e-04  9.016333e-01
 36027   50.5   39.5    0.35  311.8  260.5    0.70  7.659367e-04  9.023992e-01
 16315   33.4   56.6    0.35  295.5  244.1    1.00  7.629129e-04  9.031621e-01
 40637   53.9   36.1    0.35  312.9  261.5    0.70  7.607020e-04  9.039228e-01
 10737   26.9   63.1    0.35  278.0  226.6    1.23  7.439137e-04  9.046667e-01
  9321   25.1   64.9    0.35  277.3  225.9    1.32  7.165275e-04  9.053832e-01
184100  150.8  -60.8    0.35  150.9   99.6    1.14  7.001376e-04  9.060834e-01
 17794   34.9   55.1    0.35  297.3  245.9    0.96  6.894731e-04  9.067729e-01
 63165   68.9   21.1    0.35  312.9  261.5    0.70  6.729992e-04  9.074459e-01
 10172   26.2   63.8    0.35  294.7  243.3    1.27  6.586029e-04  9.081045e-01
173205  139.7  -49.7    0.35  117.9   66.5    0.83  6.582263e-04  9.087627e-01
 16678   33.7   56.3    0.35  295.2  243.8    0.99  6.432976e-04  9.094060e-01
187059  154.6  -64.6    0.35  145.4   94.1    1.30  6.330781e-04  9.100391e-01
177755  144.0  -54.0    0.35  148.0   96.6    0.93  6.320523e-04  9.106711e-01
182792  149.3  -59.3    0.35  139.3   88.0    1.08  6.315085e-04  9.113026e-01
 43196   55.8   34.2    0.35  312.5  261.2    0.70  6.291221e-04  9.119317e-01
154313  124.6  -34.6    0.35  321.3  270.0    0.70  6.263044e-04  9.125580e-01
 56506   64.7   25.3    0.35  311.1  259.8    0.70  6.259823e-04  9.131840e-01
 11650   28.1   61.9    0.35  296.6  245.3    1.18  6.245140e-04  9.138085e-01
182786  149.3  -59.3    0.35  132.8   81.5    1.08  6.182650e-04  9.144268e-01
 40636   53.9   36.1    0.35  312.2  260.8    0.70  6.147611e-04  9.150416e-01
 49851   60.3   29.7    0.35  311.5  260.1    0.70  6.141227e-04  9.156557e-01
 37574   51.7   38.3    0.35  319.2  267.8    0.70  6.122626e-04  9.162680e-01
  9046   24.7   65.3    0.35  272.0  220.6    1.34  5.884074e-04  9.168564e-01
 10165   26.2   63.8    0.35  285.8  234.5    1.27  5.878196e-04  9.174442e-01
  9601   25.4   64.6    0.35  283.7  232.3    1.30  5.861995e-04  9.180304e-01
 46270   57.9   32.1    0.35  313.9  262.6    0.70  5.796864e-04  9.186101e-01
171884  138.5  -48.5    0.35  113.9   62.5    0.81  5.707390e-04  9.191808e-01
174098  140.5  -50.5    0.35  148.2   96.8    0.85  5.632467e-04  9.197441e-01
  5467   19.1   70.9    0.35  283.0  231.6    1.73  5.584942e-04  9.203025e-01
  5260   18.7   71.3    0.35  283.2  231.9    1.76  5.584810e-04  9.208610e-01
168200  135.4  -45.4    0.35  115.3   64.0    0.76  5.516638e-04  9.214127e-01
 65727   70.5   19.5    0.35  314.6  263.3    0.70  5.456784e-04  9.219584e-01
  6564   20.9   69.1    0.35  285.0  233.6    1.58  5.373541e-04  9.224957e-01
  6558   20.9   69.1    0.35  275.5  224.2    1.58  5.334881e-04  9.230292e-01
 40134   53.6   36.4    0.35  319.6  268.2    0.70  5.319683e-04  9.235612e-01
185628  152.7  -62.7    0.35  146.6   95.2    1.22  5.267835e-04  9.240880e-01
173637  140.1  -50.1    0.35  119.0   67.6    0.84  5.082960e-04  9.245963e-01
181429  147.8  -57.8    0.35  138.1   86.7    1.03  4.858118e-04  9.250821e-01
 37554   51.7   38.3    0.35  305.2  253.8    0.70  4.847046e-04  9.255668e-01
 79548   78.9   11.1    0.35  312.2  260.8    0.70  4.796510e-04  9.260464e-01
 17044   34.1   55.9    0.35  294.0  242.6    0.98  4.785659e-04  9.265250e-01
 13208   29.9   60.1    0.35  276.1  224.7    1.11  4.739769e-04  9.269990e-01
 42675   55.4   34.6    0.35  305.9  254.5    0.70  4.688748e-04  9.274678e-01
182797  149.3  -59.3    0.35  144.8   93.4    1.08  4.582151e-04  9.279261e-01
 11031   27.3   62.7    0.35  276.7  225.3    1.22  4.552026e-04  9.283813e-01
  9316   25.1   64.9    0.35  270.7  219.3    1.32  4.476514e-04  9.288289e-01
156873  126.4  -36.4    0.35  321.7  270.3    0.70  4.471518e-04  9.292761e-01
 38076   52.1   37.9    0.35  312.5  261.2    0.70  4.385368e-04  9.297146e-01
194123  167.2  -77.2    0.35   91.3   39.9    2.57  4.309610e-04  9.301456e-01
 57526   65.4   24.6    0.35  308.3  256.9    0.70  4.306544e-04  9.305762e-01
  5682   19.5   70.5    0.35  289.5  238.2    1.70  4.261131e-04  9.310023e-01
175311  141.6  -51.6    0.35  111.4   60.0    0.87  4.255423e-04  9.314279e-01
 35518   50.2   39.8    0.35  313.6  262.2    0.70  4.227257e-04  9.318506e-01
 45761   57.6   32.4    0.35  315.7  264.3    0.70  4.219261e-04  9.322725e-01
 15236   32.2   57.8    0.35  281.9  230.5    1.03  4.206171e-04  9.326931e-01
166053  133.4  -43.4    0.35  323.3  272.0    0.73  4.194145e-04  9.331126e-01
175747  142.0  -52.0    0.35  133.7   82.3    0.88  4.139532e-04  9.335265e-01
 33468   48.6   41.4    0.35  312.2  260.8    0.70  4.097420e-04  9.339363e-01
179636  145.9  -55.9    0.35  137.4   86.1    0.98  4.024895e-04  9.343387e-01
 12573   29.2   60.8    0.35  284.2  232.9    1.14  4.002323e-04  9.347390e-01
 45762   57.6   32.4    0.35  316.4  265.0    0.70  3.993285e-04  9.351383e-01
 36022   50.5   39.5    0.35  308.3  256.9    0.70  3.971100e-04  9.355354e-01
 26147   42.6   47.4    0.35  302.8  251.4    0.79  3.924154e-04  9.359278e-01
  8535   23.9   66.1    0.35  298.4  247.0    1.38  3.909648e-04  9.363188e-01
182787  149.3  -59.3    0.35  133.9   82.5    1.08  3.879164e-04  9.367067e-01
 11349   27.7   62.3    0.35  299.4  248.0    1.20  3.871097e-04  9.370938e-01
 83138   81.0    9.0    0.35  316.8  265.4    0.70  3.842320e-04  9.374781e-01
183126  149.7  -59.7    0.35  143.2   91.9    1.10  3.802809e-04  9.378583e-01
 11637   28.1   61.9    0.35  281.2  229.9    1.18  3.790321e-04  9.382374e-01
168240  135.4  -45.4    0.35  145.6   94.2    0.76  3.789585e-04  9.386163e-01
 40127   53.6   36.4    0.35  314.6  263.3    0.70  3.786972e-04  9.389950e-01
 47799   59.0   31.0    0.35  308.7  257.3    0.70  3.775697e-04  9.393726e-01
 87748   83.7    6.3    0.35  317.8  266.4    0.70  3.617612e-04  9.397344e-01
174066  140.5  -50.5    0.35  121.0   69.6    0.85  3.612925e-04  9.400956e-01
 16317   33.4   56.6    0.35  297.5  246.1    1.00  3.573163e-04  9.404530e-01
 11329   27.7   62.3    0.35  275.4  224.0    1.20  3.547805e-04  9.408077e-01
 65728   70.5   19.5    0.35  315.4  264.0    0.70  3.519741e-04  9.411597e-01
171925  138.5  -48.5    0.35  147.2   95.8    0.81  3.502964e-04  9.415100e-01
173638  140.1  -50.1    0.35  119.9   68.5    0.84  3.502581e-04  9.418603e-01
181434  147.8  -57.8    0.35  143.3   91.9    1.03  3.495915e-04  9.422099e-01
 79551   78.9   11.1    0.35  314.3  262.9    0.70  3.465221e-04  9.425564e-01
177739  144.0  -54.0    0.35  133.1   81.8    0.93  3.461116e-04  9.429025e-01
 20943   38.0   52.0    0.35  299.6  248.2    0.88  3.452325e-04  9.432477e-01
172361  138.9  -48.9    0.35  142.0   90.6    0.82  3.443011e-04  9.435920e-01
  9614   25.4   64.6    0.35  300.7  249.3    1.30  3.377575e-04  9.439298e-01
  5473   19.1   70.9    0.35  293.4  242.0    1.73  3.374992e-04  9.442673e-01
 24347   41.1   48.9    0.35  300.7  249.3    0.82  3.370572e-04  9.446043e-01
181428  147.8  -57.8    0.35  137.1   85.7    1.03  3.163623e-04  9.449207e-01
 54980   63.7   26.3    0.35  317.8  266.4    0.70  3.096561e-04  9.452304e-01
176172  142.4  -52.4    0.35  150.1   98.8    0.89  3.027181e-04  9.455331e-01
172360  138.9  -48.9    0.35  141.1   89.8    0.82  3.025471e-04  9.458356e-01
 54981   63.7   26.3    0.35  318.5  267.1    0.70  3.024850e-04  9.461381e-01
 31928   47.4   42.6    0.35  306.1  254.7    0.71  2.998658e-04  9.464380e-01
181435  147.8  -57.8    0.35  144.3   92.9    1.03  2.970012e-04  9.467350e-01
 11036   27.3   62.7    0.35  282.8  231.4    1.22  2.967704e-04  9.470317e-01
185919  153.1  -63.1    0.35  142.4   91.0    1.23  2.920624e-04  9.473238e-01
178131  144.3  -54.3    0.35  138.3   86.9    0.94  2.905378e-04  9.476144e-01
188263  156.1  -66.1    0.35  326.1  274.7    1.38  2.891286e-04  9.479035e-01
174099  140.5  -50.5    0.35  149.0   97.6    0.85  2.890958e-04  9.481926e-01
  5261   18.7   71.3    0.35  285.0  233.6    1.76  2.872759e-04  9.484799e-01
169610  136.6  -46.6    0.35  113.7   62.3    0.78  2.866383e-04  9.487665e-01
 87747   83.7    6.3    0.35  317.1  265.7    0.70  2.859093e-04  9.490524e-01
  5466   19.1   70.9    0.35  281.2  229.9    1.73  2.736234e-04  9.493260e-01
 48837   59.7   30.3    0.35  318.5  267.1    0.70  2.721884e-04  9.495982e-01
170112  137.0  -47.0    0.35  144.4   93.0    0.78  2.710698e-04  9.498693e-01
  9057   24.7   65.3    0.35  286.8  235.4    1.34  2.672967e-04  9.501366e-01
185918  153.1  -63.1    0.35  141.2   89.8    1.23  2.655225e-04  9.504021e-01
  4102   16.5   73.5    0.35  285.0  233.6    2.00  2.652645e-04  9.506674e-01
 13226   29.9   60.1    0.35  296.1  244.7    1.11  2.607214e-04  9.509281e-01
  4470   17.2   72.8    0.35  280.5  229.2    1.91  2.555402e-04  9.511836e-01
186638  153.8  -63.8    0.35  322.6  271.2    1.27  2.551521e-04  9.514388e-01
  9326   25.1   64.9    0.35  283.9  232.5    1.32  2.548620e-04  9.516936e-01
178132  144.3  -54.3    0.35  139.2   87.8    0.94  2.512685e-04  9.519449e-01
 11949   28.4   61.6    0.35  286.9  235.6    1.17  2.475402e-04  9.521924e-01
 23040   39.9   50.1    0.35  299.9  248.5    0.84  2.458142e-04  9.524383e-01
 30934   46.6   43.4    0.35  312.5  261.1    0.73  2.441922e-04  9.526825e-01
 25694   42.3   47.7    0.35  304.6  253.3    0.80  2.386603e-04  9.529211e-01
 10732   26.9   63.1    0.35  271.8  220.5    1.23  2.353088e-04  9.531564e-01
 62144   68.3   21.7    0.35  315.0  263.6    0.70  2.345339e-04  9.533910e-01
174895  141.3  -51.3    0.35  110.3   59.0    0.87  2.338730e-04  9.536248e-01
170075  137.0  -47.0    0.35  115.4   64.1    0.78  2.314314e-04  9.538563e-01
 38586   52.5   37.5    0.35  310.8  259.4    0.70  2.302385e-04  9.540865e-01
 70842   73.7   16.3    0.35  311.1  259.8    0.70  2.289835e-04  9.543155e-01
 28501   44.6   45.4    0.35  315.8  264.4    0.76  2.234524e-04  9.545389e-01
 44217   56.5   33.5    0.35  310.4  259.1    0.70  2.232993e-04  9.547622e-01
 40642   53.9   36.1    0.35  316.4  265.0    0.70  2.222569e-04  9.549845e-01
 43710   56.1   33.9    0.35  313.6  262.2    0.70  2.213806e-04  9.552059e-01
 47798   59.0   31.0    0.35  308.0  256.6    0.70  2.204807e-04  9.554264e-01
181082  147.4  -57.4    0.35  141.6   90.3    1.02  2.201289e-04  9.556465e-01
177166  143.2  -53.2    0.35  325.9  274.5    0.91  2.195826e-04  9.558661e-01
 41653   54.7   35.3    0.35  307.3  255.9    0.70  2.179077e-04  9.560840e-01
 15585   32.6   57.4    0.35  279.7  228.3    1.02  2.149130e-04  9.562989e-01
191358  161.3  -71.3    0.35   96.2   44.8    1.76  2.141970e-04  9.565131e-01
176160  142.4  -52.4    0.35  139.5   88.1    0.89  2.140355e-04  9.567271e-01
 14560   31.5   58.5    0.35  297.0  245.6    1.06  2.137972e-04  9.569409e-01
170117  137.0  -47.0    0.35  148.3   96.9    0.78  2.133524e-04  9.571543e-01
 84162   81.6    8.4    0.35  316.8  265.4    0.70  2.125106e-04  9.573668e-01
 64185   69.6   20.4    0.35  310.1  258.7    0.70  2.106851e-04  9.575775e-01
177346  143.6  -53.6    0.35  130.9   79.5    0.92  2.106172e-04  9.577881e-01
 41916   55.0   35.0    0.35  132.5   81.2    0.70  2.088629e-04  9.579969e-01
185627  152.7  -62.7    0.35  145.3   94.0    1.22  2.087973e-04  9.582057e-01
 48829   59.7   30.3    0.35  312.9  261.5    0.70  2.076578e-04  9.584134e-01
 38585   52.5   37.5    0.35  310.1  258.7    0.70  2.031178e-04  9.586165e-01
  9885   25.8   64.2    0.35  289.9  238.6    1.29  2.022505e-04  9.588188e-01
 13875   30.7   59.3    0.35  285.7  234.3    1.08  2.022391e-04  9.590210e-01
 15951   33.0   57.0    0.35  290.7  239.4    1.01  2.017718e-04  9.592228e-01
173206  139.7  -49.7    0.35  118.7   67.4    0.83  2.002108e-04  9.594230e-01
 40892   54.3   35.7    0.35  132.5   81.2    0.70  1.994249e-04  9.596224e-01
 15235   32.2   57.8    0.35  280.9  229.5    1.03  1.992123e-04  9.598216e-01
 51904   61.7   28.3    0.35  315.0  263.6    0.70  1.980803e-04  9.600197e-01
172585  138.9  -48.9    0.35  325.2  273.9    0.82  1.974110e-04  9.602171e-01
 17795   34.9   55.1    0.35  298.2  246.9    0.96  1.946839e-04  9.604118e-01
 47797   59.0   31.0    0.35  307.3  255.9    0.70  1.942984e-04  9.606061e-01
193979  166.8  -76.8    0.35   88.8   37.4    2.50  1.912019e-04  9.607973e-01
 27542   43.8   46.2    0.35  306.5  255.2    0.77  1.899513e-04  9.609873e-01
187061  154.6  -64.6    0.35  148.0   96.7    1.30  1.895414e-04  9.611768e-01
170564  137.4  -47.4    0.35  139.3   88.0    0.79  1.886363e-04  9.613654e-01
 32962   48.2   41.8    0.35  316.8  265.4    0.70  1.849377e-04  9.615504e-01
183119  149.7  -59.7    0.35  135.5   84.2    1.10  1.825857e-04  9.617330e-01
160458  129.1  -39.1    0.35  322.0  270.7    0.70  1.821284e-04  9.619151e-01
 15945   33.0   57.0    0.35  284.7  233.3    1.01  1.796517e-04  9.620947e-01
179639  145.9  -55.9    0.35  140.4   89.0    0.98  1.787434e-04  9.622735e-01
155336  125.3  -35.3    0.35  320.6  269.3    0.70  1.786075e-04  9.624521e-01
 78016   78.0   12.0    0.35  315.4  264.0    0.70  1.783784e-04  9.626305e-01
183617  150.1  -60.1    0.35  326.1  274.7    1.11  1.782375e-04  9.628087e-01
 44218   56.5   33.5    0.35  311.1  259.8    0.70  1.777884e-04  9.629865e-01
 23910   40.7   49.3    0.35  302.6  251.2    0.83  1.773626e-04  9.631639e-01
 28974   45.0   45.0    0.35  310.9  259.5    0.75  1.758493e-04  9.633397e-01
 14547   31.5   58.5    0.35  283.2  231.9    1.06  1.752382e-04  9.635149e-01
 40893   54.3   35.7    0.35  133.2   81.9    0.70  1.746413e-04  9.636896e-01
177556  143.6  -53.6    0.35  323.7  272.3    0.92  1.742242e-04  9.638638e-01
 14889   31.8   58.2    0.35  282.0  230.7    1.05  1.740940e-04  9.640379e-01
188523  156.4  -66.4    0.35  331.2  279.8    1.41  1.678939e-04  9.642058e-01
 42941   55.8   34.2    0.35  133.2   81.9    0.70  1.662649e-04  9.643721e-01
184404  151.2  -61.2    0.35  139.0   87.7    1.15  1.662460e-04  9.645383e-01
 49343   60.0   30.0    0.35  314.6  263.3    0.70  1.642962e-04  9.647026e-01
 13220   29.9   60.1    0.35  289.4  238.1    1.11  1.626482e-04  9.648652e-01
 42694   55.4   34.6    0.35  319.2  267.8    0.70  1.622701e-04  9.650275e-01
 36026   50.5   39.5    0.35  311.1  259.8    0.70  1.617658e-04  9.651893e-01
 35014   49.8   40.2    0.35  319.6  268.2    0.70  1.608638e-04  9.653501e-01
 40641   53.9   36.1    0.35  315.7  264.3    0.70  1.577403e-04  9.655079e-01
 50872   61.0   29.0    0.35  309.4  258.0    0.70  1.563600e-04  9.656642e-01
  9595   25.4   64.6    0.35  275.9  224.5    1.30  1.530969e-04  9.658173e-01
 55484   64.1   25.9    0.35  312.5  261.2    0.70  1.509399e-04  9.659683e-01
 37568   51.7   38.3    0.35  315.0  263.6    0.70  1.492582e-04  9.661175e-01
183125  149.7  -59.7    0.35  142.1   90.8    1.10  1.488603e-04  9.662664e-01
172768  139.3  -49.3    0.35  116.0   64.6    0.83  1.484539e-04  9.664149e-01
 10447   26.6   63.4    0.35  279.4  228.0    1.25  1.475017e-04  9.665624e-01
 56504   64.7   25.3    0.35  309.7  258.4    0.70  1.470861e-04  9.667094e-01
 62146   68.3   21.7    0.35  316.4  265.0    0.70  1.458176e-04  9.668553e-01
 30441   46.2   43.8    0.35  314.3  262.9    0.73  1.453745e-04  9.670006e-01
191150  160.9  -70.9    0.35   94.3   43.0    1.73  1.450981e-04  9.671457e-01
  8269   23.6   66.4    0.35  289.0  237.6    1.41  1.443119e-04  9.672900e-01
180007  146.3  -56.3    0.35  141.9   90.5    0.99  1.435181e-04  9.674336e-01
184406  151.2  -61.2    0.35  141.3   90.0    1.15  1.428901e-04  9.675765e-01
 30938   46.6   43.4    0.35  315.4  264.0    0.73  1.423492e-04  9.677188e-01
  8522   23.9   66.1    0.35  280.4  229.0    1.38  1.418863e-04  9.678607e-01
184405  151.2  -61.2    0.35  140.2   88.8    1.15  1.401689e-04  9.680009e-01
  4476   17.2   72.8    0.35  292.0  240.6    1.91  1.391251e-04  9.681400e-01
176562  142.8  -52.8    0.35  139.1   87.7    0.90  1.373379e-04  9.682773e-01
179281  145.5  -55.5    0.35  152.4  101.0    0.97  1.363904e-04  9.684137e-01
 89279   84.6    5.4    0.35  314.6  263.3    0.70  1.343515e-04  9.685481e-01
 26165   42.6   47.4    0.35  317.0  265.6    0.79  1.341107e-04  9.686822e-01
 16677   33.7   56.3    0.35  294.2  242.9    0.99  1.330752e-04  9.688153e-01
 19338   36.4   53.6    0.35  299.8  248.5    0.92  1.330389e-04  9.689483e-01
185920  153.1  -63.1    0.35  143.6   92.3    1.23  1.318841e-04  9.690802e-01
189383  157.9  -67.9    0.35  143.2   91.9    1.50  1.317496e-04  9.692119e-01
184563  151.2  -61.2    0.35  322.5  271.1    1.15  1.311675e-04  9.693431e-01
 49849   60.3   29.7    0.35  310.1  258.7    0.70  1.300143e-04  9.694731e-01
 19732   36.8   53.2    0.35  298.6  247.3    0.91  1.292260e-04  9.696023e-01
  5256   18.7   71.3    0.35  276.2  224.8    1.76  1.273007e-04  9.697296e-01
174518  140.9  -50.9    0.35  146.1   94.8    0.86  1.272803e-04  9.698569e-01
 58562   66.0   24.0    0.35  316.8  265.4    0.70  1.271142e-04  9.699840e-01
 51398   61.4   28.6    0.35  319.6  268.2    0.70  1.267363e-04  9.701108e-01
 64183   69.6   20.4    0.35  308.7  257.3    0.70  1.262323e-04  9.702370e-01
170569  137.4  -47.4    0.35  143.3   91.9    0.79  1.257746e-04  9.703628e-01
 14895   31.8   58.2    0.35  288.3  236.9    1.05  1.254618e-04  9.704882e-01
  8277   23.6   66.4    0.35  300.2  248.9    1.41  1.244844e-04  9.706127e-01
179647  145.9  -55.9    0.35  148.2   96.8    0.98  1.237599e-04  9.707365e-01
105604   94.2   -4.2    0.35  273.2  221.8    0.70  1.234366e-04  9.708599e-01
 34991   49.8   40.2    0.35  303.4  252.0    0.70  1.223802e-04  9.709823e-01
174084  140.5  -50.5    0.35  136.3   84.9    0.85  1.222660e-04  9.711046e-01
 58564   66.0   24.0    0.35  318.2  266.8    0.70  1.222029e-04  9.712268e-01
 12567   29.2   60.8    0.35  277.4  226.0    1.14  1.217002e-04  9.713485e-01
178139  144.3  -54.3    0.35  145.8   94.4    0.94  1.208068e-04  9.714693e-01
 83134   81.0    9.0    0.35  313.9  262.6    0.70  1.199349e-04  9.715892e-01
188132  156.1  -66.1    0.35  144.7   93.3    1.38  1.186188e-04  9.717078e-01
181081  147.4  -57.4    0.35  140.6   89.3    1.02  1.177870e-04  9.718256e-01
 24142   41.1   48.9    0.35  133.0   81.6    0.82  1.176551e-04  9.719433e-01
 62121   68.3   21.7    0.35  298.8  247.5    0.70  1.174266e-04  9.720607e-01
  7033   21.7   68.3    0.35  289.1  237.7    1.53  1.151750e-04  9.721759e-01
156867  126.4  -36.4    0.35  317.5  266.1    0.70  1.149503e-04  9.722908e-01
184400  151.2  -61.2    0.35  134.4   83.0    1.15  1.149404e-04  9.724058e-01
189384  157.9  -67.9    0.35  144.8   93.4    1.50  1.137482e-04  9.725195e-01
181072  147.4  -57.4    0.35  131.4   80.0    1.02  1.125655e-04  9.726321e-01
184409  151.2  -61.2    0.35  144.8   93.4    1.15  1.119786e-04  9.727440e-01
  6793   21.3   68.7    0.35  281.6  230.3    1.55  1.093002e-04  9.728533e-01
 13539   30.3   59.7    0.35  280.4  229.1    1.10  1.092348e-04  9.729626e-01
 23707   40.7   49.3    0.35  135.0   83.6    0.83  1.092104e-04  9.730718e-01
182801  149.3  -59.3    0.35  149.1   97.7    1.08  1.088984e-04  9.731807e-01
174513  140.9  -50.9    0.35  141.9   90.5    0.86  1.081116e-04  9.732888e-01
184564  151.2  -61.2    0.35  323.7  272.3    1.15  1.070081e-04  9.733958e-01
184096  150.8  -60.8    0.35  146.4   95.0    1.14  1.060669e-04  9.735019e-01
 54982   63.7   26.3    0.35  319.2  267.8    0.70  1.059960e-04  9.736079e-01
145025  118.3  -28.3    0.35  270.7  219.3    0.70  1.053998e-04  9.737133e-01
  5683   19.5   70.5    0.35  291.2  239.9    1.70  1.053488e-04  9.738186e-01
166263  133.8  -43.8    0.35  116.7   65.3    0.73  1.052583e-04  9.739239e-01
 37553   51.7   38.3    0.35  304.5  253.1    0.70  1.051886e-04  9.740291e-01
 41145   54.3   35.7    0.35  310.4  259.1    0.70  1.050336e-04  9.741341e-01
167745  135.0  -45.0    0.35  133.1   81.8    0.75  1.046286e-04  9.742387e-01
184101  150.8  -60.8    0.35  152.1  100.7    1.14  1.045504e-04  9.743433e-01
 26621   43.0   47.0    0.35  314.2  262.8    0.78  1.028006e-04  9.744461e-01
 52410   62.0   28.0    0.35  311.1  259.8    0.70  9.937346e-05  9.745455e-01
167516  134.6  -44.6    0.35  321.7  270.3    0.74  9.896232e-05  9.746444e-01
 62145   68.3   21.7    0.35  315.7  264.3    0.70  9.893248e-05  9.747434e-01
166264  133.8  -43.8    0.35  117.4   66.1    0.73  9.798470e-05  9.748413e-01
185621  152.7  -62.7    0.35  138.0   86.7    1.22  9.769685e-05  9.749390e-01
158412  127.5  -37.5    0.35  323.4  272.1    0.70  9.650674e-05  9.750355e-01
 51905   61.7   28.3    0.35  315.7  264.3    0.70  9.636005e-05  9.751319e-01
 14542   31.5   58.5    0.35  277.9  226.6    1.06  9.609736e-05  9.752280e-01
 45722   57.6   32.4    0.35  288.3  236.9    0.70  9.576802e-05  9.753238e-01
177756  144.0  -54.0    0.35  148.9   97.5    0.93  9.566236e-05  9.754194e-01
 60070   67.0   23.0    0.35  296.7  245.3    0.70  9.490467e-05  9.755143e-01
 74433   75.8   14.2    0.35  315.7  264.3    0.70  9.488429e-05  9.756092e-01
 21352   38.4   51.6    0.35  297.5  246.1    0.87  9.452339e-05  9.757037e-01
 14554   31.5   58.5    0.35  290.6  239.3    1.06  9.423146e-05  9.757980e-01
173880  140.1  -50.1    0.35  323.4  272.0    0.84  9.411477e-05  9.758921e-01
175731  142.0  -52.0    0.35  119.6   68.2    0.88  9.376538e-05  9.759859e-01
182790  149.3  -59.3    0.35  137.2   85.8    1.08  9.250461e-05  9.760784e-01
171883  138.5  -48.5    0.35  113.1   61.7    0.81  9.172366e-05  9.761701e-01
 10442   26.6   63.4    0.35  273.1  221.8    1.25  9.128347e-05  9.762614e-01
  3245   14.7   75.3    0.35  282.4  231.0    2.25  9.077117e-05  9.763521e-01
 84158   81.6    8.4    0.35  313.9  262.6    0.70  9.009275e-05  9.764422e-01
 24364   41.1   48.9    0.35  314.6  263.2    0.82  8.997010e-05  9.765322e-01
186922  154.2  -64.2    0.35  327.2  275.8    1.29  8.987022e-05  9.766221e-01
 43709   56.1   33.9    0.35  312.9  261.5    0.70  8.951340e-05  9.767116e-01
178328  144.3  -54.3    0.35  323.0  271.6    0.94  8.892471e-05  9.768005e-01
 32942   48.2   41.8    0.35  302.7  251.3    0.70  8.865446e-05  9.768892e-01
 16309   33.4   56.6    0.35  289.5  238.1    1.00  8.812139e-05  9.769773e-01
176163  142.4  -52.4    0.35  142.1   90.8    0.89  8.749387e-05  9.770648e-01
 14204   31.1   58.9    0.35  279.1  227.7    1.07  8.697413e-05  9.771517e-01
 51397   61.4   28.6    0.35  318.9  267.5    0.70  8.668660e-05  9.772384e-01
 19731   36.8   53.2    0.35  297.7  246.4    0.91  8.662551e-05  9.773251e-01
 35517   50.2   39.8    0.35  312.9  261.5    0.70  8.606088e-05  9.774111e-01
155844  125.7  -35.7    0.35  318.2  266.8    0.70  8.594885e-05  9.774971e-01
169611  136.6  -46.6    0.35  114.4   63.1    0.78  8.477461e-05  9.775818e-01
168231  135.4  -45.4    0.35  138.8   87.4    0.76  8.477460e-05  9.776666e-01
 59048   66.4   23.6    0.35  298.1  246.8    0.70  8.466563e-05  9.777513e-01
186785  154.2  -64.2    0.35  151.1   99.7    1.29  8.428124e-05  9.778356e-01
 32958   48.2   41.8    0.35  313.9  262.6    0.70  8.190493e-05  9.779175e-01
  5472   19.1   70.9    0.35  291.6  240.3    1.73  8.088913e-05  9.779984e-01
 42693   55.4   34.6    0.35  318.5  267.1    0.70  7.943704e-05  9.780778e-01
180010  146.3  -56.3    0.35  144.9   93.5    0.99  7.929130e-05  9.781571e-01
182795  149.3  -59.3    0.35  142.6   91.2    1.08  7.825471e-05  9.782353e-01
143489  117.3  -27.3    0.35  271.1  219.7    0.70  7.791338e-05  9.783133e-01
174094  140.5  -50.5    0.35  144.8   93.4    0.85  7.763781e-05  9.783909e-01
184088  150.8  -60.8    0.35  137.3   85.9    1.14  7.682048e-05  9.784677e-01
 15249   32.2   57.8    0.35  295.3  244.0    1.03  7.677415e-05  9.785445e-01
  5896   19.8   70.2    0.35  287.5  236.1    1.67  7.646332e-05  9.786210e-01
 11627   28.1   61.9    0.35  269.4  218.0    1.18  7.557718e-05  9.786965e-01
176140  142.4  -52.4    0.35  121.6   70.3    0.89  7.503510e-05  9.787716e-01
176132  142.4  -52.4    0.35  114.5   63.1    0.89  7.440380e-05  9.788460e-01
174515  140.9  -50.9    0.35  143.6   92.2    0.86  7.434171e-05  9.789203e-01
 46268   57.9   32.1    0.35  312.5  261.2    0.70  7.399927e-05  9.789943e-01
 46744   58.3   31.7    0.35  286.9  235.5    0.70  7.366567e-05  9.790680e-01
168235  135.4  -45.4    0.35  141.8   90.4    0.76  7.355882e-05  9.791415e-01
170568  137.4  -47.4    0.35  142.5   91.1    0.79  7.297211e-05  9.792145e-01
179641  145.9  -55.9    0.35  142.3   91.0    0.98  7.263978e-05  9.792871e-01
 58563   66.0   24.0    0.35  317.5  266.1    0.70  7.222169e-05  9.793594e-01
191749  162.0  -72.0    0.35   76.2   24.8    1.84  7.213563e-05  9.794315e-01
 64184   69.6   20.4    0.35  309.4  258.0    0.70  7.192770e-05  9.795034e-01
 51399   61.4   28.6    0.35  320.3  268.9    0.70  7.184719e-05  9.795753e-01
 49305   60.0   30.0    0.35  287.9  236.6    0.70  7.177786e-05  9.796471e-01
 93890   87.3    2.7    0.35  316.4  265.0    0.70  7.166423e-05  9.797187e-01
 12254   28.8   61.2    0.35  279.8  228.4    1.15  7.165208e-05  9.797904e-01
 13869   30.7   59.3    0.35  279.2  227.8    1.08  7.160415e-05  9.798620e-01
 37573   51.7   38.3    0.35  318.5  267.1    0.70  7.122847e-05  9.799332e-01
 43160   55.8   34.2    0.35  287.2  235.9    0.70  7.077295e-05  9.800040e-01
175319  141.6  -51.6    0.35  118.4   67.0    0.87  7.055408e-05  9.800745e-01
 11325   27.7   62.3    0.35  270.6  219.2    1.20  7.026636e-05  9.801448e-01
 43711   56.1   33.9    0.35  314.3  262.9    0.70  7.017876e-05  9.802150e-01
181425  147.8  -57.8    0.35  134.0   82.6    1.03  7.015775e-05  9.802851e-01
 14222   31.1   58.9    0.35  298.4  247.0    1.07  6.916454e-05  9.803543e-01
 51379   61.4   28.6    0.35  306.2  254.8    0.70  6.908625e-05  9.804234e-01
172370  138.9  -48.9    0.35  149.3   97.9    0.82  6.884903e-05  9.804922e-01
193201  165.0  -75.0    0.35   82.3   30.9    2.20  6.816138e-05  9.805604e-01
  9607   25.4   64.6    0.35  291.5  240.1    1.30  6.799956e-05  9.806284e-01
 10160   26.2   63.8    0.35  279.5  228.1    1.27  6.630083e-05  9.806947e-01
 13544   30.3   59.7    0.35  285.9  234.5    1.10  6.622284e-05  9.807609e-01
179650  145.9  -55.9    0.35  151.1   99.8    0.98  6.599976e-05  9.808269e-01
138194  114.0  -24.0    0.35  148.0   96.6    0.70  6.548351e-05  9.808924e-01
178113  144.3  -54.3    0.35  121.4   70.0    0.94  6.478922e-05  9.809572e-01
175767  142.0  -52.0    0.35  151.3   99.9    0.88  6.441194e-05  9.810216e-01
190427  159.4  -69.4    0.35  327.1  275.7    1.61  6.435140e-05  9.810860e-01
 44183   56.5   33.5    0.35  286.5  235.1    0.70  6.418225e-05  9.811501e-01
155843  125.7  -35.7    0.35  317.5  266.1    0.70  6.221129e-05  9.812123e-01
166756  134.2  -44.2    0.35  118.4   67.0    0.74  6.211317e-05  9.812745e-01
127944  107.6  -17.6    0.35  141.0   89.6    0.70  6.199298e-05  9.813365e-01
 12568   29.2   60.8    0.35  278.5  227.2    1.14  6.170932e-05  9.813982e-01
 52924   62.4   27.6    0.35  312.2  260.8    0.70  6.158038e-05  9.814597e-01
 78017   78.0   12.0    0.35  316.1  264.7    0.70  6.107920e-05  9.815208e-01
 29220   45.4   44.6    0.35  134.3   82.9    0.74  6.097875e-05  9.815818e-01
151492  122.8  -32.8    0.35  138.2   86.8    0.70  6.092137e-05  9.816427e-01
179646  145.9  -55.9    0.35  147.2   95.9    0.98  6.022142e-05  9.817029e-01
 35523   50.2   39.8    0.35  317.1  265.7    0.70  5.971609e-05  9.817627e-01
 28011   44.2   45.8    0.35  304.7  253.3    0.76  5.955653e-05  9.818222e-01
 30933   46.6   43.4    0.35  311.7  260.4    0.73  5.946275e-05  9.818817e-01
 22207   39.1   50.9    0.35  315.0  263.6    0.86  5.941766e-05  9.819411e-01
182785  149.3  -59.3    0.35  131.7   80.4    1.08  5.920627e-05  9.820003e-01
 59047   66.4   23.6    0.35  297.4  246.0    0.70  5.775101e-05  9.820581e-01
 11043   27.3   62.7    0.35  291.3  239.9    1.22  5.733329e-05  9.821154e-01
 38587   52.5   37.5    0.35  311.5  260.1    0.70  5.696294e-05  9.821724e-01
178136  144.3  -54.3    0.35  143.0   91.6    0.94  5.693241e-05  9.822293e-01
 25245   41.9   48.1    0.35  306.6  255.2    0.80  5.677470e-05  9.822861e-01
179635  145.9  -55.9    0.35  136.5   85.1    0.98  5.608418e-05  9.823421e-01
 74429   75.8   14.2    0.35  312.9  261.5    0.70  5.585621e-05  9.823980e-01
 79547   78.9   11.1    0.35  311.5  260.1    0.70  5.574998e-05  9.824538e-01
177749  144.0  -54.0    0.35  142.4   91.0    0.93  5.500688e-05  9.825088e-01
189385  157.9  -67.9    0.35  146.2   94.9    1.50  5.477968e-05  9.825635e-01
 15952   33.0   57.0    0.35  291.7  240.4    1.01  5.461711e-05  9.826182e-01
 10458   26.6   63.4    0.35  293.1  241.8    1.25  5.451037e-05  9.826727e-01
178515  144.7  -54.7    0.35  139.7   88.4    0.95  5.440051e-05  9.827271e-01
 16303   33.4   56.6    0.35  283.5  232.1    1.00  5.404597e-05  9.827811e-01
 23477   40.3   49.7    0.35  304.6  253.2    0.83  5.382044e-05  9.828349e-01
170543  137.4  -47.4    0.35  122.8   71.4    0.79  5.375623e-05  9.828887e-01
 33973   49.0   41.0    0.35  307.6  256.2    0.70  5.361576e-05  9.829423e-01
  6332   20.6   69.4    0.35  277.2  225.9    1.61  5.356039e-05  9.829959e-01
 74434   75.8   14.2    0.35  316.4  265.0    0.70  5.354851e-05  9.830494e-01
181076  147.4  -57.4    0.35  135.5   84.1    1.02  5.311427e-05  9.831025e-01
194357  167.5  -77.5    0.35  342.8  291.4    2.65  5.295204e-05  9.831555e-01
 14902   31.8   58.2    0.35  295.6  244.3    1.05  5.239508e-05  9.832079e-01
  9615   25.4   64.6    0.35  302.0  250.6    1.30  5.239098e-05  9.832603e-01
185632  152.7  -62.7    0.35  151.4  100.0    1.22  5.184783e-05  9.833121e-01
183935  150.4  -60.4    0.35  323.4  272.1    1.12  5.160274e-05  9.833637e-01
 15443   32.6   57.4    0.35  134.5   83.1    1.02  5.123804e-05  9.834150e-01
177561  143.6  -53.6    0.35  328.3  276.9    0.92  5.074463e-05  9.834657e-01
170098  137.0  -47.0    0.35  133.4   82.1    0.78  5.058552e-05  9.835163e-01
155850  125.7  -35.7    0.35  322.4  271.0    0.70  5.057794e-05  9.835669e-01
171445  138.1  -48.1    0.35  120.1   68.8    0.80  5.037062e-05  9.836172e-01
 39095   52.8   37.2    0.35  309.0  257.6    0.70  5.035710e-05  9.836676e-01
 20955   38.0   52.0    0.35  310.1  258.8    0.88  5.030726e-05  9.837179e-01
 34482   49.4   40.6    0.35  305.2  253.8    0.70  4.994426e-05  9.837678e-01
181089  147.4  -57.4    0.35  148.8   97.4    1.02  4.989771e-05  9.838177e-01
168676  135.8  -45.8    0.35  116.3   64.9    0.76  4.964888e-05  9.838674e-01
  5053   18.4   71.6    0.35  276.3  224.9    1.80  4.957219e-05  9.839170e-01
 18949   36.0   54.0    0.35  302.0  250.6    0.93  4.930770e-05  9.839663e-01
 14896   31.8   58.2    0.35  289.4  238.0    1.05  4.924024e-05  9.840155e-01
185622  152.7  -62.7    0.35  139.3   87.9    1.22  4.919709e-05  9.840647e-01
 42138   55.0   35.0    0.35  288.6  237.3    0.70  4.912783e-05  9.841138e-01
174902  141.3  -51.3    0.35  116.4   65.0    0.87  4.883706e-05  9.841627e-01
 13874   30.7   59.3    0.35  284.6  233.3    1.08  4.845731e-05  9.842111e-01
184099  150.8  -60.8    0.35  149.8   98.4    1.14  4.837326e-05  9.842595e-01
 39868   53.6   36.4    0.35  132.5   81.2    0.70  4.830438e-05  9.843078e-01
177947  144.0  -54.0    0.35  326.1  274.8    0.93  4.800704e-05  9.843558e-01
 31427   47.0   43.0    0.35  307.8  256.4    0.72  4.782917e-05  9.844036e-01
 28034   44.2   45.8    0.35  322.2  270.9    0.76  4.746823e-05  9.844511e-01
 65730   70.5   19.5    0.35  316.8  265.4    0.70  4.712378e-05  9.844982e-01
 11051   27.3   62.7    0.35  301.0  249.6    1.22  4.704477e-05  9.845453e-01
 58561   66.0   24.0    0.35  316.1  264.7    0.70  4.697043e-05  9.845922e-01
 15958   33.0   57.0    0.35  297.8  246.4    1.01  4.656500e-05  9.846388e-01
 14884   31.8   58.2    0.35  276.8  225.4    1.05  4.650554e-05  9.846853e-01
174508  140.9  -50.9    0.35  137.6   86.2    0.86  4.637417e-05  9.847317e-01
193635  165.7  -75.7    0.35  340.4  289.0    2.31  4.614820e-05  9.847778e-01
181091  147.4  -57.4    0.35  150.9   99.5    1.02  4.565850e-05  9.848235e-01
185620  152.7  -62.7    0.35  136.8   85.4    1.22  4.544678e-05  9.848689e-01
182794  149.3  -59.3    0.35  141.5   90.1    1.08  4.498149e-05  9.849139e-01
 94914   87.9    2.1    0.35  316.4  265.0    0.70  4.473510e-05  9.849587e-01
 37569   51.7   38.3    0.35  315.7  264.3    0.70  4.470385e-05  9.850034e-01
 13534   30.3   59.7    0.35  274.9  223.6    1.10  4.464605e-05  9.850480e-01
 17052   34.1   55.9    0.35  301.8  250.4    0.98  4.409163e-05  9.850921e-01
 39360   53.2   36.8    0.35  135.0   83.6    0.70  4.380294e-05  9.851359e-01
181092  147.4  -57.4    0.35  151.9  100.5    1.02  4.370476e-05  9.851796e-01
 11948   28.4   61.6    0.35  285.8  234.4    1.17  4.317018e-05  9.852228e-01
165767  133.4  -43.4    0.35  115.8   64.4    0.73  4.301264e-05  9.852658e-01
194259  167.5  -77.5    0.35   83.4   32.0    2.65  4.298779e-05  9.853088e-01
 33972   49.0   41.0    0.35  306.9  255.5    0.70  4.287126e-05  9.853517e-01
192132  162.8  -72.8    0.35   69.9   18.5    1.91  4.285786e-05  9.853945e-01
172355  138.9  -48.9    0.35  137.0   85.7    0.82  4.277660e-05  9.854373e-01
  3082   14.3   75.7    0.35  273.5  222.1    2.31  4.247973e-05  9.854798e-01
 20537   37.6   52.4    0.35  300.7  249.4    0.89  4.235842e-05  9.855221e-01
169149  136.2  -46.2    0.35  118.1   66.7    0.77  4.179539e-05  9.855639e-01
 52419   62.0   28.0    0.35  317.5  266.1    0.70  4.177206e-05  9.856057e-01
 47290   58.6   31.4    0.35  311.1  259.8    0.70  4.173033e-05  9.856474e-01
181776  148.2  -58.2    0.35  138.7   87.3    1.05  4.141422e-05  9.856888e-01
 12886   29.6   60.4    0.35  277.3  225.9    1.12  4.114938e-05  9.857300e-01
  3240   14.7   75.3    0.35  271.1  219.8    2.25  4.073200e-05  9.857707e-01
  8005   23.2   66.8    0.35  276.4  225.1    1.43  4.049441e-05  9.858112e-01
190205  159.1  -69.1    0.35  330.8  279.4    1.58  4.040504e-05  9.858516e-01
 28029   44.2   45.8    0.35  318.4  267.1    0.76  4.018142e-05  9.858918e-01
 45760   57.6   32.4    0.35  315.0  263.6    0.70  3.998591e-05  9.859318e-01
182788  149.3  -59.3    0.35  135.0   83.6    1.08  3.981004e-05  9.859716e-01
166548  133.8  -43.8    0.35  325.2  273.9    0.73  3.947239e-05  9.860111e-01
  5255   18.7   71.3    0.35  274.4  223.0    1.76  3.942031e-05  9.860505e-01
188137  156.1  -66.1    0.35  151.6  100.2    1.38  3.939598e-05  9.860899e-01
182789  149.3  -59.3    0.35  136.1   84.7    1.08  3.894293e-05  9.861288e-01
179649  145.9  -55.9    0.35  150.2   98.8    0.98  3.863814e-05  9.861675e-01
 53432   62.7   27.3    0.35  309.7  258.4    0.70  3.860948e-05  9.862061e-01
174093  140.5  -50.5    0.35  143.9   92.5    0.85  3.855898e-05  9.862446e-01
188133  156.1  -66.1    0.35  146.1   94.7    1.38  3.835685e-05  9.862830e-01
 66216   70.8   19.2    0.35  298.1  246.8    0.70  3.819712e-05  9.863212e-01
 26604   43.0   47.0    0.35  300.9  249.5    0.78  3.810890e-05  9.863593e-01
174088  140.5  -50.5    0.35  139.7   88.3    0.85  3.806439e-05  9.863974e-01
170574  137.4  -47.4    0.35  147.2   95.9    0.79  3.796054e-05  9.864353e-01
179640  145.9  -55.9    0.35  141.4   90.0    0.98  3.792466e-05  9.864732e-01
156359  126.1  -36.1    0.35  319.9  268.5    0.70  3.792352e-05  9.865112e-01
 32433   47.8   42.2    0.35  304.4  253.0    0.71  3.782218e-05  9.865490e-01
  2630   13.2   76.8    0.35  276.2  224.9    2.50  3.768314e-05  9.865867e-01
 54452   63.4   26.6    0.35  306.9  255.5    0.70  3.766636e-05  9.866243e-01
 55483   64.1   25.9    0.35  311.8  260.5    0.70  3.749644e-05  9.866618e-01
 33467   48.6   41.4    0.35  311.5  260.1    0.70  3.739606e-05  9.866992e-01
177717  144.0  -54.0    0.35  112.7   61.4    0.93  3.731660e-05  9.867366e-01
 11027   27.3   62.7    0.35  271.8  220.4    1.22  3.726842e-05  9.867738e-01
 55975   64.4   25.6    0.35  297.4  246.0    0.70  3.722466e-05  9.868110e-01
  5462   19.1   70.9    0.35  274.3  223.0    1.73  3.722015e-05  9.868483e-01
176168  142.4  -52.4    0.35  146.6   95.2    0.89  3.685644e-05  9.868851e-01
191692  161.6  -71.6    0.35  332.1  280.7    1.80  3.681576e-05  9.869219e-01
192634  163.5  -73.5    0.35  333.0  281.6    2.00  3.667978e-05  9.869586e-01
 65729   70.5   19.5    0.35  316.1  264.7    0.70  3.663977e-05  9.869953e-01
181775  148.2  -58.2    0.35  137.6   86.2    1.05  3.650312e-05  9.870318e-01
173449  139.7  -49.7    0.35  321.2  269.9    0.83  3.631632e-05  9.870681e-01
 13889   30.7   59.3    0.35  300.9  249.5    1.08  3.626871e-05  9.871043e-01
 63143   68.9   21.1    0.35  297.4  246.0    0.70  3.615908e-05  9.871405e-01
194522  168.3  -78.3    0.35   74.5   23.2    2.81  3.600517e-05  9.871765e-01
171910  138.5  -48.5    0.35  135.0   83.6    0.81  3.599855e-05  9.872125e-01
175746  142.0  -52.0    0.35  132.8   81.4    0.88  3.599847e-05  9.872485e-01
172321  138.9  -48.9    0.35  109.2   57.9    0.82  3.588118e-05  9.872844e-01
  4097   16.5   73.5    0.35  275.0  223.6    2.00  3.581723e-05  9.873202e-01
160972  129.5  -39.5    0.35  323.8  272.4    0.70  3.560828e-05  9.873558e-01
  8271   23.6   66.4    0.35  291.8  240.4    1.41  3.558122e-05  9.873914e-01
186772  154.2  -64.2    0.35  134.4   83.0    1.29  3.510968e-05  9.874265e-01
 24788   41.5   48.5    0.35  298.8  247.4    0.81  3.492420e-05  9.874614e-01
154820  125.0  -35.0    0.35  318.2  266.8    0.70  3.467940e-05  9.874961e-01
145545  118.6  -28.6    0.35  276.7  225.3    0.70  3.442876e-05  9.875305e-01
 20538   37.6   52.4    0.35  301.6  250.3    0.89  3.437406e-05  9.875649e-01
 11347   27.7   62.3    0.35  297.0  245.6    1.20  3.437377e-05  9.875993e-01
 97925   89.7    0.3    0.35  273.5  222.1    0.70  3.425943e-05  9.876335e-01
 32933   48.2   41.8    0.35  296.4  245.0    0.70  3.389435e-05  9.876674e-01
 83139   81.0    9.0    0.35  317.5  266.1    0.70  3.371032e-05  9.877011e-01
127943  107.6  -17.6    0.35  140.3   88.9    0.70  3.341508e-05  9.877346e-01
166543  133.8  -43.8    0.35  321.6  270.2    0.73  3.341382e-05  9.877680e-01
 28497   44.6   45.4    0.35  312.7  261.4    0.76  3.329685e-05  9.878013e-01
157897  127.2  -37.2    0.35  321.7  270.3    0.70  3.312930e-05  9.878344e-01
 53466   62.7   27.3    0.35  333.6  282.3    0.70  3.223500e-05  9.878666e-01
181263  147.4  -57.4    0.35  326.8  275.4    1.02  3.215099e-05  9.878988e-01
184401  151.2  -61.2    0.35  135.6   84.2    1.15  3.192783e-05  9.879307e-01
 13560   30.3   59.7    0.35  303.5  252.1    1.10  3.185400e-05  9.879626e-01
176567  142.8  -52.8    0.35  143.6   92.2    0.90  3.179946e-05  9.879944e-01
 30918   46.6   43.4    0.35  300.8  249.5    0.73  3.177989e-05  9.880261e-01
171911  138.5  -48.5    0.35  135.8   84.4    0.81  3.173575e-05  9.880579e-01
171893  138.5  -48.5    0.35  121.2   69.8    0.81  3.173306e-05  9.880896e-01
184053  150.8  -60.8    0.35   97.4   46.0    1.14  3.148536e-05  9.881211e-01
 55487   64.1   25.9    0.35  314.6  263.3    0.70  3.147562e-05  9.881526e-01
 33443   48.6   41.4    0.35  294.6  243.2    0.70  3.130522e-05  9.881839e-01
172802  139.3  -49.3    0.35  144.1   92.7    0.83  3.122028e-05  9.882151e-01
168473  135.4  -45.4    0.35  321.8  270.4    0.76  3.080432e-05  9.882459e-01
174067  140.5  -50.5    0.35  121.8   70.5    0.85  3.077967e-05  9.882767e-01
 12892   29.6   60.4    0.35  284.1  232.7    1.12  3.073799e-05  9.883074e-01
 48838   59.7   30.3    0.35  319.2  267.8    0.70  3.072912e-05  9.883382e-01
165798  133.4  -43.4    0.35  138.3   86.9    0.73  3.061122e-05  9.883688e-01
 94915   87.9    2.1    0.35  317.1  265.7    0.70  3.059251e-05  9.883994e-01
186780  154.2  -64.2    0.35  144.6   93.3    1.29  3.036586e-05  9.884297e-01
 84160   81.6    8.4    0.35  315.4  264.0    0.70  3.029563e-05  9.884600e-01
179280  145.5  -55.5    0.35  151.5  100.1    0.97  3.019345e-05  9.884902e-01
 17422   34.5   55.5    0.35  300.5  249.1    0.97  3.016085e-05  9.885204e-01
 43704   56.1   33.9    0.35  309.4  258.0    0.70  2.995062e-05  9.885503e-01
194263  167.5  -77.5    0.35   94.0   42.6    2.65  2.993501e-05  9.885803e-01
191146  160.9  -70.9    0.35   87.4   36.0    1.73  2.988074e-05  9.886101e-01
171930  138.5  -48.5    0.35  151.2   99.8    0.81  2.981324e-05  9.886400e-01
185917  153.1  -63.1    0.35  139.9   88.6    1.23  2.980561e-05  9.886698e-01
 28502   44.6   45.4    0.35  316.5  265.1    0.76  2.960251e-05  9.886994e-01
 40128   53.6   36.4    0.35  315.4  264.0    0.70  2.942777e-05  9.887288e-01
 29935   45.8   44.2    0.35  303.6  252.2    0.74  2.931080e-05  9.887581e-01
 30445   46.2   43.8    0.35  317.2  265.8    0.73  2.922926e-05  9.887873e-01
184083  150.8  -60.8    0.35  131.6   80.2    1.14  2.921970e-05  9.888166e-01
 65726   70.5   19.5    0.35  313.9  262.6    0.70  2.894407e-05  9.888455e-01
179259  145.5  -55.5    0.35  131.1   79.8    0.97  2.892815e-05  9.888744e-01
  7032   21.7   68.3    0.35  287.5  236.2    1.53  2.891993e-05  9.889033e-01
  3407   15.0   75.0    0.35  279.9  228.5    2.20  2.883095e-05  9.889322e-01
177741  144.0  -54.0    0.35  135.0   83.6    0.93  2.878709e-05  9.889610e-01
107651   95.4   -5.4    0.35  272.5  221.1    0.70  2.872456e-05  9.889897e-01
 69290   72.7   17.3    0.35  299.5  248.2    0.70  2.870304e-05  9.890184e-01
165793  133.4  -43.4    0.35  134.6   83.3    0.73  2.869226e-05  9.890471e-01
 54979   63.7   26.3    0.35  317.1  265.7    0.70  2.866618e-05  9.890757e-01
179645  145.9  -55.9    0.35  146.2   94.9    0.98  2.864954e-05  9.891044e-01
171894  138.5  -48.5    0.35  122.0   70.7    0.81  2.844917e-05  9.891328e-01
 35008   49.8   40.2    0.35  315.4  264.0    0.70  2.844252e-05  9.891613e-01
114819   99.6   -9.6    0.35  272.5  221.1    0.70  2.840606e-05  9.891897e-01
 32449   47.8   42.2    0.35  315.7  264.3    0.71  2.818376e-05  9.892179e-01
  6110   20.2   69.8    0.35  279.0  227.6    1.64  2.804414e-05  9.892459e-01
 24801   41.5   48.5    0.35  309.3  257.9    0.81  2.798587e-05  9.892739e-01
169618  136.6  -46.6    0.35  119.9   68.5    0.78  2.777156e-05  9.893017e-01
131529  109.8  -19.8    0.35  141.3   90.0    0.70  2.761492e-05  9.893293e-01
  8015   23.2   66.8    0.35  290.7  239.3    1.43  2.760857e-05  9.893569e-01
176165  142.4  -52.4    0.35  143.9   92.5    0.89  2.754197e-05  9.893844e-01
179632  145.9  -55.9    0.35  133.5   82.2    0.98  2.741352e-05  9.894119e-01
 25029   41.9   48.1    0.35  133.0   81.6    0.80  2.730617e-05  9.894392e-01
182802  149.3  -59.3    0.35  150.2   98.8    1.08  2.719440e-05  9.894664e-01
127947  107.6  -17.6    0.35  143.1   91.7    0.70  2.716692e-05  9.894935e-01
 30450   46.2   43.8    0.35  320.9  269.5    0.73  2.712673e-05  9.895207e-01
174510  140.9  -50.9    0.35  139.3   87.9    0.86  2.711561e-05  9.895478e-01
177750  144.0  -54.0    0.35  143.4   92.0    0.93  2.709218e-05  9.895749e-01
144010  117.6  -27.6    0.35  277.0  225.7    0.70  2.703025e-05  9.896019e-01
167521  134.6  -44.6    0.35  325.4  274.0    0.74  2.695983e-05  9.896289e-01
176162  142.4  -52.4    0.35  141.2   89.9    0.89  2.695042e-05  9.896558e-01
 12881   29.6   60.4    0.35  271.7  220.3    1.12  2.667617e-05  9.896825e-01
  8534   23.9   66.1    0.35  297.0  245.6    1.38  2.663129e-05  9.897091e-01
 28484   44.6   45.4    0.35  302.9  251.5    0.76  2.656050e-05  9.897357e-01
173630  140.1  -50.1    0.35  113.1   61.8    0.84  2.649353e-05  9.897622e-01
184369  151.2  -61.2    0.35   98.7   47.3    1.15  2.645138e-05  9.897886e-01
  8278   23.6   66.4    0.35  301.6  250.3    1.41  2.619614e-05  9.898148e-01
  8259   23.6   66.4    0.35  274.9  223.5    1.41  2.613265e-05  9.898409e-01
173014  139.3  -49.3    0.35  319.1  267.8    0.83  2.612074e-05  9.898671e-01
170103  137.0  -47.0    0.35  137.3   86.0    0.78  2.589512e-05  9.898930e-01
150144  121.7  -31.7    0.35  270.0  218.6    0.70  2.551150e-05  9.899185e-01
110210   96.9   -6.9    0.35  271.4  220.0    0.70  2.548441e-05  9.899440e-01
 60069   67.0   23.0    0.35  296.0  244.6    0.70  2.528780e-05  9.899692e-01
 22623   39.5   50.5    0.35  308.6  257.3    0.85  2.479226e-05  9.899940e-01
 74432   75.8   14.2    0.35  315.0  263.6    0.70  7.201912e-03  0.000000e+00
