1164556494.868896 -6.565403e-02
1164556494.869019 -1.627902e-02
1164556494.869141 1.143300e-02
1164556494.869263 1.512584e-02
1164556494.869385 4.077246e-03
1164556494.869507 -4.209087e-02
1164556494.869629 -1.363814e-02
1164556494.869751 3.827659e-02
1164556494.869873 1.025348e-01
1164556494.869995 1.088079e-01
1164556494.870117 7.720629e-02
1164556494.870239 1.520696e-03
1164556494.870361 -7.324154e-02
1164556494.870483 -6.262008e-02
1164556494.870605 -6.357814e-02
1164556494.870728 -8.779926e-02
1164556494.870850 -1.134512e-01
1164556494.870972 -2.438140e-02
1164556494.871094 5.242162e-02
1164556494.871216 7.934598e-02
1164556494.871338 5.780733e-02
1164556494.871460 2.453713e-02
1164556494.871582 7.126533e-03
1164556494.871704 -1.503686e-03
1164556494.871826 4.913602e-02
1164556494.871948 6.135535e-02
1164556494.872070 5.628841e-02
1164556494.872192 -1.122201e-02
1164556494.872314 -6.004670e-02
1164556494.872437 -5.934634e-02
1164556494.872559 -5.578955e-02
1164556494.872681 -5.705684e-02
1164556494.872803 -9.588555e-02
1164556494.872925 -4.584606e-02
1164556494.873047 1.823421e-02
1164556494.873169 7.375720e-02
1164556494.873291 8.523001e-02
1164556494.873413 6.619247e-02
1164556494.873535 3.768001e-02
1164556494.873657 4.848656e-03
1164556494.873779 2.231601e-02
1164556494.873901 2.032625e-02
1164556494.874023 1.680957e-02
1164556494.874146 -2.364945e-03
1164556494.874268 -2.930911e-02
1164556494.874390 -6.702543e-02
1164556494.874512 -8.512660e-02
1164556494.874634 -6.831234e-02
1164556494.874756 -4.614456e-02
1164556494.874878 -1.544486e-02
1164556494.875000 8.631677e-03
1164556494.875122 4.441186e-02
1164556494.875244 6.242851e-02
1164556494.875366 7.295607e-02
1164556494.875488 6.856286e-02
1164556494.875610 4.891653e-02
1164556494.875732 3.240133e-02
1164556494.875854 -7.859104e-03
1164556494.875977 -2.690831e-02
1164556494.876099 -2.608613e-02
1164556494.876221 -1.443536e-02
1164556494.876343 -2.883772e-02
1164556494.876465 -7.585636e-02
1164556494.876587 -1.061565e-01
1164556494.876709 -9.797938e-02
1164556494.876831 -2.820647e-02
1164556494.876953 5.414744e-02
1164556494.877075 6.535610e-02
1164556494.877197 5.366615e-02
1164556494.877319 7.627731e-02
1164556494.877441 1.243171e-01
1164556494.877563 9.585610e-02
1164556494.877686 3.714572e-02
1164556494.877808 -1.520226e-02
1164556494.877930 -6.862167e-02
1164556494.878052 -9.688963e-02
1164556494.878174 -7.353417e-02
1164556494.878296 -2.598542e-02
1164556494.878418 -4.412387e-02
1164556494.878540 -1.030199e-01
1164556494.878662 -1.148341e-01
1164556494.878784 -1.802128e-02
1164556494.878906 9.857079e-02
1164556494.879028 1.221593e-01
1164556494.879150 8.842171e-02
1164556494.879272 6.116746e-02
1164556494.879395 1.151292e-01
1164556494.879517 8.203463e-02
1164556494.879639 3.346071e-02
1164556494.879761 -3.688142e-02
1164556494.879883 -9.440308e-02
1164556494.880005 -1.349200e-01
1164556494.880127 -1.126456e-01
1164556494.880249 -1.783357e-02
1164556494.880371 -3.031419e-02
1164556494.880493 -4.904795e-02
1164556494.880615 -7.026462e-02
1164556494.880737 -2.720251e-02
1164556494.880859 5.422752e-02
1164556494.880981 1.112710e-01
1164556494.881104 1.369058e-01
1164556494.881226 6.931313e-02
1164556494.881348 1.000913e-01
1164556494.881470 1.095603e-01
1164556494.881592 7.167673e-02
1164556494.881714 -6.655101e-02
1164556494.881836 -1.216630e-01
1164556494.881958 -1.391916e-01
1164556494.882080 -1.408540e-01
1164556494.882202 -8.860207e-02
1164556494.882324 -3.679159e-02
1164556494.882446 -6.801668e-03
1164556494.882568 -6.828165e-02
1164556494.882690 -4.174546e-02
1164556494.882812 3.336035e-02
1164556494.882935 1.205856e-01
1164556494.883057 1.544717e-01
1164556494.883179 1.836164e-01
1164556494.883301 2.539005e-01
1164556494.883423 1.525032e-01
1164556494.883545 8.651000e-03
1164556494.883667 -1.785470e-01
1164556494.883789 -2.093152e-01
1164556494.883911 -2.594408e-01
1164556494.884033 -2.068458e-01
1164556494.884155 -8.263402e-02
1164556494.884277 -2.003172e-02
1164556494.884399 -8.584065e-03
1164556494.884521 -1.140944e-02
1164556494.884644 9.300874e-02
1164556494.884766 9.854505e-02
1164556494.884888 1.258018e-01
1164556494.885010 1.896368e-01
1164556494.885132 2.449960e-01
1164556494.885254 2.591980e-01
1164556494.885376 1.369859e-01
1164556494.885498 -3.302907e-02
1164556494.885620 -3.294238e-01
1164556494.885742 -3.851408e-01
1164556494.885864 -3.048334e-01
1164556494.885986 -1.468454e-01
1164556494.886108 -7.285796e-02
1164556494.886230 2.020628e-02
1164556494.886353 6.046101e-02
1164556494.886475 1.091442e-02
1164556494.886597 6.886319e-02
1164556494.886719 1.692999e-01
1164556494.886841 2.669235e-01
1164556494.886963 2.458776e-01
1164556494.887085 2.602951e-01
1164556494.887207 2.599018e-01
1164556494.887329 1.075479e-01
1164556494.887451 -1.346829e-01
1164556494.887573 -4.505430e-01
1164556494.887695 -5.112265e-01
1164556494.887817 -3.888756e-01
1164556494.887939 -1.147544e-01
1164556494.888062 -4.525282e-02
1164556494.888184 1.145114e-02
1164556494.888306 2.989828e-02
1164556494.888428 2.049615e-02
1164556494.888550 8.507935e-02
1164556494.888672 2.909683e-01
1164556494.888794 5.144474e-01
1164556494.888916 5.094067e-01
1164556494.889038 3.915804e-01
1164556494.889160 2.283189e-01
1164556494.889282 -1.428045e-02
1164556494.889404 -3.328172e-01
1164556494.889526 -6.184892e-01
1164556494.889648 -6.511335e-01
1164556494.889771 -6.067330e-01
1164556494.889893 -3.605611e-01
1164556494.890015 -2.195344e-01
1164556494.890137 -1.351160e-01
1164556494.890259 -1.126520e-01
1164556494.890381 1.168697e-01
1164556494.890503 4.813902e-01
1164556494.890625 9.098360e-01
1164556494.890747 1.298517e+00
1164556494.890869 1.545611e+00
1164556494.890991 1.344248e+00
1164556494.891113 7.466020e-01
1164556494.891235 -7.442555e-01
1164556494.891357 -2.731990e+00
1164556494.891479 -3.298223e+00
1164556494.891602 -2.853022e+00
1164556494.891724 -1.536896e+00
1164556494.891846 1.423897e-01
1164556494.891968 1.638845e+00
1164556494.892090 2.711054e+00
1164556494.892212 3.208347e+00
1164556494.892334 2.960483e+00
1164556494.892456 2.062108e+00
1164556494.892578 7.378954e-01
1164556494.892700 -7.578178e-01
1164556494.892822 -2.284556e+00
1164556494.892944 -3.302190e+00
1164556494.893066 -3.579880e+00
1164556494.893188 -3.121252e+00
1164556494.893311 -1.909845e+00
1164556494.893433 -8.903024e-02
1164556494.893555 1.901259e+00
1164556494.893677 3.351775e+00
1164556494.893799 4.094754e+00
1164556494.893921 3.800032e+00
1164556494.894043 2.582347e+00
1164556494.894165 7.382744e-01
1164556494.894287 -1.191175e+00
1164556494.894409 -2.792498e+00
1164556494.894531 -3.855657e+00
1164556494.894653 -3.929406e+00
1164556494.894775 -3.220940e+00
1164556494.894897 -1.799287e+00
1164556494.895020 7.018063e-02
1164556494.895142 1.942560e+00
1164556494.895264 3.348880e+00
1164556494.895386 4.035207e+00
1164556494.895508 4.021022e+00
1164556494.895630 2.861084e+00
1164556494.895752 1.005700e+00
1164556494.895874 -1.217033e+00
1164556494.895996 -3.133965e+00
1164556494.896118 -4.453527e+00
1164556494.896240 -4.545981e+00
1164556494.896362 -3.352786e+00
1164556494.896484 -1.423894e+00
1164556494.896606 9.809983e-01
1164556494.896729 3.172389e+00
1164556494.896851 4.548725e+00
1164556494.896973 4.448187e+00
1164556494.897095 3.282547e+00
1164556494.897217 1.276404e+00
1164556494.897339 -1.161220e+00
1164556494.897461 -3.099877e+00
1164556494.897583 -4.133921e+00
1164556494.897705 -4.006304e+00
1164556494.897827 -3.019625e+00
1164556494.897949 -8.676090e-01
1164556494.898071 1.429484e+00
1164556494.898193 3.156219e+00
1164556494.898315 3.785401e+00
1164556494.898438 3.516547e+00
1164556494.898560 2.351527e+00
1164556494.898682 3.560337e-01
1164556494.898804 -1.576795e+00
1164556494.898926 -3.235643e+00
1164556494.899048 -3.915755e+00
1164556494.899170 -3.601745e+00
1164556494.899292 -1.891521e+00
1164556494.899414 6.974913e-01
1164556494.899536 2.969671e+00
1164556494.899658 4.186453e+00
1164556494.899780 3.849292e+00
1164556494.899902 2.698064e+00
1164556494.900024 3.702372e-01
1164556494.900146 -2.160527e+00
1164556494.900269 -4.221054e+00
1164556494.900391 -4.721857e+00
1164556494.900513 -3.474741e+00
1164556494.900635 -8.504973e-01
1164556494.900757 2.346295e+00
1164556494.900879 4.269603e+00
1164556494.901001 4.580686e+00
1164556494.901123 3.118886e+00
1164556494.901245 7.457724e-01
1164556494.901367 -1.853654e+00
1164556494.901489 -3.493250e+00
1164556494.901611 -3.857493e+00
1164556494.901733 -3.288105e+00
1164556494.901855 -1.169425e+00
1164556494.901978 1.736241e+00
1164556494.902100 4.061645e+00
1164556494.902222 3.883611e+00
1164556494.902344 2.243952e+00
1164556494.902466 -1.418483e-01
1164556494.902588 -2.224713e+00
1164556494.902710 -3.380200e+00
1164556494.902832 -3.133473e+00
1164556494.902954 -1.457634e+00
1164556494.903076 5.103071e-01
1164556494.903198 2.646806e+00
1164556494.903320 3.562683e+00
1164556494.903442 3.231874e+00
1164556494.903564 9.942083e-01
1164556494.903687 -2.364201e+00
1164556494.903809 -4.506409e+00
1164556494.903931 -3.916233e+00
1164556494.904053 -5.715941e-01
1164556494.904175 2.291557e+00
1164556494.904297 3.828064e+00
1164556494.904419 2.994732e+00
1164556494.904541 4.780352e-01
1164556494.904663 -2.316643e+00
1164556494.904785 -3.332316e+00
1164556494.904907 -1.889573e+00
1164556494.905029 5.328102e-01
1164556494.905151 2.966176e+00
1164556494.905273 2.908168e+00
1164556494.905396 1.424822e-01
1164556494.905518 -2.887232e+00
1164556494.905640 -2.743916e+00
1164556494.905762 1.749013e-01
1164556494.905884 2.713287e+00
1164556494.906006 1.836016e+00
1164556494.906128 -2.110052e+00
1164556494.906250 -1.762355e+00
1164556494.906372 1.266801e+00
1164556494.906494 -6.672812e-03
1164556494.906616 3.620470e-01
1164556494.906738 2.330895e-01
1164556494.906860 8.790313e-01
1164556494.906982 -7.652138e-01
1164556494.907104 -7.221273e-01
1164556494.907227 7.125557e-01
1164556494.907349 -1.583995e+00
1164556494.907471 1.332625e+00
1164556494.907593 4.342604e-01
1164556494.907715 9.067201e-02
1164556494.907837 -2.389264e-01
1164556494.907959 -1.288806e+00
1164556494.908081 7.126041e-01
1164556494.908203 -4.803835e-01
1164556494.908325 9.303294e-01
1164556494.908447 -6.674984e-01
1164556494.908569 7.057880e-02
1164556494.908691 9.080588e-01
1164556494.908813 -2.485116e-01
1164556494.908936 4.893527e-01
1164556494.909058 -5.994477e-01
1164556494.909180 -4.893816e-01
1164556494.909302 -3.136229e-02
1164556494.909424 -3.590821e-01
1164556494.909546 1.086699e+00
1164556494.909668 1.236808e-01
1164556494.909790 -5.163603e-01
1164556494.909912 -1.638594e-01
1164556494.910034 -7.502451e-01
1164556494.910156 7.450828e-01
1164556494.910278 2.597259e-01
1164556494.910400 -3.260209e-01
1164556494.910522 4.049987e-01
1164556494.910645 -1.483850e-01
1164556494.910767 3.320712e-01
1164556494.910889 1.652663e-01
1164556494.911011 -5.435431e-01
1164556494.911133 1.962338e-01
1164556494.911255 -6.122699e-01
1164556494.911377 -5.256646e-02
1164556494.911499 6.411716e-01
1164556494.911621 -2.012053e-01
1164556494.911743 3.322469e-01
1164556494.911865 -4.248535e-01
1164556494.911987 -2.485970e-01
1164556494.912109 2.695815e-01
1164556494.912231 -2.055212e-01
1164556494.912354 5.507152e-01
1164556494.912476 -2.651178e-01
1164556494.912598 -6.222911e-02
1164556494.912720 5.403903e-01
1164556494.912842 -2.309637e-01
1164556494.912964 7.040560e-02
1164556494.913086 -2.861311e-01
1164556494.913208 -3.278092e-01
1164556494.913330 2.175087e-01
1164556494.913452 -2.441288e-01
1164556494.913574 3.971467e-01
1164556494.913696 2.124848e-01
1164556494.913818 -3.813198e-01
1164556494.913940 1.802274e-01
1164556494.914062 -4.076586e-01
1164556494.914185 1.108393e-01
1164556494.914307 1.569355e-01
1164556494.914429 -1.649005e-01
1164556494.914551 6.769364e-01
1164556494.914673 -6.199313e-02
1164556494.914795 3.377383e-02
1164556494.914917 -9.916869e-02
1164556494.915039 -5.018826e-01
1164556494.915161 1.958616e-02
1164556494.915283 -2.276590e-01
1164556494.915405 8.077571e-02
1164556494.915527 4.358743e-01
1164556494.915649 -1.762586e-01
1164556494.915771 1.647539e-01
1164556494.915894 2.088366e-02
1164556494.916016 -3.198834e-01
1164556494.916138 1.047613e-01
1164556494.916260 -2.262831e-01
1164556494.916382 3.303217e-01
1164556494.916504 3.041223e-01
1164556494.916626 1.862350e-02
1164556494.916748 2.686127e-01
1164556494.916870 -5.876082e-01
1164556494.916992 -2.428818e-01
1164556494.917114 -1.124113e-01
1164556494.917236 -9.438412e-02
1164556494.917358 3.538789e-01
1164556494.917480 4.377821e-02
1164556494.917603 1.999878e-01
1164556494.917725 4.010371e-02
1164556494.917847 -3.300416e-01
1164556494.917969 8.947222e-02
1164556494.918091 -1.436749e-01
1164556494.918213 -5.320971e-02
1164556494.918335 3.648436e-01
1164556494.918457 4.230644e-02
1164556494.918579 3.154146e-01
1164556494.918701 -1.425444e-01
1164556494.918823 -4.159897e-01
1164556494.918945 -1.000306e-01
1164556494.919067 -3.777599e-01
1164556494.919189 3.701309e-01
1164556494.919312 1.630570e-01
1164556494.919434 2.754389e-02
1164556494.919556 2.656268e-01
1164556494.919678 -3.137744e-01
1164556494.919800 -3.572874e-02
1164556494.919922 -9.009066e-02
1164556494.920044 -7.213539e-02
1164556494.920166 2.931641e-01
1164556494.920288 1.173691e-02
1164556494.920410 2.797340e-01
1164556494.920532 5.081896e-02
1164556494.920654 -3.189309e-01
1164556494.920776 -1.128905e-01
1164556494.920898 -3.512500e-01
1164556494.921021 3.295767e-02
1164556494.921143 2.189827e-01
1164556494.921265 8.756059e-02
1164556494.921387 2.970473e-01
1164556494.921509 -1.944128e-01
1164556494.921631 -5.222596e-02
1164556494.921753 -1.000622e-01
1164556494.921875 -1.891366e-01
1164556494.921997 2.341528e-01
1164556494.922119 2.178079e-02
1164556494.922241 2.499817e-01
1164556494.922363 1.505308e-01
1164556494.922485 -1.763443e-01
1164556494.922607 -5.896045e-02
1164556494.922729 -3.805982e-01
1164556494.922852 -7.217778e-02
1164556494.922974 7.635738e-02
1164556494.923096 8.741118e-02
1164556494.923218 2.904595e-01
1164556494.923340 -7.999043e-02
1164556494.923462 1.121101e-02
1164556494.923584 -7.592517e-02
1164556494.923706 -1.769939e-01
1164556494.923828 1.378467e-01
1164556494.923950 -5.046203e-02
1164556494.924072 1.664919e-01
1164556494.924194 8.496759e-02
1164556494.924316 6.484571e-03
1164556494.924438 1.237036e-01
1164556494.924561 -3.106676e-01
1164556494.924683 -1.195169e-01
1164556494.924805 -7.782199e-02
1164556494.924927 -2.336339e-02
1164556494.925049 2.592161e-01
1164556494.925171 -5.110438e-02
1164556494.925293 1.268175e-01
1164556494.925415 -9.134878e-02
1164556494.925537 -1.005248e-01
1164556494.925659 1.079516e-01
1164556494.925781 -1.380292e-01
1164556494.925903 1.833731e-01
1164556494.926025 3.721444e-03
1164556494.926147 1.853673e-02
1164556494.926270 1.164628e-01
1164556494.926392 -1.156539e-01
1164556494.926514 3.844874e-02
1164556494.926636 -2.476779e-01
1164556494.926758 -2.638685e-02
1164556494.926880 4.659721e-02
1164556494.927002 -3.708124e-02
1164556494.927124 1.696901e-01
1164556494.927246 -5.952951e-02
1164556494.927368 4.971655e-02
1164556494.927490 -3.100911e-02
1164556494.927612 -5.774599e-02
1164556494.927734 1.229753e-01
1164556494.927856 -1.066215e-01
1164556494.927979 1.446256e-01
1164556494.928101 5.475717e-02
1164556494.928223 -5.888094e-02
1164556494.928345 6.486798e-02
1164556494.928467 -1.689990e-01
1164556494.928589 1.010800e-02
