1164556494.735474 7.979966e-03
1164556494.735596 7.487963e-03
1164556494.735718 5.882813e-03
1164556494.735840 3.967099e-03
1164556494.735962 1.101093e-03
1164556494.736084 -1.888831e-03
1164556494.736206 -3.427167e-03
1164556494.736328 -4.521833e-03
1164556494.736450 -5.196320e-03
1164556494.736572 -4.039561e-03
1164556494.736694 -1.764166e-03
1164556494.736816 -2.335345e-04
1164556494.736938 5.137001e-04
1164556494.737061 1.895648e-03
1164556494.737183 2.861023e-03
1164556494.737305 2.975385e-03
1164556494.737427 3.322216e-03
1164556494.737549 2.612092e-03
1164556494.737671 1.499102e-03
1164556494.737793 3.790562e-04
1164556494.737915 -8.829200e-04
1164556494.738037 -2.109027e-03
1164556494.738159 -2.810276e-03
1164556494.738281 -2.612065e-03
1164556494.738403 -2.563244e-03
1164556494.738525 -1.952869e-03
1164556494.738647 -9.519239e-04
1164556494.738770 -7.395885e-04
1164556494.738892 3.997623e-04
1164556494.739014 1.997343e-03
1164556494.739136 3.137604e-03
1164556494.739258 3.453959e-03
1164556494.739380 2.891275e-03
1164556494.739502 1.989172e-03
1164556494.739624 4.276394e-04
1164556494.739746 -5.286234e-04
1164556494.739868 -1.327315e-03
1164556494.739990 -2.237740e-03
1164556494.740112 -2.262638e-03
1164556494.740234 -2.907277e-03
1164556494.740356 -3.003067e-03
1164556494.740479 -1.841762e-03
1164556494.740601 -4.294807e-04
1164556494.740723 3.034254e-05
1164556494.740845 4.924285e-04
1164556494.740967 2.397136e-03
1164556494.741089 3.965604e-03
1164556494.741211 4.537396e-03
1164556494.741333 3.452092e-03
1164556494.741455 1.630793e-03
1164556494.741577 3.890672e-04
1164556494.741699 -1.134634e-03
1164556494.741821 -2.709875e-03
1164556494.741943 -3.825737e-03
1164556494.742065 -3.910419e-03
1164556494.742188 -3.601350e-03
1164556494.742310 -3.454020e-03
1164556494.742432 -2.424009e-03
1164556494.742554 -2.520481e-04
1164556494.742676 2.369364e-03
1164556494.742798 4.155423e-03
1164556494.742920 5.632220e-03
1164556494.743042 6.330959e-03
1164556494.743164 5.216784e-03
1164556494.743286 2.640105e-03
1164556494.743408 -1.159825e-03
1164556494.743530 -4.539867e-03
1164556494.743652 -5.993924e-03
1164556494.743774 -5.166633e-03
1164556494.743896 -4.038579e-03
1164556494.744019 -3.169813e-03
1164556494.744141 -1.512551e-03
1164556494.744263 5.861857e-04
1164556494.744385 2.128227e-03
1164556494.744507 3.101502e-03
1164556494.744629 3.689877e-03
1164556494.744751 3.795943e-03
1164556494.744873 3.683141e-03
1164556494.744995 2.633888e-03
1164556494.745117 1.102562e-03
1164556494.745239 -2.831826e-05
1164556494.745361 -1.454064e-03
1164556494.745483 -3.193569e-03
1164556494.745605 -4.407405e-03
1164556494.745728 -4.649242e-03
1164556494.745850 -3.401227e-03
1164556494.745972 -1.832948e-03
1164556494.746094 -8.047777e-04
1164556494.746216 4.645954e-04
1164556494.746338 2.113146e-03
1164556494.746460 3.626697e-03
1164556494.746582 4.406668e-03
1164556494.746704 4.755589e-03
1164556494.746826 3.594993e-03
1164556494.746948 1.730034e-03
1164556494.747070 4.325217e-04
1164556494.747192 -1.364194e-03
1164556494.747314 -3.885248e-03
1164556494.747437 -5.581308e-03
1164556494.747559 -5.287925e-03
1164556494.747681 -3.870615e-03
1164556494.747803 -1.610016e-03
1164556494.747925 8.672817e-04
1164556494.748047 2.147178e-03
1164556494.748169 2.873252e-03
1164556494.748291 3.431736e-03
1164556494.748413 3.240805e-03
1164556494.748535 2.440676e-03
1164556494.748657 1.793389e-03
1164556494.748779 9.449750e-04
1164556494.748901 -5.872206e-04
1164556494.749023 -1.406850e-03
1164556494.749146 -1.454795e-03
1164556494.749268 -1.938758e-03
1164556494.749390 -2.491702e-03
1164556494.749512 -2.196088e-03
1164556494.749634 -1.891272e-03
1164556494.749756 -1.926864e-03
1164556494.749878 -4.819479e-04
1164556494.750000 1.190473e-03
1164556494.750122 1.842267e-03
1164556494.750244 2.471811e-03
1164556494.750366 2.797268e-03
1164556494.750488 1.981107e-03
1164556494.750610 1.362517e-03
1164556494.750732 1.495950e-03
1164556494.750854 5.004642e-04
1164556494.750977 -1.036846e-03
1164556494.751099 -1.462378e-03
1164556494.751221 -2.157629e-03
1164556494.751343 -2.767222e-03
1164556494.751465 -2.278072e-03
1164556494.751587 -2.010968e-03
1164556494.751709 -1.320937e-03
1164556494.751831 7.828064e-04
1164556494.751953 1.976583e-03
1164556494.752075 1.403101e-03
1164556494.752197 1.240582e-03
1164556494.752319 1.688368e-03
1164556494.752441 1.438801e-03
1164556494.752563 1.053404e-03
1164556494.752686 5.367909e-04
1164556494.752808 9.575407e-05
1164556494.752930 6.038357e-04
1164556494.753052 5.346142e-04
1164556494.753174 -7.155944e-04
1164556494.753296 -1.850106e-03
1164556494.753418 -2.434321e-03
1164556494.753540 -2.771897e-03
1164556494.753662 -2.690334e-03
1164556494.753784 -1.757671e-03
1164556494.753906 -1.437685e-04
1164556494.754028 1.922510e-03
1164556494.754150 2.982155e-03
1164556494.754272 2.275559e-03
1164556494.754395 1.747799e-03
1164556494.754517 2.013943e-03
1164556494.754639 1.687765e-03
1164556494.754761 8.488816e-04
1164556494.754883 6.867425e-05
1164556494.755005 -1.460889e-04
1164556494.755127 -1.358136e-04
1164556494.755249 -1.370811e-03
1164556494.755371 -3.430381e-03
1164556494.755493 -4.402349e-03
1164556494.755615 -3.718082e-03
1164556494.755737 -3.148871e-03
1164556494.755859 -1.832135e-03
1164556494.755981 1.300335e-03
1164556494.756104 4.270883e-03
1164556494.756226 5.952240e-03
1164556494.756348 5.626809e-03
1164556494.756470 4.054623e-03
1164556494.756592 2.646309e-03
1164556494.756714 5.608567e-04
1164556494.756836 -1.601563e-03
1164556494.756958 -3.128666e-03
1164556494.757080 -4.045579e-03
1164556494.757202 -5.236460e-03
1164556494.757324 -6.245285e-03
1164556494.757446 -4.494171e-03
1164556494.757568 -1.479014e-03
1164556494.757690 1.648568e-03
1164556494.757812 4.183996e-03
1164556494.757935 5.316195e-03
1164556494.758057 5.567667e-03
1164556494.758179 4.775619e-03
1164556494.758301 2.932133e-03
1164556494.758423 2.050555e-04
1164556494.758545 -2.119883e-03
1164556494.758667 -3.094277e-03
1164556494.758789 -3.230802e-03
1164556494.758911 -2.250505e-03
1164556494.759033 -9.922231e-04
1164556494.759155 -1.442764e-03
1164556494.759277 -1.882129e-03
1164556494.759399 -1.927898e-03
1164556494.759521 -1.401210e-03
1164556494.759644 -1.109518e-04
1164556494.759766 1.288873e-03
1164556494.759888 2.848030e-03
1164556494.760010 3.893597e-03
1164556494.760132 4.032267e-03
1164556494.760254 2.891550e-03
1164556494.760376 1.337794e-03
1164556494.760498 -3.431051e-05
1164556494.760620 -1.727916e-03
1164556494.760742 -2.954502e-03
1164556494.760864 -2.879235e-03
1164556494.760986 -2.029637e-03
1164556494.761108 -1.335071e-03
1164556494.761230 -1.733032e-03
1164556494.761353 -1.889694e-03
1164556494.761475 -8.815001e-04
1164556494.761597 3.419217e-04
1164556494.761719 9.465968e-04
1164556494.761841 1.389253e-03
1164556494.761963 2.576763e-03
1164556494.762085 3.454456e-03
1164556494.762207 2.895677e-03
1164556494.762329 2.266761e-03
1164556494.762451 2.121200e-03
1164556494.762573 5.951721e-04
1164556494.762695 -1.166391e-03
1164556494.762817 -2.641222e-03
1164556494.762939 -3.822615e-03
1164556494.763062 -4.529338e-03
1164556494.763184 -4.565497e-03
1164556494.763306 -3.805796e-03
1164556494.763428 -2.529494e-03
1164556494.763550 5.148021e-04
1164556494.763672 4.237527e-03
1164556494.763794 5.537198e-03
1164556494.763916 5.630846e-03
1164556494.764038 5.854803e-03
1164556494.764160 4.489911e-03
1164556494.764282 1.037882e-03
1164556494.764404 -2.213987e-03
1164556494.764526 -4.228431e-03
1164556494.764648 -5.206844e-03
1164556494.764771 -4.457493e-03
1164556494.764893 -3.136153e-03
1164556494.765015 -2.143091e-03
1164556494.765137 -5.733819e-04
1164556494.765259 5.408931e-04
1164556494.765381 1.668748e-04
1164556494.765503 4.234668e-04
1164556494.765625 2.328994e-03
1164556494.765747 3.624822e-03
1164556494.765869 3.901469e-03
1164556494.765991 3.777535e-03
1164556494.766113 3.050363e-03
1164556494.766235 9.037678e-04
1164556494.766357 -1.556453e-03
1164556494.766479 -2.750623e-03
1164556494.766602 -3.914238e-03
1164556494.766724 -4.208740e-03
1164556494.766846 -2.843306e-03
1164556494.766968 -1.720248e-03
1164556494.767090 -1.263039e-03
1164556494.767212 -1.585929e-05
1164556494.767334 1.234003e-03
1164556494.767456 1.134883e-03
1164556494.767578 1.609785e-03
1164556494.767700 2.773043e-03
1164556494.767822 3.131707e-03
1164556494.767944 2.817056e-03
1164556494.768066 2.543925e-03
1164556494.768188 1.373996e-03
1164556494.768311 -6.364840e-04
1164556494.768433 -1.788259e-03
1164556494.768555 -2.370374e-03
1164556494.768677 -3.321748e-03
1164556494.768799 -3.224229e-03
1164556494.768921 -2.360601e-03
1164556494.769043 -2.296629e-03
1164556494.769165 -2.006414e-03
1164556494.769287 -4.556452e-04
1164556494.769409 1.205589e-03
1164556494.769531 2.333744e-03
1164556494.769653 2.992542e-03
1164556494.769775 3.951074e-03
1164556494.769897 4.591223e-03
1164556494.770020 4.693684e-03
1164556494.770142 3.626149e-03
1164556494.770264 5.910815e-04
1164556494.770386 -2.665063e-03
1164556494.770508 -5.533403e-03
1164556494.770630 -8.090024e-03
1164556494.770752 -7.517353e-03
1164556494.770874 -3.817737e-03
1164556494.770996 -4.060815e-04
1164556494.771118 1.361100e-03
1164556494.771240 2.526406e-03
1164556494.771362 4.117792e-03
1164556494.771484 4.928728e-03
1164556494.771606 4.535264e-03
1164556494.771729 3.657439e-03
1164556494.771851 2.879257e-03
1164556494.771973 2.015042e-03
1164556494.772095 -2.950942e-04
1164556494.772217 -3.235559e-03
1164556494.772339 -4.943343e-03
1164556494.772461 -5.803369e-03
1164556494.772583 -5.043440e-03
1164556494.772705 -2.608438e-03
1164556494.772827 -4.131625e-04
1164556494.772949 1.003362e-03
1164556494.773071 1.642263e-03
1164556494.773193 2.106306e-03
1164556494.773315 2.963927e-03
1164556494.773438 3.506206e-03
1164556494.773560 2.719617e-03
1164556494.773682 1.526513e-03
1164556494.773804 8.077737e-04
1164556494.773926 3.859071e-04
1164556494.774048 -1.467197e-04
1164556494.774170 -1.129491e-03
1164556494.774292 -1.601383e-03
1164556494.774414 -1.417015e-03
1164556494.774536 -2.433774e-03
1164556494.774658 -3.762942e-03
1164556494.774780 -3.152325e-03
1164556494.774902 -1.507383e-03
1164556494.775024 -3.630893e-04
1164556494.775146 2.304417e-04
1164556494.775269 1.296690e-03
1164556494.775391 2.698716e-03
1164556494.775513 4.233099e-03
1164556494.775635 5.389976e-03
1164556494.775757 4.552342e-03
1164556494.775879 2.648494e-03
1164556494.776001 8.860917e-04
1164556494.776123 -2.070297e-03
1164556494.776245 -5.227132e-03
1164556494.776367 -6.544232e-03
1164556494.776489 -5.106152e-03
1164556494.776611 -2.762881e-03
1164556494.776733 -7.750993e-04
1164556494.776855 8.782781e-04
1164556494.776978 6.332958e-04
1164556494.777100 -4.425985e-05
1164556494.777222 7.295629e-04
1164556494.777344 2.380576e-03
1164556494.777466 3.975196e-03
1164556494.777588 5.785267e-03
1164556494.777710 6.186720e-03
1164556494.777832 3.628758e-03
1164556494.777954 7.611999e-04
1164556494.778076 -1.533939e-03
1164556494.778198 -5.422919e-03
1164556494.778320 -8.174433e-03
1164556494.778442 -7.508804e-03
1164556494.778564 -5.406069e-03
1164556494.778687 -3.284512e-03
1164556494.778809 -5.318533e-04
1164556494.778931 1.832014e-03
1164556494.779053 3.409464e-03
1164556494.779175 5.997067e-03
1164556494.779297 8.181462e-03
1164556494.779419 7.607681e-03
1164556494.779541 5.108372e-03
1164556494.779663 2.060782e-03
1164556494.779785 -1.171486e-03
1164556494.779907 -4.211088e-03
1164556494.780029 -6.445515e-03
1164556494.780151 -8.081706e-03
1164556494.780273 -7.476640e-03
1164556494.780396 -4.840695e-03
1164556494.780518 -2.329576e-03
1164556494.780640 5.387484e-04
1164556494.780762 3.799845e-03
1164556494.780884 6.616662e-03
1164556494.781006 7.338386e-03
1164556494.781128 5.903348e-03
1164556494.781250 3.536253e-03
1164556494.781372 8.922480e-04
1164556494.781494 -1.125120e-03
1164556494.781616 -3.216837e-03
1164556494.781738 -4.248212e-03
1164556494.781860 -3.667356e-03
1164556494.781982 -2.497464e-03
1164556494.782104 -1.553028e-03
1164556494.782227 -7.141916e-05
1164556494.782349 6.261576e-04
1164556494.782471 -9.263453e-06
1164556494.782593 2.950569e-04
1164556494.782715 9.417868e-04
1164556494.782837 2.159937e-04
1164556494.782959 -2.455509e-04
1164556494.783081 -5.564037e-04
1164556494.783203 -2.808124e-04
1164556494.783325 1.044374e-03
1164556494.783447 3.214444e-03
1164556494.783569 4.020774e-03
1164556494.783691 3.739305e-03
1164556494.783813 3.826932e-03
1164556494.783936 1.175180e-03
1164556494.784058 -3.224717e-03
1164556494.784180 -6.363303e-03
1164556494.784302 -7.655218e-03
1164556494.784424 -7.146822e-03
1164556494.784546 -4.828175e-03
1164556494.784668 -1.564974e-03
1164556494.784790 1.227581e-03
1164556494.784912 4.299205e-03
1164556494.785034 7.371672e-03
1164556494.785156 8.196813e-03
1164556494.785278 6.385102e-03
1164556494.785400 4.268449e-03
1164556494.785522 2.433136e-03
1164556494.785645 -5.320799e-05
1164556494.785767 -2.980560e-03
1164556494.785889 -5.566775e-03
1164556494.786011 -7.625116e-03
1164556494.786133 -8.187359e-03
1164556494.786255 -7.658708e-03
1164556494.786377 -5.226363e-03
1164556494.786499 -5.679935e-04
1164556494.786621 4.892642e-03
1164556494.786743 8.710832e-03
1164556494.786865 8.640690e-03
1164556494.786987 6.696022e-03
1164556494.787109 4.419503e-03
1164556494.787231 1.598553e-03
1164556494.787354 -7.180904e-04
1164556494.787476 -2.719303e-03
1164556494.787598 -3.723696e-03
1164556494.787720 -3.202615e-03
1164556494.787842 -2.755232e-03
1164556494.787964 -3.146688e-03
1164556494.788086 -4.011815e-03
1164556494.788208 -4.399739e-03
1164556494.788330 -2.915514e-03
1164556494.788452 1.305026e-04
1164556494.788574 2.826409e-03
1164556494.788696 4.337310e-03
1164556494.788818 5.224445e-03
1164556494.788940 5.202204e-03
1164556494.789062 4.287710e-03
1164556494.789185 2.618556e-03
1164556494.789307 9.976799e-04
1164556494.789429 -4.928653e-04
1164556494.789551 -2.184146e-03
1164556494.789673 -3.349125e-03
1164556494.789795 -4.525095e-03
1164556494.789917 -5.181706e-03
1164556494.790039 -4.165234e-03
1164556494.790161 -3.026521e-03
1164556494.790283 -2.208432e-03
1164556494.790405 -7.651792e-04
1164556494.790527 1.984537e-03
1164556494.790649 5.222684e-03
1164556494.790771 6.487061e-03
1164556494.790894 5.927977e-03
1164556494.791016 4.002444e-03
1164556494.791138 1.889205e-03
1164556494.791260 7.863626e-04
1164556494.791382 -8.184334e-04
1164556494.791504 -2.975105e-03
1164556494.791626 -3.798575e-03
1164556494.791748 -3.816025e-03
1164556494.791870 -4.438857e-03
1164556494.791992 -4.981056e-03
1164556494.792114 -4.045303e-03
1164556494.792236 -1.707909e-03
1164556494.792358 7.830228e-04
1164556494.792480 3.109505e-03
1164556494.792603 4.379279e-03
1164556494.792725 4.892605e-03
1164556494.792847 5.055842e-03
1164556494.792969 5.106628e-03
1164556494.793091 3.673838e-03
1164556494.793213 1.235620e-03
1164556494.793335 -4.872769e-04
1164556494.793457 -2.125127e-03
1164556494.793579 -4.056562e-03
1164556494.793701 -6.188240e-03
1164556494.793823 -6.927666e-03
1164556494.793945 -6.172077e-03
1164556494.794067 -4.453773e-03
1164556494.794189 -1.848225e-03
1164556494.794312 7.211603e-04
1164556494.794434 4.173770e-03
1164556494.794556 7.833880e-03
1164556494.794678 9.072059e-03
1164556494.794800 8.348852e-03
1164556494.794922 5.998207e-03
1164556494.795044 2.441507e-03
1164556494.795166 -2.282060e-03
1164556494.795288 -6.220629e-03
1164556494.795410 -8.270680e-03
1164556494.795532 -8.811996e-03
1164556494.795654 -6.134323e-03
1164556494.795776 -1.936758e-03
1164556494.795898 1.687071e-03
1164556494.796021 2.618091e-03
1164556494.796143 1.346285e-03
1164556494.796265 2.370158e-04
1164556494.796387 1.469870e-03
1164556494.796509 3.440349e-03
1164556494.796631 3.787425e-03
1164556494.796753 4.271668e-03
1164556494.796875 4.699772e-03
1164556494.796997 3.061310e-03
1164556494.797119 4.700754e-04
1164556494.797241 -2.927961e-03
1164556494.797363 -5.508597e-03
1164556494.797485 -5.556791e-03
1164556494.797607 -3.724498e-03
1164556494.797729 -2.726565e-03
1164556494.797852 -2.611401e-03
1164556494.797974 -1.760892e-03
1164556494.798096 -1.399659e-03
1164556494.798218 -5.478641e-04
1164556494.798340 2.423627e-03
1164556494.798462 5.215170e-03
1164556494.798584 6.237869e-03
1164556494.798706 6.688391e-03
1164556494.798828 6.054771e-03
1164556494.798950 2.670467e-03
1164556494.799072 -5.427903e-04
1164556494.799194 -2.156472e-03
1164556494.799316 -4.402765e-03
1164556494.799438 -6.490746e-03
1164556494.799561 -6.776424e-03
1164556494.799683 -6.455318e-03
1164556494.799805 -5.384066e-03
1164556494.799927 -2.795578e-03
1164556494.800049 2.369534e-04
1164556494.800171 3.318990e-03
1164556494.800293 6.994432e-03
1164556494.800415 8.306260e-03
1164556494.800537 7.384519e-03
1164556494.800659 6.051180e-03
1164556494.800781 4.343501e-03
1164556494.800903 7.971048e-04
1164556494.801025 -2.642715e-03
1164556494.801147 -4.830652e-03
1164556494.801270 -6.868762e-03
1164556494.801392 -7.333851e-03
1164556494.801514 -6.372725e-03
1164556494.801636 -5.010527e-03
1164556494.801758 -2.171512e-03
1164556494.801880 8.759726e-05
1164556494.802002 1.124143e-03
1164556494.802124 2.268146e-03
1164556494.802246 5.133839e-03
1164556494.802368 8.847248e-03
1164556494.802490 9.811744e-03
1164556494.802612 7.326783e-03
1164556494.802734 2.857583e-03
1164556494.802856 -1.530815e-03
1164556494.802979 -4.614718e-03
1164556494.803101 -7.309725e-03
1164556494.803223 -8.777768e-03
1164556494.803345 -7.231217e-03
1164556494.803467 -3.655279e-03
1164556494.803589 -1.955417e-03
1164556494.803711 -1.098000e-03
1164556494.803833 7.797951e-04
1164556494.803955 2.172409e-03
1164556494.804077 3.479561e-03
1164556494.804199 5.934614e-03
1164556494.804321 7.143027e-03
1164556494.804443 5.736800e-03
1164556494.804565 3.274387e-03
1164556494.804688 1.257266e-03
1164556494.804810 -7.627067e-04
1164556494.804932 -1.709155e-03
1164556494.805054 -2.427190e-03
1164556494.805176 -4.893060e-03
1164556494.805298 -6.044004e-03
1164556494.805420 -5.409812e-03
1164556494.805542 -5.840584e-03
1164556494.805664 -5.205185e-03
1164556494.805786 -2.181013e-03
1164556494.805908 1.431920e-03
1164556494.806030 3.555438e-03
1164556494.806152 5.425838e-03
1164556494.806274 8.891639e-03
1164556494.806396 1.128606e-02
1164556494.806519 1.012117e-02
1164556494.806641 6.250559e-03
1164556494.806763 6.873243e-04
1164556494.806885 -5.108238e-03
1164556494.807007 -9.608200e-03
1164556494.807129 -1.241408e-02
1164556494.807251 -1.280831e-02
1164556494.807373 -9.769498e-03
1164556494.807495 -4.492782e-03
1164556494.807617 -3.830988e-04
1164556494.807739 3.058041e-03
1164556494.807861 7.673193e-03
1164556494.807983 9.593490e-03
1164556494.808105 8.974553e-03
1164556494.808228 9.327857e-03
1164556494.808350 8.820586e-03
1164556494.808472 5.639284e-03
1164556494.808594 1.662939e-03
1164556494.808716 -2.473741e-03
1164556494.808838 -7.941205e-03
1164556494.808960 -1.225731e-02
1164556494.809082 -1.341310e-02
1164556494.809204 -1.231182e-02
1164556494.809326 -8.985163e-03
1164556494.809448 -3.015199e-03
1164556494.809570 3.907839e-03
1164556494.809692 8.457966e-03
1164556494.809814 1.122904e-02
1164556494.809937 1.264819e-02
1164556494.810059 1.155299e-02
1164556494.810181 8.275355e-03
1164556494.810303 4.470180e-03
1164556494.810425 -5.372722e-04
1164556494.810547 -5.439635e-03
1164556494.810669 -8.615856e-03
1164556494.810791 -1.066461e-02
1164556494.810913 -1.103853e-02
1164556494.811035 -9.003878e-03
1164556494.811157 -5.470832e-03
1164556494.811279 -2.036500e-03
1164556494.811401 1.300784e-03
1164556494.811523 5.431590e-03
1164556494.811646 8.151283e-03
1164556494.811768 8.567686e-03
1164556494.811890 7.695451e-03
1164556494.812012 6.642326e-03
1164556494.812134 5.815119e-03
1164556494.812256 3.820107e-03
1164556494.812378 3.014220e-04
1164556494.812500 -3.563115e-03
1164556494.812622 -6.583379e-03
1164556494.812744 -8.703354e-03
1164556494.812866 -1.103169e-02
1164556494.812988 -1.153985e-02
1164556494.813110 -8.322694e-03
1164556494.813232 -2.624683e-03
1164556494.813354 3.199295e-03
1164556494.813477 8.261886e-03
1164556494.813599 1.181962e-02
1164556494.813721 1.269745e-02
1164556494.813843 9.948984e-03
1164556494.813965 5.186903e-03
1164556494.814087 1.198033e-03
1164556494.814209 -1.724173e-03
1164556494.814331 -4.295310e-03
1164556494.814453 -7.094516e-03
1164556494.814575 -8.544420e-03
1164556494.814697 -7.413191e-03
1164556494.814819 -6.441395e-03
1164556494.814941 -4.742209e-03
1164556494.815063 -2.708113e-03
1164556494.815186 -2.656524e-04
1164556494.815308 3.844170e-03
1164556494.815430 7.554869e-03
1164556494.815552 8.085665e-03
1164556494.815674 7.011886e-03
1164556494.815796 5.769633e-03
1164556494.815918 3.455025e-03
1164556494.816040 1.080897e-04
1164556494.816162 -8.963912e-04
1164556494.816284 -1.276377e-03
1164556494.816406 -3.321980e-03
1164556494.816528 -6.156414e-03
1164556494.816650 -6.945799e-03
1164556494.816772 -6.098497e-03
1164556494.816895 -4.952088e-03
1164556494.817017 -3.445546e-03
1164556494.817139 -9.881355e-04
1164556494.817261 2.006271e-03
1164556494.817383 5.861451e-03
1164556494.817505 8.420833e-03
1164556494.817627 7.178791e-03
1164556494.817749 5.212923e-03
1164556494.817871 2.832330e-03
1164556494.817993 2.644325e-04
1164556494.818115 -2.227675e-04
1164556494.818237 3.021859e-04
1164556494.818359 -5.584927e-04
1164556494.818481 -3.761753e-03
1164556494.818604 -5.879033e-03
1164556494.818726 -7.410508e-03
1164556494.818848 -9.104982e-03
1164556494.818970 -7.473683e-03
1164556494.819092 -3.037713e-03
1164556494.819214 9.779281e-04
1164556494.819336 5.439478e-03
1164556494.819458 8.874615e-03
1164556494.819580 1.071405e-02
1164556494.819702 1.042548e-02
1164556494.819824 8.446662e-03
1164556494.819946 4.153761e-03
1164556494.820068 -1.049431e-03
1164556494.820190 -4.173396e-03
1164556494.820312 -6.878355e-03
1164556494.820435 -9.348147e-03
1164556494.820557 -9.689901e-03
1164556494.820679 -8.251366e-03
1164556494.820801 -5.937191e-03
1164556494.820923 -4.642496e-03
1164556494.821045 -1.833592e-03
1164556494.821167 4.230300e-03
1164556494.821289 8.854877e-03
1164556494.821411 1.033293e-02
1164556494.821533 1.061467e-02
1164556494.821655 1.069844e-02
1164556494.821777 7.980071e-03
1164556494.821899 2.469108e-03
1164556494.822021 -2.073836e-03
1164556494.822144 -6.369359e-03
1164556494.822266 -9.232657e-03
1164556494.822388 -1.095259e-02
1164556494.822510 -1.222765e-02
1164556494.822632 -1.083358e-02
1164556494.822754 -5.874750e-03
1164556494.822876 -9.092903e-04
1164556494.822998 2.059409e-03
1164556494.823120 6.997311e-03
1164556494.823242 1.300257e-02
1164556494.823364 1.465525e-02
1164556494.823486 1.329570e-02
1164556494.823608 9.480428e-03
1164556494.823730 3.176697e-03
1164556494.823853 -2.905844e-03
1164556494.823975 -7.817531e-03
1164556494.824097 -1.247164e-02
1164556494.824219 -1.393001e-02
1164556494.824341 -1.073950e-02
1164556494.824463 -6.252749e-03
1164556494.824585 -3.242323e-03
1164556494.824707 -1.470357e-04
1164556494.824829 3.241233e-03
1164556494.824951 6.658174e-03
1164556494.825073 8.056445e-03
1164556494.825195 7.702655e-03
1164556494.825317 7.724194e-03
1164556494.825439 7.222817e-03
1164556494.825562 5.080142e-03
1164556494.825684 2.332663e-03
1164556494.825806 -1.236230e-03
1164556494.825928 -4.473181e-03
1164556494.826050 -6.783279e-03
1164556494.826172 -8.714205e-03
1164556494.826294 -1.083398e-02
1164556494.826416 -9.562268e-03
1164556494.826538 -5.493471e-03
1164556494.826660 -2.257507e-03
1164556494.826782 1.088985e-03
1164556494.826904 5.213054e-03
1164556494.827026 7.376033e-03
1164556494.827148 9.855613e-03
1164556494.827271 1.314000e-02
1164556494.827393 1.232688e-02
1164556494.827515 7.135417e-03
1164556494.827637 1.818233e-03
1164556494.827759 -4.005887e-03
1164556494.827881 -9.725901e-03
1164556494.828003 -1.225868e-02
1164556494.828125 -1.263462e-02
1164556494.828247 -1.209938e-02
1164556494.828369 -8.038003e-03
1164556494.828491 -2.565199e-03
1164556494.828613 1.962102e-03
1164556494.828735 5.495363e-03
1164556494.828857 7.741010e-03
1164556494.828979 8.889278e-03
1164556494.829102 1.037981e-02
1164556494.829224 1.154463e-02
1164556494.829346 9.646122e-03
1164556494.829468 5.304003e-03
1164556494.829590 6.706619e-04
1164556494.829712 -5.262377e-03
1164556494.829834 -1.089155e-02
1164556494.829956 -1.469252e-02
1164556494.830078 -1.503257e-02
1164556494.830200 -1.313635e-02
1164556494.830322 -8.004830e-03
1164556494.830444 -8.658889e-04
1164556494.830566 5.906670e-03
1164556494.830688 1.085439e-02
1164556494.830811 1.357373e-02
1164556494.830933 1.318326e-02
1164556494.831055 1.013777e-02
1164556494.831177 7.622858e-03
1164556494.831299 5.222868e-03
1164556494.831421 1.086583e-03
1164556494.831543 -4.169543e-03
1164556494.831665 -1.063502e-02
1164556494.831787 -1.545406e-02
1164556494.831909 -1.466916e-02
1164556494.832031 -1.075703e-02
1164556494.832153 -6.785290e-03
1164556494.832275 -2.135333e-03
1164556494.832397 4.130419e-03
1164556494.832520 9.784193e-03
1164556494.832642 1.199170e-02
1164556494.832764 1.223222e-02
1164556494.832886 9.695063e-03
1164556494.833008 6.933369e-03
1164556494.833130 4.463765e-03
1164556494.833252 5.002817e-04
1164556494.833374 -4.506714e-03
1164556494.833496 -7.827794e-03
1164556494.833618 -1.019287e-02
1164556494.833740 -1.200808e-02
1164556494.833862 -1.012321e-02
1164556494.833984 -5.936445e-03
1164556494.834106 -1.270408e-03
1164556494.834229 3.226454e-03
1164556494.834351 5.474806e-03
1164556494.834473 7.494381e-03
1164556494.834595 9.174365e-03
1164556494.834717 8.964367e-03
1164556494.834839 5.799834e-03
1164556494.834961 1.259284e-03
1164556494.835083 -1.412948e-03
1164556494.835205 -1.353364e-03
1164556494.835327 -1.475947e-03
1164556494.835449 -4.595519e-03
1164556494.835571 -6.203041e-03
1164556494.835693 -4.667758e-03
1164556494.835815 -3.831456e-03
1164556494.835938 -3.584885e-03
1164556494.836060 -3.149840e-03
1164556494.836182 -1.152096e-03
1164556494.836304 3.236888e-04
1164556494.836426 1.935142e-03
1164556494.836548 3.498044e-03
1164556494.836670 6.478839e-03
1164556494.836792 8.959311e-03
1164556494.836914 7.871908e-03
1164556494.837036 4.271325e-03
1164556494.837158 7.346666e-04
1164556494.837280 -1.962104e-03
1164556494.837402 -5.498060e-03
1164556494.837524 -7.861065e-03
1164556494.837646 -7.042959e-03
1164556494.837769 -5.418400e-03
1164556494.837891 -3.297807e-03
1164556494.838013 -2.382741e-03
1164556494.838135 -4.620555e-04
1164556494.838257 1.423092e-03
1164556494.838379 1.942087e-03
1164556494.838501 3.790032e-03
1164556494.838623 4.758283e-03
1164556494.838745 4.236326e-03
1164556494.838867 4.361438e-03
1164556494.838989 4.990308e-03
1164556494.839111 4.963276e-03
1164556494.839233 2.923797e-03
1164556494.839355 2.138217e-03
1164556494.839478 -2.094553e-03
1164556494.839600 -7.101327e-03
1164556494.839722 -9.511285e-03
1164556494.839844 -1.258401e-02
1164556494.839966 -1.285019e-02
1164556494.840088 -8.447889e-03
1164556494.840210 -1.680926e-03
1164556494.840332 4.755783e-03
1164556494.840454 1.101546e-02
1164556494.840576 1.685044e-02
1164556494.840698 1.537009e-02
1164556494.840820 1.060886e-02
1164556494.840942 6.084096e-03
1164556494.841064 6.709360e-04
1164556494.841187 -3.760077e-03
1164556494.841309 -7.707467e-03
1164556494.841431 -1.191455e-02
1164556494.841553 -1.414011e-02
1164556494.841675 -1.228466e-02
1164556494.841797 -8.655555e-03
1164556494.841919 -5.999685e-03
1164556494.842041 -3.880941e-04
1164556494.842163 6.440452e-03
1164556494.842285 1.095792e-02
1164556494.842407 1.321587e-02
1164556494.842529 1.384460e-02
1164556494.842651 1.013101e-02
1164556494.842773 4.787100e-03
1164556494.842896 1.624821e-03
1164556494.843018 -1.102478e-03
1164556494.843140 -4.004312e-03
1164556494.843262 -6.659632e-03
1164556494.843384 -1.074810e-02
1164556494.843506 -1.450692e-02
1164556494.843628 -1.401636e-02
1164556494.843750 -9.652330e-03
1164556494.843872 -4.471257e-03
1164556494.843994 2.299058e-03
1164556494.844116 1.026241e-02
1164556494.844238 1.611619e-02
1164556494.844360 1.660979e-02
1164556494.844482 1.345438e-02
1164556494.844604 8.383322e-03
1164556494.844727 2.858019e-03
1164556494.844849 -2.986499e-03
1164556494.844971 -7.764759e-03
1164556494.845093 -9.330658e-03
1164556494.845215 -9.182314e-03
1164556494.845337 -1.114743e-02
1164556494.845459 -1.216236e-02
1164556494.845581 -8.365392e-03
1164556494.845703 -2.297008e-03
1164556494.845825 2.350737e-03
1164556494.845947 6.765435e-03
1164556494.846069 1.147727e-02
1164556494.846191 1.356904e-02
1164556494.846313 1.109130e-02
1164556494.846436 6.935862e-03
1164556494.846558 6.846557e-04
1164556494.846680 -3.857096e-03
1164556494.846802 -5.082992e-03
1164556494.846924 -4.469520e-03
1164556494.847046 -1.849790e-03
1164556494.847168 5.229335e-05
1164556494.847290 -3.306921e-03
1164556494.847412 -8.953486e-03
1164556494.847534 -1.113035e-02
1164556494.847656 -8.666838e-03
1164556494.847778 -4.281784e-03
1164556494.847900 2.424274e-03
1164556494.848022 8.003159e-03
1164556494.848145 1.098632e-02
1164556494.848267 1.307923e-02
1164556494.848389 1.207778e-02
1164556494.848511 7.267319e-03
1164556494.848633 3.338669e-03
1164556494.848755 -2.512990e-04
1164556494.848877 -5.818670e-03
1164556494.848999 -9.786505e-03
1164556494.849121 -9.432335e-03
1164556494.849243 -9.724123e-03
1164556494.849365 -1.001969e-02
1164556494.849487 -7.242977e-03
1164556494.849609 -3.753550e-03
1164556494.849731 1.005209e-03
1164556494.849854 5.437516e-03
1164556494.849976 7.624951e-03
1164556494.850098 1.051480e-02
1164556494.850220 1.117212e-02
1164556494.850342 8.983526e-03
1164556494.850464 5.699754e-03
1164556494.850586 4.894678e-03
1164556494.850708 1.669458e-03
1164556494.850830 -4.569264e-03
1164556494.850952 -8.732225e-03
1164556494.851074 -1.162841e-02
1164556494.851196 -1.279340e-02
1164556494.851318 -1.112002e-02
1164556494.851440 -8.299784e-03
1164556494.851562 -4.679591e-03
1164556494.851685 8.119598e-04
1164556494.851807 6.896849e-03
1164556494.851929 9.618004e-03
1164556494.852051 1.192887e-02
1164556494.852173 1.449558e-02
1164556494.852295 1.451403e-02
1164556494.852417 1.016016e-02
1164556494.852539 3.122623e-03
1164556494.852661 -5.349614e-03
1164556494.852783 -1.163499e-02
1164556494.852905 -1.487538e-02
1164556494.853027 -1.510039e-02
1164556494.853149 -1.356136e-02
1164556494.853271 -9.077793e-03
1164556494.853394 -1.500404e-03
1164556494.853516 4.201202e-03
1164556494.853638 6.824596e-03
1164556494.853760 7.190514e-03
1164556494.853882 6.965773e-03
1164556494.854004 8.243667e-03
1164556494.854126 1.012355e-02
1164556494.854248 1.189518e-02
1164556494.854370 8.242232e-03
1164556494.854492 2.279045e-03
1164556494.854614 -3.311350e-03
1164556494.854736 -1.029834e-02
1164556494.854858 -1.500888e-02
1164556494.854980 -1.325752e-02
1164556494.855103 -9.653008e-03
1164556494.855225 -8.282636e-03
1164556494.855347 -4.887594e-03
1164556494.855469 1.217054e-03
1164556494.855591 4.128139e-03
1164556494.855713 5.885478e-03
1164556494.855835 9.589936e-03
1164556494.855957 1.320600e-02
1164556494.856079 1.441680e-02
1164556494.856201 1.265059e-02
1164556494.856323 5.593737e-03
1164556494.856445 -3.224085e-03
1164556494.856567 -7.735716e-03
1164556494.856689 -9.099420e-03
1164556494.856812 -1.020139e-02
1164556494.856934 -9.149175e-03
1164556494.857056 -8.078137e-03
1164556494.857178 -9.519936e-03
1164556494.857300 -1.030643e-02
1164556494.857422 -5.115467e-03
1164556494.857544 1.448244e-03
1164556494.857666 5.330181e-03
1164556494.857788 1.068098e-02
1164556494.857910 1.791570e-02
1164556494.858032 2.153536e-02
1164556494.858154 1.961619e-02
1164556494.858276 1.188604e-02
1164556494.858398 -5.870570e-04
1164556494.858521 -1.146052e-02
1164556494.858643 -1.614214e-02
1164556494.858765 -2.033117e-02
1164556494.858887 -1.997781e-02
1164556494.859009 -1.457508e-02
1164556494.859131 -1.029737e-02
1164556494.859253 -8.290967e-03
1164556494.859375 -6.469025e-04
1164556494.859497 1.195305e-02
1164556494.859619 1.808229e-02
1164556494.859741 2.030351e-02
1164556494.859863 2.183469e-02
1164556494.859985 1.922634e-02
1164556494.860107 1.398721e-02
1164556494.860229 3.978625e-03
1164556494.860352 -8.665970e-03
1164556494.860474 -1.956117e-02
1164556494.860596 -2.354605e-02
1164556494.860718 -2.330828e-02
1164556494.860840 -2.014087e-02
1164556494.860962 -1.108198e-02
1164556494.861084 -1.725925e-03
1164556494.861206 2.065404e-03
1164556494.861328 7.884946e-03
1164556494.861450 1.661205e-02
1164556494.861572 2.224642e-02
1164556494.861694 1.988929e-02
1164556494.861816 1.440293e-02
1164556494.861938 8.586698e-03
1164556494.862061 3.938393e-03
1164556494.862183 -1.528176e-03
1164556494.862305 -1.018849e-02
1164556494.862427 -1.641358e-02
1164556494.862549 -1.698261e-02
1164556494.862671 -1.688418e-02
1164556494.862793 -1.698699e-02
1164556494.862915 -1.218866e-02
1164556494.863037 -2.976572e-03
1164556494.863159 2.774029e-03
1164556494.863281 7.601111e-03
1164556494.863403 1.490262e-02
1164556494.863525 2.223781e-02
1164556494.863647 2.306039e-02
1164556494.863770 1.693336e-02
1164556494.863892 8.669959e-03
1164556494.864014 2.258915e-03
1164556494.864136 -3.870029e-03
1164556494.864258 -1.162119e-02
1164556494.864380 -1.988251e-02
1164556494.864502 -2.261697e-02
1164556494.864624 -2.050064e-02
1164556494.864746 -1.620743e-02
1164556494.864868 -9.322802e-03
1164556494.864990 2.142494e-03
1164556494.865112 1.106811e-02
1164556494.865234 1.462533e-02
1164556494.865356 1.756876e-02
1164556494.865479 2.031949e-02
1164556494.865601 1.696908e-02
1164556494.865723 9.846574e-03
1164556494.865845 3.718601e-03
1164556494.865967 -7.108739e-05
1164556494.866089 -2.648319e-03
1164556494.866211 -6.983511e-03
1164556494.866333 -1.564448e-02
1164556494.866455 -2.295373e-02
1164556494.866577 -2.388670e-02
1164556494.866699 -1.967255e-02
1164556494.866821 -1.212850e-02
1164556494.866943 1.961161e-03
1164556494.867065 1.590251e-02
1164556494.867188 2.322707e-02
1164556494.867310 2.319379e-02
1164556494.867432 1.858930e-02
1164556494.867554 1.312619e-02
1164556494.867676 8.423158e-03
1164556494.867798 4.095606e-03
1164556494.867920 -1.499468e-03
1164556494.868042 -7.836034e-03
1164556494.868164 -1.167625e-02
1164556494.868286 -1.755169e-02
1164556494.868408 -2.422505e-02
1164556494.868530 -2.588889e-02
1164556494.868652 -1.635015e-02
1164556494.868774 -2.281373e-03
1164556494.868896 8.443671e-03
1164556494.869019 1.755036e-02
1164556494.869141 2.371184e-02
1164556494.869263 2.278094e-02
1164556494.869385 1.620984e-02
1164556494.869507 8.264248e-03
1164556494.869629 2.321812e-03
1164556494.869751 -7.718070e-04
1164556494.869873 -4.217040e-04
1164556494.869995 -3.316172e-03
1164556494.870117 -1.092976e-02
1164556494.870239 -1.681869e-02
1164556494.870361 -1.965310e-02
1164556494.870483 -2.342615e-02
1164556494.870605 -1.949460e-02
1164556494.870728 -5.730043e-03
1164556494.870850 8.473584e-03
1164556494.870972 1.745411e-02
1164556494.871094 2.251972e-02
1164556494.871216 2.148339e-02
1164556494.871338 1.588990e-02
1164556494.871460 1.222882e-02
1164556494.871582 7.851808e-03
1164556494.871704 2.166225e-03
1164556494.871826 7.006455e-04
1164556494.871948 -2.315515e-03
1164556494.872070 -1.461099e-02
1164556494.872192 -2.688474e-02
1164556494.872314 -2.783494e-02
1164556494.872437 -2.570652e-02
1164556494.872559 -1.844147e-02
1164556494.872681 -2.365083e-03
1164556494.872803 1.459401e-02
1164556494.872925 2.165393e-02
1164556494.873047 2.507779e-02
1164556494.873169 2.532247e-02
1164556494.873291 1.951060e-02
1164556494.873413 1.392680e-02
1164556494.873535 8.249463e-03
1164556494.873657 -1.976535e-03
1164556494.873779 -9.802976e-03
1164556494.873901 -9.890278e-03
1164556494.874023 -1.466199e-02
1164556494.874146 -2.746398e-02
1164556494.874268 -3.020566e-02
1164556494.874390 -2.077661e-02
1164556494.874512 -1.028033e-02
1164556494.874634 -2.871128e-04
1164556494.874756 1.283453e-02
1164556494.874878 2.172963e-02
1164556494.875000 2.573150e-02
1164556494.875122 2.472346e-02
1164556494.875244 2.000913e-02
1164556494.875366 1.688865e-02
1164556494.875488 1.312889e-02
1164556494.875610 1.734664e-03
1164556494.875732 -1.355306e-02
1164556494.875854 -2.081716e-02
1164556494.875977 -2.229236e-02
1164556494.876099 -2.838199e-02
1164556494.876221 -3.163016e-02
1164556494.876343 -2.328272e-02
1164556494.876465 -6.995157e-03
1164556494.876587 6.505149e-03
1164556494.876709 1.654693e-02
1164556494.876831 2.455794e-02
1164556494.876953 2.927334e-02
1164556494.877075 2.824914e-02
1164556494.877197 2.445403e-02
1164556494.877319 1.560526e-02
1164556494.877441 5.677472e-03
1164556494.877563 -3.602910e-03
1164556494.877686 -1.493551e-02
1164556494.877808 -2.355023e-02
1164556494.877930 -2.572112e-02
1164556494.878052 -2.439663e-02
1164556494.878174 -2.721712e-02
1164556494.878296 -2.957253e-02
1164556494.878418 -1.818615e-02
1164556494.878540 9.645953e-04
1164556494.878662 2.094130e-02
1164556494.878784 3.479294e-02
1164556494.878906 4.504932e-02
1164556494.879028 4.534355e-02
1164556494.879150 3.245677e-02
1164556494.879272 1.308129e-02
1164556494.879395 -5.287112e-03
1164556494.879517 -2.027906e-02
1164556494.879639 -2.953443e-02
1164556494.879761 -3.248052e-02
1164556494.879883 -3.066384e-02
1164556494.880005 -2.552651e-02
1164556494.880127 -2.034390e-02
1164556494.880249 -1.794372e-02
1164556494.880371 -1.151013e-02
1164556494.880493 4.044641e-03
1164556494.880615 2.395976e-02
1164556494.880737 4.133411e-02
1164556494.880859 5.212627e-02
1164556494.880981 4.664663e-02
1164556494.881104 3.118280e-02
1164556494.881226 9.662848e-03
1164556494.881348 -1.500348e-02
1164556494.881470 -3.411685e-02
1164556494.881592 -3.783862e-02
1164556494.881714 -3.339897e-02
1164556494.881836 -2.850610e-02
1164556494.881958 -2.273558e-02
1164556494.882080 -1.940540e-02
1164556494.882202 -1.612477e-02
1164556494.882324 -5.236113e-03
1164556494.882446 1.124783e-02
1164556494.882568 2.891231e-02
1164556494.882690 4.399933e-02
1164556494.882812 5.545002e-02
1164556494.882935 4.920258e-02
1164556494.883057 2.884653e-02
1164556494.883179 3.295051e-03
1164556494.883301 -2.132516e-02
1164556494.883423 -3.857888e-02
1164556494.883545 -4.149491e-02
1164556494.883667 -3.825120e-02
1164556494.883789 -3.313943e-02
1164556494.883911 -2.446121e-02
1164556494.884033 -1.786397e-02
1164556494.884155 -1.587771e-02
1164556494.884277 -1.330156e-03
1164556494.884399 2.369461e-02
1164556494.884521 4.109292e-02
1164556494.884644 4.980198e-02
1164556494.884766 5.634361e-02
1164556494.884888 4.925743e-02
1164556494.885010 2.425654e-02
1164556494.885132 -4.828294e-03
1164556494.885254 -2.531507e-02
1164556494.885376 -4.301093e-02
1164556494.885498 -4.922130e-02
1164556494.885620 -4.227851e-02
1164556494.885742 -3.422753e-02
1164556494.885864 -2.913071e-02
1164556494.885986 -2.042599e-02
1164556494.886108 -1.133598e-02
1164556494.886230 2.842395e-03
1164556494.886353 3.049668e-02
1164556494.886475 5.769724e-02
1164556494.886597 6.323628e-02
1164556494.886719 5.578876e-02
1164556494.886841 4.478976e-02
1164556494.886963 2.599811e-02
1164556494.887085 -4.166121e-03
1164556494.887207 -3.110573e-02
1164556494.887329 -5.119016e-02
1164556494.887451 -6.100506e-02
1164556494.887573 -5.905221e-02
1164556494.887695 -5.071448e-02
1164556494.887817 -4.078231e-02
1164556494.887939 -1.937689e-02
1164556494.888062 7.032427e-03
1164556494.888184 2.719944e-02
1164556494.888306 5.024197e-02
1164556494.888428 7.697687e-02
1164556494.888550 8.023226e-02
1164556494.888672 5.833216e-02
1164556494.888794 3.072734e-02
1164556494.888916 8.635745e-03
1164556494.889038 -1.969412e-02
1164556494.889160 -4.814830e-02
1164556494.889282 -6.737824e-02
1164556494.889404 -7.401322e-02
1164556494.889526 -6.909152e-02
1164556494.889648 -4.445657e-02
1164556494.889771 -1.841659e-02
1164556494.889893 1.562563e-03
1164556494.890015 2.144634e-02
1164556494.890137 4.196914e-02
1164556494.890259 5.043357e-02
1164556494.890381 6.223663e-02
1164556494.890503 6.613527e-02
1164556494.890625 5.210560e-02
1164556494.890747 1.798624e-02
1164556494.890869 2.286580e-02
1164556494.890991 2.519881e-02
1164556494.891113 -2.471611e-02
1164556494.891235 -6.972560e-02
1164556494.891357 -1.049236e-01
1164556494.891479 -1.115094e-01
1164556494.891602 -9.190211e-02
1164556494.891724 -5.094222e-02
1164556494.891846 -9.974471e-03
1164556494.891968 3.055778e-02
1164556494.892090 6.819556e-02
1164556494.892212 9.677251e-02
1164556494.892334 1.151373e-01
1164556494.892456 1.229493e-01
1164556494.892578 1.053969e-01
1164556494.892700 6.114659e-02
1164556494.892822 4.414277e-03
1164556494.892944 -5.682643e-02
1164556494.893066 -1.144785e-01
1164556494.893188 -1.521645e-01
1164556494.893311 -1.656913e-01
1164556494.893433 -1.556967e-01
1164556494.893555 -1.115884e-01
1164556494.893677 -2.790287e-02
1164556494.893799 6.600032e-02
1164556494.893921 1.440522e-01
1164556494.894043 1.991208e-01
1164556494.894165 2.061374e-01
1164556494.894287 1.606871e-01
1164556494.894409 9.412494e-02
1164556494.894531 1.987980e-02
1164556494.894653 -5.502098e-02
1164556494.894775 -1.184558e-01
1164556494.894897 -1.673161e-01
1164556494.895020 -1.922952e-01
1164556494.895142 -1.745748e-01
1164556494.895264 -1.220571e-01
1164556494.895386 -5.794921e-02
1164556494.895508 1.462084e-02
1164556494.895630 9.009795e-02
1164556494.895752 1.512281e-01
1164556494.895874 1.805422e-01
1164556494.895996 1.717163e-01
1164556494.896118 1.401693e-01
1164556494.896240 9.690328e-02
1164556494.896362 4.321970e-02
1164556494.896484 -2.497616e-02
1164556494.896606 -1.024096e-01
1164556494.896729 -1.622813e-01
1164556494.896851 -1.945861e-01
1164556494.896973 -2.023486e-01
1164556494.897095 -1.742498e-01
1164556494.897217 -9.253694e-02
1164556494.897339 1.165425e-02
1164556494.897461 9.679525e-02
1164556494.897583 1.606612e-01
1164556494.897705 2.048685e-01
1164556494.897827 2.131326e-01
1164556494.897949 1.737485e-01
1164556494.898071 1.048826e-01
1164556494.898193 3.276276e-02
1164556494.898315 -3.703538e-02
1164556494.898438 -1.056812e-01
1164556494.898560 -1.701068e-01
1164556494.898682 -2.103603e-01
1164556494.898804 -2.080675e-01
1164556494.898926 -1.725401e-01
1164556494.899048 -1.176116e-01
1164556494.899170 -2.560241e-02
1164556494.899292 9.070910e-02
1164556494.899414 1.787738e-01
1164556494.899536 2.186248e-01
1164556494.899658 2.268728e-01
1164556494.899780 1.990681e-01
1164556494.899902 1.333231e-01
1164556494.900024 5.361651e-02
1164556494.900146 -2.764218e-02
1164556494.900269 -1.055406e-01
1164556494.900391 -1.711415e-01
1164556494.900513 -2.163281e-01
1164556494.900635 -2.396301e-01
1164556494.900757 -2.215967e-01
1164556494.900879 -1.460935e-01
1164556494.901001 -5.509457e-02
1164556494.901123 4.231332e-02
1164556494.901245 1.615489e-01
1164556494.901367 2.698932e-01
1164556494.901489 3.030334e-01
1164556494.901611 2.735747e-01
1164556494.901733 2.110124e-01
1164556494.901855 1.028590e-01
1164556494.901978 -2.798946e-02
1164556494.902100 -1.462825e-01
1164556494.902222 -2.396090e-01
1164556494.902344 -3.071779e-01
1164556494.902466 -3.301230e-01
1164556494.902588 -2.932749e-01
1164556494.902710 -1.983696e-01
1164556494.902832 -4.115754e-02
1164556494.902954 1.316002e-01
1164556494.903076 2.620931e-01
1164556494.903198 3.533377e-01
1164556494.903320 4.124404e-01
1164556494.903442 3.742567e-01
1164556494.903564 2.349154e-01
1164556494.903687 6.197310e-02
1164556494.903809 -1.221905e-01
1164556494.903931 -3.081522e-01
1164556494.904053 -4.187164e-01
1164556494.904175 -4.230070e-01
1164556494.904297 -3.709179e-01
1164556494.904419 -2.632377e-01
1164556494.904541 -8.809467e-02
1164556494.904663 1.071157e-01
1164556494.904785 2.846149e-01
1164556494.904907 4.299808e-01
1164556494.905029 4.832084e-01
1164556494.905151 4.071236e-01
1164556494.905273 2.828282e-01
1164556494.905396 1.224498e-01
1164556494.905518 -1.038251e-01
1164556494.905640 -3.301999e-01
1164556494.905762 -4.613577e-01
1164556494.905884 -5.102833e-01
1164556494.906006 -4.778939e-01
1164556494.906128 -3.046701e-01
1164556494.906250 -4.343389e-02
1164556494.906372 1.926554e-01
1164556494.906494 3.728237e-01
1164556494.906616 4.966986e-01
1164556494.906738 5.232724e-01
1164556494.906860 4.282348e-01
1164556494.906982 2.387750e-01
1164556494.907104 -3.172679e-02
1164556494.907227 -2.941734e-01
1164556494.907349 -4.489603e-01
1164556494.907471 -5.049939e-01
1164556494.907593 -4.833598e-01
1164556494.907715 -3.224604e-01
1164556494.907837 -6.098130e-02
1164556494.907959 1.799441e-01
1164556494.908081 3.741786e-01
1164556494.908203 5.199801e-01
1164556494.908325 5.093570e-01
1164556494.908447 3.078704e-01
1164556494.908569 3.265603e-02
1164556494.908691 -2.185579e-01
1164556494.908813 -3.973556e-01
1164556494.908936 -4.470472e-01
1164556494.909058 -3.640503e-01
1164556494.909180 -1.957883e-01
1164556494.909302 5.054786e-02
1164556494.909424 3.216170e-01
1164556494.909546 4.305163e-01
1164556494.909668 3.616508e-01
1164556494.909790 2.097573e-01
1164556494.909912 -1.646212e-02
1164556494.910034 -2.870150e-01
1164556494.910156 -4.308538e-01
1164556494.910278 -3.746486e-01
1164556494.910400 -2.194009e-01
1164556494.910522 -8.203712e-03
1164556494.910645 2.494148e-01
1164556494.910767 4.506880e-01
1164556494.910889 4.910128e-01
1164556494.911011 3.189709e-01
1164556494.911133 -1.010910e-02
1164556494.911255 -3.547213e-01
1164556494.911377 -5.088488e-01
1164556494.911499 -4.440993e-01
1164556494.911621 -2.216854e-01
1164556494.911743 1.181633e-01
1164556494.911865 4.250191e-01
1164556494.911987 4.364559e-01
1164556494.912109 1.543604e-01
1164556494.912231 -1.842531e-01
1164556494.912354 -3.439285e-01
1164556494.912476 -1.970659e-01
1164556494.912598 1.960077e-01
1164556494.912720 3.651419e-01
1164556494.912842 3.868613e-02
1164556494.912964 -2.357438e-01
1164556494.913086 -9.514766e-03
1164556494.913208 1.627062e-03
1164556494.913330 -6.391487e-02
1164556494.913452 -1.130976e-02
1164556494.913574 -1.070239e-01
1164556494.913696 1.072338e-01
1164556494.913818 7.902008e-02
1164556494.913940 -1.948175e-01
1164556494.914062 -1.377662e-01
1164556494.914185 2.088236e-01
1164556494.914307 2.211262e-01
1164556494.914429 -7.606568e-02
1164556494.914551 7.736843e-03
1164556494.914673 4.015897e-02
1164556494.914795 -9.500731e-02
1164556494.914917 6.914386e-02
1164556494.915039 2.845388e-02
1164556494.915161 -1.254806e-01
1164556494.915283 -3.186000e-02
1164556494.915405 5.910798e-02
1164556494.915527 -7.184560e-02
1164556494.915649 -7.666781e-02
1164556494.915771 5.559938e-02
1164556494.915894 -4.788748e-02
1164556494.916016 1.102813e-02
1164556494.916138 1.218808e-01
1164556494.916260 -1.732251e-03
1164556494.916382 -6.730283e-03
1164556494.916504 9.619291e-02
1164556494.916626 4.269541e-02
1164556494.916748 -9.723426e-02
1164556494.916870 -1.641001e-02
1164556494.916992 6.990098e-02
1164556494.917114 -4.457445e-02
1164556494.917236 -8.251981e-02
1164556494.917358 -2.374488e-03
1164556494.917480 -1.946224e-02
1164556494.917603 -6.700212e-02
1164556494.917725 -1.606124e-03
1164556494.917847 3.475732e-02
1164556494.917969 -1.021622e-02
1164556494.918091 4.803748e-02
1164556494.918213 8.967576e-02
1164556494.918335 2.720552e-02
1164556494.918457 2.252636e-02
1164556494.918579 4.084837e-02
1164556494.918701 -3.333719e-02
1164556494.918823 -6.857886e-02
1164556494.918945 -1.051925e-03
1164556494.919067 9.132893e-06
1164556494.919189 -6.567880e-02
1164556494.919312 -4.821309e-02
1164556494.919434 -9.376318e-03
1164556494.919556 -6.754346e-03
1164556494.919678 6.879492e-03
1164556494.919800 2.618659e-02
1164556494.919922 2.692689e-02
1164556494.920044 3.467987e-02
1164556494.920166 4.739975e-02
1164556494.920288 4.244583e-02
1164556494.920410 2.671930e-02
1164556494.920532 -2.703358e-03
1164556494.920654 -3.667434e-02
1164556494.920776 -5.078172e-02
1164556494.920898 -4.600203e-02
1164556494.921021 -1.312112e-02
1164556494.921143 5.849098e-04
1164556494.921265 -2.442378e-02
1164556494.921387 -2.334678e-02
1164556494.921509 1.795519e-02
1164556494.921631 1.878091e-02
1164556494.921753 1.041626e-03
1164556494.921875 2.903058e-02
1164556494.921997 4.249696e-02
1164556494.922119 1.709777e-02
1164556494.922241 1.834937e-02
1164556494.922363 3.168316e-02
1164556494.922485 -9.044559e-03
1164556494.922607 -4.502200e-02
1164556494.922729 -3.356425e-02
1164556494.922852 -3.597207e-02
1164556494.922974 -2.256439e-02
1164556494.923096 1.696436e-02
1164556494.923218 1.186763e-02
1164556494.923340 -2.138293e-02
1164556494.923462 -3.463870e-03
1164556494.923584 1.547882e-02
1164556494.923706 -3.108202e-03
1164556494.923828 1.268400e-02
1164556494.923950 4.341081e-02
1164556494.924072 2.982730e-02
1164556494.924194 8.564358e-03
1164556494.924316 1.198119e-02
1164556494.924438 -4.807618e-03
1164556494.924561 -3.699167e-02
1164556494.924683 -3.676020e-02
1164556494.924805 -2.392520e-02
1164556494.924927 -1.729319e-02
1164556494.925049 1.027232e-02
1164556494.925171 2.493036e-02
1164556494.925293 -4.791061e-03
1164556494.925415 -1.104359e-02
1164556494.925537 1.339704e-02
1164556494.925659 6.635392e-03
1164556494.925781 -3.526143e-03
1164556494.925903 2.350440e-02
1164556494.926025 3.023916e-02
1164556494.926147 -8.279260e-03
1164556494.926270 -1.672504e-02
1164556494.926392 -5.421982e-03
1164556494.926514 -8.579417e-03
1164556494.926636 -1.711058e-03
1164556494.926758 3.078297e-02
1164556494.926880 4.855750e-03
1164556494.927002 -8.302711e-03
1164556494.927124 -2.748140e-02
1164556494.927246 -4.621276e-02
1164556494.927368 -1.408818e-02
1164556494.927490 -3.216768e-03
1164556494.927612 -5.222253e-03
1164556494.927734 2.406016e-02
1164556494.927856 4.760008e-02
1164556494.927979 3.400054e-02
1164556494.928101 2.870390e-02
1164556494.928223 1.816716e-02
1164556494.928345 -2.019400e-02
1164556494.928467 -3.250895e-02
1164556494.928589 -8.848821e-03
1164556494.928711 -2.031708e-02
1164556494.928833 -3.338285e-02
1164556494.928955 -4.563411e-03
1164556494.929077 8.364336e-03
1164556494.929199 -1.728966e-02
1164556494.929321 -1.114223e-02
1164556494.929443 1.548328e-02
1164556494.929565 1.662316e-02
1164556494.929688 1.343203e-02
1164556494.929810 2.925710e-02
1164556494.929932 2.568992e-02
1164556494.930054 9.895767e-03
1164556494.930176 5.774082e-03
1164556494.930298 -1.178519e-02
1164556494.930420 -3.249304e-02
1164556494.930542 -1.527373e-02
1164556494.930664 2.167194e-03
1164556494.930786 -1.585305e-02
1164556494.930908 -1.827585e-02
1164556494.931030 3.460534e-03
1164556494.931152 -7.065957e-03
1164556494.931274 -1.733766e-02
1164556494.931396 6.525117e-03
1164556494.931519 2.460117e-02
1164556494.931641 1.499170e-02
1164556494.931763 1.933094e-02
1164556494.931885 2.933484e-02
1164556494.932007 1.429276e-02
1164556494.932129 1.593205e-03
1164556494.932251 -1.706620e-03
1164556494.932373 -2.310284e-02
1164556494.932495 -3.527113e-02
1164556494.932617 -1.565113e-02
1164556494.932739 -4.899866e-03
1164556494.932861 -1.626521e-02
1164556494.932983 -8.497844e-03
1164556494.933105 7.098037e-03
1164556494.933228 3.855539e-03
1164556494.933350 5.352452e-03
1164556494.933472 2.191704e-02
1164556494.933594 1.951767e-02
1164556494.933716 9.043075e-03
1164556494.933838 1.353422e-02
1164556494.933960 1.511013e-02
1164556494.934082 1.034836e-03
1164556494.934204 -4.094395e-03
1164556494.934326 -9.549393e-03
1164556494.934448 -2.965832e-02
1164556494.934570 -2.859881e-02
1164556494.934692 -7.002186e-03
1164556494.934814 -5.602195e-03
1164556494.934937 -9.950949e-03
1164556494.935059 1.471506e-03
1164556494.935181 7.458726e-03
1164556494.935303 5.462877e-03
1164556494.935425 1.966691e-02
1164556494.935547 2.661878e-02
1164556494.935669 1.451701e-02
1164556494.935791 9.934367e-03
1164556494.935913 1.468974e-02
1164556494.936035 1.377872e-03
1164556494.936157 -1.518292e-02
1164556494.936279 -1.454395e-02
1164556494.936401 -2.150835e-02
1164556494.936523 -3.566209e-02
1164556494.936646 -2.272551e-02
1164556494.936768 2.708353e-03
1164556494.936890 8.582747e-03
1164556494.937012 7.003643e-03
1164556494.937134 1.279013e-02
1164556494.937256 1.105336e-02
1164556494.937378 1.110173e-02
1164556494.937500 1.687864e-02
1164556494.937622 1.558795e-02
1164556494.937744 9.458329e-03
1164556494.937866 9.574276e-03
1164556494.937988 2.625142e-03
1164556494.938110 -1.638076e-02
1164556494.938232 -2.576392e-02
1164556494.938354 -2.397244e-02
1164556494.938477 -2.459736e-02
1164556494.938599 -1.746642e-02
1164556494.938721 4.088674e-03
1164556494.938843 1.732376e-02
1164556494.938965 1.390894e-02
1164556494.939087 7.958184e-03
1164556494.939209 2.205522e-03
1164556494.939331 4.681094e-03
1164556494.939453 1.557303e-02
1164556494.939575 2.106361e-02
1164556494.939697 1.386498e-02
1164556494.939819 7.692371e-03
1164556494.939941 2.306545e-04
1164556494.940063 -1.740934e-02
1164556494.940186 -3.326558e-02
1164556494.940308 -3.057184e-02
1164556494.940430 -1.756546e-02
1164556494.940552 -8.152617e-03
1164556494.940674 2.114230e-03
1164556494.940796 1.565713e-02
1164556494.940918 1.848500e-02
1164556494.941040 1.139309e-02
1164556494.941162 5.461672e-03
1164556494.941284 6.464572e-03
1164556494.941406 1.292851e-02
1164556494.941528 1.900386e-02
1164556494.941650 1.379634e-02
1164556494.941772 1.745457e-03
1164556494.941895 -1.180543e-02
1164556494.942017 -2.475533e-02
1164556494.942139 -3.092585e-02
1164556494.942261 -2.672196e-02
1164556494.942383 -1.465440e-02
1164556494.942505 1.959613e-03
1164556494.942627 1.548155e-02
1164556494.942749 1.893962e-02
1164556494.942871 1.472288e-02
1164556494.942993 1.082193e-02
1164556494.943115 4.623424e-03
1164556494.943237 -1.792163e-04
1164556494.943359 3.760025e-03
1164556494.943481 1.320851e-02
1164556494.943604 1.146227e-02
1164556494.943726 1.642134e-04
1164556494.943848 -9.430338e-03
1164556494.943970 -1.674265e-02
1164556494.944092 -2.570802e-02
1164556494.944214 -2.423340e-02
1164556494.944336 -1.143542e-02
1164556494.944458 1.215097e-03
1164556494.944580 1.075912e-02
1164556494.944702 1.578104e-02
1164556494.944824 1.563661e-02
1164556494.944946 1.214756e-02
1164556494.945068 9.665881e-03
1164556494.945190 6.921353e-03
1164556494.945312 1.348229e-03
1164556494.945435 1.643799e-04
1164556494.945557 -6.031560e-04
1164556494.945679 -3.765259e-03
1164556494.945801 -7.378895e-03
1164556494.945923 -1.024953e-02
1164556494.946045 -1.488687e-02
1164556494.946167 -1.411544e-02
1164556494.946289 -5.921394e-03
1164556494.946411 -1.703914e-03
1164556494.946533 1.081396e-03
1164556494.946655 9.503419e-03
1164556494.946777 1.342967e-02
1164556494.946899 9.130388e-03
1164556494.947021 9.804730e-03
1164556494.947144 1.434784e-02
1164556494.947266 7.950295e-03
1164556494.947388 -5.109049e-05
1164556494.947510 -3.551040e-03
1164556494.947632 -9.902430e-03
1164556494.947754 -1.422404e-02
1164556494.947876 -8.515868e-03
1164556494.947998 -8.225381e-03
1164556494.948120 -1.395397e-02
1164556494.948242 -8.838744e-03
1164556494.948364 2.503698e-03
1164556494.948486 4.589138e-03
1164556494.948608 7.785767e-03
1164556494.948730 1.678242e-02
1164556494.948853 1.663259e-02
1164556494.948975 9.013694e-03
1164556494.949097 3.370544e-03
1164556494.949219 2.395362e-04
1164556494.949341 -3.946571e-03
1164556494.949463 -7.989557e-03
1164556494.949585 -7.454660e-03
1164556494.949707 -6.989912e-03
1164556494.949829 -3.574261e-03
1164556494.949951 -2.434895e-03
1164556494.950073 -8.883539e-03
1164556494.950195 -1.169055e-02
1164556494.950317 -2.597475e-03
1164556494.950439 7.560014e-03
1164556494.950562 8.412028e-03
1164556494.950684 9.960724e-03
1164556494.950806 1.355481e-02
1164556494.950928 7.645510e-03
1164556494.951050 -7.396076e-04
1164556494.951172 -2.351571e-03
1164556494.951294 -7.139465e-04
1164556494.951416 2.416500e-04
1164556494.951538 1.808341e-04
1164556494.951660 -2.839895e-03
1164556494.951782 -6.214339e-03
1164556494.951904 -7.279795e-03
1164556494.952026 -9.483246e-03
1164556494.952148 -1.563298e-02
1164556494.952271 -1.153129e-02
1164556494.952393 5.254031e-03
1164556494.952515 1.548805e-02
1164556494.952637 1.364132e-02
1164556494.952759 1.224745e-02
1164556494.952881 1.207357e-02
1164556494.953003 3.751523e-03
1164556494.953125 -4.602074e-03
1164556494.953247 -2.967882e-03
1164556494.953369 5.854846e-04
1164556494.953491 6.568979e-04
1164556494.953613 -2.453684e-03
1164556494.953735 -8.206035e-03
1164556494.953857 -1.511692e-02
1164556494.953979 -1.453873e-02
1164556494.954102 -1.072655e-02
1164556494.954224 -6.570099e-03
1164556494.954346 4.249586e-03
1164556494.954468 1.707616e-02
1164556494.954590 1.844275e-02
1164556494.954712 1.291447e-02
1164556494.954834 1.023499e-02
1164556494.954956 5.476547e-03
1164556494.955078 -8.854691e-04
1164556494.955200 -2.164442e-03
1164556494.955322 -2.553374e-03
1164556494.955444 -5.722095e-03
1164556494.955566 -9.079822e-03
1164556494.955688 -1.274935e-02
1164556494.955811 -1.707077e-02
1164556494.955933 -1.487763e-02
1164556494.956055 -5.897483e-03
1164556494.956177 2.556434e-03
1164556494.956299 1.068675e-02
1164556494.956421 2.123541e-02
1164556494.956543 2.395352e-02
1164556494.956665 1.551954e-02
1164556494.956787 5.110572e-03
1164556494.956909 -2.547788e-03
1164556494.957031 -8.519704e-03
1164556494.957153 -1.084398e-02
1164556494.957275 -1.077320e-02
1164556494.957397 -8.833305e-03
1164556494.957520 -5.346843e-03
1164556494.957642 -3.179741e-03
1164556494.957764 -5.728435e-03
1164556494.957886 -5.203654e-03
1164556494.958008 9.710069e-04
1164556494.958130 5.997383e-03
1164556494.958252 8.298222e-03
1164556494.958374 9.684227e-03
1164556494.958496 7.619132e-03
1164556494.958618 4.979077e-03
1164556494.958740 4.154689e-03
1164556494.958862 1.930424e-03
1164556494.958984 -1.033025e-03
1164556494.959106 -6.479329e-04
1164556494.959229 -2.140267e-03
1164556494.959351 -9.091725e-03
1164556494.959473 -1.230531e-02
1164556494.959595 -7.649658e-03
1164556494.959717 -5.010777e-03
1164556494.959839 -3.902647e-03
1164556494.959961 -1.068324e-03
1164556494.960083 2.975526e-03
1164556494.960205 6.697914e-03
1164556494.960327 1.030471e-02
1164556494.960449 1.026403e-02
1164556494.960571 6.069510e-03
1164556494.960693 5.657043e-03
1164556494.960815 6.498625e-03
1164556494.960938 1.534098e-03
1164556494.961060 -4.503565e-03
1164556494.961182 -8.164434e-03
1164556494.961304 -1.021850e-02
1164556494.961426 -1.266230e-02
1164556494.961548 -1.073866e-02
1164556494.961670 -5.098204e-03
1164556494.961792 -2.499829e-04
1164556494.961914 2.062167e-03
1164556494.962036 4.421988e-03
1164556494.962158 7.760294e-03
1164556494.962280 1.061850e-02
1164556494.962402 1.123457e-02
1164556494.962524 8.512029e-03
1164556494.962646 3.723888e-03
1164556494.962769 2.209232e-03
1164556494.962891 -7.781954e-05
1164556494.963013 -7.334589e-03
1164556494.963135 -1.207968e-02
1164556494.963257 -9.753828e-03
1164556494.963379 -8.830853e-03
1164556494.963501 -8.666987e-03
1164556494.963623 -2.425487e-03
1164556494.963745 3.996777e-03
1164556494.963867 2.474450e-03
1164556494.963989 5.947653e-04
1164556494.964111 4.855954e-03
1164556494.964233 1.028498e-02
1164556494.964355 1.309577e-02
1164556494.964478 1.175311e-02
1164556494.964600 5.580460e-03
1164556494.964722 -2.036057e-04
1164556494.964844 -4.187233e-03
1164556494.964966 -9.786527e-03
1164556494.965088 -1.534015e-02
1164556494.965210 -1.312980e-02
1164556494.965332 -6.809971e-03
1164556494.965454 -3.303484e-03
1164556494.965576 5.249956e-04
1164556494.965698 7.674920e-03
1164556494.965820 8.484430e-03
1164556494.965942 2.677074e-03
1164556494.966064 1.269886e-03
1164556494.966187 4.943503e-03
1164556494.966309 6.666363e-03
1164556494.966431 7.190189e-03
1164556494.966553 5.523759e-03
1164556494.966675 -2.472399e-04
1164556494.966797 -4.568318e-03
1164556494.966919 -4.891079e-03
1164556494.967041 -7.260264e-03
1164556494.967163 -1.025702e-02
1164556494.967285 -6.372369e-03
1164556494.967407 -3.798640e-03
1164556494.967529 -4.601049e-03
1164556494.967651 5.925657e-04
1164556494.967773 6.204749e-03
1164556494.967896 5.404141e-03
1164556494.968018 2.811309e-03
1164556494.968140 7.287252e-03
1164556494.968262 1.037933e-02
1164556494.968384 7.902167e-03
1164556494.968506 4.196106e-03
1164556494.968628 -2.722936e-03
1164556494.968750 -7.982207e-03
1164556494.968872 -7.224369e-03
1164556494.968994 -5.317538e-03
1164556494.969116 -5.196435e-03
1164556494.969238 -3.093186e-03
1164556494.969360 -8.253938e-04
1164556494.969482 -4.637465e-03
1164556494.969604 -6.273897e-03
1164556494.969727 -1.765847e-03
1164556494.969849 1.350919e-03
1164556494.969971 4.421949e-03
1164556494.970093 1.077242e-02
1164556494.970215 1.511156e-02
1164556494.970337 1.248184e-02
1164556494.970459 7.113169e-03
1164556494.970581 1.055766e-03
1164556494.970703 -5.465578e-03
1164556494.970825 -7.958799e-03
1164556494.970947 -9.472498e-03
1164556494.971069 -1.268374e-02
1164556494.971191 -1.327454e-02
1164556494.971313 -1.026750e-02
1164556494.971436 -6.494814e-03
1164556494.971558 -1.382805e-03
1164556494.971680 6.945989e-03
1164556494.971802 1.409913e-02
1164556494.971924 1.543208e-02
1164556494.972046 1.483590e-02
1164556494.972168 1.301057e-02
1164556494.972290 8.070784e-03
1164556494.972412 3.879715e-04
1164556494.972534 -6.645276e-03
1164556494.972656 -1.210628e-02
1164556494.972778 -1.368912e-02
1164556494.972900 -1.240100e-02
1164556494.973022 -1.198922e-02
1164556494.973145 -9.207760e-03
1164556494.973267 -3.649882e-03
1164556494.973389 1.428695e-03
1164556494.973511 4.895511e-03
1164556494.973633 9.311443e-03
1164556494.973755 1.352457e-02
1164556494.973877 1.335707e-02
1164556494.973999 1.246319e-02
1164556494.974121 8.896175e-03
1164556494.974243 3.382005e-03
1164556494.974365 -1.069520e-03
1164556494.974487 -5.003294e-03
1164556494.974609 -1.082087e-02
1164556494.974731 -1.680826e-02
1164556494.974854 -1.838530e-02
1164556494.974976 -1.553683e-02
1164556494.975098 -9.022194e-03
1164556494.975220 1.463104e-04
1164556494.975342 8.613758e-03
1164556494.975464 1.558808e-02
1164556494.975586 1.899836e-02
1164556494.975708 1.714658e-02
1164556494.975830 1.102616e-02
1164556494.975952 4.374924e-03
1164556494.976074 -1.031271e-03
1164556494.976196 -5.435309e-03
1164556494.976318 -8.891472e-03
1164556494.976440 -1.075093e-02
1164556494.976562 -1.120828e-02
1164556494.976685 -1.007326e-02
1164556494.976807 -9.463071e-03
1164556494.976929 -7.527712e-03
1164556494.977051 -2.089975e-03
1164556494.977173 5.034039e-03
1164556494.977295 1.242868e-02
1164556494.977417 1.565550e-02
1164556494.977539 1.258107e-02
1164556494.977661 7.874189e-03
1164556494.977783 2.383074e-03
1164556494.977905 -2.613462e-03
1164556494.978027 -3.921935e-03
1164556494.978149 -1.746421e-03
1164556494.978271 -2.924138e-03
1164556494.978394 -6.767016e-03
1164556494.978516 -7.316774e-03
1164556494.978638 -7.639296e-03
1164556494.978760 -8.751534e-03
1164556494.978882 -6.427016e-03
1164556494.979004 -1.391122e-03
1164556494.979126 3.974912e-03
1164556494.979248 8.909444e-03
1164556494.979370 1.269563e-02
1164556494.979492 1.175375e-02
1164556494.979614 8.890759e-03
1164556494.979736 4.399327e-03
1164556494.979858 -2.351820e-03
1164556494.979980 -5.637149e-03
1164556494.980103 -5.337479e-03
1164556494.980225 -6.347244e-03
1164556494.980347 -6.890823e-03
1164556494.980469 -6.352844e-03
1164556494.980591 -4.506512e-03
1164556494.980713 -2.489531e-03
1164556494.980835 -5.973294e-04
1164556494.980957 1.785221e-03
1164556494.981079 3.911941e-03
1164556494.981201 6.087166e-03
1164556494.981323 5.829165e-03
1164556494.981445 3.753383e-03
1164556494.981567 2.283408e-03
1164556494.981689 1.069192e-03
1164556494.981812 1.069625e-03
1164556494.981934 1.444113e-03
1164556494.982056 2.293813e-03
1164556494.982178 2.045341e-03
1164556494.982300 -2.324307e-03
1164556494.982422 -8.782648e-03
1164556494.982544 -1.083122e-02
1164556494.982666 -8.439201e-03
1164556494.982788 -6.819543e-03
1164556494.982910 -3.996452e-03
1164556494.983032 2.463204e-03
1164556494.983154 8.320017e-03
1164556494.983276 1.055717e-02
1164556494.983398 1.073701e-02
1164556494.983521 9.492422e-03
1164556494.983643 5.721164e-03
1164556494.983765 1.434053e-03
1164556494.983887 -1.236955e-03
1164556494.984009 -3.944109e-03
1164556494.984131 -7.245446e-03
1164556494.984253 -8.830943e-03
1164556494.984375 -9.770200e-03
1164556494.984497 -9.041250e-03
1164556494.984619 -5.029654e-03
1164556494.984741 -6.603965e-04
1164556494.984863 2.031275e-03
1164556494.984985 5.026751e-03
1164556494.985107 8.198623e-03
1164556494.985229 8.813285e-03
1164556494.985352 7.938307e-03
1164556494.985474 7.698124e-03
1164556494.985596 5.242395e-03
1164556494.985718 1.460674e-03
1164556494.985840 -1.515725e-03
1164556494.985962 -6.000565e-03
1164556494.986084 -1.025955e-02
1164556494.986206 -1.022135e-02
1164556494.986328 -9.340848e-03
1164556494.986450 -8.318023e-03
1164556494.986572 -3.558869e-03
1164556494.986694 3.131758e-03
1164556494.986816 6.575117e-03
1164556494.986938 6.977593e-03
1164556494.987061 8.433636e-03
1164556494.987183 8.336399e-03
1164556494.987305 6.027996e-03
1164556494.987427 4.867934e-03
1164556494.987549 1.727044e-03
1164556494.987671 -1.661614e-03
1164556494.987793 -4.217445e-03
1164556494.987915 -6.368596e-03
1164556494.988037 -7.990394e-03
1164556494.988159 -7.944161e-03
1164556494.988281 -5.565813e-03
1164556494.988403 -3.833511e-03
1164556494.988525 -1.140980e-03
1164556494.988647 2.024076e-03
1164556494.988770 2.440694e-03
1164556494.988892 4.453336e-03
1164556494.989014 7.121657e-03
1164556494.989136 8.344074e-03
1164556494.989258 7.444416e-03
1164556494.989380 4.736884e-03
1164556494.989502 1.716413e-03
1164556494.989624 -2.489486e-03
1164556494.989746 -4.655792e-03
1164556494.989868 -5.840360e-03
1164556494.989990 -6.997754e-03
1164556494.990112 -5.751557e-03
1164556494.990234 -6.034583e-03
1164556494.990356 -5.172548e-03
1164556494.990479 -1.784163e-03
1164556494.990601 1.829610e-03
1164556494.990723 2.755110e-03
1164556494.990845 3.165069e-03
1164556494.990967 6.670745e-03
1164556494.991089 9.257756e-03
1164556494.991211 9.605757e-03
1164556494.991333 6.366513e-03
1164556494.991455 1.671263e-03
1164556494.991577 -1.224541e-03
1164556494.991699 -4.407609e-03
1164556494.991821 -7.520658e-03
1164556494.991943 -9.474371e-03
1164556494.992065 -8.778864e-03
1164556494.992188 -7.255739e-03
1164556494.992310 -6.531850e-03
1164556494.992432 -4.045359e-03
1164556494.992554 8.646880e-04
1164556494.992676 6.489695e-03
1164556494.992798 1.004843e-02
1164556494.992920 1.286187e-02
1164556494.993042 1.394089e-02
1164556494.993164 1.100165e-02
1164556494.993286 5.120638e-03
1164556494.993408 -3.350962e-03
1164556494.993530 -1.077951e-02
1164556494.993652 -1.381381e-02
1164556494.993774 -1.170988e-02
1164556494.993896 -9.042304e-03
1164556494.994019 -6.995782e-03
1164556494.994141 -3.193678e-03
1164556494.994263 1.537871e-03
1164556494.994385 4.923414e-03
1164556494.994507 7.056783e-03
1164556494.994629 8.310152e-03
1164556494.994751 8.529215e-03
1164556494.994873 8.252370e-03
1164556494.994995 5.861038e-03
1164556494.995117 2.410659e-03
1164556494.995239 -5.056900e-06
1164556494.995361 -3.073480e-03
1164556494.995483 -6.852216e-03
1164556494.995605 -9.509168e-03
1164556494.995728 -1.007080e-02
1164556494.995850 -7.461151e-03
1164556494.995972 -4.164425e-03
1164556494.996094 -2.073966e-03
1164556494.996216 6.126889e-04
1164556494.996338 4.118975e-03
1164556494.996460 7.355065e-03
1164556494.996582 9.129149e-03
1164556494.996704 1.012620e-02
1164556494.996826 7.890818e-03
1164556494.996948 4.119503e-03
1164556494.997070 1.517971e-03
1164556494.997192 -2.187635e-03
1164556494.997314 -7.532840e-03
1164556494.997437 -1.114077e-02
1164556494.997559 -1.069243e-02
1164556494.997681 -8.131439e-03
1164556494.997803 -3.851257e-03
1164556494.997925 1.054611e-03
1164556494.998047 3.492626e-03
1164556494.998169 4.937069e-03
1164556494.998291 6.267126e-03
1164556494.998413 6.163684e-03
1164556494.998535 4.863369e-03
1164556494.998657 4.018357e-03
1164556494.998779 2.754067e-03
1164556494.998901 -1.489535e-04
1164556494.999023 -1.810575e-03
1164556494.999146 -2.031893e-03
1164556494.999268 -3.360384e-03
1164556494.999390 -4.833224e-03
1164556494.999512 -4.512286e-03
1164556494.999634 -4.202331e-03
1164556494.999756 -4.601674e-03
1164556494.999878 -1.833138e-03
1164556495.000000 1.474297e-03
1164556495.000122 2.779516e-03
1164556495.000244 4.255589e-03
1164556495.000366 5.313535e-03
1164556495.000488 4.022412e-03
1164556495.000610 3.147229e-03
1164556495.000732 3.798048e-03
1164556495.000854 1.937399e-03
1164556495.000977 -1.191647e-03
1164556495.001099 -2.097294e-03
1164556495.001221 -3.726826e-03
1164556495.001343 -5.267079e-03
1164556495.001465 -4.581948e-03
1164556495.001587 -4.311042e-03
1164556495.001709 -3.306860e-03
1164556495.001831 6.256464e-04
1164556495.001953 3.038400e-03
1164556495.002075 2.083179e-03
1164556495.002197 1.963170e-03
1164556495.002319 3.149228e-03
1164556495.002441 2.960462e-03
1164556495.002563 2.447315e-03
1164556495.002686 1.638289e-03
1164556495.002808 8.658607e-04
1164556495.002930 1.694201e-03
1164556495.003052 1.388457e-03
1164556495.003174 -1.113082e-03
1164556495.003296 -3.388942e-03
1164556495.003418 -4.608842e-03
1164556495.003540 -5.334840e-03
1164556495.003662 -5.264338e-03
1164556495.003784 -3.593587e-03
1164556495.003906 -6.947422e-04
1164556495.004028 3.102937e-03
1164556495.004150 5.080453e-03
1164556495.004272 3.830066e-03
1164556495.004395 2.960456e-03
1164556495.004517 3.671792e-03
1164556495.004639 3.251563e-03
1164556495.004761 1.862043e-03
1164556495.004883 5.255542e-04
1164556495.005005 1.705267e-04
1164556495.005127 2.497151e-04
1164556495.005249 -1.890216e-03
1164556495.005371 -5.648224e-03
1164556495.005493 -7.525049e-03
1164556495.005615 -6.511172e-03
1164556495.005737 -5.832783e-03
1164556495.005859 -3.876872e-03
1164556495.005981 1.437251e-03
1164556495.006104 6.558482e-03
1164556495.006226 9.545871e-03
1164556495.006348 9.156497e-03
1164556495.006470 6.777299e-03
1164556495.006592 4.792294e-03
1164556495.006714 1.591431e-03
1164556495.006836 -1.804837e-03
1164556495.006958 -4.270157e-03
1164556495.007080 -5.884386e-03
1164556495.007202 -8.068546e-03
1164556495.007324 -1.009569e-02
1164556495.007446 -7.573296e-03
1164556495.007568 -3.015568e-03
1164556495.007690 1.879340e-03
1164556495.007812 5.877469e-03
1164556495.007935 7.716556e-03
1164556495.008057 8.321148e-03
1164556495.008179 7.308417e-03
1164556495.008301 4.641136e-03
1164556495.008423 6.247546e-04
1164556495.008545 -2.743223e-03
1164556495.008667 -4.101717e-03
1164556495.008789 -4.289573e-03
1164556495.008911 -2.730641e-03
1164556495.009033 -8.978242e-04
1164556495.009155 -1.963135e-03
1164556495.009277 -2.976609e-03
1164556495.009399 -3.383125e-03
1164556495.009521 -2.861112e-03
1164556495.009644 -9.848631e-04
1164556495.009766 1.152034e-03
1164556495.009888 3.692432e-03
1164556495.010010 5.505013e-03
1164556495.010132 5.986953e-03
1164556495.010254 4.486342e-03
1164556495.010376 2.416847e-03
1164556495.010498 5.564336e-04
1164556495.010620 -1.914237e-03
1164556495.010742 -3.794137e-03
1164556495.010864 -3.726540e-03
1164556495.010986 -2.575016e-03
1164556495.011108 -1.693716e-03
1164556495.011230 -2.612704e-03
1164556495.011353 -3.179107e-03
1164556495.011475 -1.831312e-03
1164556495.011597 -6.918386e-05
1164556495.011719 7.226855e-04
1164556495.011841 1.336130e-03
1164556495.011963 3.290324e-03
1164556495.012085 4.808167e-03
1164556495.012207 4.090230e-03
1164556495.012329 3.440561e-03
1164556495.012451 3.623140e-03
1164556495.012573 1.586766e-03
1164556495.012695 -8.928111e-04
1164556495.012817 -2.991063e-03
1164556495.012939 -4.867657e-03
1164556495.013062 -6.144772e-03
1164556495.013184 -6.460543e-03
1164556495.013306 -5.732158e-03
1164556495.013428 -4.369783e-03
1164556495.013550 -1.392474e-04
1164556495.013672 5.256447e-03
1164556495.013794 7.060856e-03
1164556495.013916 7.288584e-03
1164556495.014038 8.030978e-03
1164556495.014160 6.441754e-03
1164556495.014282 1.783477e-03
1164556495.014404 -2.505063e-03
1164556495.014526 -5.108771e-03
1164556495.014648 -6.430247e-03
1164556495.014771 -5.310775e-03
1164556495.014893 -3.672149e-03
1164556495.015015 -2.729025e-03
1164556495.015137 -8.607283e-04
1164556495.015259 3.681861e-04
1164556495.015381 -6.286620e-04
1164556495.015503 -5.111009e-04
1164556495.015625 2.274076e-03
1164556495.015747 4.257645e-03
1164556495.015869 4.841548e-03
1164556495.015991 5.088238e-03
1164556495.016113 4.498308e-03
1164556495.016235 1.763567e-03
1164556495.016357 -1.426680e-03
1164556495.016479 -2.831028e-03
1164556495.016602 -4.518768e-03
1164556495.016724 -5.143540e-03
1164556495.016846 -3.437213e-03
1164556495.016968 -2.219803e-03
1164556495.017090 -2.009026e-03
1164556495.017212 -4.830099e-04
1164556495.017334 1.125717e-03
1164556495.017456 7.810892e-04
1164556495.017578 1.413616e-03
1164556495.017700 3.227615e-03
1164556495.017822 3.826172e-03
1164556495.017944 3.516163e-03
1164556495.018066 3.458350e-03
1164556495.018188 2.140073e-03
1164556495.018311 -4.437348e-04
1164556495.018433 -1.758046e-03
1164556495.018555 -2.357389e-03
1164556495.018677 -3.688192e-03
1164556495.018799 -3.653453e-03
1164556495.018921 -2.651530e-03
1164556495.019043 -2.958316e-03
1164556495.019165 -2.964123e-03
1164556495.019287 -1.120202e-03
1164556495.019409 8.538570e-04
1164556495.019531 2.130041e-03
1164556495.019653 2.992855e-03
1164556495.019775 4.407798e-03
1164556495.019897 5.488233e-03
1164556495.020020 6.004826e-03
1164556495.020142 5.131994e-03
1164556495.020264 1.538780e-03
1164556495.020386 -2.468641e-03
1164556495.020508 -6.060537e-03
1164556495.020630 -9.512139e-03
1164556495.020752 -9.078674e-03
1164556495.020874 -4.554859e-03
1164556495.020996 -4.735081e-04
1164556495.021118 1.299411e-03
1164556495.021240 2.322975e-03
1164556495.021362 4.178101e-03
1164556495.021484 5.178369e-03
1164556495.021606 4.764574e-03
1164556495.021729 3.977126e-03
1164556495.021851 3.494572e-03
1164556495.021973 2.852342e-03
1164556495.022095 2.735989e-04
1164556495.022217 -3.164381e-03
1164556495.022339 -5.174208e-03
1164556495.022461 -6.328227e-03
1164556495.022583 -5.527090e-03
1164556495.022705 -2.742770e-03
1164556495.022827 -4.437906e-04
1164556495.022949 9.342803e-04
1164556495.023071 1.414162e-03
1164556495.023193 1.706995e-03
1164556495.023315 2.700171e-03
1164556495.023438 3.509629e-03
1164556495.023560 2.721386e-03
1164556495.023682 1.471253e-03
1164556495.023804 9.629673e-04
1164556495.023926 7.694238e-04
1164556495.024048 3.289999e-04
1164556495.024170 -7.115899e-04
1164556495.024292 -1.149920e-03
1164556495.024414 -9.022583e-04
1164556495.024536 -2.259931e-03
1164556495.024658 -4.113332e-03
1164556495.024780 -3.658011e-03
1164556495.024902 -1.989709e-03
1164556495.025024 -8.594374e-04
1164556495.025146 -4.001178e-04
1164556495.025269 6.761849e-04
1164556495.025391 2.314354e-03
1164556495.025513 4.330375e-03
1164556495.025635 5.975096e-03
1164556495.025757 5.248006e-03
1164556495.025879 3.281711e-03
1164556495.026001 1.532220e-03
1164556495.026123 -1.773515e-03
1164556495.026245 -5.397809e-03
1164556495.026367 -6.860539e-03
1164556495.026489 -5.178599e-03
1164556495.026611 -2.615483e-03
1164556495.026733 -5.779726e-04
1164556495.026855 1.005374e-03
1164556495.026978 2.687626e-04
1164556495.027100 -9.030697e-04
1164556495.027222 -1.596162e-04
1164556495.027344 1.718340e-03
1164556495.027466 3.633636e-03
1164556495.027588 6.050943e-03
1164556495.027710 6.981981e-03
1164556495.027832 4.332463e-03
1164556495.027954 1.375815e-03
1164556495.028076 -8.339626e-04
1164556495.028198 -5.085875e-03
1164556495.028320 -8.238418e-03
1164556495.028442 -7.523207e-03
1164556495.028564 -5.399111e-03
1164556495.028687 -3.511494e-03
1164556495.028809 -9.101247e-04
1164556495.028931 1.294677e-03
1164556495.029053 2.608296e-03
1164556495.029175 5.354309e-03
1164556495.029297 7.946166e-03
1164556495.029419 7.613791e-03
1164556495.029541 5.271946e-03
1164556495.029663 2.444353e-03
1164556495.029785 -6.137369e-04
1164556495.029907 -3.635180e-03
1164556495.030029 -5.915864e-03
1164556495.030151 -7.733986e-03
1164556495.030273 -7.288608e-03
1164556495.030396 -4.679788e-03
1164556495.030518 -2.363786e-03
1164556495.030640 2.285333e-04
1164556495.030762 3.341957e-03
1164556495.030884 6.244880e-03
1164556495.031006 6.958839e-03
1164556495.031128 5.425067e-03
1164556495.031250 3.092920e-03
1164556495.031372 6.028695e-04
1164556495.031494 -1.202674e-03
1164556495.031616 -3.153968e-03
1164556495.031738 -3.974519e-03
1164556495.031860 -3.140424e-03
1164556495.031982 -1.846455e-03
1164556495.032104 -8.638729e-04
1164556495.032227 6.045256e-04
1164556495.032349 1.041362e-03
1164556495.032471 8.096804e-06
1164556495.032593 1.099931e-04
1164556495.032715 5.619483e-04
1164556495.032837 -4.287939e-04
1164556495.032959 -9.330392e-04
1164556495.033081 -1.253846e-03
1164556495.033203 -1.002225e-03
1164556495.033325 5.495730e-04
1164556495.033447 3.139079e-03
1164556495.033569 4.193137e-03
1164556495.033691 4.132610e-03
1164556495.033813 4.598007e-03
1164556495.033936 2.028421e-03
1164556495.034058 -2.496578e-03
1164556495.034180 -5.700521e-03
1164556495.034302 -7.142548e-03
1164556495.034424 -6.934350e-03
1164556495.034546 -4.929223e-03
1164556495.034668 -1.961020e-03
1164556495.034790 4.548330e-04
1164556495.034912 3.325741e-03
1164556495.035034 6.475255e-03
1164556495.035156 7.369361e-03
1164556495.035278 5.676691e-03
1164556495.035400 3.936853e-03
1164556495.035522 2.589877e-03
1164556495.035645 4.982181e-04
1164556495.035767 -2.074974e-03
1164556495.035889 -4.370843e-03
1164556495.036011 -6.396825e-03
1164556495.036133 -7.131654e-03
1164556495.036255 -6.949722e-03
1164556495.036377 -5.065643e-03
1164556495.036499 -9.891987e-04
1164556495.036621 4.052134e-03
1164556495.036743 7.566145e-03
1164556495.036865 7.289900e-03
1164556495.036987 5.448903e-03
1164556495.037109 3.502668e-03
1164556495.037231 1.108137e-03
1164556495.037354 -6.952312e-04
1164556495.037476 -2.159116e-03
1164556495.037598 -2.758081e-03
1164556495.037720 -2.023665e-03
1164556495.037842 -1.561365e-03
1164556495.037964 -2.050160e-03
1164556495.038086 -3.156373e-03
1164556495.038208 -3.926023e-03
1164556495.038330 -2.894910e-03
1164556495.038452 -3.389328e-04
1164556495.038574 1.900565e-03
1164556495.038696 3.106576e-03
1164556495.038818 3.908168e-03
1164556495.038940 4.025679e-03
1164556495.039062 3.408432e-03
1164556495.039185 2.176656e-03
1164556495.039307 1.060474e-03
1164556495.039429 2.893486e-05
1164556495.039551 -1.280005e-03
1164556495.039673 -2.154192e-03
1164556495.039795 -3.236336e-03
1164556495.039917 -3.989635e-03
1164556495.040039 -3.225562e-03
1164556495.040161 -2.435915e-03
1164556495.040283 -2.099574e-03
1164556495.040405 -1.179941e-03
1164556495.040527 1.037367e-03
1164556495.040649 3.819667e-03
1164556495.040771 4.908851e-03
1164556495.040894 4.488230e-03
1164556495.041016 2.908679e-03
1164556495.041138 1.336557e-03
1164556495.041260 8.518079e-04
1164556495.041382 -1.602420e-04
1164556495.041504 -1.816845e-03
1164556495.041626 -2.328562e-03
1164556495.041748 -2.276923e-03
1164556495.041870 -3.063444e-03
1164556495.041992 -3.887262e-03
1164556495.042114 -3.387529e-03
1164556495.042236 -1.717103e-03
1164556495.042358 1.099923e-04
1164556495.042480 1.884074e-03
1164556495.042603 2.786724e-03
1164556495.042725 3.173933e-03
1164556495.042847 3.507918e-03
1164556495.042969 3.889211e-03
1164556495.043091 2.987474e-03
1164556495.043213 1.274847e-03
1164556495.043335 2.945926e-04
1164556495.043457 -7.782197e-04
1164556495.043579 -2.315917e-03
1164556495.043701 -4.221734e-03
1164556495.043823 -5.080246e-03
1164556495.043945 -4.788741e-03
1164556495.044067 -3.735523e-03
1164556495.044189 -1.959939e-03
1164556495.044312 -2.207417e-04
1164556495.044434 2.407511e-03
1164556495.044556 5.472820e-03
1164556495.044678 6.605170e-03
1164556495.044800 6.262877e-03
1164556495.044922 4.692838e-03
1164556495.045044 2.188941e-03
1164556495.045166 -1.370441e-03
1164556495.045288 -4.363104e-03
1164556495.045410 -5.853442e-03
1164556495.045532 -6.303822e-03
1164556495.045654 -4.200313e-03
1164556495.045776 -9.363128e-04
1164556495.045898 1.762316e-03
1164556495.046021 2.105059e-03
1164556495.046143 5.844999e-04
1164556495.046265 -6.659491e-04
1164556495.046387 1.916141e-04
1164556495.046509 1.794800e-03
1164556495.046631 2.154782e-03
1164556495.046753 2.818608e-03
1164556495.046875 3.569114e-03
1164556495.046997 2.627599e-03
1164556495.047119 8.935580e-04
1164556495.047241 -1.606986e-03
1164556495.047363 -3.535322e-03
1164556495.047485 -3.471062e-03
1164556495.047607 -2.036702e-03
1164556495.047729 -1.479388e-03
1164556495.047852 -1.741691e-03
1164556495.047974 -1.420002e-03
1164556495.048096 -1.587350e-03
1164556495.048218 -1.288816e-03
1164556495.048340 8.910137e-04
1164556495.048462 3.038715e-03
1164556495.048584 3.908135e-03
1164556495.048706 4.552312e-03
1164556495.048828 4.440776e-03
1164556495.048950 2.091305e-03
1164556495.049072 5.088739e-06
1164556495.049194 -7.388953e-04
1164556495.049316 -2.228432e-03
1164556495.049438 -3.829264e-03
1164556495.049561 -4.172365e-03
1164556495.049683 -4.246932e-03
1164556495.049805 -3.875984e-03
1164556495.049927 -2.328160e-03
1164556495.050049 -4.431846e-04
1164556495.050171 1.521670e-03
1164556495.050293 4.169330e-03
1164556495.050415 5.151003e-03
1164556495.050537 4.521050e-03
1164556495.050659 3.830731e-03
1164556495.050781 3.067623e-03
1164556495.050903 8.560993e-04
1164556495.051025 -1.321586e-03
1164556495.051147 -2.555112e-03
1164556495.051270 -3.871970e-03
1164556495.051392 -4.217534e-03
1164556495.051514 -3.683277e-03
1164556495.051636 -3.045825e-03
1164556495.051758 -1.402328e-03
1164556495.051880 -2.463835e-04
1164556495.052002 6.497413e-06
1164556495.052124 4.414971e-04
1164556495.052246 2.389283e-03
1164556495.052368 5.276982e-03
1164556495.052490 6.271808e-03
1164556495.052612 4.804543e-03
1164556495.052734 1.934991e-03
1164556495.052856 -7.909558e-04
1164556495.052979 -2.527212e-03
1164556495.053101 -4.144856e-03
1164556495.053223 -5.068711e-03
1164556495.053345 -3.898330e-03
1164556495.053467 -1.461151e-03
1164556495.053589 -7.185356e-04
1164556495.053711 -7.132842e-04
1164556495.053833 9.177463e-05
1164556495.053955 5.708427e-04
1164556495.054077 1.139117e-03
1164556495.054199 2.810422e-03
1164556495.054321 3.783193e-03
1164556495.054443 3.008149e-03
1164556495.054565 1.699164e-03
1164556495.054688 8.284484e-04
1164556495.054810 -7.590620e-05
1164556495.054932 -2.055198e-04
1164556495.055054 -2.826121e-04
1164556495.055176 -1.930848e-03
1164556495.055298 -2.795472e-03
1164556495.055420 -2.568940e-03
1164556495.055542 -3.426130e-03
1164556495.055664 -3.663670e-03
1164556495.055786 -2.122370e-03
1164556495.055908 -1.347215e-04
1164556495.056030 8.892983e-04
1164556495.056152 2.011769e-03
1164556495.056274 4.575685e-03
1164556495.056396 6.613405e-03
1164556495.056519 6.398190e-03
1164556495.056641 4.447738e-03
1164556495.056763 1.253711e-03
1164556495.056885 -2.180136e-03
1164556495.057007 -4.834972e-03
1164556495.057129 -6.638446e-03
1164556495.057251 -7.128217e-03
1164556495.057373 -5.481254e-03
1164556495.057495 -2.483737e-03
1164556495.057617 -5.415706e-04
1164556495.057739 1.011848e-03
1164556495.057861 3.628952e-03
1164556495.057983 4.575997e-03
1164556495.058105 4.052192e-03
1164556495.058228 4.644657e-03
1164556495.058350 4.905433e-03
1164556495.058472 3.465952e-03
1164556495.058594 1.605311e-03
1164556495.058716 -3.997820e-04
1164556495.058838 -3.580716e-03
1164556495.058960 -6.215725e-03
1164556495.059082 -6.971812e-03
1164556495.059204 -6.585508e-03
1164556495.059326 -5.023172e-03
1164556495.059448 -1.819041e-03
1164556495.059570 1.975573e-03
1164556495.059692 4.187314e-03
1164556495.059814 5.470398e-03
1164556495.059937 6.243393e-03
1164556495.060059 5.660261e-03
1164556495.060181 3.924933e-03
1164556495.060303 2.116220e-03
1164556495.060425 -3.256711e-04
1164556495.060547 -2.740210e-03
1164556495.060669 -4.103562e-03
1164556495.060791 -4.968389e-03
1164556495.060913 -5.108503e-03
1164556495.061035 -3.976830e-03
1164556495.061157 -2.089711e-03
1164556495.061279 -5.727226e-04
1164556495.061401 6.916218e-04
1164556495.061523 2.583463e-03
1164556495.061646 3.691790e-03
1164556495.061768 3.474313e-03
1164556495.061890 2.790633e-03
1164556495.062012 2.360992e-03
1164556495.062134 2.335653e-03
1164556495.062256 1.763470e-03
1164556495.062378 3.995947e-04
1164556495.062500 -1.221193e-03
1164556495.062622 -2.481416e-03
1164556495.062744 -3.381003e-03
1164556495.062866 -4.763487e-03
1164556495.062988 -5.412311e-03
1164556495.063110 -3.957436e-03
1164556495.063232 -1.069052e-03
1164556495.063354 1.699669e-03
1164556495.063477 3.948814e-03
1164556495.063599 5.542638e-03
1164556495.063721 5.748840e-03
1164556495.063843 4.007593e-03
1164556495.063965 1.380921e-03
1164556495.064087 -4.366976e-04
1164556495.064209 -1.435753e-03
1164556495.064331 -2.149505e-03
1164556495.064453 -3.088988e-03
1164556495.064575 -3.424470e-03
1164556495.064697 -2.430285e-03
1164556495.064819 -1.856656e-03
1164556495.064941 -1.159714e-03
1164556495.065063 -5.426495e-04
1164556495.065186 1.466292e-04
1164556495.065308 1.830050e-03
1164556495.065430 3.317123e-03
1164556495.065552 3.059935e-03
1164556495.065674 2.138024e-03
1164556495.065796 1.437633e-03
1164556495.065918 3.900520e-04
1164556495.066040 -1.032689e-03
1164556495.066162 -8.786335e-04
1164556495.066284 -2.852518e-04
1164556495.066406 -7.211512e-04
1164556495.066528 -1.833874e-03
1164556495.066650 -2.053216e-03
1164556495.066772 -1.578478e-03
1164556495.066895 -1.232396e-03
1164556495.067017 -9.018609e-04
1164556495.067139 -2.001968e-04
1164556495.067261 7.506346e-04
1164556495.067383 2.282859e-03
1164556495.067505 3.176280e-03
1164556495.067627 2.080415e-03
1164556495.067749 9.266628e-04
1164556495.067871 -1.819412e-04
1164556495.067993 -1.164425e-03
1164556495.068115 -6.922861e-04
1164556495.068237 5.116812e-04
1164556495.068359 8.541769e-04
1164556495.068481 -3.291212e-04
1164556495.068604 -1.094450e-03
1164556495.068726 -1.878721e-03
1164556495.068848 -3.177779e-03
1164556495.068970 -2.808502e-03
1164556495.069092 -1.052840e-03
1164556495.069214 2.344892e-04
1164556495.069336 1.784414e-03
1164556495.069458 2.963813e-03
1164556495.069580 3.523245e-03
1164556495.069702 3.240137e-03
1164556495.069824 2.472708e-03
1164556495.069946 7.900845e-04
1164556495.070068 -1.209268e-03
1164556495.070190 -1.884128e-03
1164556495.070312 -2.325907e-03
1164556495.070435 -2.888923e-03
1164556495.070557 -2.646650e-03
1164556495.070679 -1.793778e-03
1164556495.070801 -8.760494e-04
1164556495.070923 -9.555311e-04
1164556495.071045 -4.510901e-04
1164556495.071167 1.785815e-03
1164556495.071289 3.218220e-03
1164556495.071411 3.112472e-03
1164556495.071533 2.782014e-03
1164556495.071655 2.831875e-03
1164556495.071777 1.802918e-03
1164556495.071899 -3.130081e-04
1164556495.072021 -1.618880e-03
1164556495.072144 -2.714584e-03
1164556495.072266 -3.087929e-03
1164556495.072388 -3.107452e-03
1164556495.072510 -3.390227e-03
1164556495.072632 -2.709952e-03
1164556495.072754 -5.304595e-04
1164556495.072876 1.209752e-03
1164556495.072998 1.528199e-03
1164556495.073120 2.890125e-03
1164556495.073242 4.931196e-03
1164556495.073364 4.827488e-03
1164556495.073486 3.623231e-03
1164556495.073608 1.725451e-03
1164556495.073730 -1.056839e-03
1164556495.073853 -3.296617e-03
1164556495.073975 -4.569534e-03
1164556495.074097 -5.656778e-03
1164556495.074219 -5.246913e-03
1164556495.074341 -2.617660e-03
1164556495.074463 2.548673e-04
1164556495.074585 1.772450e-03
1164556495.074707 2.877307e-03
1164556495.074829 3.788669e-03
1164556495.074951 4.329571e-03
1164556495.075073 3.625332e-03
1164556495.075195 2.089713e-03
1164556495.075317 9.431043e-04
1164556495.075439 -1.532695e-04
1164556495.075562 -1.517638e-03
1164556495.075684 -2.598253e-03
1164556495.075806 -3.630387e-03
1164556495.075928 -4.083908e-03
1164556495.076050 -3.763035e-03
1164556495.076172 -3.201317e-03
1164556495.076294 -2.831998e-03
1164556495.076416 -9.554105e-04
