1164556494.729248 -4.276909e-02
1164556494.729370 -4.309885e-02
1164556494.729492 -4.145711e-02
1164556494.729614 -3.417733e-02
1164556494.729736 -1.777002e-02
1164556494.729858 -1.841129e-03
1164556494.729980 1.125402e-02
1164556494.730103 3.040411e-02
1164556494.730225 4.280725e-02
1164556494.730347 3.353883e-02
1164556494.730469 1.982497e-02
1164556494.730591 1.278918e-02
1164556494.730713 -1.152936e-02
1164556494.730835 -2.934116e-02
1164556494.730957 -3.559484e-02
1164556494.731079 -3.850428e-02
1164556494.731201 -2.720925e-02
1164556494.731323 -8.708171e-03
1164556494.731445 -2.519440e-03
1164556494.731567 1.522812e-03
1164556494.731689 2.528750e-02
1164556494.731812 4.117034e-02
1164556494.731934 3.279562e-02
1164556494.732056 2.940489e-02
1164556494.732178 1.966573e-02
1164556494.732300 -4.416870e-03
1164556494.732422 -1.701003e-02
1164556494.732544 -1.197655e-02
1164556494.732666 -1.688759e-02
1164556494.732788 -1.950203e-02
1164556494.732910 -1.837315e-02
1164556494.733032 -2.314274e-02
1164556494.733154 -2.538169e-02
1164556494.733276 -2.213876e-02
1164556494.733398 -1.758324e-02
1164556494.733521 1.176035e-03
1164556494.733643 2.985355e-02
1164556494.733765 5.184996e-02
1164556494.733887 5.909691e-02
1164556494.734009 5.698569e-02
1164556494.734131 3.047079e-02
1164556494.734253 3.110061e-04
1164556494.734375 -1.296272e-02
1164556494.734497 -3.214785e-02
1164556494.734619 -5.580018e-02
1164556494.734741 -6.184189e-02
1164556494.734863 -5.906102e-02
1164556494.734985 -4.517751e-02
1164556494.735107 -1.624859e-02
1164556494.735229 1.282794e-02
1164556494.735352 2.733941e-02
1164556494.735474 5.180637e-02
1164556494.735596 7.717369e-02
1164556494.735718 7.715465e-02
1164556494.735840 5.582427e-02
1164556494.735962 2.344995e-02
1164556494.736084 -2.108753e-02
1164556494.736206 -5.326074e-02
1164556494.736328 -5.972918e-02
1164556494.736450 -5.724026e-02
1164556494.736572 -4.773484e-02
1164556494.736694 -2.616900e-02
1164556494.736816 -1.297572e-02
1164556494.736938 -8.149665e-03
1164556494.737061 6.119333e-03
1164556494.737183 3.631659e-02
1164556494.737305 4.084850e-02
1164556494.737427 3.097325e-02
1164556494.737549 3.230703e-02
1164556494.737671 3.780906e-02
1164556494.737793 3.071409e-02
1164556494.737915 8.590804e-03
1164556494.738037 -1.606939e-02
1164556494.738159 -3.167237e-02
1164556494.738281 -2.424610e-02
1164556494.738403 -1.301473e-02
1164556494.738525 -2.965724e-02
1164556494.738647 -4.051691e-02
1164556494.738770 -3.113359e-02
1164556494.738892 -2.404592e-02
1164556494.739014 -2.475529e-02
1164556494.739136 -6.349879e-03
1164556494.739258 2.519825e-02
1164556494.739380 4.891621e-02
1164556494.739502 6.499383e-02
1164556494.739624 7.047720e-02
1164556494.739746 6.370871e-02
1164556494.739868 4.162323e-02
1164556494.739990 3.785030e-03
1164556494.740112 -4.264982e-02
1164556494.740234 -7.516630e-02
1164556494.740356 -7.291633e-02
1164556494.740479 -5.801538e-02
1164556494.740601 -5.474896e-02
1164556494.740723 -5.037988e-02
1164556494.740845 -2.084176e-02
1164556494.740967 1.457982e-02
1164556494.741089 4.354634e-02
1164556494.741211 6.579254e-02
1164556494.741333 8.016572e-02
1164556494.741455 7.420968e-02
1164556494.741577 6.581357e-02
1164556494.741699 4.653850e-02
1164556494.741821 1.127862e-02
1164556494.741943 -3.133141e-02
1164556494.742065 -7.319783e-02
1164556494.742188 -1.029400e-01
1164556494.742310 -1.031163e-01
1164556494.742432 -7.243086e-02
1164556494.742554 -2.491119e-02
1164556494.742676 1.284868e-02
1164556494.742798 3.708430e-02
1164556494.742920 4.963930e-02
1164556494.743042 5.449085e-02
1164556494.743164 5.450376e-02
1164556494.743286 5.304916e-02
1164556494.743408 4.775358e-02
1164556494.743530 2.805167e-02
1164556494.743652 7.091009e-03
1164556494.743774 -3.741700e-03
1164556494.743896 -2.891932e-02
1164556494.744019 -5.890355e-02
1164556494.744141 -6.878933e-02
1164556494.744263 -6.541526e-02
1164556494.744385 -5.312196e-02
1164556494.744507 -2.617330e-02
1164556494.744629 8.147161e-04
1164556494.744751 1.650203e-02
1164556494.744873 3.485298e-02
1164556494.744995 5.615163e-02
1164556494.745117 5.991393e-02
1164556494.745239 5.555430e-02
1164556494.745361 3.967068e-02
1164556494.745483 1.849494e-02
1164556494.745605 6.715426e-03
1164556494.745728 9.546536e-04
1164556494.745850 -1.538903e-02
1164556494.745972 -3.417854e-02
1164556494.746094 -4.898472e-02
1164556494.746216 -6.549504e-02
1164556494.746338 -8.427552e-02
1164556494.746460 -7.234146e-02
1164556494.746582 -3.200995e-02
1164556494.746704 1.195655e-02
1164556494.746826 5.340840e-02
1164556494.746948 8.139536e-02
1164556494.747070 8.901437e-02
1164556494.747192 8.263844e-02
1164556494.747314 6.580528e-02
1164556494.747437 4.204363e-02
1164556494.747559 1.183884e-02
1164556494.747681 -1.618313e-02
1164556494.747803 -5.683591e-02
1164556494.747925 -9.421760e-02
1164556494.748047 -1.081845e-01
1164556494.748169 -1.095730e-01
1164556494.748291 -8.515232e-02
1164556494.748413 -2.044118e-02
1164556494.748535 4.587899e-02
1164556494.748657 8.522671e-02
1164556494.748779 9.917593e-02
1164556494.748901 9.817898e-02
1164556494.749023 6.823189e-02
1164556494.749146 3.237595e-02
1164556494.749268 7.530466e-03
1164556494.749390 -8.586095e-03
1164556494.749512 -1.507223e-02
1164556494.749634 -1.877878e-02
1164556494.749756 -4.534394e-02
1164556494.749878 -7.609291e-02
1164556494.750000 -8.640123e-02
1164556494.750122 -6.888712e-02
1164556494.750244 -4.621112e-02
1164556494.750366 -1.162439e-02
1164556494.750488 3.235043e-02
1164556494.750610 6.546452e-02
1164556494.750732 8.464606e-02
1164556494.750854 8.235891e-02
1164556494.750977 5.990279e-02
1164556494.751099 3.713706e-02
1164556494.751221 1.567658e-02
1164556494.751343 -8.829106e-03
1164556494.751465 -3.413239e-02
1164556494.751587 -3.630766e-02
1164556494.751709 -3.690483e-02
1164556494.751831 -5.943238e-02
1164556494.751953 -7.543206e-02
1164556494.752075 -6.198627e-02
1164556494.752197 -2.943399e-02
1164556494.752319 6.376441e-03
1164556494.752441 3.634079e-02
1164556494.752563 4.444660e-02
1164556494.752686 4.027792e-02
1164556494.752808 5.281080e-02
1164556494.752930 5.524471e-02
1164556494.753052 4.873708e-02
1164556494.753174 4.441972e-02
1164556494.753296 3.007925e-02
1164556494.753418 -3.480747e-03
1164556494.753540 -2.557757e-02
1164556494.753662 -4.955873e-02
1164556494.753784 -9.077188e-02
1164556494.753906 -1.097120e-01
1164556494.754028 -8.888251e-02
1164556494.754150 -5.349844e-02
1164556494.754272 -1.051767e-02
1164556494.754395 3.668301e-02
1164556494.754517 7.310172e-02
1164556494.754639 1.029193e-01
1164556494.754761 1.140317e-01
1164556494.754883 8.612652e-02
1164556494.755005 5.156617e-02
1164556494.755127 1.236228e-02
1164556494.755249 -2.463483e-02
1164556494.755371 -5.470103e-02
1164556494.755493 -6.601177e-02
1164556494.755615 -6.336237e-02
1164556494.755737 -6.946699e-02
1164556494.755859 -7.508257e-02
1164556494.755981 -7.502073e-02
1164556494.756104 -4.497724e-02
1164556494.756226 6.574402e-03
1164556494.756348 3.968777e-02
1164556494.756470 8.271535e-02
1164556494.756592 1.126267e-01
1164556494.756714 1.169713e-01
1164556494.756836 9.728434e-02
1164556494.756958 5.444757e-02
1164556494.757080 1.013513e-03
1164556494.757202 -5.359437e-02
1164556494.757324 -8.280531e-02
1164556494.757446 -9.707893e-02
1164556494.757568 -9.155125e-02
1164556494.757690 -6.399532e-02
1164556494.757812 -6.118257e-02
1164556494.757935 -5.144151e-02
1164556494.758057 -1.501720e-02
1164556494.758179 2.709526e-02
1164556494.758301 7.425149e-02
1164556494.758423 1.118098e-01
1164556494.758545 1.251498e-01
1164556494.758667 1.121237e-01
1164556494.758789 7.548323e-02
1164556494.758911 5.167237e-03
1164556494.759033 -6.938310e-02
1164556494.759155 -9.231957e-02
1164556494.759277 -8.630884e-02
1164556494.759399 -8.058139e-02
1164556494.759521 -7.260689e-02
1164556494.759644 -5.063618e-02
1164556494.759766 -3.109294e-02
1164556494.759888 -4.701786e-03
1164556494.760010 3.473037e-02
1164556494.760132 6.867866e-02
1164556494.760254 9.202871e-02
1164556494.760376 8.820863e-02
1164556494.760498 5.816571e-02
1164556494.760620 1.830560e-02
1164556494.760742 -6.895911e-03
1164556494.760864 -1.704860e-02
1164556494.760986 -3.709181e-02
1164556494.761108 -4.135574e-02
1164556494.761230 -3.741902e-02
1164556494.761353 -3.593169e-02
1164556494.761475 -3.101344e-02
1164556494.761597 -2.326308e-02
1164556494.761719 -1.919663e-02
1164556494.761841 -7.449398e-03
1164556494.761963 8.512450e-03
1164556494.762085 1.005461e-02
1164556494.762207 8.012229e-03
1164556494.762329 2.444272e-02
1164556494.762451 4.039150e-02
1164556494.762573 4.981864e-02
1164556494.762695 5.777085e-02
1164556494.762817 5.005747e-02
1164556494.762939 2.048674e-02
1164556494.763062 -1.488100e-02
1164556494.763184 -3.543649e-02
1164556494.763306 -4.312493e-02
1164556494.763428 -5.381450e-02
1164556494.763550 -5.862681e-02
1164556494.763672 -7.051708e-02
1164556494.763794 -7.611942e-02
1164556494.763916 -5.172899e-02
1164556494.764038 9.584228e-04
1164556494.764160 4.853362e-02
1164556494.764282 7.920062e-02
1164556494.764404 1.172102e-01
1164556494.764526 1.348900e-01
1164556494.764648 1.035574e-01
1164556494.764771 5.906605e-02
1164556494.764893 -4.567610e-03
1164556494.765015 -6.922153e-02
1164556494.765137 -1.109354e-01
1164556494.765259 -1.344297e-01
1164556494.765381 -1.334615e-01
1164556494.765503 -8.833933e-02
1164556494.765625 -3.296600e-02
1164556494.765747 4.644800e-03
1164556494.765869 4.307464e-02
1164556494.765991 7.496437e-02
1164556494.766113 8.698295e-02
1164556494.766235 9.672112e-02
1164556494.766357 9.787144e-02
1164556494.766479 9.154568e-02
1164556494.766602 5.497650e-02
1164556494.766724 -7.159637e-03
1164556494.766846 -6.859772e-02
1164556494.766968 -1.125622e-01
1164556494.767090 -1.237505e-01
1164556494.767212 -1.043694e-01
1164556494.767334 -5.069755e-02
1164556494.767456 6.208417e-03
1164556494.767578 2.105422e-02
1164556494.767700 2.550709e-02
1164556494.767822 1.718898e-02
1164556494.767944 1.366299e-02
1164556494.768066 3.956757e-02
1164556494.768188 6.328358e-02
1164556494.768311 6.693485e-02
1164556494.768433 6.362532e-02
1164556494.768555 6.087896e-02
1164556494.768677 3.494017e-02
1164556494.768799 -1.233628e-02
1164556494.768921 -4.761103e-02
1164556494.769043 -8.610795e-02
1164556494.769165 -1.062470e-01
1164556494.769287 -8.899228e-02
1164556494.769409 -6.632929e-02
1164556494.769531 -4.574609e-02
1164556494.769653 -2.330977e-02
1164556494.769775 3.527311e-03
1164556494.769897 4.400366e-02
1164556494.770020 8.835257e-02
1164556494.770142 1.206128e-01
1164556494.770264 1.308692e-01
1164556494.770386 1.193623e-01
1164556494.770508 7.759705e-02
1164556494.770630 1.745304e-02
1164556494.770752 -4.404851e-02
1164556494.770874 -1.125233e-01
1164556494.770996 -1.627145e-01
1164556494.771118 -1.654826e-01
1164556494.771240 -1.465721e-01
1164556494.771362 -9.290072e-02
1164556494.771484 -1.276400e-02
1164556494.771606 5.279064e-02
1164556494.771729 9.431827e-02
1164556494.771851 1.416726e-01
1164556494.771973 1.700193e-01
1164556494.772095 1.561218e-01
1164556494.772217 1.161877e-01
1164556494.772339 4.480103e-02
1164556494.772461 -3.883415e-02
1164556494.772583 -8.808485e-02
1164556494.772705 -1.241288e-01
1164556494.772827 -1.603014e-01
1164556494.772949 -1.529464e-01
1164556494.773071 -1.021273e-01
1164556494.773193 -5.734713e-02
1164556494.773315 -1.343454e-02
1164556494.773438 4.861984e-02
1164556494.773560 1.064034e-01
1164556494.773682 1.359007e-01
1164556494.773804 1.362137e-01
1164556494.773926 1.158916e-01
1164556494.774048 7.903651e-02
1164556494.774170 3.407119e-02
1164556494.774292 -2.187495e-02
1164556494.774414 -7.412590e-02
1164556494.774536 -9.416673e-02
1164556494.774658 -1.040986e-01
1164556494.774780 -1.106435e-01
1164556494.774902 -1.097768e-01
1164556494.775024 -7.782798e-02
1164556494.775146 -1.229433e-02
1164556494.775269 5.288915e-02
1164556494.775391 9.196874e-02
1164556494.775513 1.028856e-01
1164556494.775635 9.543969e-02
1164556494.775757 8.598634e-02
1164556494.775879 5.569228e-02
1164556494.776001 1.123524e-02
1164556494.776123 -2.640337e-02
1164556494.776245 -4.159839e-02
1164556494.776367 -3.816627e-02
1164556494.776489 -3.609999e-02
1164556494.776611 -5.083791e-02
1164556494.776733 -6.699921e-02
1164556494.776855 -6.802369e-02
1164556494.776978 -4.955853e-02
1164556494.777100 -1.545281e-02
1164556494.777222 2.437040e-02
1164556494.777344 5.743623e-02
1164556494.777466 7.742644e-02
1164556494.777588 6.716680e-02
1164556494.777710 4.372273e-02
1164556494.777832 1.684702e-02
1164556494.777954 4.612301e-03
1164556494.778076 1.977719e-03
1164556494.778198 -1.212000e-02
1164556494.778320 -1.643140e-02
1164556494.778442 -4.587934e-03
1164556494.778564 1.105356e-02
1164556494.778687 -1.595699e-02
1164556494.778809 -6.425199e-02
1164556494.778931 -7.271262e-02
1164556494.779053 -7.141514e-02
1164556494.779175 -5.283329e-02
1164556494.779297 -1.430467e-02
1164556494.779419 3.718504e-02
1164556494.779541 7.018395e-02
1164556494.779663 8.346479e-02
1164556494.779785 8.706454e-02
1164556494.779907 6.055368e-02
1164556494.780029 5.545852e-02
1164556494.780151 4.228074e-02
1164556494.780273 -9.191787e-03
1164556494.780396 -4.068069e-02
1164556494.780518 -5.889957e-02
1164556494.780640 -8.013237e-02
1164556494.780762 -1.064630e-01
1164556494.780884 -1.006702e-01
1164556494.781006 -7.117013e-02
1164556494.781128 -3.730698e-02
1164556494.781250 1.991585e-02
1164556494.781372 5.902379e-02
1164556494.781494 8.406349e-02
1164556494.781616 1.170733e-01
1164556494.781738 1.278788e-01
1164556494.781860 1.085064e-01
1164556494.781982 6.465824e-02
1164556494.782104 2.200856e-02
1164556494.782227 -3.285036e-02
1164556494.782349 -9.145989e-02
1164556494.782471 -1.284293e-01
1164556494.782593 -1.577928e-01
1164556494.782715 -1.433154e-01
1164556494.782837 -9.581678e-02
1164556494.782959 -4.573911e-02
1164556494.783081 2.765942e-02
1164556494.783203 1.142397e-01
1164556494.783325 1.568496e-01
1164556494.783447 1.457215e-01
1164556494.783569 1.206365e-01
1164556494.783691 7.588517e-02
1164556494.783813 2.173268e-02
1164556494.783936 -1.899708e-02
1164556494.784058 -5.473822e-02
1164556494.784180 -8.418686e-02
1164556494.784302 -8.327092e-02
1164556494.784424 -8.783170e-02
1164556494.784546 -1.074964e-01
1164556494.784668 -9.163015e-02
1164556494.784790 -4.390409e-02
1164556494.784912 1.692431e-03
1164556494.785034 5.890935e-02
1164556494.785156 1.025679e-01
1164556494.785278 1.103337e-01
1164556494.785400 9.696685e-02
1164556494.785522 7.847101e-02
1164556494.785645 3.793629e-02
1164556494.785767 -3.092624e-03
1164556494.785889 -9.279534e-03
1164556494.786011 -2.911921e-02
1164556494.786133 -5.743016e-02
1164556494.786255 -5.177282e-02
1164556494.786377 -4.792080e-02
1164556494.786499 -5.390020e-02
1164556494.786621 -7.890332e-02
1164556494.786743 -9.100359e-02
1164556494.786865 -7.393545e-02
1164556494.786987 -1.056466e-02
1164556494.787109 6.824790e-02
1164556494.787231 9.949073e-02
1164556494.787354 1.309770e-01
1164556494.787476 1.473964e-01
1164556494.787598 1.151674e-01
1164556494.787720 7.103014e-02
1164556494.787842 2.637580e-02
1164556494.787964 -2.478941e-02
1164556494.788086 -1.028663e-01
1164556494.788208 -1.510959e-01
1164556494.788330 -1.733291e-01
1164556494.788452 -1.592505e-01
1164556494.788574 -1.019071e-01
1164556494.788696 -5.870759e-02
1164556494.788818 7.687753e-03
1164556494.788940 1.027498e-01
1164556494.789062 1.721222e-01
1164556494.789185 1.952588e-01
1164556494.789307 1.665738e-01
1164556494.789429 1.199178e-01
1164556494.789551 5.405943e-02
1164556494.789673 -9.177287e-03
1164556494.789795 -7.473643e-02
1164556494.789917 -1.447036e-01
1164556494.790039 -1.768791e-01
1164556494.790161 -1.658000e-01
1164556494.790283 -1.258972e-01
1164556494.790405 -6.874525e-02
1164556494.790527 -3.362060e-03
1164556494.790649 6.446963e-02
1164556494.790771 1.177966e-01
1164556494.790894 1.410445e-01
1164556494.791016 1.254049e-01
1164556494.791138 9.827463e-02
1164556494.791260 6.966865e-02
1164556494.791382 3.108414e-02
1164556494.791504 -2.241303e-02
1164556494.791626 -7.115535e-02
1164556494.791748 -8.700368e-02
1164556494.791870 -9.281460e-02
1164556494.791992 -8.836688e-02
1164556494.792114 -5.839927e-02
1164556494.792236 -2.340538e-02
1164556494.792358 6.060619e-03
1164556494.792480 1.355347e-02
1164556494.792603 3.450294e-03
1164556494.792725 -4.789888e-03
1164556494.792847 2.532749e-02
1164556494.792969 6.992192e-02
1164556494.793091 7.801446e-02
1164556494.793213 6.997906e-02
1164556494.793335 7.764327e-02
1164556494.793457 6.359971e-02
1164556494.793579 1.103581e-02
1164556494.793701 -4.681060e-02
1164556494.793823 -8.176272e-02
1164556494.793945 -1.027949e-01
1164556494.794067 -9.291991e-02
1164556494.794189 -6.814506e-02
1164556494.794312 -5.050847e-02
1164556494.794434 -3.062416e-02
1164556494.794556 -1.321703e-02
1164556494.794678 -1.672458e-03
1164556494.794800 3.756823e-02
1164556494.794922 1.029996e-01
1164556494.795044 1.355407e-01
1164556494.795166 1.366423e-01
1164556494.795288 1.184792e-01
1164556494.795410 6.133936e-02
1164556494.795532 -1.453474e-02
1164556494.795654 -7.817662e-02
1164556494.795776 -1.375679e-01
1164556494.795898 -1.690905e-01
1164556494.796021 -1.325678e-01
1164556494.796143 -7.974745e-02
1164556494.796265 -3.906717e-02
1164556494.796387 5.215153e-03
1164556494.796509 2.341659e-02
1164556494.796631 4.025967e-02
1164556494.796753 8.939169e-02
1164556494.796875 1.324507e-01
1164556494.796997 1.518425e-01
1164556494.797119 1.448284e-01
1164556494.797241 9.392404e-02
1164556494.797363 -2.754760e-03
1164556494.797485 -7.842801e-02
1164556494.797607 -1.285171e-01
1164556494.797729 -1.662058e-01
1164556494.797852 -1.470035e-01
1164556494.797974 -9.915144e-02
1164556494.798096 -7.150019e-02
1164556494.798218 -2.682562e-02
1164556494.798340 2.956075e-02
1164556494.798462 7.338883e-02
1164556494.798584 1.005603e-01
1164556494.798706 1.149393e-01
1164556494.798828 1.205154e-01
1164556494.798950 1.103475e-01
1164556494.799072 9.144718e-02
1164556494.799194 4.220516e-02
1164556494.799316 -2.968901e-02
1164556494.799438 -7.330791e-02
1164556494.799561 -1.167485e-01
1164556494.799683 -1.526947e-01
1164556494.799805 -1.529250e-01
1164556494.799927 -1.215828e-01
1164556494.800049 -6.131156e-02
1164556494.800171 9.086713e-03
1164556494.800293 6.979871e-02
1164556494.800415 1.155146e-01
1164556494.800537 1.269965e-01
1164556494.800659 1.142812e-01
1164556494.800781 1.029498e-01
1164556494.800903 9.539003e-02
1164556494.801025 5.441797e-02
1164556494.801147 -1.033225e-02
1164556494.801270 -7.307410e-02
1164556494.801392 -1.193725e-01
1164556494.801514 -1.218350e-01
1164556494.801636 -1.100405e-01
1164556494.801758 -1.044746e-01
1164556494.801880 -7.200905e-02
1164556494.802002 -1.392012e-02
1164556494.802124 3.128428e-02
1164556494.802246 5.695236e-02
1164556494.802368 1.081847e-01
1164556494.802490 1.285793e-01
1164556494.802612 9.761074e-02
1164556494.802734 6.860914e-02
1164556494.802856 2.852470e-02
1164556494.802979 -4.140172e-03
1164556494.803101 -2.083025e-02
1164556494.803223 -3.425592e-02
1164556494.803345 -4.969812e-02
1164556494.803467 -6.863045e-02
1164556494.803589 -8.616975e-02
1164556494.803711 -1.041570e-01
1164556494.803833 -9.127037e-02
1164556494.803955 -5.706157e-02
1164556494.804077 1.012072e-02
1164556494.804199 8.148446e-02
1164556494.804321 1.024046e-01
1164556494.804443 9.328471e-02
1164556494.804565 7.890288e-02
1164556494.804688 6.433231e-02
1164556494.804810 6.057160e-02
1164556494.804932 5.717653e-02
1164556494.805054 3.840208e-02
1164556494.805176 -1.167625e-02
1164556494.805298 -8.676906e-02
1164556494.805420 -1.502718e-01
1164556494.805542 -1.761774e-01
1164556494.805664 -1.466251e-01
1164556494.805786 -8.223152e-02
1164556494.805908 -8.088362e-03
1164556494.806030 7.367268e-02
1164556494.806152 1.277437e-01
1164556494.806274 1.483341e-01
1164556494.806396 1.182708e-01
1164556494.806519 6.955858e-02
1164556494.806641 5.410423e-02
1164556494.806763 3.659557e-02
1164556494.806885 4.704983e-04
1164556494.807007 -3.905775e-02
1164556494.807129 -6.916762e-02
1164556494.807251 -8.775074e-02
1164556494.807373 -1.037944e-01
1164556494.807495 -1.075451e-01
1164556494.807617 -1.057119e-01
1164556494.807739 -6.822790e-02
1164556494.807861 7.241824e-03
1164556494.807983 6.909061e-02
1164556494.808105 1.062085e-01
1164556494.808228 1.458510e-01
1164556494.808350 1.435439e-01
1164556494.808472 7.845447e-02
1164556494.808594 2.336138e-02
1164556494.808716 -4.185201e-03
1164556494.808838 -4.269438e-02
1164556494.808960 -7.865616e-02
1164556494.809082 -8.585470e-02
1164556494.809204 -7.849633e-02
1164556494.809326 -7.056510e-02
1164556494.809448 -2.771607e-02
1164556494.809570 -1.078628e-02
1164556494.809692 -2.524701e-02
1164556494.809814 1.222975e-03
1164556494.809937 2.720895e-02
1164556494.810059 3.358773e-02
1164556494.810181 5.144008e-02
1164556494.810303 7.736225e-02
1164556494.810425 6.649599e-02
1164556494.810547 3.691108e-02
1164556494.810669 4.850330e-02
1164556494.810791 3.189336e-02
1164556494.810913 3.908123e-03
1164556494.811035 -1.833161e-02
1164556494.811157 -6.372985e-02
1164556494.811279 -8.293980e-02
1164556494.811401 -1.003700e-01
1164556494.811523 -1.288873e-01
1164556494.811646 -1.336037e-01
1164556494.811768 -6.979470e-02
1164556494.811890 4.651678e-02
1164556494.812012 1.301068e-01
1164556494.812134 1.795441e-01
1164556494.812256 1.693438e-01
1164556494.812378 1.228202e-01
1164556494.812500 5.798281e-02
1164556494.812622 -1.217601e-02
1164556494.812744 -4.549550e-02
1164556494.812866 -7.302394e-02
1164556494.812988 -9.995255e-02
1164556494.813110 -1.007224e-01
1164556494.813232 -8.781101e-02
1164556494.813354 -8.321769e-02
1164556494.813477 -7.196022e-02
1164556494.813599 -3.493560e-02
1164556494.813721 5.061152e-03
1164556494.813843 6.352634e-02
1164556494.813965 1.222335e-01
1164556494.814087 1.403221e-01
1164556494.814209 1.326294e-01
1164556494.814331 9.627802e-02
1164556494.814453 1.609428e-02
1164556494.814575 -5.534885e-02
1164556494.814697 -6.639225e-02
1164556494.814819 -5.258807e-02
1164556494.814941 -5.676831e-02
1164556494.815063 -6.621936e-02
1164556494.815186 -6.953934e-02
1164556494.815308 -6.364430e-02
1164556494.815430 -5.101010e-02
1164556494.815552 -3.096562e-02
1164556494.815674 -4.290602e-03
1164556494.815796 5.251704e-02
1164556494.815918 9.419039e-02
1164556494.816040 9.051843e-02
1164556494.816162 6.617074e-02
1164556494.816284 4.627448e-02
1164556494.816406 4.212731e-02
1164556494.816528 3.549398e-02
1164556494.816650 3.101606e-02
1164556494.816772 1.277829e-02
1164556494.816895 -2.032779e-02
1164556494.817017 -6.417412e-02
1164556494.817139 -1.274155e-01
1164556494.817261 -1.686178e-01
1164556494.817383 -1.527354e-01
1164556494.817505 -9.224908e-02
1164556494.817627 -1.953982e-02
1164556494.817749 4.874789e-02
1164556494.817871 1.244948e-01
1164556494.817993 1.741254e-01
1164556494.818115 1.826982e-01
1164556494.818237 1.684906e-01
1164556494.818359 1.205294e-01
1164556494.818481 4.803924e-02
1164556494.818604 -3.143156e-02
1164556494.818726 -1.109167e-01
1164556494.818848 -1.760702e-01
1164556494.818970 -2.002704e-01
1164556494.819092 -1.724304e-01
1164556494.819214 -1.385850e-01
1164556494.819336 -8.818691e-02
1164556494.819458 -1.172682e-02
1164556494.819580 4.762690e-02
1164556494.819702 1.236445e-01
1164556494.819824 2.134106e-01
1164556494.819946 2.477400e-01
1164556494.820068 2.022649e-01
1164556494.820190 1.231426e-01
1164556494.820312 3.547558e-02
1164556494.820435 -7.311579e-02
1164556494.820557 -1.591175e-01
1164556494.820679 -2.032937e-01
1164556494.820801 -2.003192e-01
1164556494.820923 -1.457076e-01
1164556494.821045 -7.705147e-02
1164556494.821167 -3.127524e-02
1164556494.821289 3.900702e-03
1164556494.821411 3.718169e-02
1164556494.821533 6.973894e-02
1164556494.821655 1.045068e-01
1164556494.821777 1.523560e-01
1164556494.821899 1.744127e-01
1164556494.822021 1.411601e-01
1164556494.822144 9.153318e-02
1164556494.822266 3.012084e-02
1164556494.822388 -4.548524e-02
1164556494.822510 -1.104018e-01
1164556494.822632 -1.519907e-01
1164556494.822754 -1.860207e-01
1164556494.822876 -1.965930e-01
1164556494.822998 -1.493360e-01
1164556494.823120 -6.424969e-02
1164556494.823242 1.627605e-02
1164556494.823364 8.839239e-02
1164556494.823486 1.247226e-01
1164556494.823608 1.445730e-01
1164556494.823730 1.754051e-01
1164556494.823853 1.865077e-01
1164556494.823975 1.576817e-01
1164556494.824097 9.088021e-02
1164556494.824219 -1.812982e-02
1164556494.824341 -1.213703e-01
1164556494.824463 -1.820372e-01
1164556494.824585 -2.067872e-01
1164556494.824707 -2.136071e-01
1164556494.824829 -1.833000e-01
1164556494.824951 -9.542725e-02
1164556494.825073 8.083337e-03
1164556494.825195 1.006118e-01
1164556494.825317 1.476163e-01
1164556494.825439 1.682337e-01
1164556494.825562 1.685387e-01
1164556494.825684 1.381599e-01
1164556494.825806 9.586076e-02
1164556494.825928 6.575682e-02
1164556494.826050 2.992796e-02
1164556494.826172 -3.861886e-02
1164556494.826294 -1.166663e-01
1164556494.826416 -1.715299e-01
1164556494.826538 -1.748686e-01
1164556494.826660 -1.472342e-01
1164556494.826782 -1.205609e-01
1164556494.826904 -9.092286e-02
1164556494.827026 -1.843977e-02
1164556494.827148 8.498007e-02
1164556494.827271 1.465889e-01
1164556494.827393 1.504337e-01
1164556494.827515 1.448202e-01
1164556494.827637 1.593868e-01
1164556494.827759 1.623108e-01
1164556494.827881 1.083885e-01
1164556494.828003 1.260108e-02
1164556494.828125 -9.637134e-02
1164556494.828247 -1.813911e-01
1164556494.828369 -2.349508e-01
1164556494.828491 -2.410236e-01
1164556494.828613 -1.897614e-01
1164556494.828735 -8.222395e-02
1164556494.828857 2.414364e-02
1164556494.828979 9.027843e-02
1164556494.829102 1.596722e-01
1164556494.829224 2.087616e-01
1164556494.829346 2.001340e-01
1164556494.829468 1.320392e-01
1164556494.829590 5.275279e-02
1164556494.829712 2.883721e-03
1164556494.829834 -3.124367e-02
1164556494.829956 -6.451344e-02
1164556494.830078 -1.177551e-01
1164556494.830200 -1.476390e-01
1164556494.830322 -1.296802e-01
1164556494.830444 -8.849297e-02
1164556494.830566 -3.723431e-02
1164556494.830688 5.807024e-04
1164556494.830811 3.165925e-02
1164556494.830933 5.710933e-02
1164556494.831055 6.287412e-02
1164556494.831177 5.876128e-02
1164556494.831299 5.267510e-02
1164556494.831421 5.302368e-02
1164556494.831543 6.182099e-02
1164556494.831665 6.263766e-02
1164556494.831787 4.850588e-02
1164556494.831909 2.369685e-02
1164556494.832031 -1.844335e-02
1164556494.832153 -6.472186e-02
1164556494.832275 -8.547897e-02
1164556494.832397 -9.343666e-02
1164556494.832520 -1.050985e-01
1164556494.832642 -1.036265e-01
1164556494.832764 -7.978259e-02
1164556494.832886 -5.377700e-02
1164556494.833008 -9.213548e-04
1164556494.833130 8.273245e-02
1164556494.833252 1.205650e-01
1164556494.833374 1.371331e-01
1164556494.833496 1.688663e-01
1164556494.833618 1.490753e-01
1164556494.833740 1.005392e-01
1164556494.833862 6.828481e-02
1164556494.833984 2.952714e-03
1164556494.834106 -1.175886e-01
1164556494.834229 -1.944732e-01
1164556494.834351 -2.286419e-01
1164556494.834473 -2.669274e-01
1164556494.834595 -2.302651e-01
1164556494.834717 -9.391603e-02
1164556494.834839 4.563113e-02
1164556494.834961 1.605912e-01
1164556494.835083 2.625101e-01
1164556494.835205 2.771053e-01
1164556494.835327 2.246921e-01
1164556494.835449 1.608707e-01
1164556494.835571 6.430476e-02
1164556494.835693 -2.353655e-02
1164556494.835815 -6.105407e-02
1164556494.835938 -1.196475e-01
1164556494.836060 -2.040954e-01
1164556494.836182 -2.327276e-01
1164556494.836304 -2.087444e-01
1164556494.836426 -1.857614e-01
1164556494.836548 -1.152988e-01
1164556494.836670 1.347988e-02
1164556494.836792 1.283031e-01
1164556494.836914 2.125263e-01
1164556494.837036 2.484377e-01
1164556494.837158 2.259995e-01
1164556494.837280 1.621081e-01
1164556494.837402 1.028693e-01
1164556494.837524 4.333430e-02
1164556494.837646 -1.909159e-02
1164556494.837769 -8.102487e-02
1164556494.837891 -1.713678e-01
1164556494.838013 -2.378108e-01
1164556494.838135 -2.552842e-01
1164556494.838257 -2.261436e-01
1164556494.838379 -1.293716e-01
1164556494.838501 -1.738468e-02
1164556494.838623 8.754614e-02
1164556494.838745 1.898995e-01
1164556494.838867 2.605932e-01
1164556494.838989 2.390304e-01
1164556494.839111 1.603323e-01
1164556494.839233 9.519271e-02
1164556494.839355 2.043051e-02
1164556494.839478 -4.332425e-02
1164556494.839600 -4.293900e-02
1164556494.839722 -5.106130e-02
1164556494.839844 -1.190185e-01
1164556494.839966 -1.979050e-01
1164556494.840088 -2.185427e-01
1164556494.840210 -1.837329e-01
1164556494.840332 -1.045073e-01
1164556494.840454 -8.684964e-04
1164556494.840576 6.591096e-02
1164556494.840698 1.327757e-01
1164556494.840820 1.946548e-01
1164556494.840942 2.046160e-01
1164556494.841064 1.788096e-01
1164556494.841187 1.508774e-01
1164556494.841309 1.079903e-01
1164556494.841431 4.474744e-04
1164556494.841553 -8.901133e-02
1164556494.841675 -1.218800e-01
1164556494.841797 -1.610024e-01
1164556494.841919 -1.964549e-01
1164556494.842041 -2.120075e-01
1164556494.842163 -1.882685e-01
1164556494.842285 -1.109949e-01
1164556494.842407 -7.275451e-03
1164556494.842529 7.852474e-02
1164556494.842651 1.391586e-01
1164556494.842773 2.140392e-01
1164556494.842896 2.501723e-01
1164556494.843018 2.192356e-01
1164556494.843140 1.578402e-01
1164556494.843262 9.579284e-02
1164556494.843384 1.066475e-02
1164556494.843506 -8.481771e-02
1164556494.843628 -1.515887e-01
1164556494.843750 -2.001673e-01
1164556494.843872 -2.574527e-01
1164556494.843994 -2.926381e-01
1164556494.844116 -2.511967e-01
1164556494.844238 -1.156153e-01
1164556494.844360 3.032779e-02
1164556494.844482 1.452729e-01
1164556494.844604 2.557563e-01
1164556494.844727 3.320526e-01
1164556494.844849 3.272368e-01
1164556494.844971 2.582911e-01
1164556494.845093 1.531623e-01
1164556494.845215 2.841261e-02
1164556494.845337 -1.102982e-01
1164556494.845459 -2.220075e-01
1164556494.845581 -2.990553e-01
1164556494.845703 -3.313387e-01
1164556494.845825 -2.889895e-01
1164556494.845947 -1.747670e-01
1164556494.846069 -5.282870e-02
1164556494.846191 5.613542e-02
1164556494.846313 1.481049e-01
1164556494.846436 2.025314e-01
1164556494.846558 2.257435e-01
1164556494.846680 2.486623e-01
1164556494.846802 2.535538e-01
1164556494.846924 1.807763e-01
1164556494.847046 6.663462e-02
1164556494.847168 -3.717828e-02
1164556494.847290 -1.598642e-01
1164556494.847412 -2.324128e-01
1164556494.847534 -2.484485e-01
1164556494.847656 -2.445144e-01
1164556494.847778 -1.980470e-01
1164556494.847900 -1.014834e-01
1164556494.848022 -2.621027e-02
1164556494.848145 7.127923e-03
1164556494.848267 8.002834e-02
1164556494.848389 1.674007e-01
1164556494.848511 2.177056e-01
1164556494.848633 2.540943e-01
1164556494.848755 2.728844e-01
1164556494.848877 2.109187e-01
1164556494.848999 1.096170e-01
1164556494.849121 -7.045537e-03
1164556494.849243 -1.806534e-01
1164556494.849365 -3.173728e-01
1164556494.849487 -3.444699e-01
1164556494.849609 -2.801688e-01
1164556494.849731 -2.257504e-01
1164556494.849854 -1.253695e-01
1164556494.849976 3.667534e-02
1164556494.850098 1.627970e-01
1164556494.850220 1.971578e-01
1164556494.850342 1.819999e-01
1164556494.850464 2.208917e-01
1164556494.850586 2.653403e-01
1164556494.850708 2.597415e-01
1164556494.850830 1.596929e-01
1164556494.850952 -3.204694e-02
1164556494.851074 -1.857180e-01
1164556494.851196 -2.834367e-01
1164556494.851318 -2.942855e-01
1164556494.851440 -2.300070e-01
1164556494.851562 -1.316076e-01
1164556494.851685 -4.482700e-02
1164556494.851807 -2.008228e-02
1164556494.851929 3.020093e-03
1164556494.852051 6.049273e-02
1164556494.852173 9.990769e-02
1164556494.852295 1.188669e-01
1164556494.852417 1.546611e-01
1164556494.852539 2.211522e-01
1164556494.852661 2.524436e-01
1164556494.852783 2.059854e-01
1164556494.852905 7.980535e-02
1164556494.853027 -1.039991e-01
1164556494.853149 -2.359861e-01
1164556494.853271 -2.655317e-01
1164556494.853394 -2.570221e-01
1164556494.853516 -2.248838e-01
1164556494.853638 -1.471673e-01
1164556494.853760 -9.155828e-02
1164556494.853882 -7.837466e-02
1164556494.854004 2.375823e-02
1164556494.854126 1.800954e-01
1164556494.854248 2.725270e-01
1164556494.854370 3.100957e-01
1164556494.854492 3.256461e-01
1164556494.854614 2.948013e-01
1164556494.854736 1.492689e-01
1164556494.854858 -5.125455e-02
1164556494.854980 -2.326313e-01
1164556494.855103 -3.501582e-01
1164556494.855225 -3.410876e-01
1164556494.855347 -2.635887e-01
1164556494.855469 -1.691537e-01
1164556494.855591 -7.467957e-02
1164556494.855713 -1.790758e-03
1164556494.855835 1.980987e-02
1164556494.855957 6.258709e-02
1164556494.856079 1.834432e-01
1164556494.856201 2.860356e-01
1164556494.856323 2.667854e-01
1164556494.856445 2.055769e-01
1164556494.856567 1.791335e-01
1164556494.856689 1.379046e-01
1164556494.856812 3.102788e-02
1164556494.856934 -1.066739e-01
1164556494.857056 -2.506954e-01
1164556494.857178 -3.454255e-01
1164556494.857300 -3.452491e-01
1164556494.857422 -2.968609e-01
1164556494.857544 -2.097485e-01
1164556494.857666 -8.213136e-02
1164556494.857788 4.847015e-02
1164556494.857910 1.546323e-01
1164556494.858032 2.873492e-01
1164556494.858154 4.194068e-01
1164556494.858276 4.042093e-01
1164556494.858398 2.894796e-01
1164556494.858521 1.717804e-01
1164556494.858643 5.218755e-02
1164556494.858765 -9.816939e-02
1164556494.858887 -2.550484e-01
1164556494.859009 -3.790128e-01
1164556494.859131 -4.354683e-01
1164556494.859253 -3.980140e-01
1164556494.859375 -3.000242e-01
1164556494.859497 -1.396312e-01
1164556494.859619 1.060651e-01
1164556494.859741 2.784874e-01
1164556494.859863 3.142826e-01
1164556494.859985 3.394431e-01
1164556494.860107 3.699606e-01
1164556494.860229 2.923273e-01
1164556494.860352 1.342869e-01
1164556494.860474 2.098892e-02
1164556494.860596 -4.482404e-02
1164556494.860718 -1.016729e-01
1164556494.860840 -2.047643e-01
1164556494.860962 -3.598142e-01
1164556494.861084 -4.180467e-01
1164556494.861206 -3.527642e-01
1164556494.861328 -2.401205e-01
1164556494.861450 -1.009554e-01
1164556494.861572 1.209932e-01
1164556494.861694 3.248957e-01
1164556494.861816 3.869352e-01
1164556494.861938 3.432877e-01
1164556494.862061 2.698953e-01
1164556494.862183 1.844458e-01
1164556494.862305 1.194649e-01
1164556494.862427 6.090050e-02
1164556494.862549 -3.918675e-02
1164556494.862671 -1.357888e-01
1164556494.862793 -2.112473e-01
1164556494.862915 -3.322123e-01
1164556494.863037 -4.571589e-01
1164556494.863159 -4.319604e-01
1164556494.863281 -2.112107e-01
1164556494.863403 6.793452e-03
1164556494.863525 1.788683e-01
1164556494.863647 3.380427e-01
1164556494.863770 4.104941e-01
1164556494.863892 3.499778e-01
1164556494.864014 2.463054e-01
1164556494.864136 1.481789e-01
1164556494.864258 5.521232e-02
1164556494.864380 3.180357e-02
1164556494.864502 1.861592e-02
1164556494.864624 -9.642353e-02
1164556494.864746 -2.538393e-01
1164556494.864868 -3.692805e-01
1164556494.864990 -4.573208e-01
1164556494.865112 -4.733898e-01
1164556494.865234 -2.731972e-01
1164556494.865356 2.804104e-02
1164556494.865479 2.675916e-01
1164556494.865601 4.013835e-01
1164556494.865723 4.370174e-01
1164556494.865845 3.683295e-01
1164556494.865967 2.653649e-01
1164556494.866089 1.599193e-01
1164556494.866211 4.141613e-02
1164556494.866333 -6.322130e-03
1164556494.866455 9.071074e-03
1164556494.866577 -8.067945e-02
1164556494.866699 -3.289345e-01
1164556494.866821 -5.045282e-01
1164556494.866943 -5.018618e-01
1164556494.867065 -4.349575e-01
1164556494.867188 -2.550987e-01
1164556494.867310 4.719281e-02
1164556494.867432 3.311914e-01
1164556494.867554 4.673859e-01
1164556494.867676 5.027139e-01
1164556494.867798 4.413785e-01
1164556494.867920 3.115557e-01
1164556494.868042 2.152296e-01
1164556494.868164 7.897547e-02
1164556494.868286 -1.257869e-01
1164556494.868408 -2.378124e-01
1164556494.868530 -2.561299e-01
1164556494.868652 -3.592526e-01
1164556494.868774 -5.168894e-01
1164556494.868896 -4.921100e-01
1164556494.869019 -2.738253e-01
1164556494.869141 -5.678729e-02
1164556494.869263 1.301937e-01
1164556494.869385 3.275859e-01
1164556494.869507 4.419945e-01
1164556494.869629 4.707543e-01
1164556494.869751 4.058635e-01
1164556494.869873 3.071661e-01
1164556494.869995 1.929993e-01
1164556494.870117 6.838990e-02
1164556494.870239 -1.008864e-01
1164556494.870361 -2.890789e-01
1164556494.870483 -3.514314e-01
1164556494.870605 -3.616043e-01
1164556494.870728 -4.509744e-01
1164556494.870850 -5.001866e-01
1164556494.870972 -3.403554e-01
1164556494.871094 -8.511713e-02
1164556494.871216 1.181837e-01
1164556494.871338 3.467922e-01
1164556494.871460 5.340967e-01
1164556494.871582 5.989001e-01
1164556494.871704 5.468524e-01
1164556494.871826 4.040364e-01
1164556494.871948 1.717656e-01
1164556494.872070 -3.666613e-02
1164556494.872192 -2.259656e-01
1164556494.872314 -4.220297e-01
1164556494.872437 -5.218471e-01
1164556494.872559 -4.642629e-01
1164556494.872681 -3.826606e-01
1164556494.872803 -4.031770e-01
1164556494.872925 -3.423465e-01
1164556494.873047 -8.739043e-02
1164556494.873169 2.355976e-01
1164556494.873291 4.717179e-01
1164556494.873413 6.199729e-01
1164556494.873535 7.129863e-01
1164556494.873657 6.365892e-01
1164556494.873779 4.066730e-01
1164556494.873901 5.845916e-02
1164556494.874023 -2.499785e-01
1164556494.874146 -4.542108e-01
1164556494.874268 -5.573684e-01
1164556494.874390 -5.315735e-01
1164556494.874512 -4.247019e-01
1164556494.874634 -3.146273e-01
1164556494.874756 -2.568680e-01
1164556494.874878 -1.863184e-01
1164556494.875000 -3.699136e-02
1164556494.875122 1.774067e-01
1164556494.875244 4.462460e-01
1164556494.875366 6.836640e-01
1164556494.875488 7.562737e-01
1164556494.875610 6.316263e-01
1164556494.875732 3.876720e-01
1164556494.875854 2.399912e-02
1164556494.875977 -3.299461e-01
1164556494.876099 -5.232935e-01
1164556494.876221 -5.559746e-01
1164556494.876343 -5.173660e-01
1164556494.876465 -4.194965e-01
1164556494.876587 -3.662129e-01
1164556494.876709 -3.710426e-01
1164556494.876831 -2.672248e-01
1164556494.876953 -2.928918e-02
1164556494.877075 2.662186e-01
1164556494.877197 5.670480e-01
1164556494.877319 8.516460e-01
1164556494.877441 9.810850e-01
1164556494.877563 7.862346e-01
1164556494.877686 4.012464e-01
1164556494.877808 -5.989576e-02
1164556494.877930 -5.028478e-01
1164556494.878052 -7.743659e-01
1164556494.878174 -7.942373e-01
1164556494.878296 -7.288589e-01
1164556494.878418 -5.757598e-01
1164556494.878540 -3.386928e-01
1164556494.878662 -1.909690e-01
1164556494.878784 -7.974346e-02
1164556494.878906 2.398916e-01
1164556494.879028 5.977708e-01
1164556494.879150 7.565966e-01
1164556494.879272 8.416560e-01
1164556494.879395 8.780200e-01
1164556494.879517 6.353408e-01
1164556494.879639 1.559609e-01
1164556494.879761 -2.543644e-01
1164556494.879883 -5.739673e-01
1164556494.880005 -8.576845e-01
1164556494.880127 -8.406496e-01
1164556494.880249 -6.623471e-01
1164556494.880371 -5.023184e-01
1164556494.880493 -3.171286e-01
1164556494.880615 -1.200784e-01
1164556494.880737 5.136023e-03
1164556494.880859 2.590216e-01
1164556494.880981 7.013431e-01
1164556494.881104 9.708710e-01
1164556494.881226 9.086912e-01
1164556494.881348 7.193286e-01
1164556494.881470 5.161853e-01
1164556494.881592 1.764745e-01
1164556494.881714 -3.081363e-01
1164556494.881836 -6.775574e-01
1164556494.881958 -8.806488e-01
1164556494.882080 -8.892257e-01
1164556494.882202 -7.445101e-01
1164556494.882324 -5.763650e-01
1164556494.882446 -4.284331e-01
1164556494.882568 -1.330183e-01
1164556494.882690 1.632710e-01
1164556494.882812 4.005672e-01
1164556494.882935 7.952808e-01
1164556494.883057 1.193984e+00
1164556494.883179 1.143685e+00
1164556494.883301 7.586979e-01
1164556494.883423 3.995799e-01
1164556494.883545 7.638287e-02
1164556494.883667 -4.008244e-01
1164556494.883789 -8.112050e-01
1164556494.883911 -1.029280e+00
1164556494.884033 -1.109253e+00
1164556494.884155 -9.927417e-01
1164556494.884277 -6.055223e-01
1164556494.884399 -2.657994e-01
1164556494.884521 9.769377e-03
1164556494.884644 3.580816e-01
1164556494.884766 6.843443e-01
1164556494.884888 8.552042e-01
1164556494.885010 1.057984e+00
1164556494.885132 1.028166e+00
1164556494.885254 6.911791e-01
1164556494.885376 2.768157e-01
1164556494.885498 6.107100e-01
1164556494.885620 3.273440e-01
1164556494.885742 -5.911416e-01
1164556494.885864 -1.339937e+00
1164556494.885986 -1.798913e+00
1164556494.886108 -1.821059e+00
1164556494.886230 -1.408772e+00
1164556494.886353 -7.323599e-01
1164556494.886475 -8.622582e-02
1164556494.886597 5.910330e-01
1164556494.886719 1.222562e+00
1164556494.886841 1.737748e+00
1164556494.886963 2.071352e+00
1164556494.887085 2.154376e+00
1164556494.887207 1.724386e+00
1164556494.887329 8.580589e-01
1164556494.887451 -1.781225e-01
1164556494.887573 -1.283247e+00
1164556494.887695 -2.219495e+00
1164556494.887817 -2.783212e+00
1164556494.887939 -2.922275e+00
1164556494.888062 -2.560904e+00
1164556494.888184 -1.534887e+00
1164556494.888306 6.590192e-02
1164556494.888428 1.642545e+00
1164556494.888550 2.870171e+00
1164556494.888672 3.571220e+00
1164556494.888794 3.340827e+00
1164556494.888916 2.357431e+00
1164556494.889038 1.154302e+00
1164556494.889160 -9.360666e-02
1164556494.889282 -1.284255e+00
1164556494.889404 -2.304051e+00
1164556494.889526 -3.060078e+00
1164556494.889648 -3.274327e+00
1164556494.889771 -2.737186e+00
1164556494.889893 -1.722678e+00
1164556494.890015 -5.820125e-01
1164556494.890137 7.090632e-01
1164556494.890259 2.007692e+00
1164556494.890381 2.857171e+00
1164556494.890503 3.023179e+00
1164556494.890625 2.685699e+00
1164556494.890747 2.093255e+00
1164556494.890869 1.297629e+00
1164556494.890991 3.471324e-01
1164556494.891113 -8.420801e-01
1164556494.891235 -2.082969e+00
1164556494.891357 -2.913907e+00
1164556494.891479 -3.312392e+00
1164556494.891602 -3.333761e+00
1164556494.891724 -2.575644e+00
1164556494.891846 -9.691549e-01
1164556494.891968 6.695038e-01
1164556494.892090 1.976632e+00
1164556494.892212 3.007541e+00
1164556494.892334 3.572776e+00
1164556494.892456 3.426958e+00
1164556494.892578 2.573507e+00
1164556494.892700 1.403994e+00
1164556494.892822 2.106574e-01
1164556494.892944 -9.625615e-01
1164556494.893066 -2.141820e+00
1164556494.893188 -3.202632e+00
1164556494.893311 -3.694858e+00
1164556494.893433 -3.400391e+00
1164556494.893555 -2.653909e+00
1164556494.893677 -1.552644e+00
1164556494.893799 2.348821e-01
1164556494.893921 2.166540e+00
1164556494.894043 3.371739e+00
1164556494.894165 3.798846e+00
1164556494.894287 3.750929e+00
1164556494.894409 3.047714e+00
1164556494.894531 1.823440e+00
1164556494.894653 4.592139e-01
1164556494.894775 -9.583681e-01
1164556494.894897 -2.257716e+00
1164556494.895020 -3.240414e+00
1164556494.895142 -3.871724e+00
1164556494.895264 -4.101268e+00
1164556494.895386 -3.396940e+00
1164556494.895508 -1.852441e+00
1164556494.895630 -2.832306e-01
1164556494.895752 1.446052e+00
1164556494.895874 3.477432e+00
1164556494.895996 4.918155e+00
1164556494.896118 4.986301e+00
1164556494.896240 4.284098e+00
1164556494.896362 2.962295e+00
1164556494.896484 8.987515e-01
1164556494.896606 -1.269060e+00
1164556494.896729 -3.100094e+00
1164556494.896851 -4.576339e+00
1164556494.896973 -5.481516e+00
1164556494.897095 -5.366944e+00
1164556494.897217 -4.307509e+00
1164556494.897339 -2.334828e+00
1164556494.897461 4.748902e-01
1164556494.897583 3.109730e+00
1164556494.897705 4.941152e+00
1164556494.897827 6.291828e+00
1164556494.897949 6.777579e+00
1164556494.898071 5.410513e+00
1164556494.898193 2.844795e+00
1164556494.898315 1.137050e-03
1164556494.898438 -3.125450e+00
1164556494.898560 -5.923405e+00
1164556494.898682 -7.085259e+00
1164556494.898804 -6.778158e+00
1164556494.898926 -5.679338e+00
1164556494.899048 -3.504137e+00
1164556494.899170 -3.436553e-01
1164556494.899292 2.878188e+00
1164556494.899414 5.688826e+00
1164556494.899536 7.696699e+00
1164556494.899658 7.742922e+00
1164556494.899780 6.044909e+00
1164556494.899902 3.885790e+00
1164556494.900024 8.649358e-01
1164556494.900146 -3.108291e+00
1164556494.900269 -6.454307e+00
1164556494.900391 -8.049390e+00
1164556494.900513 -8.482197e+00
1164556494.900635 -7.225759e+00
1164556494.900757 -3.648709e+00
1164556494.900879 7.384872e-01
1164556494.901001 4.339057e+00
1164556494.901123 7.000043e+00
1164556494.901245 8.579207e+00
1164556494.901367 8.327639e+00
1164556494.901489 6.237494e+00
1164556494.901611 2.619977e+00
1164556494.901733 -2.088609e+00
1164556494.901855 -5.985771e+00
1164556494.901978 -7.916605e+00
1164556494.902100 -8.454364e+00
1164556494.902222 -7.461024e+00
1164556494.902344 -4.030784e+00
1164556494.902466 4.109457e-01
1164556494.902588 4.153024e+00
1164556494.902710 7.202668e+00
1164556494.902832 8.967581e+00
1164556494.902954 7.609236e+00
1164556494.903076 3.628042e+00
1164556494.903198 -8.888701e-01
1164556494.903320 -4.760147e+00
1164556494.903442 -7.128432e+00
1164556494.903564 -7.173996e+00
1164556494.903687 -5.266039e+00
1164556494.903809 -2.070231e+00
1164556494.903931 2.427071e+00
1164556494.904053 6.319398e+00
1164556494.904175 6.959764e+00
1164556494.904297 5.247223e+00
1164556494.904419 2.338774e+00
1164556494.904541 -1.825817e+00
1164556494.904663 -5.923376e+00
1164556494.904785 -7.070909e+00
1164556494.904907 -5.366854e+00
1164556494.905029 -2.492355e+00
1164556494.905151 1.331206e+00
1164556494.905273 5.504481e+00
1164556494.905396 8.078351e+00
1164556494.905518 7.498853e+00
1164556494.905640 3.520467e+00
1164556494.905762 -2.399945e+00
1164556494.905884 -7.337605e+00
1164556494.906006 -8.495700e+00
1164556494.906128 -6.368361e+00
1164556494.906250 -1.795086e+00
1164556494.906372 4.168799e+00
1164556494.906494 7.986192e+00
1164556494.906616 6.133828e+00
1164556494.906738 5.353904e-01
1164556494.906860 -4.531877e+00
1164556494.906982 -5.598068e+00
1164556494.907104 -1.307856e+00
1164556494.907227 5.005157e+00
1164556494.907349 4.864151e+00
1164556494.907471 -1.808888e+00
1164556494.907593 -3.226229e+00
1164556494.907715 8.083631e-01
1164556494.907837 -8.329989e-01
1164556494.907959 -3.156620e-01
1164556494.908081 -8.102822e-01
1164556494.908203 -9.057485e-01
1164556494.908325 2.653651e+00
1164556494.908447 -4.264263e-01
1164556494.908569 -3.779798e+00
1164556494.908691 -4.843294e-01
1164556494.908813 4.543498e+00
1164556494.908936 1.768361e+00
1164556494.909058 -1.605028e+00
1164556494.909180 1.014962e+00
1164556494.909302 -4.628664e-01
1164556494.909424 -9.633861e-01
1164556494.909546 1.721576e+00
1164556494.909668 -6.400771e-01
1164556494.909790 -1.865787e+00
1164556494.909912 3.615936e-01
1164556494.910034 5.460937e-01
1164556494.910156 -1.833937e+00
1164556494.910278 -2.890701e-01
1164556494.910400 6.109990e-01
1164556494.910522 -1.110321e+00
1164556494.910645 1.195318e+00
1164556494.910767 1.492654e+00
1164556494.910889 -5.195921e-01
1164556494.911011 5.113795e-01
1164556494.911133 1.719255e+00
1164556494.911255 -2.370112e-01
1164556494.911377 -1.637130e+00
1164556494.911499 5.516372e-01
1164556494.911621 7.187424e-01
1164556494.911743 -1.282614e+00
1164556494.911865 -8.447160e-01
1164556494.911987 2.318817e-01
1164556494.912109 -6.302926e-01
1164556494.912231 -8.620566e-01
1164556494.912354 4.074543e-01
1164556494.912476 2.172088e-01
1164556494.912598 -2.226284e-01
1164556494.912720 1.116179e+00
1164556494.912842 1.098189e+00
1164556494.912964 1.735870e-01
1164556494.913086 5.680199e-01
1164556494.913208 4.487923e-01
1164556494.913330 -8.454003e-01
1164556494.913452 -6.567925e-01
1164556494.913574 4.083031e-01
1164556494.913696 -3.017759e-01
1164556494.913818 -1.176089e+00
1164556494.913940 -5.654299e-01
1164556494.914062 -1.893188e-01
1164556494.914185 -2.085764e-01
1164556494.914307 1.117441e-01
1164556494.914429 4.116970e-01
1164556494.914551 4.058082e-01
1164556494.914673 5.613680e-01
1164556494.914795 7.153684e-01
1164556494.914917 6.679835e-01
1164556494.915039 4.653959e-01
1164556494.915161 -3.456995e-02
1164556494.915283 -5.302395e-01
1164556494.915405 -7.465424e-01
1164556494.915527 -5.641174e-01
1164556494.915649 -7.770650e-02
1164556494.915771 -2.371306e-01
1164556494.915894 -7.260330e-01
1164556494.916016 -3.721540e-01
1164556494.916138 2.794904e-01
1164556494.916260 7.525120e-02
1164556494.916382 1.267372e-01
1164556494.916504 7.691747e-01
1164556494.916626 7.496698e-01
1164556494.916748 3.592397e-01
1164556494.916870 5.597730e-01
1164556494.916992 4.804526e-01
1164556494.917114 -3.782726e-01
1164556494.917236 -7.113801e-01
1164556494.917358 -6.349240e-01
1164556494.917480 -8.067222e-01
1164556494.917603 -3.450805e-01
1164556494.917725 2.701466e-01
1164556494.917847 -5.408340e-02
1164556494.917969 -3.404994e-01
1164556494.918091 2.150881e-01
1164556494.918213 3.143572e-01
1164556494.918335 7.930469e-02
1164556494.918457 4.874770e-01
1164556494.918579 7.492221e-01
1164556494.918701 3.164304e-01
1164556494.918823 1.266591e-01
1164556494.918945 1.563652e-01
1164556494.919067 -3.497325e-01
1164556494.919189 -7.769513e-01
1164556494.919312 -5.849295e-01
1164556494.919434 -4.100362e-01
1164556494.919556 -2.170208e-01
1164556494.919678 3.581544e-01
1164556494.919800 3.746419e-01
1164556494.919922 -1.262237e-01
1164556494.920044 3.527217e-02
1164556494.920166 2.973462e-01
1164556494.920288 1.208843e-03
1164556494.920410 5.255278e-02
1164556494.920532 5.338107e-01
1164556494.920654 2.463091e-01
1164556494.920776 -3.611020e-01
1164556494.920898 -2.874998e-01
1164556494.921021 -1.877168e-01
1164556494.921143 -2.546943e-01
1164556494.921265 1.251395e-01
1164556494.921387 7.223260e-01
1164556494.921509 3.058094e-01
1164556494.921631 -1.242673e-01
1164556494.921753 -7.047326e-01
1164556494.921875 -7.804281e-01
1164556494.921997 -1.996785e-01
1164556494.922119 -1.753583e-01
1164556494.922241 -4.490862e-02
1164556494.922363 5.537924e-01
1164556494.922485 7.690070e-01
1164556494.922607 5.248630e-01
1164556494.922729 4.814176e-01
1164556494.922852 1.268763e-01
1164556494.922974 -4.695298e-01
1164556494.923096 -3.409653e-01
1164556494.923218 -2.229049e-02
1164556494.923340 -3.842531e-01
1164556494.923462 -3.944487e-01
1164556494.923584 8.104294e-02
1164556494.923706 -7.910373e-02
1164556494.923828 -5.057830e-01
1164556494.923950 -2.036631e-01
1164556494.924072 1.626651e-01
1164556494.924194 1.704090e-01
1164556494.924316 3.874681e-01
1164556494.924438 6.922682e-01
1164556494.924561 4.808194e-01
1164556494.924683 2.887676e-01
1164556494.924805 1.505853e-01
1164556494.924927 -3.453776e-01
1164556494.925049 -5.677852e-01
1164556494.925171 -1.634038e-01
1164556494.925293 -1.293696e-01
1164556494.925415 -5.041381e-01
1164556494.925537 -3.198604e-01
1164556494.925659 1.464636e-02
1164556494.925781 -1.821397e-01
1164556494.925903 -1.364530e-01
1164556494.926025 3.428145e-01
1164556494.926147 4.831680e-01
1164556494.926270 3.159587e-01
1164556494.926392 4.583406e-01
1164556494.926514 4.480185e-01
1164556494.926636 1.106155e-01
1164556494.926758 -1.294134e-02
1164556494.926880 -1.408380e-01
1164556494.927002 -5.911521e-01
1164556494.927124 -5.991003e-01
1164556494.927246 -1.608364e-01
1164556494.927368 -1.579244e-01
1164556494.927490 -3.069823e-01
1164556494.927612 2.315002e-03
1164556494.927734 1.781689e-01
1164556494.927856 6.730339e-02
1164556494.927979 2.381527e-01
1164556494.928101 4.615975e-01
1164556494.928223 2.709838e-01
1164556494.928345 1.666678e-01
1164556494.928467 2.563277e-01
1164556494.928589 1.116341e-01
1164556494.928711 -1.046565e-01
1164556494.928833 -9.510867e-02
1164556494.928955 -3.088778e-01
1164556494.929077 -5.823343e-01
1164556494.929199 -3.496066e-01
1164556494.929321 -3.418335e-02
1164556494.929443 -8.741659e-02
1164556494.929565 -4.169691e-02
1164556494.929688 1.592752e-01
1164556494.929810 1.052269e-01
1164556494.929932 9.248506e-02
1164556494.930054 3.521120e-01
1164556494.930176 3.202870e-01
1164556494.930298 1.411332e-01
1164556494.930420 2.266738e-01
1164556494.930542 2.736090e-01
1164556494.930664 -4.095090e-02
1164556494.930786 -2.628366e-01
1164556494.930908 -2.637486e-01
1164556494.931030 -4.816160e-01
1164556494.931152 -6.019468e-01
1164556494.931274 -2.163264e-01
1164556494.931396 1.009628e-01
1164556494.931519 1.024251e-01
1164556494.931641 1.321278e-01
1164556494.931763 2.200942e-01
1164556494.931885 1.990342e-01
1164556494.932007 2.861941e-01
1164556494.932129 3.638070e-01
1164556494.932251 2.386548e-01
1164556494.932373 1.082821e-01
1164556494.932495 6.692245e-02
1164556494.932617 -1.468296e-01
1164556494.932739 -4.110808e-01
1164556494.932861 -4.355684e-01
1164556494.932983 -3.377805e-01
1164556494.933105 -3.038162e-01
1164556494.933228 -1.124136e-01
1164556494.933350 2.149229e-01
1164556494.933472 2.782704e-01
1164556494.933594 1.367443e-01
1164556494.933716 5.415584e-02
1164556494.933838 1.947841e-02
1164556494.933960 1.288876e-01
1164556494.934082 2.973917e-01
1164556494.934204 3.075785e-01
1164556494.934326 1.543336e-01
1164556494.934448 8.757974e-02
1164556494.934570 -6.042051e-02
1164556494.934692 -3.684360e-01
1164556494.934814 -5.212194e-01
1164556494.934937 -3.717141e-01
1164556494.935059 -1.759508e-01
1164556494.935181 -8.783597e-02
1164556494.935303 6.447715e-02
1164556494.935425 2.450938e-01
1164556494.935547 2.199205e-01
1164556494.935669 8.723735e-02
1164556494.935791 5.059088e-02
1164556494.935913 1.469121e-01
1164556494.936035 2.628694e-01
1164556494.936157 3.294834e-01
1164556494.936279 2.238106e-01
1164556494.936401 1.461097e-02
1164556494.936523 -2.283860e-01
1164556494.936646 -4.041928e-01
1164556494.936768 -4.695553e-01
1164556494.936890 -4.196480e-01
1164556494.937012 -2.170036e-01
1164556494.937134 3.973151e-02
1164556494.937256 1.932675e-01
1164556494.937378 2.371453e-01
1164556494.937500 2.169798e-01
1164556494.937622 1.745428e-01
1164556494.937744 1.103956e-01
1164556494.937866 1.030111e-01
1164556494.937988 1.837243e-01
1164556494.938110 2.593812e-01
1164556494.938232 1.225553e-01
1164556494.938354 -1.075707e-01
1164556494.938477 -2.487061e-01
1164556494.938599 -3.552470e-01
1164556494.938721 -4.429044e-01
1164556494.938843 -3.204012e-01
1164556494.938965 -9.115074e-02
1164556494.939087 9.354274e-02
1164556494.939209 2.038293e-01
1164556494.939331 2.324493e-01
1164556494.939453 1.872474e-01
1164556494.939575 1.401341e-01
1164556494.939697 1.320749e-01
1164556494.939819 1.048762e-01
1164556494.939941 8.363248e-02
1164556494.940063 9.983725e-02
1164556494.940186 2.322222e-02
1164556494.940308 -7.630825e-02
1164556494.940430 -1.418828e-01
1164556494.940552 -2.206114e-01
1164556494.940674 -3.143699e-01
1164556494.940796 -2.449352e-01
1164556494.940918 -1.037034e-01
1164556494.941040 -3.780994e-02
1164556494.941162 6.992412e-02
1164556494.941284 2.049955e-01
1164556494.941406 2.032493e-01
1164556494.941528 1.519853e-01
1164556494.941650 1.948372e-01
1164556494.941772 2.006255e-01
1164556494.941895 8.625823e-02
1164556494.942017 1.889870e-02
1164556494.942139 -1.397860e-02
1164556494.942261 -1.136485e-01
1164556494.942383 -1.714831e-01
1164556494.942505 -1.393218e-01
1164556494.942627 -2.465783e-01
1164556494.942749 -3.014897e-01
1164556494.942871 -1.314939e-01
1164556494.942993 1.702119e-02
1164556494.943115 1.207192e-02
1164556494.943237 1.204665e-01
1164556494.943359 2.995534e-01
1164556494.943481 2.576654e-01
1164556494.943604 1.595733e-01
1164556494.943726 1.621201e-01
1164556494.943848 1.285392e-01
1164556494.943970 2.812026e-02
1164556494.944092 -5.042204e-02
1164556494.944214 -1.147720e-01
1164556494.944336 -1.965333e-01
1164556494.944458 -1.921844e-01
1164556494.944580 -2.290482e-01
1164556494.944702 -3.432151e-01
1164556494.944824 -2.839942e-01
1164556494.944946 -6.243690e-05
1164556494.945068 1.868735e-01
1164556494.945190 2.588132e-01
1164556494.945312 3.739467e-01
1164556494.945435 3.881901e-01
1164556494.945557 1.860922e-01
1164556494.945679 2.827427e-02
1164556494.945801 -1.276570e-02
1164556494.945923 -8.035749e-02
1164556494.946045 -1.297648e-01
1164556494.946167 -1.161879e-01
1164556494.946289 -1.589798e-01
1164556494.946411 -2.211380e-01
1164556494.946533 -2.187411e-01
1164556494.946655 -2.399098e-01
1164556494.946777 -2.602084e-01
1164556494.946899 -7.917815e-03
1164556494.947021 3.186394e-01
1164556494.947144 3.997780e-01
1164556494.947266 3.526756e-01
1164556494.947388 3.179487e-01
1164556494.947510 1.662907e-01
1164556494.947632 -7.926887e-02
1164556494.947754 -1.851577e-01
1164556494.947876 -1.345129e-01
1164556494.947998 -1.049611e-01
1164556494.948120 -9.418312e-02
1164556494.948242 -1.200011e-01
1164556494.948364 -1.800144e-01
1164556494.948486 -2.003555e-01
1164556494.948608 -1.620321e-01
1164556494.948730 -1.166856e-01
1164556494.948853 2.753973e-03
1164556494.948975 2.448399e-01
1164556494.949097 4.096815e-01
1164556494.949219 3.151697e-01
1164556494.949341 1.795931e-01
1164556494.949463 1.061336e-01
1164556494.949585 -8.930391e-03
1164556494.949707 -1.226209e-01
1164556494.949829 -1.374328e-01
1164556494.949951 -1.225173e-01
1164556494.950073 -1.403829e-01
1164556494.950195 -1.540930e-01
1164556494.950317 -1.877806e-01
1164556494.950439 -2.293174e-01
1164556494.950562 -1.432627e-01
1164556494.950684 1.106687e-02
1164556494.950806 1.365802e-01
1164556494.950928 2.499349e-01
1164556494.951050 3.717529e-01
1164556494.951172 3.507849e-01
1164556494.951294 1.756750e-01
1164556494.951416 -3.429105e-04
1164556494.951538 -1.062515e-01
1164556494.951660 -1.785074e-01
1164556494.951782 -2.123267e-01
1164556494.951904 -1.924068e-01
1164556494.952026 -1.408129e-01
1164556494.952148 -9.134672e-02
1164556494.952271 -5.428091e-02
1164556494.952393 -5.575545e-02
1164556494.952515 -1.561766e-02
1164556494.952637 7.536871e-02
1164556494.952759 1.485672e-01
1164556494.952881 1.654129e-01
1164556494.953003 1.581899e-01
1164556494.953125 1.182241e-01
1164556494.953247 7.514678e-02
1164556494.953369 2.015538e-02
1164556494.953491 -4.161293e-02
1164556494.953613 -5.948609e-02
1164556494.953735 -3.686327e-02
1164556494.953857 -6.644930e-02
1164556494.953979 -1.517556e-01
1164556494.954102 -1.626197e-01
1164556494.954224 -9.322125e-02
1164556494.954346 -8.758733e-02
1164556494.954468 -8.531688e-02
1164556494.954590 -9.705293e-03
1164556494.954712 1.059112e-01
1164556494.954834 1.987900e-01
1164556494.954956 2.397334e-01
1164556494.955078 1.818962e-01
1164556494.955200 1.146529e-01
1164556494.955322 9.453048e-02
1164556494.955444 2.869348e-02
1164556494.955566 -1.284062e-01
1164556494.955688 -2.237622e-01
1164556494.955811 -2.130617e-01
1164556494.955933 -1.861114e-01
1164556494.956055 -1.535307e-01
1164556494.956177 -3.350442e-02
1164556494.956299 8.517771e-02
1164556494.956421 1.020984e-01
1164556494.956543 6.214087e-02
1164556494.956665 5.518215e-02
1164556494.956787 7.430068e-02
1164556494.956909 1.160610e-01
1164556494.957031 1.236200e-01
1164556494.957153 6.053294e-02
1164556494.957275 2.551821e-02
1164556494.957397 5.496614e-02
1164556494.957520 6.270626e-03
1164556494.957642 -1.218838e-01
1164556494.957764 -1.643195e-01
1164556494.957886 -1.405102e-01
1164556494.958008 -1.620311e-01
1164556494.958130 -9.461607e-02
1164556494.958252 2.239156e-02
1164556494.958374 2.845286e-02
1164556494.958496 -2.790972e-02
1164556494.958618 1.242616e-02
1164556494.958740 9.697108e-02
1164556494.958862 1.683665e-01
1164556494.958984 2.562540e-01
1164556494.959106 2.505609e-01
1164556494.959229 1.201933e-01
1164556494.959351 3.678342e-03
1164556494.959473 -1.228617e-01
1164556494.959595 -2.747020e-01
1164556494.959717 -3.127299e-01
1164556494.959839 -2.234877e-01
1164556494.959961 -1.435549e-01
1164556494.960083 -6.173446e-02
1164556494.960205 8.133118e-02
1164556494.960327 1.736273e-01
1164556494.960449 1.309162e-01
1164556494.960571 1.022903e-01
1164556494.960693 1.326445e-01
1164556494.960815 1.649363e-01
1164556494.960938 1.588919e-01
1164556494.961060 1.055115e-01
1164556494.961182 -3.919806e-02
1164556494.961304 -1.628191e-01
1164556494.961426 -1.971167e-01
1164556494.961548 -1.915265e-01
1164556494.961670 -1.626081e-01
1164556494.961792 -8.581776e-02
1164556494.961914 1.167726e-02
1164556494.962036 4.866203e-02
1164556494.962158 5.729259e-02
1164556494.962280 9.637775e-02
1164556494.962402 7.130091e-02
1164556494.962524 8.900881e-03
1164556494.962646 1.580259e-02
1164556494.962769 1.044414e-01
1164556494.962891 1.505988e-01
1164556494.963013 1.096882e-01
1164556494.963135 2.156164e-02
1164556494.963257 -7.848482e-02
1164556494.963379 -1.411022e-01
1164556494.963501 -1.347531e-01
1164556494.963623 -9.794651e-02
1164556494.963745 -6.606224e-02
1164556494.963867 -4.284732e-02
1164556494.963989 -4.784970e-02
1164556494.964111 -5.914906e-02
1164556494.964233 -4.273431e-03
1164556494.964355 7.278741e-02
1164556494.964478 1.144356e-01
1164556494.964600 1.297689e-01
1164556494.964722 1.478012e-01
1164556494.964844 1.474461e-01
1164556494.964966 9.753079e-02
1164556494.965088 -2.970513e-03
1164556494.965210 -7.425711e-02
1164556494.965332 -1.216623e-01
1164556494.965454 -1.383336e-01
1164556494.965576 -1.466883e-01
1164556494.965698 -1.397500e-01
1164556494.965820 -8.504571e-02
1164556494.965942 -3.086203e-02
1164556494.966064 -1.081938e-03
1164556494.966187 2.820255e-03
1164556494.966309 5.843276e-02
1164556494.966431 1.575419e-01
1164556494.966553 1.766835e-01
1164556494.966675 1.591595e-01
1164556494.966797 1.408466e-01
1164556494.966919 1.325642e-01
1164556494.967041 3.383382e-02
1164556494.967163 -9.647848e-02
1164556494.967285 -1.740311e-01
1164556494.967407 -2.092913e-01
1164556494.967529 -2.043294e-01
1164556494.967651 -1.934082e-01
1164556494.967773 -1.549405e-01
1164556494.967896 -7.573450e-02
1164556494.968018 3.104505e-02
1164556494.968140 1.662973e-01
1164556494.968262 2.498156e-01
1164556494.968384 2.702927e-01
1164556494.968506 2.347867e-01
1164556494.968628 1.546256e-01
1164556494.968750 5.828787e-02
1164556494.968872 -3.984560e-02
1164556494.968994 -1.320001e-01
1164556494.969116 -1.851994e-01
1164556494.969238 -2.146692e-01
1164556494.969360 -2.271039e-01
1164556494.969482 -2.052506e-01
1164556494.969604 -1.308227e-01
1164556494.969727 -3.069776e-02
1164556494.969849 8.509307e-02
1164556494.969971 1.970459e-01
1164556494.970093 2.541824e-01
1164556494.970215 2.330267e-01
1164556494.970337 1.832085e-01
1164556494.970459 1.027796e-01
1164556494.970581 2.406829e-02
1164556494.970703 -4.323808e-02
1164556494.970825 -1.184767e-01
1164556494.970947 -1.807987e-01
1164556494.971069 -1.850975e-01
1164556494.971191 -1.715985e-01
1164556494.971313 -1.476779e-01
1164556494.971436 -8.695762e-02
1164556494.971558 -5.526938e-03
1164556494.971680 6.940222e-02
1164556494.971802 1.584169e-01
1164556494.971924 2.086941e-01
1164556494.972046 1.774782e-01
1164556494.972168 1.159939e-01
1164556494.972290 7.045964e-02
1164556494.972412 -1.699043e-02
1164556494.972534 -1.000820e-01
1164556494.972656 -1.040413e-01
1164556494.972778 -8.064066e-02
1164556494.972900 -8.649842e-02
1164556494.973022 -5.445616e-02
1164556494.973145 1.037821e-03
1164556494.973267 5.351446e-03
1164556494.973389 -4.547804e-02
1164556494.973511 -6.288865e-02
1164556494.973633 -4.162409e-02
1164556494.973755 3.371794e-03
1164556494.973877 7.099282e-02
1164556494.973999 1.368509e-01
1164556494.974121 1.367793e-01
1164556494.974243 9.788055e-02
1164556494.974365 3.574665e-02
1164556494.974487 -3.062670e-02
1164556494.974609 -3.736088e-02
1164556494.974731 -1.190099e-03
1164556494.974854 -3.537338e-02
1164556494.974976 -9.738853e-02
1164556494.975098 -1.129493e-01
1164556494.975220 -9.192157e-02
1164556494.975342 -9.372488e-02
1164556494.975464 -5.855303e-02
1164556494.975586 1.887091e-02
1164556494.975708 7.209096e-02
1164556494.975830 1.204764e-01
1164556494.975952 1.530421e-01
1164556494.976074 1.196479e-01
1164556494.976196 5.727262e-02
1164556494.976318 1.607687e-02
1164556494.976440 -1.617090e-02
1164556494.976562 -5.577530e-02
1164556494.976685 -4.028036e-02
1164556494.976807 -2.913216e-02
1164556494.976929 -7.960617e-02
1164556494.977051 -1.259035e-01
1164556494.977173 -1.087191e-01
1164556494.977295 -6.934964e-02
1164556494.977417 -2.702941e-02
1164556494.977539 4.974738e-02
1164556494.977661 1.232915e-01
1164556494.977783 1.327482e-01
1164556494.977905 1.207186e-01
1164556494.978027 7.298625e-02
1164556494.978149 1.542352e-02
1164556494.978271 -2.842453e-02
1164556494.978394 -4.837681e-02
1164556494.978516 -3.834733e-02
1164556494.978638 -2.134649e-02
1164556494.978760 -1.993513e-02
1164556494.978882 -3.700292e-02
1164556494.979004 -6.040467e-02
1164556494.979126 -5.786817e-02
1164556494.979248 -5.231948e-02
1164556494.979370 -2.558191e-02
1164556494.979492 -5.299194e-03
1164556494.979614 1.795177e-02
1164556494.979736 5.043578e-02
1164556494.979858 6.758859e-02
1164556494.979980 7.240982e-02
1164556494.980103 9.299414e-02
1164556494.980225 9.531407e-02
1164556494.980347 4.664228e-02
1164556494.980469 -2.794876e-03
1164556494.980591 -2.650923e-02
1164556494.980713 -8.957247e-02
1164556494.980835 -1.233921e-01
1164556494.980957 -1.201313e-01
1164556494.981079 -1.096055e-01
1164556494.981201 -6.125211e-02
1164556494.981323 5.100113e-03
1164556494.981445 3.093194e-02
1164556494.981567 4.347582e-02
1164556494.981689 1.038492e-01
1164556494.981812 1.373289e-01
1164556494.981934 1.014095e-01
1164556494.982056 8.067588e-02
1164556494.982178 4.626444e-02
1164556494.982300 -2.598177e-02
1164556494.982422 -6.671368e-02
1164556494.982544 -5.761290e-02
1164556494.982666 -7.087232e-02
1164556494.982788 -7.418273e-02
1164556494.982910 -6.188077e-02
1164556494.983032 -6.318453e-02
1164556494.983154 -5.940117e-02
1164556494.983276 -4.126915e-02
1164556494.983398 -2.354566e-02
1164556494.983521 2.384487e-02
1164556494.983643 9.170310e-02
1164556494.983765 1.402255e-01
1164556494.983887 1.502491e-01
1164556494.984009 1.390223e-01
1164556494.984131 7.160720e-02
1164556494.984253 -4.861892e-03
1164556494.984375 -4.005350e-02
1164556494.984497 -8.693397e-02
1164556494.984619 -1.429439e-01
1164556494.984741 -1.550571e-01
1164556494.984863 -1.453653e-01
1164556494.984985 -1.092340e-01
1164556494.985107 -3.939652e-02
1164556494.985229 3.011006e-02
1164556494.985352 6.560461e-02
1164556494.985474 1.240149e-01
1164556494.985596 1.826866e-01
1164556494.985718 1.823711e-01
1164556494.985840 1.340149e-01
1164556494.985962 6.087290e-02
1164556494.986084 -4.193370e-02
1164556494.986206 -1.160102e-01
1164556494.986328 -1.312694e-01
1164556494.986450 -1.291733e-01
1164556494.986572 -1.126309e-01
1164556494.986694 -6.464426e-02
1164556494.986816 -3.614716e-02
1164556494.986938 -2.845638e-02
1164556494.987061 3.706443e-03
1164556494.987183 7.625501e-02
1164556494.987305 8.958751e-02
1164556494.987427 6.891430e-02
1164556494.987549 7.378946e-02
1164556494.987671 8.696863e-02
1164556494.987793 7.098235e-02
1164556494.987915 2.454304e-02
1164556494.988037 -2.806448e-02
1164556494.988159 -6.301762e-02
1164556494.988281 -4.683539e-02
1164556494.988403 -2.233217e-02
1164556494.988525 -6.307895e-02
1164556494.988647 -8.960082e-02
1164556494.988770 -6.830081e-02
1164556494.988892 -5.422176e-02
1164556494.989014 -6.065486e-02
1164556494.989136 -2.329677e-02
1164556494.989258 4.438334e-02
1164556494.989380 9.437225e-02
1164556494.989502 1.305794e-01
1164556494.989624 1.454726e-01
1164556494.989746 1.340080e-01
1164556494.989868 9.304508e-02
1164556494.989990 1.944872e-02
1164556494.990112 -7.534489e-02
1164556494.990234 -1.432548e-01
1164556494.990356 -1.371614e-01
1164556494.990479 -1.082129e-01
1164556494.990601 -1.083007e-01
1164556494.990723 -1.070443e-01
1164556494.990845 -5.219246e-02
1164556494.990967 1.440472e-02
1164556494.991089 6.905065e-02
1164556494.991211 1.149595e-01
1164556494.991333 1.481806e-01
1164556494.991455 1.401199e-01
1164556494.991577 1.310345e-01
1164556494.991699 1.007407e-01
1164556494.991821 3.606706e-02
1164556494.991943 -4.440074e-02
1164556494.992065 -1.240849e-01
1164556494.992188 -1.849844e-01
1164556494.992310 -1.920029e-01
1164556494.992432 -1.371697e-01
1164556494.992554 -4.917597e-02
1164556494.992676 1.630385e-02
1164556494.992798 5.684524e-02
1164556494.992920 7.784748e-02
1164556494.993042 8.555667e-02
1164556494.993164 8.681006e-02
1164556494.993286 9.065962e-02
1164556494.993408 8.889705e-02
1164556494.993530 5.726161e-02
1164556494.993652 2.334711e-02
1164556494.993774 1.027424e-02
1164556494.993896 -3.574069e-02
1164556494.994019 -9.521966e-02
1164556494.994141 -1.155015e-01
1164556494.994263 -1.131383e-01
1164556494.994385 -9.761705e-02
1164556494.994507 -5.173565e-02
1164556494.994629 -6.565137e-03
1164556494.994751 1.511992e-02
1164556494.994873 4.645173e-02
1164556494.994995 8.802779e-02
1164556494.995117 9.666788e-02
1164556494.995239 9.328595e-02
1164556494.995361 7.075430e-02
1164556494.995483 3.579840e-02
1164556494.995605 1.793030e-02
1164556494.995728 1.387766e-02
1164556494.995850 -1.228042e-02
1164556494.995972 -4.559050e-02
1164556494.996094 -7.123426e-02
1164556494.996216 -1.032364e-01
1164556494.996338 -1.462906e-01
1164556494.996460 -1.325846e-01
1164556494.996582 -6.498777e-02
1164556494.996704 8.067846e-03
1164556494.996826 7.724012e-02
1164556494.996948 1.259130e-01
1164556494.997070 1.399827e-01
1164556494.997192 1.318162e-01
1164556494.997314 1.089868e-01
1164556494.997437 7.571160e-02
1164556494.997559 2.997111e-02
1164556494.997681 -1.165185e-02
1164556494.997803 -7.924244e-02
1164556494.997925 -1.441881e-01
1164556494.998047 -1.695470e-01
1164556494.998169 -1.773406e-01
1164556494.998291 -1.431882e-01
1164556494.998413 -3.705120e-02
1164556494.998535 7.117176e-02
1164556494.998657 1.310632e-01
1164556494.998779 1.490590e-01
1164556494.998901 1.460648e-01
1164556494.999023 9.517249e-02
1164556494.999146 3.903601e-02
1164556494.999268 6.513568e-03
1164556494.999390 -1.068491e-02
1164556494.999512 -1.211261e-02
1164556494.999634 -9.989438e-03
1164556494.999756 -5.210071e-02
1164556494.999878 -1.057198e-01
1164556495.000000 -1.266836e-01
1164556495.000122 -1.025883e-01
1164556495.000244 -7.439364e-02
1164556495.000366 -2.651802e-02
1164556495.000488 3.934364e-02
1164556495.000610 8.870152e-02
1164556495.000732 1.173351e-01
1164556495.000854 1.139099e-01
1164556495.000977 7.990619e-02
1164556495.001099 5.005495e-02
1164556495.001221 2.521150e-02
1164556495.001343 -5.349300e-03
1164556495.001465 -4.071871e-02
1164556495.001587 -3.833408e-02
1164556495.001709 -3.675125e-02
1164556495.001831 -7.671385e-02
1164556495.001953 -1.083766e-01
1164556495.002075 -9.322335e-02
1164556495.002197 -4.789943e-02
1164556495.002319 3.595570e-03
1164556495.002441 4.703594e-02
1164556495.002563 5.452503e-02
1164556495.002686 4.339531e-02
1164556495.002808 6.468480e-02
1164556495.002930 7.107029e-02
1164556495.003052 6.567444e-02
1164556495.003174 6.823367e-02
1164556495.003296 5.495655e-02
1164556495.003418 7.882766e-03
1164556495.003540 -2.157731e-02
1164556495.003662 -5.551457e-02
1164556495.003784 -1.219336e-01
1164556495.003906 -1.556894e-01
1164556495.004028 -1.276964e-01
1164556495.004150 -8.028544e-02
1164556495.004272 -2.304782e-02
1164556495.004395 4.255465e-02
1164556495.004517 9.380913e-02
1164556495.004639 1.369862e-01
1164556495.004761 1.541012e-01
1164556495.004883 1.127187e-01
1164556495.005005 6.627354e-02
1164556495.005127 1.619543e-02
1164556495.005249 -2.981752e-02
1164556495.005371 -6.683991e-02
1164556495.005493 -7.704658e-02
1164556495.005615 -6.936407e-02
1164556495.005737 -7.997494e-02
1164556495.005859 -9.444333e-02
1164556495.005981 -1.045241e-01
1164556495.006104 -7.024876e-02
1164556495.006226 -1.470482e-03
1164556495.006348 3.844167e-02
1164556495.006470 9.811567e-02
1164556495.006592 1.432200e-01
1164556495.006714 1.525112e-01
1164556495.006836 1.290246e-01
1164556495.006958 7.442329e-02
1164556495.007080 6.013941e-03
1164556495.007202 -6.599336e-02
1164556495.007324 -1.010049e-01
1164556495.007446 -1.170175e-01
1164556495.007568 -1.091659e-01
1164556495.007690 -7.165275e-02
1164556495.007812 -7.674543e-02
1164556495.007935 -7.384909e-02
1164556495.008057 -3.046249e-02
1164556495.008179 2.261535e-02
1164556495.008301 8.621523e-02
1164556495.008423 1.388396e-01
1164556495.008545 1.598089e-01
1164556495.008667 1.456213e-01
1164556495.008789 1.000162e-01
1164556495.008911 6.414435e-03
1164556495.009033 -9.371406e-02
1164556495.009155 -1.172164e-01
1164556495.009277 -1.013108e-01
1164556495.009399 -9.147518e-02
1164556495.009521 -8.400017e-02
1164556495.009644 -5.825320e-02
1164556495.009766 -3.763912e-02
1164556495.009888 -8.670340e-03
1164556495.010010 3.941222e-02
1164556495.010132 8.279446e-02
1164556495.010254 1.136964e-01
1164556495.010376 1.070229e-01
1164556495.010498 6.535088e-02
1164556495.010620 1.278902e-02
1164556495.010742 -1.727454e-02
1164556495.010864 -2.392700e-02
1164556495.010986 -4.561670e-02
1164556495.011108 -4.603460e-02
1164556495.011230 -3.682903e-02
1164556495.011353 -3.373278e-02
1164556495.011475 -2.789649e-02
1164556495.011597 -1.983013e-02
1164556495.011719 -1.822170e-02
1164556495.011841 -7.116171e-03
1164556495.011963 9.454275e-03
1164556495.012085 5.644771e-03
1164556495.012207 -2.894937e-03
1164556495.012329 1.724861e-02
1164556495.012451 3.833239e-02
1164556495.012573 5.215168e-02
1164556495.012695 6.707834e-02
1164556495.012817 6.243328e-02
1164556495.012939 2.844627e-02
1164556495.013062 -1.311084e-02
1164556495.013184 -3.452010e-02
1164556495.013306 -3.942640e-02
1164556495.013428 -5.170614e-02
1164556495.013550 -5.828884e-02
1164556495.013672 -7.866336e-02
1164556495.013794 -9.409820e-02
1164556495.013916 -7.060713e-02
1164556495.014038 -9.331970e-03
1164556495.014160 4.598416e-02
1164556495.014282 8.086259e-02
1164556495.014404 1.309561e-01
1164556495.014526 1.578727e-01
1164556495.014648 1.215363e-01
1164556495.014771 7.218897e-02
1164556495.014893 -1.164502e-03
1164556495.015015 -7.595681e-02
1164556495.015137 -1.225490e-01
1164556495.015259 -1.496331e-01
1164556495.015381 -1.496634e-01
1164556495.015503 -9.504758e-02
1164556495.015625 -2.980642e-02
1164556495.015747 8.373077e-03
1164556495.015869 4.737306e-02
1164556495.015991 7.927031e-02
1164556495.016113 8.734667e-02
1164556495.016235 9.684613e-02
1164556495.016357 1.005223e-01
1164556495.016479 1.000571e-01
1164556495.016602 6.245853e-02
1164556495.016724 -7.443718e-03
1164556495.016846 -7.570793e-02
1164556495.016968 -1.234135e-01
1164556495.017090 -1.331125e-01
1164556495.017212 -1.075631e-01
1164556495.017334 -4.206668e-02
1164556495.017456 2.314036e-02
1164556495.017578 3.190293e-02
1164556495.017700 2.877858e-02
1164556495.017822 9.537372e-03
1164556495.017944 -2.795580e-03
1164556495.018066 2.657874e-02
1164556495.018188 5.691846e-02
1164556495.018311 6.384606e-02
1164556495.018433 6.494709e-02
1164556495.018555 6.993574e-02
1164556495.018677 4.606985e-02
1164556495.018799 -4.855635e-03
1164556495.018921 -3.990086e-02
1164556495.019043 -8.297629e-02
1164556495.019165 -1.077973e-01
1164556495.019287 -8.862751e-02
1164556495.019409 -6.593976e-02
1164556495.019531 -4.954608e-02
1164556495.019653 -3.157231e-02
1164556495.019775 -7.202995e-03
1164556495.019897 3.367255e-02
1164556495.020020 8.159157e-02
1164556495.020142 1.206758e-01
1164556495.020264 1.365223e-01
1164556495.020386 1.288422e-01
1164556495.020508 8.787893e-02
1164556495.020630 2.594401e-02
1164556495.020752 -3.828768e-02
1164556495.020874 -1.118588e-01
1164556495.020996 -1.661127e-01
1164556495.021118 -1.696206e-01
1164556495.021240 -1.530569e-01
1164556495.021362 -9.693037e-02
1164556495.021484 -1.181499e-02
1164556495.021606 5.331116e-02
1164556495.021729 9.162354e-02
1164556495.021851 1.406935e-01
1164556495.021973 1.704055e-01
1164556495.022095 1.551896e-01
1164556495.022217 1.162371e-01
1164556495.022339 4.338776e-02
1164556495.022461 -4.330381e-02
1164556495.022583 -8.806243e-02
1164556495.022705 -1.199149e-01
1164556495.022827 -1.574133e-01
1164556495.022949 -1.483167e-01
1164556495.023071 -9.315319e-02
1164556495.023193 -5.131569e-02
1164556495.023315 -1.295230e-02
1164556495.023438 4.735665e-02
1164556495.023560 1.039912e-01
1164556495.023682 1.306362e-01
1164556495.023804 1.279266e-01
1164556495.023926 1.065377e-01
1164556495.024048 7.128460e-02
1164556495.024170 3.035198e-02
1164556495.024292 -2.259923e-02
1164556495.024414 -7.260191e-02
1164556495.024536 -8.754264e-02
1164556495.024658 -9.394078e-02
1164556495.024780 -1.004346e-01
1164556495.024902 -1.028730e-01
1164556495.025024 -7.352913e-02
1164556495.025146 -8.886181e-03
1164556495.025269 5.400733e-02
1164556495.025391 8.913493e-02
1164556495.025513 9.618849e-02
1164556495.025635 8.556301e-02
1164556495.025757 7.642064e-02
1164556495.025879 4.781801e-02
1164556495.026001 4.622481e-03
1164556495.026123 -3.092467e-02
1164556495.026245 -4.136129e-02
1164556495.026367 -3.238486e-02
1164556495.026489 -2.694031e-02
1164556495.026611 -4.128170e-02
1164556495.026733 -5.847277e-02
1164556495.026855 -6.093132e-02
1164556495.026978 -4.493735e-02
1164556495.027100 -1.328959e-02
1164556495.027222 2.476240e-02
1164556495.027344 5.521139e-02
1164556495.027466 7.267651e-02
1164556495.027588 5.970865e-02
1164556495.027710 3.402745e-02
1164556495.027832 5.671396e-03
1164556495.027954 -4.620072e-03
1164556495.028076 -2.429732e-03
1164556495.028198 -1.355902e-02
1164556495.028320 -1.497119e-02
1164556495.028442 2.085203e-03
1164556495.028564 2.292875e-02
1164556495.028687 -3.419992e-03
1164556495.028809 -5.327856e-02
1164556495.028931 -6.226888e-02
1164556495.029053 -6.492879e-02
1164556495.029175 -5.137026e-02
1164556495.029297 -1.786616e-02
1164556495.029419 2.918734e-02
1164556495.029541 5.852957e-02
1164556495.029663 6.979925e-02
1164556495.029785 7.315473e-02
1164556495.029907 4.684456e-02
1164556495.030029 4.700943e-02
1164556495.030151 4.102109e-02
1164556495.030273 -5.698328e-03
1164556495.030396 -3.063487e-02
1164556495.030518 -4.278606e-02
1164556495.030640 -6.168494e-02
1164556495.030762 -8.931685e-02
1164556495.030884 -8.630687e-02
1164556495.031006 -6.250954e-02
1164556495.031128 -3.686794e-02
1164556495.031250 1.334920e-02
1164556495.031372 4.526344e-02
1164556495.031494 6.425174e-02
1164556495.031616 9.526207e-02
1164556495.031738 1.079391e-01
1164556495.031860 9.292900e-02
1164556495.031982 5.640466e-02
1164556495.032104 2.449004e-02
1164556495.032227 -2.060213e-02
1164556495.032349 -7.242643e-02
1164556495.032471 -1.048506e-01
1164556495.032593 -1.334647e-01
1164556495.032715 -1.225022e-01
1164556495.032837 -8.182629e-02
1164556495.032959 -4.133568e-02
1164556495.033081 2.082607e-02
1164556495.033203 9.706654e-02
1164556495.033325 1.329408e-01
1164556495.033447 1.193673e-01
1164556495.033569 9.668935e-02
1164556495.033691 5.817484e-02
1164556495.033813 1.219302e-02
1164556495.033936 -1.835417e-02
1164556495.034058 -4.432678e-02
1164556495.034180 -6.608792e-02
1164556495.034302 -5.997025e-02
1164556495.034424 -6.282407e-02
1164556495.034546 -8.482101e-02
1164556495.034668 -7.443402e-02
1164556495.034790 -3.462348e-02
1164556495.034912 5.829816e-05
1164556495.035034 4.598846e-02
1164556495.035156 8.157238e-02
1164556495.035278 8.523831e-02
1164556495.035400 7.190891e-02
1164556495.035522 5.761902e-02
1164556495.035645 2.457057e-02
1164556495.035767 -8.019502e-03
1164556495.035889 -6.167834e-03
1164556495.036011 -1.788706e-02
1164556495.036133 -3.976704e-02
1164556495.036255 -3.117160e-02
1164556495.036377 -2.692779e-02
1164556495.036499 -3.452735e-02
1164556495.036621 -6.083905e-02
1164556495.036743 -7.649092e-02
1164556495.036865 -6.748771e-02
1164556495.036987 -1.711719e-02
1164556495.037109 4.847066e-02
1164556495.037231 7.116566e-02
1164556495.037354 9.739746e-02
1164556495.037476 1.147930e-01
1164556495.037598 9.030194e-02
1164556495.037720 5.739540e-02
1164556495.037842 2.677757e-02
1164556495.037964 -9.820638e-03
1164556495.038086 -7.378676e-02
1164556495.038208 -1.131015e-01
1164556495.038330 -1.322471e-01
1164556495.038452 -1.237414e-01
1164556495.038574 -7.878171e-02
1164556495.038696 -4.866012e-02
1164556495.038818 4.071791e-04
1164556495.038940 7.568440e-02
1164556495.039062 1.301129e-01
1164556495.039185 1.470202e-01
1164556495.039307 1.228010e-01
1164556495.039429 8.806896e-02
1164556495.039551 3.883624e-02
1164556495.039673 -6.564863e-03
1164556495.039795 -5.297215e-02
1164556495.039917 -1.055595e-01
1164556495.040039 -1.285545e-01
1164556495.040161 -1.190223e-01
1164556495.040283 -8.946765e-02
1164556495.040405 -4.810303e-02
1164556495.040527 -9.509962e-04
1164556495.040649 4.860521e-02
1164556495.040771 8.655401e-02
1164556495.040894 1.007300e-01
1164556495.041016 8.444486e-02
1164556495.041138 6.308164e-02
1164556495.041260 4.441878e-02
1164556495.041382 1.916150e-02
1164556495.041504 -1.838045e-02
1164556495.041626 -5.218206e-02
1164556495.041748 -5.864754e-02
1164556495.041870 -5.954122e-02
1164556495.041992 -5.518306e-02
1164556495.042114 -3.198985e-02
1164556495.042236 -7.438851e-03
1164556495.042358 1.043524e-02
1164556495.042480 1.021354e-02
1164556495.042603 -4.084158e-03
1164556495.042725 -1.674063e-02
1164556495.042847 5.003255e-03
1164556495.042969 4.132818e-02
1164556495.043091 4.830178e-02
1164556495.043213 4.468231e-02
1164556495.043335 5.680373e-02
1164556495.043457 5.176175e-02
1164556495.043579 1.502139e-02
1164556495.043701 -2.572332e-02
1164556495.043823 -4.977594e-02
1164556495.043945 -6.560152e-02
1164556495.044067 -5.856506e-02
1164556495.044189 -4.245818e-02
1164556495.044312 -3.428224e-02
1164556495.044434 -2.426922e-02
1164556495.044556 -1.626822e-02
1164556495.044678 -1.339312e-02
1164556495.044800 1.303139e-02
1164556495.044922 6.326300e-02
1164556495.045044 8.943873e-02
1164556495.045166 9.332729e-02
1164556495.045288 8.549997e-02
1164556495.045410 4.830891e-02
1164556495.045532 -3.410404e-03
1164556495.045654 -4.564191e-02
1164556495.045776 -8.717938e-02
1164556495.045898 -1.107493e-01
1164556495.046021 -8.408679e-02
1164556495.046143 -4.834515e-02
1164556495.046265 -2.516523e-02
1164556495.046387 9.101255e-04
1164556495.046509 7.056352e-03
1164556495.046631 1.293335e-02
1164556495.046753 4.710466e-02
1164556495.046875 8.004267e-02
1164556495.046997 9.746437e-02
1164556495.047119 9.855290e-02
1164556495.047241 6.845317e-02
1164556495.047363 3.347002e-03
1164556495.047485 -4.550224e-02
1164556495.047607 -7.678276e-02
1164556495.047729 -1.027990e-01
1164556495.047852 -8.875488e-02
1164556495.047974 -5.662359e-02
1164556495.048096 -4.433038e-02
1164556495.048218 -2.065030e-02
1164556495.048340 1.291934e-02
1164556495.048462 3.834915e-02
1164556495.048584 5.348609e-02
1164556495.048706 6.296977e-02
1164556495.048828 6.889775e-02
1164556495.048950 6.621826e-02
1164556495.049072 6.046574e-02
1164556495.049194 3.339017e-02
1164556495.049316 -1.145608e-02
1164556495.049438 -3.632205e-02
1164556495.049561 -6.305181e-02
1164556495.049683 -8.872615e-02
1164556495.049805 -9.199905e-02
1164556495.049927 -7.475732e-02
1164556495.050049 -3.953843e-02
1164556495.050171 1.817226e-03
1164556495.050293 3.761418e-02
1164556495.050415 6.458582e-02
1164556495.050537 6.929744e-02
1164556495.050659 6.057327e-02
1164556495.050781 5.616588e-02
1164556495.050903 5.636379e-02
1164556495.051025 3.554478e-02
1164556495.051147 -1.260337e-03
1164556495.051270 -3.845202e-02
1164556495.051392 -6.620062e-02
1164556495.051514 -6.457902e-02
1164556495.051636 -5.659134e-02
1164556495.051758 -5.677894e-02
1164556495.051880 -3.980501e-02
1164556495.052002 -6.392541e-03
1164556495.052124 1.589510e-02
1164556495.052246 2.457115e-02
1164556495.052368 5.489989e-02
1164556495.052490 6.727190e-02
1164556495.052612 4.686796e-02
1164556495.052734 3.142839e-02
1164556495.052856 1.062473e-02
1164556495.052979 -4.173793e-03
1164556495.053101 -7.013711e-03
1164556495.053223 -8.425281e-03
1164556495.053345 -1.395141e-02
1164556495.053467 -2.504634e-02
1164556495.053589 -3.778691e-02
1164556495.053711 -5.432629e-02
1164556495.053833 -5.239550e-02
1164556495.053955 -3.795513e-02
1164556495.054077 -1.794078e-03
1164556495.054199 3.867836e-02
1164556495.054321 4.693921e-02
1164556495.054443 3.897753e-02
1164556495.054565 3.146388e-02
1164556495.054688 2.689352e-02
1164556495.054810 3.243062e-02
1164556495.054932 3.968765e-02
1164556495.055054 3.623757e-02
1164556495.055176 1.043487e-02
1164556495.055298 -3.442648e-02
1164556495.055420 -7.563244e-02
1164556495.055542 -9.596147e-02
1164556495.055664 -8.139030e-02
1164556495.055786 -4.677848e-02
1164556495.055908 -8.142562e-03
1164556495.056030 3.589777e-02
1164556495.056152 6.399172e-02
1164556495.056274 7.282511e-02
1164556495.056396 5.263572e-02
1164556495.056519 2.487158e-02
1164556495.056641 2.180313e-02
1164556495.056763 1.869473e-02
1164556495.056885 4.394091e-03
1164556495.057007 -1.188886e-02
1164556495.057129 -2.439143e-02
1164556495.057251 -3.292349e-02
1164556495.057373 -4.276410e-02
1164556495.057495 -4.839310e-02
1164556495.057617 -5.443468e-02
1164556495.057739 -3.887001e-02
1164556495.057861 3.088850e-04
1164556495.057983 2.947818e-02
1164556495.058105 4.516236e-02
1164556495.058228 6.722461e-02
1164556495.058350 6.643964e-02
1164556495.058472 2.939743e-02
1164556495.058594 2.709337e-03
1164556495.058716 -5.013069e-03
1164556495.058838 -1.964587e-02
1164556495.058960 -3.319414e-02
1164556495.059082 -3.139937e-02
1164556495.059204 -2.485837e-02
1164556495.059326 -2.172500e-02
1164556495.059448 3.990169e-04
1164556495.059570 4.036030e-03
1164556495.059692 -1.335703e-02
1164556495.059814 -5.300531e-03
1164556495.059937 2.825694e-03
1164556495.060059 2.897713e-04
1164556495.060181 8.247003e-03
1164556495.060303 2.515393e-02
1164556495.060425 2.206516e-02
1164556495.060547 9.789539e-03
1164556495.060669 2.501400e-02
1164556495.060791 2.350809e-02
1164556495.060913 1.511482e-02
1164556495.061035 9.754868e-03
1164556495.061157 -1.316893e-02
1164556495.061279 -2.469022e-02
1164556495.061401 -3.832816e-02
1164556495.061523 -6.165075e-02
1164556495.061646 -7.409732e-02
1164556495.061768 -4.691417e-02
1164556495.061890 1.259219e-02
1164556495.062012 5.324751e-02
1164556495.062134 7.719929e-02
1164556495.062256 7.148448e-02
1164556495.062378 4.908787e-02
1164556495.062500 1.942941e-02
1164556495.062622 -1.109014e-02
1164556495.062744 -1.807467e-02
1164556495.062866 -2.358491e-02
1164556495.062988 -3.224855e-02
1164556495.063110 -2.906107e-02
1164556495.063232 -2.268323e-02
1164556495.063354 -2.594195e-02
1164556495.063477 -2.822907e-02
1164556495.063599 -1.725005e-02
1164556495.063721 -5.957909e-03
1164556495.063843 1.668046e-02
1164556495.063965 4.302655e-02
1164556495.064087 5.005107e-02
1164556495.064209 4.695456e-02
1164556495.064331 3.231571e-02
1164556495.064453 -3.711032e-03
1164556495.064575 -3.330148e-02
1164556495.064697 -2.834609e-02
1164556495.064819 -1.017808e-02
1164556495.064941 -5.527753e-03
1164556495.065063 -7.591532e-03
1164556495.065186 -1.004092e-02
1164556495.065308 -1.196249e-02
1164556495.065430 -1.357152e-02
1164556495.065552 -1.286639e-02
1164556495.065674 -9.355744e-03
1164556495.065796 1.090121e-02
1164556495.065918 2.498305e-02
1164556495.066040 1.802241e-02
1164556495.066162 3.808726e-03
1164556495.066284 -2.805031e-03
1164556495.066406 4.450219e-03
1164556495.066528 1.266504e-02
1164556495.066650 2.302230e-02
1164556495.066772 2.617881e-02
1164556495.066895 1.922471e-02
1164556495.067017 1.844026e-03
1164556495.067139 -3.119495e-02
1164556495.067261 -5.752531e-02
1164556495.067383 -5.875452e-02
1164556495.067505 -4.038523e-02
1164556495.067627 -1.743705e-02
1164556495.067749 3.030879e-03
1164556495.067871 2.974254e-02
1164556495.067993 4.784539e-02
1164556495.068115 5.179290e-02
1164556495.068237 5.099363e-02
1164556495.068359 3.879950e-02
1164556495.068481 1.820885e-02
1164556495.068604 -4.746305e-03
1164556495.068726 -2.901240e-02
1164556495.068848 -4.931653e-02
1164556495.068970 -5.457622e-02
1164556495.069092 -4.031247e-02
1164556495.069214 -3.108900e-02
1164556495.069336 -1.989180e-02
1164556495.069458 2.340308e-04
1164556495.069580 9.583964e-03
1164556495.069702 2.932761e-02
1164556495.069824 6.107488e-02
1164556495.069946 7.149723e-02
1164556495.070068 4.907469e-02
1164556495.070190 1.806790e-02
1164556495.070312 -9.436093e-03
1164556495.070435 -4.337203e-02
1164556495.070557 -6.481354e-02
1164556495.070679 -6.688772e-02
1164556495.070801 -4.946257e-02
1164556495.070923 -1.254371e-02
1164556495.071045 2.294218e-02
1164556495.071167 3.929140e-02
1164556495.071289 4.450298e-02
1164556495.071411 4.379216e-02
1164556495.071533 3.944754e-02
1164556495.071655 3.588627e-02
