1164556494.747559 6.468584e-03
1164556494.747681 6.406889e-03
1164556494.747803 5.551930e-03
1164556494.747925 6.718689e-03
1164556494.748047 7.144998e-03
1164556494.748169 6.122094e-03
1164556494.748291 4.858271e-03
1164556494.748413 3.212895e-03
1164556494.748535 2.542847e-04
1164556494.748657 -1.488015e-03
1164556494.748779 -3.593663e-03
1164556494.748901 -5.843817e-03
1164556494.749023 -7.167347e-03
1164556494.749146 -7.236838e-03
1164556494.749268 -6.305977e-03
1164556494.749390 -4.640086e-03
1164556494.749512 -1.581853e-03
1164556494.749634 1.711968e-03
1164556494.749756 3.457452e-03
1164556494.749878 6.103725e-03
1164556494.750000 1.011710e-02
1164556494.750122 1.231032e-02
1164556494.750244 1.000410e-02
1164556494.750366 4.617178e-03
1164556494.750488 -1.160555e-03
1164556494.750610 -5.886059e-03
1164556494.750732 -1.074853e-02
1164556494.750854 -1.424346e-02
1164556494.750977 -1.342731e-02
1164556494.751099 -8.069306e-03
1164556494.751221 -1.403794e-03
1164556494.751343 4.670913e-03
1164556494.751465 8.612279e-03
1164556494.751587 9.430462e-03
1164556494.751709 7.568756e-03
1164556494.751831 5.212095e-03
1164556494.751953 3.378929e-03
1164556494.752075 2.599423e-03
1164556494.752197 1.625848e-03
1164556494.752319 4.928336e-04
1164556494.752441 -1.633384e-03
1164556494.752563 -5.200694e-03
1164556494.752686 -7.647935e-03
1164556494.752808 -8.619747e-03
1164556494.752930 -8.775425e-03
1164556494.753052 -5.688061e-03
1164556494.753174 -5.401870e-04
1164556494.753296 4.201590e-03
1164556494.753418 7.158056e-03
1164556494.753540 8.590017e-03
1164556494.753662 7.799068e-03
1164556494.753784 5.820183e-03
1164556494.753906 2.659969e-03
1164556494.754028 2.529153e-04
1164556494.754150 -1.470269e-03
1164556494.754272 -2.909395e-03
1164556494.754395 -3.643694e-03
1164556494.754517 -4.137098e-03
1164556494.754639 -5.346308e-03
1164556494.754761 -5.707611e-03
1164556494.754883 -4.368920e-03
1164556494.755005 -1.983467e-03
1164556494.755127 6.785506e-04
1164556494.755249 3.099950e-03
1164556494.755371 4.928325e-03
1164556494.755493 5.409386e-03
1164556494.755615 3.842594e-03
1164556494.755737 3.092018e-03
1164556494.755859 3.302237e-03
1164556494.755981 2.227026e-03
1164556494.756104 -5.074743e-04
1164556494.756226 -2.217256e-03
1164556494.756348 -1.661141e-03
1164556494.756470 -1.475869e-03
1164556494.756592 -2.749085e-03
1164556494.756714 -4.852355e-03
1164556494.756836 -7.167238e-03
1164556494.756958 -7.899987e-03
1164556494.757080 -6.005662e-03
1164556494.757202 -5.132227e-04
1164556494.757324 8.054710e-03
1164556494.757446 1.353736e-02
1164556494.757568 1.176033e-02
1164556494.757690 6.830629e-03
1164556494.757812 2.593647e-03
1164556494.757935 -3.818478e-04
1164556494.758057 -3.682382e-03
1164556494.758179 -5.996151e-03
1164556494.758301 -6.476174e-03
1164556494.758423 -6.094560e-03
1164556494.758545 -5.306633e-03
1164556494.758667 -4.368228e-03
1164556494.758789 -3.799649e-03
1164556494.758911 -1.962881e-03
1164556494.759033 2.014631e-03
1164556494.759155 7.296399e-03
1164556494.759277 1.000801e-02
1164556494.759399 8.316973e-03
1164556494.759521 3.928035e-03
1164556494.759644 -2.337653e-04
1164556494.759766 -1.818770e-03
1164556494.759888 -6.299845e-04
1164556494.760010 -1.792091e-03
1164556494.760132 -5.133555e-03
1164556494.760254 -5.440794e-03
1164556494.760376 -2.648070e-03
1164556494.760498 -1.040897e-03
1164556494.760620 -6.418106e-04
1164556494.760742 -6.227410e-04
1164556494.760864 -5.332065e-04
1164556494.760986 -6.771387e-04
1164556494.761108 -5.376152e-04
1164556494.761230 1.246132e-03
1164556494.761353 3.835291e-03
1164556494.761475 4.925637e-03
1164556494.761597 4.852399e-03
1164556494.761719 3.600481e-03
1164556494.761841 2.725321e-03
1164556494.761963 2.158712e-03
1164556494.762085 5.857230e-04
1164556494.762207 -2.563532e-03
1164556494.762329 -6.246727e-03
1164556494.762451 -9.354019e-03
1164556494.762573 -1.029597e-02
1164556494.762695 -9.000638e-03
1164556494.762817 -4.636152e-03
1164556494.762939 2.067161e-03
1164556494.763062 1.044736e-02
1164556494.763184 1.439447e-02
1164556494.763306 1.205880e-02
1164556494.763428 6.338535e-03
1164556494.763550 2.447785e-04
1164556494.763672 -4.473367e-03
1164556494.763794 -4.472741e-03
1164556494.763916 -1.484577e-03
1164556494.764038 -4.210577e-05
1164556494.764160 -1.996867e-03
1164556494.764282 -5.040613e-03
1164556494.764404 -7.100657e-03
1164556494.764526 -7.556139e-03
1164556494.764648 -6.992610e-03
1164556494.764771 -4.227699e-03
1164556494.764893 1.360454e-03
1164556494.765015 8.098228e-03
1164556494.765137 1.259968e-02
1164556494.765259 1.296906e-02
1164556494.765381 8.836878e-03
1164556494.765503 3.350485e-03
1164556494.765625 1.350442e-05
1164556494.765747 -6.437395e-04
1164556494.765869 -2.891050e-03
1164556494.765991 -8.095013e-03
1164556494.766113 -1.271732e-02
1164556494.766235 -1.261803e-02
1164556494.766357 -9.473721e-03
1164556494.766479 -4.923136e-03
1164556494.766602 -2.447941e-04
1164556494.766724 4.237846e-03
1164556494.766846 9.746224e-03
1164556494.766968 1.429493e-02
1164556494.767090 1.438400e-02
1164556494.767212 1.167696e-02
1164556494.767334 6.925775e-03
1164556494.767456 4.887058e-04
1164556494.767578 -7.172433e-03
1164556494.767700 -1.256599e-02
1164556494.767822 -1.521289e-02
1164556494.767944 -1.439373e-02
1164556494.768066 -1.021027e-02
1164556494.768188 -3.022550e-03
1164556494.768311 4.021871e-03
1164556494.768433 9.137215e-03
1164556494.768555 1.159296e-02
1164556494.768677 1.090744e-02
1164556494.768799 8.086420e-03
1164556494.768921 3.617979e-03
1164556494.769043 -1.197890e-03
1164556494.769165 -3.659624e-03
1164556494.769287 -4.525389e-03
1164556494.769409 -5.608918e-03
1164556494.769531 -6.262260e-03
1164556494.769653 -4.845194e-03
1164556494.769775 -7.894366e-04
1164556494.769897 3.095921e-03
1164556494.770020 5.486808e-03
1164556494.770142 5.392898e-03
1164556494.770264 3.025076e-03
1164556494.770386 -1.157840e-03
1164556494.770508 -6.313069e-03
1164556494.770630 -9.002894e-03
1164556494.770752 -7.701636e-03
1164556494.770874 -2.273254e-03
1164556494.770996 4.662854e-03
1164556494.771118 9.804167e-03
1164556494.771240 1.050970e-02
1164556494.771362 9.399654e-03
1164556494.771484 7.220721e-03
1164556494.771606 3.055220e-03
1164556494.771729 -3.549194e-03
1164556494.771851 -9.829568e-03
1164556494.771973 -1.221019e-02
1164556494.772095 -1.084986e-02
1164556494.772217 -8.398281e-03
1164556494.772339 -5.405532e-03
1164556494.772461 -2.283857e-03
1164556494.772583 1.156970e-03
1164556494.772705 5.581245e-03
1164556494.772827 1.024271e-02
1164556494.772949 1.482153e-02
1164556494.773071 1.693875e-02
1164556494.773193 1.332682e-02
1164556494.773315 4.284325e-03
1164556494.773438 -7.138975e-03
1164556494.773560 -1.503657e-02
1164556494.773682 -1.725828e-02
1164556494.773804 -1.532306e-02
1164556494.773926 -1.052268e-02
1164556494.774048 -4.412849e-03
1164556494.774170 2.067121e-03
1164556494.774292 8.260511e-03
1164556494.774414 1.032274e-02
1164556494.774536 7.762836e-03
1164556494.774658 4.102905e-03
1164556494.774780 3.229308e-03
1164556494.774902 5.340930e-03
1164556494.775024 6.921015e-03
1164556494.775146 4.652041e-03
1164556494.775269 -1.596546e-04
1164556494.775391 -5.507715e-03
1164556494.775513 -8.722575e-03
1164556494.775635 -9.175609e-03
1164556494.775757 -8.783259e-03
1164556494.775879 -7.475317e-03
1164556494.776001 -4.335154e-03
1164556494.776123 -7.943359e-04
1164556494.776245 2.818781e-03
1164556494.776367 5.478231e-03
1164556494.776489 7.372680e-03
1164556494.776611 8.377202e-03
1164556494.776733 7.567581e-03
1164556494.776855 5.888025e-03
1164556494.776978 4.441087e-03
1164556494.777100 3.096789e-03
1164556494.777222 7.300155e-04
1164556494.777344 -5.158495e-03
1164556494.777466 -1.126288e-02
1164556494.777588 -1.324131e-02
1164556494.777710 -1.044474e-02
1164556494.777832 -5.845936e-03
1164556494.777954 -1.257514e-03
1164556494.778076 2.584995e-03
1164556494.778198 6.217268e-03
1164556494.778320 7.462831e-03
1164556494.778442 7.174795e-03
1164556494.778564 6.096870e-03
1164556494.778687 5.062471e-03
1164556494.778809 4.303275e-03
1164556494.778931 3.195708e-03
1164556494.779053 1.928315e-04
1164556494.779175 -3.482205e-03
1164556494.779297 -5.625200e-03
1164556494.779419 -6.155627e-03
1164556494.779541 -5.878141e-03
1164556494.779663 -6.193313e-03
1164556494.779785 -5.458223e-03
1164556494.779907 -2.895642e-03
1164556494.780029 -3.300227e-04
1164556494.780151 1.316535e-03
1164556494.780273 2.323482e-03
1164556494.780396 4.621151e-03
1164556494.780518 6.367650e-03
1164556494.780640 7.622794e-03
1164556494.780762 8.072458e-03
1164556494.780884 7.547570e-03
1164556494.781006 5.677281e-03
1164556494.781128 2.258321e-03
1164556494.781250 -3.571477e-03
1164556494.781372 -9.115750e-03
1164556494.781494 -1.427837e-02
1164556494.781616 -1.695149e-02
1164556494.781738 -1.572762e-02
1164556494.781860 -9.187374e-03
1164556494.781982 -4.442781e-04
1164556494.782104 9.466138e-03
1164556494.782227 1.877920e-02
1164556494.782349 2.299982e-02
1164556494.782471 1.747928e-02
1164556494.782593 5.980731e-03
1164556494.782715 -3.838605e-03
1164556494.782837 -8.184640e-03
1164556494.782959 -7.081523e-03
1164556494.783081 -5.417968e-03
1164556494.783203 -6.632091e-03
1164556494.783325 -7.119867e-03
1164556494.783447 -6.139506e-03
1164556494.783569 -5.404259e-03
1164556494.783691 -5.392829e-03
1164556494.783813 -3.619081e-03
1164556494.783936 1.018679e-03
1164556494.784058 7.462227e-03
1164556494.784180 1.242400e-02
1164556494.784302 1.287046e-02
1164556494.784424 7.940513e-03
1164556494.784546 1.763421e-03
1164556494.784668 -1.001229e-03
1164556494.784790 -2.539420e-04
1164556494.784912 9.255446e-05
1164556494.785034 -1.780507e-03
1164556494.785156 -5.229577e-03
1164556494.785278 -8.076629e-03
1164556494.785400 -9.933493e-03
1164556494.785522 -9.872605e-03
1164556494.785645 -6.806972e-03
1164556494.785767 -1.810716e-03
1164556494.785889 1.611899e-03
1164556494.786011 5.224900e-03
1164556494.786133 9.418313e-03
1164556494.786255 1.127908e-02
1164556494.786377 1.004183e-02
1164556494.786499 9.091921e-03
1164556494.786621 7.277995e-03
1164556494.786743 3.841540e-03
1164556494.786865 -1.777514e-03
1164556494.786987 -8.514299e-03
1164556494.787109 -1.335849e-02
1164556494.787231 -1.466770e-02
1164556494.787354 -1.275143e-02
1164556494.787476 -9.468058e-03
1164556494.787598 -4.929642e-03
1164556494.787720 7.567278e-04
1164556494.787842 6.752185e-03
1164556494.787964 1.224386e-02
1164556494.788086 1.479684e-02
1164556494.788208 1.414292e-02
1164556494.788330 1.086211e-02
1164556494.788452 4.224829e-03
1164556494.788574 -2.719843e-03
1164556494.788696 -5.361851e-03
1164556494.788818 -3.561881e-03
1164556494.788940 -3.054914e-03
1164556494.789062 -8.916034e-03
1164556494.789185 -1.521265e-02
1164556494.789307 -1.503670e-02
1164556494.789429 -1.009956e-02
1164556494.789551 -3.208623e-03
1164556494.789673 5.336196e-03
1164556494.789795 1.197087e-02
1164556494.789917 1.554317e-02
1164556494.790039 1.617031e-02
1164556494.790161 1.210516e-02
1164556494.790283 4.418406e-03
1164556494.790405 -2.407490e-03
1164556494.790527 -5.699727e-03
1164556494.790649 -5.241142e-03
1164556494.790771 -4.048166e-03
1164556494.790894 -4.800428e-03
1164556494.791016 -8.023519e-03
1164556494.791138 -1.059439e-02
1164556494.791260 -7.701880e-03
1164556494.791382 -1.226916e-03
1164556494.791504 2.232621e-03
1164556494.791626 2.510037e-03
1164556494.791748 3.184462e-03
1164556494.791870 5.548971e-03
1164556494.791992 6.340048e-03
1164556494.792114 5.931174e-03
1164556494.792236 6.515535e-03
1164556494.792358 5.797323e-03
1164556494.792480 3.475893e-03
1164556494.792603 1.486972e-03
1164556494.792725 3.212341e-04
1164556494.792847 -2.187255e-04
1164556494.792969 -3.644448e-03
1164556494.793091 -1.079767e-02
1164556494.793213 -1.644181e-02
1164556494.793335 -1.717086e-02
1164556494.793457 -1.422351e-02
1164556494.793579 -7.368984e-03
1164556494.793701 3.121114e-03
1164556494.793823 1.488537e-02
1164556494.793945 2.183109e-02
1164556494.794067 2.350227e-02
1164556494.794189 2.029113e-02
1164556494.794312 1.295310e-02
1164556494.794434 3.052253e-03
1164556494.794556 -6.587426e-03
1164556494.794678 -1.333495e-02
1164556494.794800 -1.652163e-02
1164556494.794922 -1.839950e-02
1164556494.795044 -1.812717e-02
1164556494.795166 -1.597771e-02
1164556494.795288 -1.231501e-02
1164556494.795410 -6.101532e-03
1164556494.795532 3.790618e-03
1164556494.795654 1.392217e-02
1164556494.795776 2.300499e-02
1164556494.795898 2.795254e-02
1164556494.796021 2.759195e-02
1164556494.796143 2.031052e-02
1164556494.796265 7.199222e-03
1164556494.796387 -6.647291e-03
1164556494.796509 -1.729748e-02
1164556494.796631 -2.528068e-02
1164556494.796753 -2.849172e-02
1164556494.796875 -2.560254e-02
1164556494.796997 -1.956064e-02
1164556494.797119 -1.000395e-02
1164556494.797241 2.330075e-03
1164556494.797363 1.349515e-02
1164556494.797485 2.221262e-02
1164556494.797607 2.633259e-02
1164556494.797729 2.559167e-02
1164556494.797852 1.994367e-02
1164556494.797974 1.141670e-02
1164556494.798096 2.056366e-03
1164556494.798218 -8.143236e-03
1164556494.798340 -1.848439e-02
1164556494.798462 -2.323994e-02
1164556494.798584 -2.051154e-02
1164556494.798706 -1.489204e-02
1164556494.798828 -1.089949e-02
1164556494.798950 -6.763314e-03
1164556494.799072 -7.796710e-04
1164556494.799194 6.102349e-03
1164556494.799316 1.044466e-02
1164556494.799438 1.271753e-02
1164556494.799561 1.592124e-02
1164556494.799683 1.947889e-02
1164556494.799805 1.883822e-02
1164556494.799927 1.432133e-02
1164556494.800049 5.958699e-03
1164556494.800171 -6.673751e-03
1164556494.800293 -1.957909e-02
1164556494.800415 -2.699155e-02
1164556494.800537 -2.671230e-02
1164556494.800659 -2.005522e-02
1164556494.800781 -1.103247e-02
1164556494.800903 -3.807156e-04
1164556494.801025 7.194185e-03
1164556494.801147 1.385719e-02
1164556494.801270 2.009746e-02
1164556494.801392 2.049639e-02
1164556494.801514 1.469732e-02
1164556494.801636 9.893416e-03
1164556494.801758 7.362376e-03
1164556494.801880 3.314231e-03
1164556494.802002 -4.509426e-03
1164556494.802124 -1.236390e-02
1164556494.802246 -1.766838e-02
1164556494.802368 -2.020178e-02
1164556494.802490 -1.762849e-02
1164556494.802612 -8.896239e-03
1164556494.802734 4.680907e-04
1164556494.802856 5.164047e-03
1164556494.802979 6.559931e-03
1164556494.803101 8.127430e-03
1164556494.803223 1.088462e-02
1164556494.803345 1.211194e-02
1164556494.803467 9.796621e-03
1164556494.803589 6.198373e-03
1164556494.803711 4.849872e-03
1164556494.803833 3.344768e-03
1164556494.803955 8.747474e-04
1164556494.804077 -4.155463e-03
1164556494.804199 -1.297398e-02
1164556494.804321 -1.854850e-02
1164556494.804443 -1.723033e-02
1164556494.804565 -9.041837e-03
1164556494.804688 -7.989535e-05
1164556494.804810 5.193092e-03
1164556494.804932 5.925399e-03
1164556494.805054 4.839665e-03
1164556494.805176 4.400054e-03
1164556494.805298 5.982262e-03
1164556494.805420 7.474289e-03
1164556494.805542 9.166731e-03
1164556494.805664 1.056632e-02
1164556494.805786 9.744264e-03
1164556494.805908 5.210591e-03
1164556494.806030 -2.645767e-03
1164556494.806152 -9.514519e-03
1164556494.806274 -1.532976e-02
1164556494.806396 -1.997570e-02
1164556494.806519 -1.980247e-02
1164556494.806641 -1.276474e-02
1164556494.806763 -3.068320e-03
1164556494.806885 3.598756e-03
1164556494.807007 1.085320e-02
1164556494.807129 1.812085e-02
1164556494.807251 1.867738e-02
1164556494.807373 1.354469e-02
1164556494.807495 9.330121e-03
1164556494.807617 7.489665e-03
1164556494.807739 4.810254e-03
1164556494.807861 -2.000549e-03
1164556494.807983 -9.448311e-03
1164556494.808105 -1.441890e-02
1164556494.808228 -1.611596e-02
1164556494.808350 -1.681820e-02
1164556494.808472 -1.534772e-02
1164556494.808594 -1.002478e-02
1164556494.808716 -2.336114e-03
1164556494.808838 4.627892e-03
1164556494.808960 1.029155e-02
1164556494.809082 1.540453e-02
1164556494.809204 1.943986e-02
1164556494.809326 1.939634e-02
1164556494.809448 1.482583e-02
1164556494.809570 8.307490e-03
1164556494.809692 3.011954e-03
1164556494.809814 -3.332294e-03
1164556494.809937 -1.245881e-02
1164556494.810059 -2.114427e-02
1164556494.810181 -2.535447e-02
1164556494.810303 -2.391779e-02
1164556494.810425 -1.640398e-02
1164556494.810547 -6.790301e-03
1164556494.810669 3.895625e-03
1164556494.810791 1.581988e-02
1164556494.810913 2.496475e-02
1164556494.811035 2.598889e-02
1164556494.811157 2.031379e-02
1164556494.811279 1.196689e-02
1164556494.811401 3.751170e-03
1164556494.811523 -3.112817e-03
1164556494.811646 -9.620483e-03
1164556494.811768 -1.437219e-02
1164556494.811890 -1.424192e-02
1164556494.812012 -1.275740e-02
1164556494.812134 -1.137382e-02
1164556494.812256 -8.453763e-03
1164556494.812378 -5.180599e-03
1164556494.812500 -3.137070e-03
1164556494.812622 -1.206958e-04
1164556494.812744 4.537094e-03
1164556494.812866 9.443468e-03
1164556494.812988 1.463287e-02
1164556494.813110 1.861024e-02
1164556494.813232 1.737276e-02
1164556494.813354 1.093676e-02
1164556494.813477 3.976326e-03
1164556494.813599 -1.322285e-03
1164556494.813721 -4.883519e-03
1164556494.813843 -9.468971e-03
1164556494.813965 -1.707095e-02
1164556494.814087 -2.380193e-02
1164556494.814209 -2.454994e-02
1164556494.814331 -1.840586e-02
1164556494.814453 -7.902397e-03
1164556494.814575 4.295695e-03
1164556494.814697 1.446702e-02
1164556494.814819 2.191667e-02
1164556494.814941 2.784248e-02
1164556494.815063 2.912234e-02
1164556494.815186 2.218970e-02
1164556494.815308 8.733826e-03
1164556494.815430 -4.605016e-03
1164556494.815552 -1.277074e-02
1164556494.815674 -1.659087e-02
1164556494.815796 -1.933197e-02
1164556494.815918 -2.277661e-02
1164556494.816040 -2.396548e-02
1164556494.816162 -2.053530e-02
1164556494.816284 -1.215144e-02
1164556494.816406 -1.193893e-03
1164556494.816528 1.028422e-02
1164556494.816650 2.134979e-02
1164556494.816772 2.944289e-02
1164556494.816895 3.374788e-02
1164556494.817017 3.153952e-02
1164556494.817139 2.100337e-02
1164556494.817261 3.161543e-03
1164556494.817383 -1.399514e-02
1164556494.817505 -2.625036e-02
1164556494.817627 -3.217413e-02
1164556494.817749 -2.954713e-02
1164556494.817871 -2.249558e-02
1164556494.817993 -1.672214e-02
1164556494.818115 -1.152012e-02
1164556494.818237 -2.800303e-03
1164556494.818359 1.096673e-02
1164556494.818481 2.634726e-02
1164556494.818604 3.420204e-02
1164556494.818726 3.349147e-02
1164556494.818848 2.640776e-02
1164556494.818970 1.685296e-02
1164556494.819092 4.416347e-03
1164556494.819214 -1.149459e-02
1164556494.819336 -2.582362e-02
1164556494.819458 -3.283964e-02
1164556494.819580 -3.115375e-02
1164556494.819702 -2.403777e-02
1164556494.819824 -1.472823e-02
1164556494.819946 -5.828361e-03
1164556494.820068 3.709607e-03
1164556494.820190 1.313923e-02
1164556494.820312 2.226198e-02
1164556494.820435 2.971922e-02
1164556494.820557 2.962877e-02
1164556494.820679 2.248755e-02
1164556494.820801 9.808659e-03
1164556494.820923 -4.071913e-03
1164556494.821045 -1.308089e-02
1164556494.821167 -1.796174e-02
1164556494.821289 -2.348186e-02
1164556494.821411 -2.634871e-02
1164556494.821533 -2.045599e-02
1164556494.821655 -7.380181e-03
1164556494.821777 5.420971e-03
1164556494.821899 1.069749e-02
1164556494.822021 1.013338e-02
1164556494.822144 1.205702e-02
1164556494.822266 1.358855e-02
1164556494.822388 1.167889e-02
1164556494.822510 7.318379e-03
1164556494.822632 2.984758e-03
1164556494.822754 -1.531625e-03
1164556494.822876 -5.010675e-03
1164556494.822998 -5.068835e-03
1164556494.823120 -2.116464e-03
1164556494.823242 -2.938952e-04
1164556494.823364 -4.389222e-03
1164556494.823486 -8.439321e-03
1164556494.823608 -9.702110e-03
1164556494.823730 -9.736162e-03
1164556494.823853 -7.516712e-03
1164556494.823975 -2.487060e-03
1164556494.824097 4.679725e-03
1164556494.824219 1.043280e-02
1164556494.824341 1.344643e-02
1164556494.824463 1.313846e-02
1164556494.824585 8.295878e-03
1164556494.824707 3.667633e-03
1164556494.824829 1.257156e-03
1164556494.824951 -1.171958e-03
1164556494.825073 -3.718853e-03
1164556494.825195 -5.922951e-03
1164556494.825317 -7.079564e-03
1164556494.825439 -7.599365e-03
1164556494.825562 -5.312075e-03
1164556494.825684 -2.989460e-03
1164556494.825806 -4.302763e-03
1164556494.825928 -4.841341e-03
1164556494.826050 -4.612778e-03
1164556494.826172 -2.794590e-03
1164556494.826294 -2.781181e-04
1164556494.826416 3.571052e-03
1164556494.826538 1.107042e-02
1164556494.826660 1.877419e-02
1164556494.826782 2.223231e-02
1164556494.826904 2.030406e-02
1164556494.827026 1.260886e-02
1164556494.827148 -1.409232e-03
1164556494.827271 -1.954135e-02
1164556494.827393 -3.127558e-02
1164556494.827515 -3.061909e-02
1164556494.827637 -2.330127e-02
1164556494.827759 -1.487969e-02
1164556494.827881 -5.317608e-03
1164556494.828003 5.634473e-03
1164556494.828125 1.624139e-02
1164556494.828247 2.431460e-02
1164556494.828369 2.813244e-02
1164556494.828491 2.562975e-02
1164556494.828613 1.865855e-02
1164556494.828735 1.099549e-02
1164556494.828857 1.135181e-03
1164556494.828979 -1.198832e-02
1164556494.829102 -2.414785e-02
1164556494.829224 -3.151703e-02
1164556494.829346 -2.908922e-02
1164556494.829468 -1.823468e-02
1164556494.829590 -5.277446e-03
1164556494.829712 4.050332e-03
1164556494.829834 6.347941e-03
1164556494.829956 5.872272e-03
1164556494.830078 1.053341e-02
1164556494.830200 1.941790e-02
1164556494.830322 2.331243e-02
1164556494.830444 2.201648e-02
1164556494.830566 1.927927e-02
1164556494.830688 1.362590e-02
1164556494.830811 -5.378135e-04
1164556494.830933 -1.866935e-02
1164556494.831055 -3.053823e-02
1164556494.831177 -3.456935e-02
1164556494.831299 -3.226426e-02
1164556494.831421 -2.019230e-02
1164556494.831543 -2.028605e-03
1164556494.831665 1.105149e-02
1164556494.831787 1.517423e-02
1164556494.831909 1.692860e-02
1164556494.832031 2.064265e-02
1164556494.832153 2.373883e-02
1164556494.832275 2.169139e-02
1164556494.832397 1.545051e-02
1164556494.832520 6.568919e-03
1164556494.832642 -3.077846e-03
1164556494.832764 -1.467664e-02
1164556494.832886 -2.531609e-02
1164556494.833008 -3.055783e-02
1164556494.833130 -2.978901e-02
1164556494.833252 -1.858656e-02
1164556494.833374 1.753190e-04
1164556494.833496 1.618602e-02
1164556494.833618 2.237780e-02
1164556494.833740 1.731431e-02
1164556494.833862 5.217389e-03
1164556494.833984 -2.614340e-03
1164556494.834106 1.029246e-03
1164556494.834229 1.105521e-02
1164556494.834351 1.570912e-02
1164556494.834473 1.270725e-02
1164556494.834595 6.215384e-03
1164556494.834717 -2.247491e-03
1164556494.834839 -1.214894e-02
1164556494.834961 -2.026040e-02
1164556494.835083 -2.327869e-02
1164556494.835205 -2.101478e-02
1164556494.835327 -1.636691e-02
1164556494.835449 -7.821599e-03
1164556494.835571 5.230367e-03
1164556494.835693 1.504606e-02
1164556494.835815 1.621514e-02
1164556494.835938 1.811200e-02
1164556494.836060 2.228386e-02
1164556494.836182 1.949089e-02
1164556494.836304 1.221470e-02
1164556494.836426 3.794528e-03
1164556494.836548 -5.651806e-03
1164556494.836670 -1.512783e-02
1164556494.836792 -2.144700e-02
1164556494.836914 -2.128860e-02
1164556494.837036 -1.718234e-02
1164556494.837158 -1.176441e-02
1164556494.837280 -7.158292e-03
1164556494.837402 -2.844956e-03
1164556494.837524 1.715733e-03
1164556494.837646 8.945909e-03
1164556494.837769 1.727712e-02
1164556494.837891 2.154522e-02
1164556494.838013 2.085428e-02
1164556494.838135 1.706180e-02
1164556494.838257 1.126635e-02
1164556494.838379 2.035989e-03
1164556494.838501 -7.349699e-03
1164556494.838623 -1.309723e-02
1164556494.838745 -1.548968e-02
1164556494.838867 -1.799095e-02
1164556494.838989 -2.132145e-02
1164556494.839111 -2.132061e-02
1164556494.839233 -1.645456e-02
1164556494.839355 -5.203863e-03
1164556494.839478 7.573932e-03
1164556494.839600 1.966788e-02
1164556494.839722 2.666294e-02
1164556494.839844 2.887494e-02
1164556494.839966 2.718146e-02
1164556494.840088 1.791847e-02
1164556494.840210 4.899964e-04
1164556494.840332 -1.680579e-02
1164556494.840454 -2.052962e-02
1164556494.840576 -1.501968e-02
1164556494.840698 -1.112454e-02
1164556494.840820 -9.702320e-03
1164556494.840942 -1.173573e-02
1164556494.841064 -1.569630e-02
1164556494.841187 -1.502215e-02
1164556494.841309 -4.880430e-03
1164556494.841431 9.320726e-03
1164556494.841553 2.035573e-02
1164556494.841675 2.341761e-02
1164556494.841797 2.170369e-02
1164556494.841919 1.836403e-02
1164556494.842041 1.229825e-02
1164556494.842163 2.435678e-03
1164556494.842285 -7.226122e-03
1164556494.842407 -9.968872e-03
1164556494.842529 -8.680446e-03
1164556494.842651 -1.184568e-02
1164556494.842773 -2.013464e-02
1164556494.842896 -2.526792e-02
1164556494.843018 -2.145389e-02
1164556494.843140 -8.332653e-03
1164556494.843262 8.320299e-03
1164556494.843384 2.005869e-02
1164556494.843506 2.098756e-02
1164556494.843628 1.495205e-02
1164556494.843750 9.254742e-03
1164556494.843872 8.543779e-03
1164556494.843994 1.125694e-02
1164556494.844116 9.583716e-03
1164556494.844238 1.879490e-03
1164556494.844360 -1.295510e-03
1164556494.844482 1.077373e-03
1164556494.844604 -4.058544e-03
1164556494.844727 -2.103488e-02
1164556494.844849 -3.551360e-02
1164556494.844971 -3.785236e-02
1164556494.845093 -2.630335e-02
1164556494.845215 -5.710179e-03
1164556494.845337 1.528734e-02
1164556494.845459 2.949237e-02
1164556494.845581 3.107229e-02
1164556494.845703 2.732113e-02
1164556494.845825 2.554504e-02
1164556494.845947 2.640987e-02
1164556494.846069 2.021527e-02
1164556494.846191 1.431884e-03
1164556494.846313 -1.696483e-02
1164556494.846436 -2.673963e-02
1164556494.846558 -3.264680e-02
1164556494.846680 -3.872322e-02
1164556494.846802 -4.044682e-02
1164556494.846924 -3.241645e-02
1164556494.847046 -1.397989e-02
1164556494.847168 1.131494e-02
1164556494.847290 3.545162e-02
1164556494.847412 4.879445e-02
1164556494.847534 4.767896e-02
1164556494.847656 3.495480e-02
1164556494.847778 1.849277e-02
1164556494.847900 9.367350e-03
1164556494.848022 2.249146e-03
1164556494.848145 -1.441487e-02
1164556494.848267 -3.684956e-02
1164556494.848389 -4.592934e-02
1164556494.848511 -3.904935e-02
1164556494.848633 -2.739316e-02
1164556494.848755 -1.797144e-02
1164556494.848877 -5.525336e-03
1164556494.848999 1.027756e-02
1164556494.849121 2.291107e-02
1164556494.849243 2.999339e-02
1164556494.849365 3.339151e-02
1164556494.849487 3.295545e-02
1164556494.849609 2.447089e-02
1164556494.849731 1.206095e-02
1164556494.849854 5.086549e-03
1164556494.849976 1.513572e-03
1164556494.850098 -9.163046e-03
1164556494.850220 -2.957173e-02
1164556494.850342 -4.431825e-02
1164556494.850464 -4.222785e-02
1164556494.850586 -3.023445e-02
1164556494.850708 -1.839674e-02
1164556494.850830 -4.430527e-03
1164556494.850952 1.087007e-02
1164556494.851074 2.407084e-02
1164556494.851196 3.542196e-02
1164556494.851318 4.350392e-02
1164556494.851440 4.269656e-02
1164556494.851562 3.152588e-02
1164556494.851685 1.190611e-02
1164556494.851807 -7.564808e-03
1164556494.851929 -2.070711e-02
1164556494.852051 -3.004093e-02
1164556494.852173 -4.100119e-02
1164556494.852295 -4.344468e-02
1164556494.852417 -3.036948e-02
1164556494.852539 -8.878292e-03
1164556494.852661 5.055796e-03
1164556494.852783 7.954580e-03
1164556494.852905 7.252987e-03
1164556494.853027 1.061636e-02
1164556494.853149 2.062524e-02
1164556494.853271 3.453966e-02
1164556494.853394 4.315924e-02
1164556494.853516 4.077986e-02
1164556494.853638 2.442337e-02
1164556494.853760 -2.173261e-03
1164556494.853882 -3.171176e-02
1164556494.854004 -4.937993e-02
1164556494.854126 -4.913403e-02
1164556494.854248 -3.823767e-02
1164556494.854370 -2.418498e-02
1164556494.854492 -8.086157e-03
1164556494.854614 6.139342e-03
1164556494.854736 1.243209e-02
1164556494.854858 1.244835e-02
1164556494.854980 1.756485e-02
1164556494.855103 2.874767e-02
1164556494.855225 4.083091e-02
1164556494.855347 4.422069e-02
1164556494.855469 3.289237e-02
1164556494.855591 9.924412e-03
1164556494.855713 -1.570920e-02
1164556494.855835 -3.969711e-02
1164556494.855957 -5.563834e-02
1164556494.856079 -5.392708e-02
1164556494.856201 -3.349652e-02
1164556494.856323 -7.542406e-03
1164556494.856445 1.127664e-02
1164556494.856567 1.819008e-02
1164556494.856689 1.460704e-02
1164556494.856812 1.009145e-02
1164556494.856934 1.258386e-02
1164556494.857056 1.834485e-02
1164556494.857178 2.823829e-02
1164556494.857300 3.723503e-02
1164556494.857422 3.293101e-02
1164556494.857544 9.273674e-03
1164556494.857666 -1.730357e-02
1164556494.857788 -3.471241e-02
1164556494.857910 -4.484852e-02
1164556494.858032 -4.480166e-02
1164556494.858154 -2.836194e-02
1164556494.858276 -5.507895e-03
1164556494.858398 5.158270e-03
1164556494.858521 4.872499e-03
1164556494.858643 1.674274e-03
1164556494.858765 3.364586e-03
1164556494.858887 1.462817e-02
1164556494.859009 3.236910e-02
1164556494.859131 4.550269e-02
1164556494.859253 4.392673e-02
1164556494.859375 3.039795e-02
1164556494.859497 5.033105e-03
1164556494.859619 -2.240699e-02
1164556494.859741 -4.120324e-02
1164556494.859863 -4.385800e-02
1164556494.859985 -4.157210e-02
1164556494.860107 -3.779955e-02
1164556494.860229 -2.299087e-02
1164556494.860352 1.883655e-03
1164556494.860474 1.648222e-02
1164556494.860596 1.171802e-02
1164556494.860718 9.309259e-03
1164556494.860840 2.468195e-02
1164556494.860962 4.294033e-02
1164556494.861084 4.530736e-02
1164556494.861206 3.588018e-02
1164556494.861328 2.107968e-02
1164556494.861450 -3.404656e-03
1164556494.861572 -2.740531e-02
1164556494.861694 -3.978217e-02
1164556494.861816 -3.830562e-02
1164556494.861938 -3.532053e-02
1164556494.862061 -3.639294e-02
1164556494.862183 -3.211676e-02
1164556494.862305 -1.533608e-02
1164556494.862427 7.409965e-03
1164556494.862549 2.192196e-02
1164556494.862671 2.810014e-02
1164556494.862793 3.614084e-02
1164556494.862915 4.932805e-02
1164556494.863037 5.363666e-02
1164556494.863159 3.903628e-02
1164556494.863281 1.126258e-02
1164556494.863403 -1.471351e-02
1164556494.863525 -3.309118e-02
1164556494.863647 -4.609128e-02
1164556494.863770 -4.995005e-02
1164556494.863892 -4.728063e-02
1164556494.864014 -3.766995e-02
1164556494.864136 -2.514503e-02
1164556494.864258 -6.178453e-03
1164556494.864380 2.206412e-02
1164556494.864502 4.169096e-02
1164556494.864624 3.906681e-02
1164556494.864746 2.597622e-02
1164556494.864868 2.635711e-02
1164556494.864990 3.698211e-02
1164556494.865112 3.953309e-02
1164556494.865234 2.998530e-02
1164556494.865356 1.031472e-02
1164556494.865479 -1.862321e-02
1164556494.865601 -5.367119e-02
1164556494.865723 -7.666096e-02
1164556494.865845 -7.906787e-02
1164556494.865967 -6.367896e-02
1164556494.866089 -3.522041e-02
1164556494.866211 8.468394e-03
1164556494.866333 4.822236e-02
1164556494.866455 6.661692e-02
1164556494.866577 6.584883e-02
1164556494.866699 5.040706e-02
1164556494.866821 2.656098e-02
1164556494.866943 1.237639e-02
1164556494.867065 1.679839e-02
1164556494.867188 1.942493e-02
1164556494.867310 4.942005e-03
1164556494.867432 -2.299456e-02
1164556494.867554 -5.651372e-02
1164556494.867676 -8.304034e-02
1164556494.867798 -9.060094e-02
1164556494.867920 -6.900541e-02
1164556494.868042 -2.351375e-02
1164556494.868164 2.911855e-02
1164556494.868286 6.643311e-02
1164556494.868408 7.938338e-02
1164556494.868530 6.774458e-02
1164556494.868652 4.229093e-02
1164556494.868774 2.282264e-02
1164556494.868896 1.668718e-02
1164556494.869019 1.616798e-02
1164556494.869141 7.604912e-03
1164556494.869263 -7.499911e-03
1164556494.869385 -2.554654e-02
1164556494.869507 -6.024162e-02
1164556494.869629 -9.744935e-02
1164556494.869751 -9.891010e-02
1164556494.869873 -6.166953e-02
1164556494.869995 -1.563076e-02
1164556494.870117 3.506131e-02
1164556494.870239 8.076008e-02
1164556494.870361 9.406661e-02
1164556494.870483 6.884382e-02
1164556494.870605 4.274674e-02
1164556494.870728 3.439379e-02
1164556494.870850 2.791240e-02
1164556494.870972 1.097884e-02
1164556494.871094 -4.868381e-03
1164556494.871216 -2.468751e-02
1164556494.871338 -5.709270e-02
1164556494.871460 -8.481364e-02
1164556494.871582 -9.590629e-02
1164556494.871704 -9.120005e-02
1164556494.871826 -5.611397e-02
1164556494.871948 5.043316e-03
1164556494.872070 6.236707e-02
1164556494.872192 9.222262e-02
1164556494.872314 9.466415e-02
1164556494.872437 7.517756e-02
1164556494.872559 4.520085e-02
1164556494.872681 2.194240e-02
1164556494.872803 2.220585e-02
1164556494.872925 2.250935e-02
1164556494.873047 -8.897043e-03
1164556494.873169 -5.859397e-02
1164556494.873291 -8.571234e-02
1164556494.873413 -8.835121e-02
1164556494.873535 -8.651212e-02
1164556494.873657 -7.936590e-02
1164556494.873779 -4.512124e-02
1164556494.873901 9.913565e-03
1164556494.874023 5.722937e-02
1164556494.874146 8.800408e-02
1164556494.874268 1.061724e-01
1164556494.874390 9.757760e-02
1164556494.874512 6.811452e-02
1164556494.874634 4.448001e-02
1164556494.874756 3.005673e-02
1164556494.874878 4.734311e-03
1164556494.875000 -4.026420e-02
1164556494.875122 -9.252513e-02
1164556494.875244 -1.265629e-01
1164556494.875366 -1.248512e-01
1164556494.875488 -8.831192e-02
1164556494.875610 -4.575813e-02
1164556494.875732 -1.605265e-02
1164556494.875854 2.204432e-02
1164556494.875977 7.975336e-02
1164556494.876099 1.240963e-01
1164556494.876221 1.329251e-01
1164556494.876343 1.114287e-01
1164556494.876465 6.758501e-02
1164556494.876587 1.577718e-02
1164556494.876709 -2.275777e-02
1164556494.876831 -3.861659e-02
1164556494.876953 -4.977931e-02
1164556494.877075 -8.454026e-02
1164556494.877197 -1.221418e-01
1164556494.877319 -1.214590e-01
1164556494.877441 -8.163747e-02
1164556494.877563 -3.749492e-02
1164556494.877686 2.600227e-03
1164556494.877808 3.786415e-02
1164556494.877930 7.520314e-02
1164556494.878052 1.143395e-01
1164556494.878174 1.431944e-01
1164556494.878296 1.385458e-01
1164556494.878418 8.433461e-02
1164556494.878540 1.190012e-02
1164556494.878662 -3.614834e-02
1164556494.878784 -6.049231e-02
1164556494.878906 -7.994349e-02
1164556494.879028 -9.653530e-02
1164556494.879150 -1.118767e-01
1164556494.879272 -1.214473e-01
1164556494.879395 -1.006478e-01
1164556494.879517 -5.409470e-02
1164556494.879639 1.033768e-04
1164556494.879761 4.497980e-02
1164556494.879883 9.069605e-02
1164556494.880005 1.367575e-01
1164556494.880127 1.727817e-01
1164556494.880249 1.741051e-01
1164556494.880371 1.198369e-01
1164556494.880493 2.901394e-02
1164556494.880615 -4.779432e-02
1164556494.880737 -8.687139e-02
1164556494.880859 -1.118035e-01
1164556494.880981 -1.369031e-01
1164556494.881104 -1.549879e-01
1164556494.881226 -1.616055e-01
1164556494.881348 -1.417702e-01
1164556494.881470 -8.986715e-02
1164556494.881592 -3.890290e-03
1164556494.881714 9.500085e-02
1164556494.881836 1.784872e-01
1164556494.881958 2.267471e-01
1164556494.882080 2.432076e-01
1164556494.882202 2.175345e-01
1164556494.882324 1.462559e-01
1164556494.882446 3.184981e-02
1164556494.882568 -8.869449e-02
1164556494.882690 -1.592269e-01
1164556494.882812 -1.916274e-01
1164556494.882935 -2.251584e-01
1164556494.883057 -2.524123e-01
1164556494.883179 -2.421081e-01
1164556494.883301 -1.844727e-01
1164556494.883423 -8.920272e-02
1164556494.883545 4.293499e-02
1164556494.883667 2.006432e-01
1164556494.883789 3.514992e-01
1164556494.883911 4.228575e-01
1164556494.884033 4.034252e-01
1164556494.884155 3.163908e-01
1164556494.884277 1.748877e-01
1164556494.884399 -2.746647e-02
1164556494.884521 -2.558803e-01
1164556494.884644 -4.397236e-01
1164556494.884766 -5.467482e-01
1164556494.884888 -5.594942e-01
1164556494.885010 -4.262972e-01
1164556494.885132 -1.849341e-01
1164556494.885254 7.162869e-02
1164556494.885376 2.977232e-01
1164556494.885498 4.756442e-01
1164556494.885620 5.749463e-01
1164556494.885742 5.802567e-01
1164556494.885864 4.798604e-01
1164556494.885986 2.758145e-01
1164556494.886108 -8.960275e-03
1164556494.886230 -2.852016e-01
1164556494.886353 -4.893483e-01
1164556494.886475 -5.990432e-01
1164556494.886597 -6.040992e-01
1164556494.886719 -4.873093e-01
1164556494.886841 -2.881717e-01
1164556494.886963 -8.787405e-02
1164556494.887085 1.240417e-01
1164556494.887207 3.592844e-01
1164556494.887329 5.515270e-01
1164556494.887451 6.369666e-01
1164556494.887573 6.132018e-01
1164556494.887695 4.956619e-01
1164556494.887817 2.817929e-01
1164556494.887939 -3.123593e-03
1164556494.888062 -3.358840e-01
1164556494.888184 -6.156205e-01
1164556494.888306 -7.646412e-01
1164556494.888428 -7.507377e-01
1164556494.888550 -5.940718e-01
1164556494.888672 -3.186519e-01
1164556494.888794 1.762781e-02
1164556494.888916 3.068903e-01
1164556494.889038 5.210902e-01
1164556494.889160 6.972279e-01
1164556494.889282 7.915212e-01
1164556494.889404 7.013401e-01
1164556494.889526 4.606408e-01
1164556494.889648 1.555606e-01
1164556494.889771 -1.839683e-01
1164556494.889893 -4.972851e-01
1164556494.890015 -7.303686e-01
1164556494.890137 -8.505538e-01
1164556494.890259 -8.415934e-01
1164556494.890381 -6.395102e-01
1164556494.890503 -2.796316e-01
1164556494.890625 1.392328e-01
1164556494.890747 5.162078e-01
1164556494.890869 7.863922e-01
1164556494.890991 8.923941e-01
1164556494.891113 8.424449e-01
1164556494.891235 7.035641e-01
1164556494.891357 4.411764e-01
1164556494.891479 2.199302e-02
1164556494.891602 -4.441391e-01
1164556494.891724 -7.938788e-01
1164556494.891846 -9.719831e-01
1164556494.891968 -1.008934e+00
1164556494.892090 -8.723133e-01
1164556494.892212 -5.607184e-01
1164556494.892334 -1.068412e-01
1164556494.892456 3.942334e-01
1164556494.892578 8.820046e-01
1164556494.892700 1.230155e+00
1164556494.892822 1.288845e+00
1164556494.892944 1.002713e+00
1164556494.893066 5.001705e-01
1164556494.893188 -4.676857e-02
1164556494.893311 -5.878117e-01
1164556494.893433 -1.082240e+00
1164556494.893555 -1.374718e+00
1164556494.893677 -1.328444e+00
1164556494.893799 -9.486373e-01
1164556494.893921 -3.434712e-01
1164556494.894043 3.403374e-01
1164556494.894165 9.080706e-01
1164556494.894287 1.262543e+00
1164556494.894409 1.347665e+00
1164556494.894531 1.154173e+00
1164556494.894653 6.803949e-01
1164556494.894775 3.723086e-02
1164556494.894897 -6.622344e-01
1164556494.895020 -1.244388e+00
1164556494.895142 -1.469255e+00
1164556494.895264 -1.204082e+00
1164556494.895386 -6.280689e-01
1164556494.895508 8.242705e-04
1164556494.895630 6.043702e-01
1164556494.895752 1.091268e+00
1164556494.895874 1.276450e+00
1164556494.895996 1.059292e+00
1164556494.896118 4.897422e-01
1164556494.896240 -2.049124e-01
1164556494.896362 -8.065400e-01
1164556494.896484 -1.113790e+00
1164556494.896606 -1.034810e+00
1164556494.896729 -5.643883e-01
1164556494.896851 6.506537e-02
1164556494.896973 5.978245e-01
1164556494.897095 9.083945e-01
1164556494.897217 9.872553e-01
1164556494.897339 7.220921e-01
1164556494.897461 4.655379e-02
1164556494.897583 -7.550766e-01
1164556494.897705 -1.211456e+00
1164556494.897827 -1.138451e+00
1164556494.897949 -5.560508e-01
1164556494.898071 3.164817e-01
1164556494.898193 1.069118e+00
1164556494.898315 1.278341e+00
1164556494.898438 8.898166e-01
1164556494.898560 3.225735e-02
1164556494.898682 -8.395141e-01
1164556494.898804 -1.155668e+00
1164556494.898926 -5.850096e-01
1164556494.899048 3.736164e-01
1164556494.899170 8.666862e-01
1164556494.899292 3.255838e-01
1164556494.899414 -6.272250e-01
1164556494.899536 -6.209631e-01
1164556494.899658 2.849539e-01
1164556494.899780 2.293705e-01
1164556494.899902 5.196171e-03
1164556494.900024 8.469437e-02
1164556494.900146 6.275157e-02
1164556494.900269 7.365593e-02
1164556494.900391 4.065361e-02
1164556494.900513 1.543001e-02
1164556494.900635 4.200562e-02
1164556494.900757 6.739999e-02
1164556494.900879 -3.169231e-02
1164556494.901001 -1.373226e-01
1164556494.901123 -1.867753e-01
1164556494.901245 -1.345697e-01
1164556494.901367 -1.953660e-02
1164556494.901489 9.645309e-02
1164556494.901611 4.152367e-02
1164556494.901733 -4.665641e-02
1164556494.901855 -7.062289e-03
1164556494.901978 9.799559e-02
1164556494.902100 8.848859e-02
1164556494.902222 4.883461e-02
1164556494.902344 3.530703e-02
1164556494.902466 4.321142e-02
1164556494.902588 2.700980e-02
1164556494.902710 1.380893e-02
1164556494.902832 -4.955237e-03
1164556494.902954 -6.766490e-02
1164556494.903076 -1.542011e-01
1164556494.903198 -1.571400e-01
1164556494.903320 -5.150751e-02
1164556494.903442 7.053643e-02
1164556494.903564 6.712049e-02
1164556494.903687 -1.335705e-02
1164556494.903809 -3.335190e-02
1164556494.903931 5.595805e-02
1164556494.904053 9.411714e-02
1164556494.904175 7.714084e-02
1164556494.904297 5.954085e-02
1164556494.904419 4.003095e-02
1164556494.904541 8.059327e-03
1164556494.904663 -9.075405e-04
1164556494.904785 -6.902555e-03
1164556494.904907 -6.015204e-02
1164556494.905029 -1.316204e-01
1164556494.905151 -1.522032e-01
1164556494.905273 -1.001300e-01
1164556494.905396 2.545586e-03
1164556494.905518 7.920712e-02
1164556494.905640 7.572598e-02
1164556494.905762 2.158181e-02
1164556494.905884 4.168907e-02
1164556494.906006 1.007909e-01
1164556494.906128 1.031150e-01
1164556494.906250 3.485720e-02
1164556494.906372 -7.781016e-03
1164556494.906494 -1.976519e-02
1164556494.906616 -2.786029e-02
1164556494.906738 -4.364601e-02
1164556494.906860 -5.864164e-02
1164556494.906982 -8.634604e-02
1164556494.907104 -1.247904e-01
1164556494.907227 -1.046043e-01
1164556494.907349 3.202451e-03
1164556494.907471 1.084937e-01
1164556494.907593 1.175459e-01
1164556494.907715 6.146695e-02
1164556494.907837 4.778625e-02
1164556494.907959 5.196188e-02
1164556494.908081 3.801055e-02
1164556494.908203 5.359957e-03
1164556494.908325 -8.495681e-03
1164556494.908447 -3.593958e-02
1164556494.908569 -4.919604e-02
1164556494.908691 -3.270935e-02
1164556494.908813 -3.061505e-02
1164556494.908936 -6.416687e-02
1164556494.909058 -8.824377e-02
1164556494.909180 -6.080899e-02
1164556494.909302 1.511098e-03
1164556494.909424 7.735188e-02
1164556494.909546 1.252704e-01
1164556494.909668 9.014652e-02
1164556494.909790 1.859136e-02
1164556494.909912 -7.854987e-03
1164556494.910034 7.254209e-03
1164556494.910156 -1.057182e-02
1164556494.910278 -1.322114e-02
1164556494.910400 4.748165e-03
1164556494.910522 -4.795290e-04
1164556494.910645 -3.548545e-02
1164556494.910767 -5.086722e-02
1164556494.910889 -5.491507e-02
1164556494.911011 -6.282071e-02
1164556494.911133 -5.113038e-02
1164556494.911255 -1.781309e-03
1164556494.911377 6.722141e-02
1164556494.911499 9.938920e-02
1164556494.911621 7.800744e-02
1164556494.911743 2.544572e-02
1164556494.911865 -1.081734e-02
1164556494.911987 -5.588124e-03
1164556494.912109 -5.728587e-03
1164556494.912231 -4.256125e-03
1164556494.912354 1.082031e-02
1164556494.912476 1.443003e-02
1164556494.912598 -3.266759e-02
1164556494.912720 -6.893553e-02
1164556494.912842 -6.904157e-02
1164556494.912964 -5.546751e-02
1164556494.913086 -3.220169e-02
1164556494.913208 1.151919e-02
1164556494.913330 6.091349e-02
1164556494.913452 7.944308e-02
1164556494.913574 6.577166e-02
1164556494.913696 3.765361e-02
1164556494.913818 6.762304e-03
1164556494.913940 -5.389940e-03
1164556494.914062 -1.064421e-03
1164556494.914185 -3.626728e-03
1164556494.914307 -1.500015e-02
1164556494.914429 -8.993905e-03
1164556494.914551 -2.567483e-02
1164556494.914673 -6.808576e-02
1164556494.914795 -8.471654e-02
1164556494.914917 -4.598738e-02
1164556494.915039 7.407935e-03
1164556494.915161 4.264608e-02
1164556494.915283 6.186024e-02
1164556494.915405 7.151301e-02
1164556494.915527 5.548721e-02
1164556494.915649 1.660294e-02
1164556494.915771 -5.679096e-03
1164556494.915894 -1.591015e-03
1164556494.916016 -9.205582e-04
1164556494.916138 -1.353566e-02
1164556494.916260 -2.928759e-02
1164556494.916382 -2.464988e-02
1164556494.916504 -2.399826e-02
1164556494.916626 -4.082007e-02
1164556494.916748 -5.433692e-02
1164556494.916870 -2.905384e-02
1164556494.916992 1.316515e-02
1164556494.917114 5.025129e-02
1164556494.917236 6.321886e-02
1164556494.917358 4.665256e-02
1164556494.917480 1.959611e-02
1164556494.917603 -1.743820e-03
1164556494.917725 -8.119102e-03
1164556494.917847 1.174052e-03
1164556494.917969 8.094653e-03
1164556494.918091 1.596644e-03
1164556494.918213 -1.737009e-02
1164556494.918335 -2.695172e-02
1164556494.918457 -2.244331e-02
1164556494.918579 -1.947412e-02
1164556494.918701 -3.596722e-02
1164556494.918823 -4.053175e-02
1164556494.918945 -1.813881e-02
1164556494.919067 2.324202e-02
1164556494.919189 5.413679e-02
1164556494.919312 5.875177e-02
1164556494.919434 3.672702e-02
1164556494.919556 1.355178e-02
1164556494.919678 7.195847e-03
1164556494.919800 7.385415e-03
1164556494.919922 -1.106379e-03
1164556494.920044 -1.740285e-02
1164556494.920166 -3.479437e-02
1164556494.920288 -4.081811e-02
1164556494.920410 -2.831999e-02
1164556494.920532 -5.198147e-03
1164556494.920654 -6.857024e-03
1164556494.920776 -2.038322e-02
1164556494.920898 -1.773598e-02
1164556494.921021 8.566384e-03
1164556494.921143 3.777836e-02
1164556494.921265 5.630891e-02
1164556494.921387 4.503739e-02
1164556494.921509 1.409108e-02
1164556494.921631 -6.578399e-03
1164556494.921753 -6.545224e-04
1164556494.921875 9.412081e-03
1164556494.921997 -5.895222e-03
1164556494.922119 -3.131224e-02
1164556494.922241 -3.582921e-02
1164556494.922363 -2.956704e-02
1164556494.922485 -2.328441e-02
1164556494.922607 -1.678267e-02
1164556494.922729 -9.983320e-03
1164556494.922852 -1.011559e-02
1164556494.922974 -1.397058e-03
1164556494.923096 2.771132e-02
1164556494.923218 6.686739e-02
1164556494.923340 7.157367e-02
1164556494.923462 3.520945e-02
1164556494.923584 -4.492284e-03
1164556494.923706 -2.198362e-02
1164556494.923828 -2.722012e-02
1164556494.923950 -2.435198e-02
1164556494.924072 -2.259242e-02
1164556494.924194 -2.419253e-02
1164556494.924316 -2.318894e-02
1164556494.924438 -1.721750e-02
1164556494.924561 -1.643277e-02
1164556494.924683 -1.738676e-02
1164556494.924805 -7.091844e-03
1164556494.924927 1.919556e-02
1164556494.925049 4.342779e-02
1164556494.925171 6.022523e-02
1164556494.925293 6.525714e-02
1164556494.925415 3.794865e-02
1164556494.925537 -1.817106e-02
1164556494.925659 -5.294049e-02
1164556494.925781 -4.205437e-02
1164556494.925903 -1.338199e-02
1164556494.926025 -3.846286e-03
1164556494.926147 -9.205114e-03
1164556494.926270 -1.323425e-02
1164556494.926392 -1.910667e-02
1164556494.926514 -3.147525e-02
1164556494.926636 -2.785912e-02
1164556494.926758 -1.126473e-03
1164556494.926880 3.070639e-02
1164556494.927002 5.294000e-02
1164556494.927124 6.490651e-02
1164556494.927246 5.760376e-02
1164556494.927368 2.532504e-02
1164556494.927490 -1.954783e-02
1164556494.927612 -4.499763e-02
1164556494.927734 -4.502689e-02
1164556494.927856 -2.938827e-02
1164556494.927979 -7.961878e-03
1164556494.928101 1.926648e-03
1164556494.928223 -1.646441e-02
1164556494.928345 -3.259498e-02
1164556494.928467 -2.684344e-02
1164556494.928589 -1.165484e-02
1164556494.928711 8.391484e-03
1164556494.928833 4.310692e-02
1164556494.928955 7.302716e-02
1164556494.929077 6.890633e-02
1164556494.929199 3.637141e-02
1164556494.929321 3.705336e-03
1164556494.929443 -2.845031e-02
1164556494.929565 -5.788726e-02
1164556494.929688 -5.951395e-02
1164556494.929810 -2.773562e-02
1164556494.929932 -2.102660e-03
1164556494.930054 4.165818e-03
1164556494.930176 7.234498e-04
1164556494.930298 -5.773763e-03
1164556494.930420 -1.434399e-02
1164556494.930542 -9.118685e-03
1164556494.930664 9.432502e-03
1164556494.930786 3.529918e-02
1164556494.930908 5.086771e-02
1164556494.931030 4.994540e-02
1164556494.931152 3.163167e-02
1164556494.931274 1.445268e-03
1164556494.931396 -2.714703e-02
1164556494.931519 -4.109907e-02
1164556494.931641 -4.113687e-02
1164556494.931763 -3.454209e-02
1164556494.931885 -2.672360e-02
1164556494.932007 -1.230671e-02
1164556494.932129 4.954712e-03
1164556494.932251 1.523508e-02
1164556494.932373 1.394545e-02
1164556494.932495 1.587935e-02
1164556494.932617 1.827203e-02
1164556494.932739 1.962529e-02
1164556494.932861 2.261505e-02
1164556494.932983 2.284107e-02
1164556494.933105 9.183397e-03
1164556494.933228 -8.123731e-03
1164556494.933350 -1.635514e-02
1164556494.933472 -2.018220e-02
1164556494.933594 -2.132370e-02
1164556494.933716 -1.737927e-02
1164556494.933838 -1.631038e-02
1164556494.933960 -1.987297e-02
1164556494.934082 -1.657628e-02
1164556494.934204 3.703797e-03
1164556494.934326 2.292394e-02
1164556494.934448 2.513941e-02
1164556494.934570 1.562631e-02
1164556494.934692 1.527276e-02
1164556494.934814 1.811663e-02
1164556494.934937 1.728068e-02
1164556494.935059 1.047200e-02
1164556494.935181 2.978642e-03
1164556494.935303 -1.034347e-02
1164556494.935425 -2.628728e-02
1164556494.935547 -3.357908e-02
1164556494.935669 -2.899488e-02
1164556494.935791 -1.784989e-02
1164556494.935913 -8.521776e-03
1164556494.936035 5.137803e-04
1164556494.936157 1.713163e-02
1164556494.936279 2.898854e-02
1164556494.936401 2.576372e-02
1164556494.936523 8.020707e-03
1164556494.936646 -3.087684e-03
1164556494.936768 1.149730e-03
1164556494.936890 1.321648e-02
1164556494.937012 1.566458e-02
1164556494.937134 5.633691e-03
1164556494.937256 -9.764589e-03
1164556494.937378 -2.153130e-02
1164556494.937500 -2.820722e-02
1164556494.937622 -2.626545e-02
1164556494.937744 -1.238807e-02
1164556494.937866 4.652505e-03
1164556494.937988 1.172440e-02
1164556494.938110 8.359557e-03
1164556494.938232 8.894919e-03
1164556494.938354 1.280805e-02
1164556494.938477 3.252997e-03
1164556494.938599 -7.745581e-03
1164556494.938721 -3.997358e-04
1164556494.938843 2.147906e-02
1164556494.938965 2.984518e-02
1164556494.939087 1.729735e-02
1164556494.939209 -3.982945e-03
1164556494.939331 -2.248504e-02
1164556494.939453 -3.501451e-02
1164556494.939575 -3.481752e-02
1164556494.939697 -1.825962e-02
1164556494.939819 1.985274e-03
1164556494.939941 1.302675e-02
1164556494.940063 1.351576e-02
1164556494.940186 8.211730e-03
1164556494.940308 2.075846e-03
1164556494.940430 -5.998209e-04
1164556494.940552 6.048368e-03
1164556494.940674 1.448029e-02
1164556494.940796 2.271823e-02
1164556494.940918 2.464889e-02
1164556494.941040 1.552324e-02
1164556494.941162 -9.164805e-03
1164556494.941284 -2.954678e-02
1164556494.941406 -3.364647e-02
1164556494.941528 -2.779719e-02
1164556494.941650 -1.890702e-02
1164556494.941772 -4.479098e-03
1164556494.941895 8.449134e-03
1164556494.942017 9.627242e-03
1164556494.942139 4.811402e-03
1164556494.942261 5.144909e-03
1164556494.942383 1.068239e-02
1164556494.942505 1.773656e-02
1164556494.942627 2.475270e-02
1164556494.942749 2.841329e-02
1164556494.942871 2.176437e-02
1164556494.942993 6.115636e-03
1164556494.943115 -1.882010e-02
1164556494.943237 -4.161298e-02
1164556494.943359 -4.894522e-02
1164556494.943481 -3.759881e-02
1164556494.943604 -1.826447e-02
1164556494.943726 1.995438e-03
1164556494.943848 1.838469e-02
1164556494.943970 2.809892e-02
1164556494.944092 2.874808e-02
1164556494.944214 2.263264e-02
1164556494.944336 1.294569e-02
1164556494.944458 7.751521e-03
1164556494.944580 8.273930e-03
1164556494.944702 4.953797e-03
1164556494.944824 -7.045049e-03
1164556494.944946 -1.764870e-02
1164556494.945068 -2.228467e-02
1164556494.945190 -2.067163e-02
1164556494.945312 -1.526151e-02
1164556494.945435 -5.137731e-03
1164556494.945557 2.607577e-03
1164556494.945679 3.118811e-03
1164556494.945801 1.010203e-04
1164556494.945923 1.231674e-03
1164556494.946045 7.708030e-03
1164556494.946167 1.607589e-02
1164556494.946289 1.830318e-02
1164556494.946411 1.385452e-02
1164556494.946533 7.590110e-03
1164556494.946655 6.839483e-03
1164556494.946777 4.141603e-03
1164556494.946899 -6.228499e-03
1164556494.947021 -1.872173e-02
1164556494.947144 -2.171903e-02
1164556494.947266 -1.665413e-02
1164556494.947388 -1.188815e-02
1164556494.947510 -1.030654e-02
1164556494.947632 -7.433202e-03
1164556494.947754 -3.099306e-03
1164556494.947876 5.909899e-03
1164556494.947998 1.706590e-02
1164556494.948120 2.674816e-02
1164556494.948242 2.793172e-02
1164556494.948364 1.968914e-02
1164556494.948486 5.156043e-03
1164556494.948608 -2.028124e-03
1164556494.948730 -3.365751e-03
1164556494.948853 -1.007788e-02
1164556494.948975 -2.226639e-02
1164556494.949097 -2.582753e-02
1164556494.949219 -2.044527e-02
1164556494.949341 -1.329815e-02
1164556494.949463 -9.062378e-03
1164556494.949585 -2.361520e-03
1164556494.949707 7.513577e-03
1164556494.949829 1.791236e-02
1164556494.949951 2.433369e-02
1164556494.950073 2.920900e-02
1164556494.950195 2.589683e-02
1164556494.950317 1.107560e-02
1164556494.950439 -9.180577e-03
1164556494.950562 -1.711699e-02
1164556494.950684 -1.021426e-02
1164556494.950806 -4.457536e-03
1164556494.950928 -1.106486e-02
1164556494.951050 -2.006050e-02
1164556494.951172 -2.029085e-02
1164556494.951294 -1.410213e-02
1164556494.951416 -7.821029e-03
1164556494.951538 1.518008e-03
1164556494.951660 1.229793e-02
1164556494.951782 2.142397e-02
1164556494.951904 2.685594e-02
1164556494.952026 2.910275e-02
1164556494.952148 2.168150e-02
1164556494.952271 6.075218e-03
1164556494.952393 -1.457436e-02
1164556494.952515 -2.725102e-02
1164556494.952637 -2.403887e-02
1164556494.952759 -9.634141e-03
1164556494.952881 -2.370571e-03
1164556494.953003 -5.427913e-03
1164556494.953125 -8.922320e-03
1164556494.953247 -4.639380e-03
1164556494.953369 8.310503e-04
1164556494.953491 6.483139e-03
1164556494.953613 1.070151e-02
1164556494.953735 1.183326e-02
1164556494.953857 1.062114e-02
1164556494.953979 9.048445e-03
1164556494.954102 9.006689e-03
1164556494.954224 7.415816e-03
1164556494.954346 -1.814127e-03
1164556494.954468 -1.173378e-02
1164556494.954590 -1.342461e-02
1164556494.954712 -3.540677e-03
1164556494.954834 2.281340e-04
1164556494.954956 -7.106269e-03
1164556494.955078 -1.493551e-02
1164556494.955200 -1.311097e-02
1164556494.955322 -4.429438e-03
1164556494.955444 7.500313e-03
1164556494.955566 1.576026e-02
1164556494.955688 1.559997e-02
1164556494.955811 8.420397e-03
1164556494.955933 1.063987e-03
1164556494.956055 -3.007778e-03
1164556494.956177 -1.197957e-03
1164556494.956299 2.303854e-03
1164556494.956421 5.111298e-03
1164556494.956543 7.274558e-03
1164556494.956665 8.521739e-03
1164556494.956787 1.805177e-03
1164556494.956909 -1.279587e-02
1164556494.957031 -2.485554e-02
1164556494.957153 -2.443116e-02
1164556494.957275 -1.497617e-02
1164556494.957397 -4.138270e-03
1164556494.957520 2.728291e-03
1164556494.957642 7.341757e-03
1164556494.957764 1.284899e-02
1164556494.957886 1.940736e-02
1164556494.958008 2.469896e-02
1164556494.958130 2.572084e-02
1164556494.958252 1.993099e-02
1164556494.958374 6.873450e-03
1164556494.958496 -1.009695e-02
1164556494.958618 -2.141643e-02
1164556494.958740 -2.713142e-02
1164556494.958862 -3.245662e-02
1164556494.958984 -3.334826e-02
1164556494.959106 -2.081583e-02
1164556494.959229 -3.144393e-03
1164556494.959351 1.304397e-02
1164556494.959473 2.315269e-02
1164556494.959595 2.773026e-02
1164556494.959717 2.755127e-02
1164556494.959839 2.415504e-02
1164556494.959961 1.884888e-02
1164556494.960083 9.809814e-03
1164556494.960205 -1.412289e-03
1164556494.960327 -1.175980e-02
1164556494.960449 -1.969448e-02
1164556494.960571 -2.438671e-02
1164556494.960693 -2.746487e-02
1164556494.960815 -2.438983e-02
1164556494.960938 -1.683940e-02
1164556494.961060 -7.540158e-03
1164556494.961182 -1.179611e-03
1164556494.961304 7.054895e-03
1164556494.961426 1.849169e-02
1164556494.961548 3.104720e-02
1164556494.961670 3.812256e-02
1164556494.961792 3.724587e-02
1164556494.961914 2.618299e-02
1164556494.962036 6.612083e-03
1164556494.962158 -1.565422e-02
1164556494.962280 -3.392524e-02
1164556494.962402 -4.413004e-02
1164556494.962524 -4.265823e-02
1164556494.962646 -3.052168e-02
1164556494.962769 -1.292596e-02
1164556494.962891 2.595219e-03
1164556494.963013 1.600293e-02
1164556494.963135 2.581733e-02
1164556494.963257 2.905912e-02
1164556494.963379 2.281656e-02
1164556494.963501 1.978629e-02
1164556494.963623 2.119967e-02
1164556494.963745 1.616419e-02
1164556494.963867 3.560307e-03
1164556494.963989 -1.180872e-02
1164556494.964111 -2.840641e-02
1164556494.964233 -3.877241e-02
1164556494.964355 -3.521061e-02
1164556494.964478 -1.807034e-02
1164556494.964600 2.312761e-04
1164556494.964722 9.925987e-03
1164556494.964844 1.090155e-02
1164556494.964966 1.172589e-02
1164556494.965088 1.304056e-02
1164556494.965210 1.293768e-02
1164556494.965332 1.201029e-02
1164556494.965454 1.247627e-02
1164556494.965576 1.183237e-02
1164556494.965698 9.486117e-03
1164556494.965820 4.159848e-03
1164556494.965942 -4.859917e-03
1164556494.966064 -1.810895e-02
1164556494.966187 -2.735495e-02
1164556494.966309 -2.842973e-02
1164556494.966431 -2.086092e-02
1164556494.966553 -6.704388e-03
1164556494.966675 7.250682e-03
1164556494.966797 1.296557e-02
1164556494.966919 1.505649e-02
1164556494.967041 1.589046e-02
1164556494.967163 1.722311e-02
1164556494.967285 1.396077e-02
1164556494.967407 7.442042e-03
1164556494.967529 2.053237e-03
1164556494.967651 -7.025157e-04
1164556494.967773 -6.066079e-03
1164556494.967896 -1.289745e-02
1164556494.968018 -1.558059e-02
1164556494.968140 -1.326015e-02
1164556494.968262 -1.062937e-02
1164556494.968384 -4.257895e-03
1164556494.968506 5.455184e-03
1164556494.968628 9.020272e-03
1164556494.968750 1.698866e-03
1164556494.968872 -5.207551e-03
1164556494.968994 -3.567557e-03
1164556494.969116 4.307400e-03
1164556494.969238 1.001486e-02
1164556494.969360 1.356170e-02
1164556494.969482 1.511020e-02
1164556494.969604 1.300915e-02
1164556494.969727 7.257767e-03
1164556494.969849 -8.927139e-04
1164556494.969971 -1.150045e-02
1164556494.970093 -2.055100e-02
1164556494.970215 -2.334521e-02
1164556494.970337 -1.886293e-02
1164556494.970459 -9.828788e-03
1164556494.970581 -2.144282e-03
1164556494.970703 2.059908e-03
1164556494.970825 7.405992e-03
1164556494.970947 1.337040e-02
1164556494.971069 1.924243e-02
1164556494.971191 2.157810e-02
1164556494.971313 1.724051e-02
1164556494.971436 7.478424e-03
1164556494.971558 -7.074029e-04
1164556494.971680 -5.994614e-03
1164556494.971802 -1.103107e-02
1164556494.971924 -1.652004e-02
1164556494.972046 -1.705666e-02
1164556494.972168 -1.412553e-02
1164556494.972290 -1.135509e-02
1164556494.972412 -8.038222e-03
1164556494.972534 -2.043274e-03
1164556494.972656 4.367601e-03
1164556494.972778 9.979090e-03
1164556494.972900 1.444642e-02
1164556494.973022 1.952478e-02
1164556494.973145 2.041700e-02
1164556494.973267 1.529574e-02
1164556494.973389 5.737765e-03
1164556494.973511 -4.141617e-03
1164556494.973633 -1.061028e-02
1164556494.973755 -1.485923e-02
1164556494.973877 -1.702339e-02
1164556494.973999 -1.522971e-02
1164556494.974121 -1.370480e-02
1164556494.974243 -9.319612e-03
1164556494.974365 -3.100009e-03
1164556494.974487 3.583366e-03
1164556494.974609 8.215769e-03
1164556494.974731 1.276265e-02
1164556494.974854 1.602818e-02
1164556494.974976 1.555439e-02
1164556494.975098 1.196183e-02
1164556494.975220 6.683273e-03
1164556494.975342 -1.864211e-05
1164556494.975464 -3.347752e-03
1164556494.975586 -5.022495e-03
1164556494.975708 -7.913963e-03
1164556494.975830 -1.387125e-02
1164556494.975952 -1.686558e-02
1164556494.976074 -1.414134e-02
1164556494.976196 -9.139593e-03
1164556494.976318 -2.323132e-03
1164556494.976440 5.668598e-03
1164556494.976562 9.974984e-03
1164556494.976685 1.079288e-02
1164556494.976807 9.912190e-03
1164556494.976929 1.239128e-02
1164556494.977051 1.315026e-02
1164556494.977173 7.912567e-03
1164556494.977295 -7.798992e-04
1164556494.977417 -2.738132e-03
1164556494.977539 -1.477653e-03
1164556494.977661 -3.323230e-03
1164556494.977783 -1.024128e-02
1164556494.977905 -1.753444e-02
1164556494.978027 -1.848563e-02
1164556494.978149 -1.316945e-02
1164556494.978271 -6.585399e-03
1164556494.978394 1.016863e-03
1164556494.978516 7.475685e-03
1164556494.978638 1.141810e-02
1164556494.978760 1.408259e-02
1164556494.978882 1.702093e-02
1164556494.979004 1.695260e-02
1164556494.979126 1.528036e-02
1164556494.979248 1.043957e-02
1164556494.979370 2.629057e-03
1164556494.979492 -5.510246e-03
1164556494.979614 -1.453782e-02
1164556494.979736 -2.448455e-02
1164556494.979858 -3.238094e-02
1164556494.979980 -3.234262e-02
1164556494.980103 -1.914142e-02
1164556494.980225 1.395196e-03
1164556494.980347 1.904763e-02
1164556494.980469 2.710401e-02
1164556494.980591 2.849800e-02
1164556494.980713 2.576270e-02
1164556494.980835 2.142358e-02
1164556494.980957 1.228556e-02
1164556494.981079 7.877764e-04
1164556494.981201 -1.045035e-02
1164556494.981323 -1.812844e-02
1164556494.981445 -2.153420e-02
1164556494.981567 -2.215012e-02
1164556494.981689 -1.941361e-02
1164556494.981812 -1.398492e-02
1164556494.981934 -8.978289e-03
1164556494.982056 -1.936664e-03
1164556494.982178 8.676488e-03
1164556494.982300 1.828069e-02
1164556494.982422 2.364959e-02
1164556494.982544 2.333686e-02
1164556494.982666 1.756752e-02
1164556494.982788 1.017522e-02
1164556494.982910 3.780537e-03
1164556494.983032 -1.753250e-03
1164556494.983154 -9.630436e-03
1164556494.983276 -1.730897e-02
1164556494.983398 -2.239604e-02
1164556494.983521 -2.123912e-02
1164556494.983643 -1.671968e-02
1164556494.983765 -1.098344e-02
1164556494.983887 -5.269263e-03
1164556494.984009 3.787917e-03
1164556494.984131 1.595722e-02
1164556494.984253 2.635909e-02
1164556494.984375 2.837986e-02
1164556494.984497 2.176924e-02
1164556494.984619 1.013409e-02
1164556494.984741 -1.573185e-03
1164556494.984863 -1.017444e-02
1164556494.984985 -1.391938e-02
1164556494.985107 -1.671954e-02
1164556494.985229 -1.780604e-02
1164556494.985352 -1.522516e-02
1164556494.985474 -8.612711e-03
1164556494.985596 -1.650687e-03
1164556494.985718 3.882956e-03
1164556494.985840 6.528620e-03
1164556494.985962 7.919011e-03
1164556494.986084 9.456638e-03
1164556494.986206 1.034536e-02
1164556494.986328 9.280124e-03
1164556494.986450 8.332510e-03
1164556494.986572 5.367791e-03
1164556494.986694 4.377765e-04
1164556494.986816 -4.570416e-03
1164556494.986938 -7.568971e-03
1164556494.987061 -9.954846e-03
1164556494.987183 -9.016511e-03
1164556494.987305 -6.059148e-03
1164556494.987427 -4.550072e-03
1164556494.987549 -5.083040e-03
1164556494.987671 -2.539784e-03
1164556494.987793 9.114163e-04
1164556494.987915 3.668599e-03
1164556494.988037 5.659222e-03
1164556494.988159 7.944392e-03
1164556494.988281 1.053084e-02
1164556494.988403 1.139377e-02
1164556494.988525 6.531238e-03
1164556494.988647 1.071193e-04
1164556494.988770 -4.233283e-03
1164556494.988892 -6.158270e-03
1164556494.989014 -7.749437e-03
1164556494.989136 -7.948044e-03
1164556494.989258 -7.626814e-03
1164556494.989380 -4.610282e-03
1164556494.989502 -7.233299e-04
1164556494.989624 1.942322e-04
1164556494.989746 -1.452825e-03
1164556494.989868 -9.745520e-04
1164556494.989990 1.622966e-03
1164556494.990112 5.275401e-03
1164556494.990234 8.250942e-03
1164556494.990356 1.078203e-02
1164556494.990479 1.108898e-02
1164556494.990601 7.236321e-03
1164556494.990723 -6.993694e-04
1164556494.990845 -7.516968e-03
1164556494.990967 -9.846003e-03
1164556494.991089 -8.788419e-03
1164556494.991211 -8.277327e-03
1164556494.991333 -6.770425e-03
1164556494.991455 -3.178874e-03
1164556494.991577 1.575527e-03
1164556494.991699 2.384128e-03
1164556494.991821 -2.694081e-04
1164556494.991943 -1.587997e-03
1164556494.992065 1.587883e-03
1164556494.992188 5.536965e-03
1164556494.992310 7.914155e-03
1164556494.992432 1.197551e-02
1164556494.992554 1.533165e-02
1164556494.992676 1.040149e-02
1164556494.992798 5.133390e-04
1164556494.992920 -9.037819e-03
1164556494.993042 -1.597391e-02
1164556494.993164 -1.923840e-02
1164556494.993286 -1.701484e-02
1164556494.993408 -1.001491e-02
1164556494.993530 -3.347200e-03
1164556494.993652 6.668632e-04
1164556494.993774 4.544168e-03
1164556494.993896 1.008497e-02
1164556494.994019 1.733317e-02
1164556494.994141 2.052300e-02
1164556494.994263 1.811017e-02
1164556494.994385 9.649260e-03
1164556494.994507 -2.603993e-04
1164556494.994629 -8.543592e-03
1164556494.994751 -1.447731e-02
1164556494.994873 -1.931969e-02
1164556494.994995 -2.057038e-02
1164556494.995117 -1.643066e-02
1164556494.995239 -5.937748e-03
1164556494.995361 5.452830e-03
1164556494.995483 1.345923e-02
1164556494.995605 1.467155e-02
1164556494.995728 9.112538e-03
1164556494.995850 4.981704e-03
1164556494.995972 4.668774e-03
1164556494.996094 5.113733e-03
1164556494.996216 4.274044e-03
1164556494.996338 1.497920e-03
1164556494.996460 -1.096473e-03
1164556494.996582 -3.921096e-03
1164556494.996704 -7.572323e-03
1164556494.996826 -1.067942e-02
1164556494.996948 -1.015769e-02
1164556494.997070 -8.713101e-03
1164556494.997192 -5.927205e-03
1164556494.997314 3.471770e-04
1164556494.997437 8.714787e-03
1164556494.997559 1.128048e-02
1164556494.997681 7.790291e-03
1164556494.997803 3.544155e-03
1164556494.997925 3.315602e-03
1164556494.998047 2.898062e-03
1164556494.998169 1.227937e-03
1164556494.998291 2.240161e-04
1164556494.998413 -5.424523e-04
1164556494.998535 -2.766755e-03
1164556494.998657 -2.767494e-03
1164556494.998779 -3.415113e-03
1164556494.998901 -4.770183e-03
1164556494.999023 -5.398688e-03
1164556494.999146 -4.989648e-03
1164556494.999268 -3.951503e-03
1164556494.999390 -2.596937e-03
1164556494.999512 3.418412e-04
1164556494.999634 3.278895e-03
1164556494.999756 3.731283e-03
1164556494.999878 5.787322e-03
1164556495.000000 1.052964e-02
1164556495.000122 1.329630e-02
1164556495.000244 1.012472e-02
1164556495.000366 3.127606e-03
1164556495.000488 -3.791769e-03
1164556495.000610 -8.818108e-03
1164556495.000732 -1.415605e-02
1164556495.000854 -1.790526e-02
1164556495.000977 -1.583893e-02
1164556495.001099 -7.758782e-03
1164556495.001221 1.559214e-03
1164556495.001343 9.467052e-03
1164556495.001465 1.394341e-02
1164556495.001587 1.369496e-02
1164556495.001709 9.582120e-03
1164556495.001831 5.010551e-03
1164556495.001953 1.661093e-03
1164556495.002075 4.011462e-04
1164556495.002197 -6.082222e-04
1164556495.002319 -1.422620e-03
1164556495.002441 -3.352891e-03
1164556495.002563 -7.261467e-03
1164556495.002686 -9.584347e-03
1164556495.002808 -1.004387e-02
1164556495.002930 -9.762576e-03
1164556495.003052 -5.305049e-03
1164556495.003174 1.641954e-03
1164556495.003296 7.590106e-03
1164556495.003418 1.076432e-02
1164556495.003540 1.173236e-02
1164556495.003662 9.674693e-03
1164556495.003784 6.213276e-03
1164556495.003906 1.435063e-03
1164556495.004028 -1.889818e-03
1164556495.004150 -3.894682e-03
1164556495.004272 -5.267905e-03
1164556495.004395 -5.478654e-03
1164556495.004517 -5.327132e-03
1164556495.004639 -6.290886e-03
1164556495.004761 -6.273039e-03
1164556495.004883 -4.129108e-03
1164556495.005005 -8.563477e-04
1164556495.005127 2.481329e-03
1164556495.005249 5.225585e-03
1164556495.005371 7.034282e-03
1164556495.005493 6.976802e-03
1164556495.005615 4.195190e-03
1164556495.005737 2.740246e-03
1164556495.005859 2.871247e-03
1164556495.005981 1.456389e-03
1164556495.006104 -2.009887e-03
1164556495.006226 -3.874705e-03
1164556495.006348 -2.475261e-03
1164556495.006470 -1.537398e-03
1164556495.006592 -2.611968e-03
1164556495.006714 -4.984920e-03
1164556495.006836 -7.939583e-03
1164556495.006958 -9.105146e-03
1164556495.007080 -7.009696e-03
1164556495.007202 -2.627921e-04
1164556495.007324 1.058014e-02
1164556495.007446 1.731539e-02
1164556495.007568 1.448282e-02
1164556495.007690 7.686935e-03
1164556495.007812 2.104345e-03
1164556495.007935 -1.574012e-03
1164556495.008057 -5.545357e-03
1164556495.008179 -8.138847e-03
1164556495.008301 -8.273763e-03
1164556495.008423 -7.331581e-03
1164556495.008545 -5.938716e-03
1164556495.008667 -4.497628e-03
1164556495.008789 -3.738245e-03
1164556495.008911 -1.564912e-03
1164556495.009033 3.188879e-03
1164556495.009155 9.521285e-03
1164556495.009277 1.253061e-02
1164556495.009399 9.951499e-03
1164556495.009521 4.070298e-03
1164556495.009644 -1.354940e-03
1164556495.009766 -3.298461e-03
1164556495.009888 -1.530571e-03
1164556495.010010 -2.699373e-03
1164556495.010132 -6.637057e-03
1164556495.010254 -6.665750e-03
1164556495.010376 -2.752375e-03
1164556495.010498 -3.979863e-04
1164556495.010620 3.082441e-04
1164556495.010742 3.822919e-04
1164556495.010864 3.233427e-04
1164556495.010986 -2.695825e-04
1164556495.011108 -6.655704e-04
1164556495.011230 1.002017e-03
1164556495.011353 3.758700e-03
1164556495.011475 4.810828e-03
1164556495.011597 4.642773e-03
1164556495.011719 3.255353e-03
1164556495.011841 2.558649e-03
1164556495.011963 2.417371e-03
1164556495.012085 1.102466e-03
1164556495.012207 -2.186195e-03
1164556495.012329 -6.281965e-03
1164556495.012451 -9.903054e-03
1164556495.012573 -1.115637e-02
1164556495.012695 -9.947506e-03
1164556495.012817 -5.206658e-03
1164556495.012939 2.260211e-03
1164556495.013062 1.178653e-02
1164556495.013184 1.607722e-02
1164556495.013306 1.301330e-02
1164556495.013428 6.201929e-03
1164556495.013550 -7.788467e-04
1164556495.013672 -5.950756e-03
1164556495.013794 -5.404490e-03
1164556495.013916 -1.297808e-03
1164556495.014038 8.738121e-04
1164556495.014160 -1.132433e-03
1164556495.014282 -4.582002e-03
1164556495.014404 -7.032397e-03
1164556495.014526 -7.792623e-03
1164556495.014648 -7.581473e-03
1164556495.014771 -4.951117e-03
1164556495.014893 9.438822e-04
1164556495.015015 8.257297e-03
1164556495.015137 1.313845e-02
1164556495.015259 1.344894e-02
1164556495.015381 8.802777e-03
1164556495.015503 2.859179e-03
1164556495.015625 -3.617201e-04
1164556495.015747 -3.752574e-04
1164556495.015869 -2.275548e-03
1164556495.015991 -7.761603e-03
1164556495.016113 -1.281509e-02
1164556495.016235 -1.271537e-02
1164556495.016357 -9.446070e-03
1164556495.016479 -4.862728e-03
1164556495.016602 -3.054732e-04
1164556495.016724 3.992426e-03
1164556495.016846 9.591391e-03
1164556495.016968 1.434433e-02
1164556495.017090 1.434526e-02
1164556495.017212 1.153941e-02
1164556495.017334 6.769467e-03
1164556495.017456 3.307056e-04
1164556495.017578 -7.431210e-03
1164556495.017700 -1.276394e-02
1164556495.017822 -1.527173e-02
1164556495.017944 -1.423305e-02
1164556495.018066 -9.810834e-03
1164556495.018188 -2.359575e-03
1164556495.018311 4.752418e-03
1164556495.018433 9.724892e-03
1164556495.018555 1.194227e-02
1164556495.018677 1.092624e-02
1164556495.018799 7.753385e-03
1164556495.018921 2.906228e-03
1164556495.019043 -2.203225e-03
1164556495.019165 -4.632636e-03
1164556495.019287 -5.263053e-03
1164556495.019409 -6.123465e-03
1164556495.019531 -6.523315e-03
1164556495.019653 -4.716664e-03
1164556495.019775 -1.063342e-04
1164556495.019897 4.222154e-03
1164556495.020020 6.821514e-03
1164556495.020142 6.629873e-03
1164556495.020264 3.928463e-03
1164556495.020386 -7.532498e-04
1164556495.020508 -6.508137e-03
1164556495.020630 -9.691151e-03
1164556495.020752 -8.710622e-03
1164556495.020874 -3.394574e-03
1164556495.020996 3.566268e-03
1164556495.021118 8.795817e-03
1164556495.021240 9.606581e-03
1164556495.021362 8.820153e-03
1164556495.021484 7.165700e-03
1164556495.021606 3.566461e-03
1164556495.021729 -2.576572e-03
1164556495.021851 -8.520385e-03
1164556495.021973 -1.065967e-02
1164556495.022095 -9.258778e-03
1164556495.022217 -7.090101e-03
1164556495.022339 -4.657133e-03
1164556495.022461 -2.288390e-03
1164556495.022583 3.289676e-04
1164556495.022705 4.037356e-03
1164556495.022827 8.232903e-03
1164556495.022949 1.273366e-02
1164556495.023071 1.515515e-02
1164556495.023193 1.212854e-02
1164556495.023315 3.859908e-03
1164556495.023438 -6.702888e-03
1164556495.023560 -1.375203e-02
1164556495.023682 -1.531013e-02
1164556495.023804 -1.305871e-02
1164556495.023926 -8.339258e-03
1164556495.024048 -2.684887e-03
1164556495.024170 3.043208e-03
1164556495.024292 8.340899e-03
1164556495.024414 9.543367e-03
1164556495.024536 6.298742e-03
1164556495.024658 2.164011e-03
1164556495.024780 1.036942e-03
1164556495.024902 3.168031e-03
1164556495.025024 5.095562e-03
1164556495.025146 3.521971e-03
1164556495.025269 -3.332611e-04
1164556495.025391 -4.656476e-03
1164556495.025513 -6.987547e-03
1164556495.025635 -6.852438e-03
1164556495.025757 -6.241794e-03
1164556495.025879 -5.126331e-03
1164556495.026001 -2.573955e-03
1164556495.026123 1.160469e-04
1164556495.026245 2.758445e-03
1164556495.026367 4.478067e-03
1164556495.026489 5.578711e-03
1164556495.026611 6.022063e-03
1164556495.026733 4.974951e-03
1164556495.026855 3.421673e-03
1164556495.026978 2.469937e-03
1164556495.027100 1.946445e-03
1164556495.027222 6.533606e-04
1164556495.027344 -3.965521e-03
1164556495.027466 -8.921915e-03
1164556495.027588 -1.025970e-02
1164556495.027710 -7.458357e-03
1164556495.027832 -3.355504e-03
1164556495.027954 4.022872e-04
1164556495.028076 3.215697e-03
1164556495.028198 5.720948e-03
1164556495.028320 6.009718e-03
1164556495.028442 5.046434e-03
1164556495.028564 3.601657e-03
1164556495.028687 2.478800e-03
1164556495.028809 1.905226e-03
1164556495.028931 1.313418e-03
1164556495.029053 -7.776352e-04
1164556495.029175 -3.330376e-03
1164556495.029297 -4.419851e-03
1164556495.029419 -4.105650e-03
1164556495.029541 -3.271071e-03
1164556495.029663 -3.296400e-03
1164556495.029785 -2.721237e-03
1164556495.029907 -8.028882e-04
1164556495.030029 8.541937e-04
1164556495.030151 1.494625e-03
1164556495.030273 1.472363e-03
1164556495.030396 2.678443e-03
1164556495.030518 3.549520e-03
1164556495.030640 4.252180e-03
1164556495.030762 4.589459e-03
1164556495.030884 4.461766e-03
1164556495.031006 3.529763e-03
1164556495.031128 1.545742e-03
1164556495.031250 -2.418435e-03
1164556495.031372 -6.162573e-03
1164556495.031494 -9.841896e-03
1164556495.031616 -1.175548e-02
1164556495.031738 -1.079423e-02
1164556495.031860 -5.722777e-03
1164556495.031982 8.120418e-04
1164556495.032104 8.142317e-03
1164556495.032227 1.499124e-02
1164556495.032349 1.769588e-02
1164556495.032471 1.234190e-02
1164556495.032593 2.268899e-03
1164556495.032715 -5.896634e-03
1164556495.032837 -8.959158e-03
1164556495.032959 -7.073900e-03
1164556495.033081 -4.586230e-03
1164556495.033203 -4.604834e-03
1164556495.033325 -4.131894e-03
1164556495.033447 -2.662492e-03
1164556495.033569 -1.758098e-03
1164556495.033691 -1.879058e-03
1164556495.033813 -9.076867e-04
1164556495.033936 2.118331e-03
1164556495.034058 6.444597e-03
1164556495.034180 9.490199e-03
1164556495.034302 8.897700e-03
1164556495.034424 4.060182e-03
1164556495.034546 -1.464739e-03
1164556495.034668 -3.722575e-03
1164556495.034790 -2.605710e-03
1164556495.034912 -1.456738e-03
1164556495.035034 -1.892918e-03
1164556495.035156 -3.530216e-03
1164556495.035278 -4.735830e-03
1164556495.035400 -5.402370e-03
1164556495.035522 -4.890930e-03
1164556495.035645 -2.393702e-03
1164556495.035767 1.191560e-03
1164556495.035889 3.040529e-03
1164556495.036011 4.769770e-03
1164556495.036133 6.897497e-03
1164556495.036255 7.226132e-03
1164556495.036377 5.299911e-03
1164556495.036499 4.025900e-03
1164556495.036621 2.492061e-03
1164556495.036743 1.180762e-04
1164556495.036865 -3.558596e-03
1164556495.036987 -7.767039e-03
1164556495.037109 -1.027452e-02
1164556495.037231 -9.958876e-03
1164556495.037354 -7.264123e-03
1164556495.037476 -3.850428e-03
1164556495.037598 3.591742e-05
1164556495.037720 4.256364e-03
1164556495.037842 8.167325e-03
1164556495.037964 1.124663e-02
1164556495.038086 1.172241e-02
1164556495.038208 9.609863e-03
1164556495.038330 5.574852e-03
1164556495.038452 -8.133412e-04
1164556495.038574 -7.081932e-03
1164556495.038696 -9.517505e-03
1164556495.038818 -7.954264e-03
1164556495.038940 -6.848413e-03
1164556495.039062 -1.024756e-02
1164556495.039185 -1.367934e-02
