1164556494.759399 -3.486474e-03
1164556494.759521 -5.846079e-03
1164556494.759644 -6.958657e-03
1164556494.759766 -7.446264e-03
1164556494.759888 -8.522964e-03
1164556494.760010 -8.986395e-03
1164556494.760132 -7.267902e-03
1164556494.760254 -2.525877e-03
1164556494.760376 3.305730e-03
1164556494.760498 7.610507e-03
1164556494.760620 9.598538e-03
1164556494.760742 8.672276e-03
1164556494.760864 6.027258e-03
1164556494.760986 3.996604e-03
1164556494.761108 9.627578e-04
1164556494.761230 -2.625888e-03
1164556494.761353 -4.576726e-03
1164556494.761475 -4.438729e-03
1164556494.761597 -4.403798e-03
1164556494.761719 -4.149975e-03
1164556494.761841 -3.595820e-03
1164556494.761963 -1.631537e-03
1164556494.762085 1.321867e-04
1164556494.762207 1.447422e-03
1164556494.762329 2.131587e-03
1164556494.762451 1.440650e-03
1164556494.762573 -3.434942e-07
1164556494.762695 8.011520e-04
1164556494.762817 3.052073e-03
1164556494.762939 3.870798e-03
1164556494.763062 3.503752e-03
1164556494.763184 2.008223e-03
1164556494.763306 -7.396603e-04
1164556494.763428 -1.831169e-03
1164556494.763550 -8.881239e-04
1164556494.763672 3.069459e-04
1164556494.763794 -1.244456e-03
1164556494.763916 -4.425078e-03
1164556494.764038 -6.370618e-03
1164556494.764160 -5.600932e-03
1164556494.764282 -3.918596e-03
1164556494.764404 -2.412120e-03
1164556494.764526 6.023599e-04
1164556494.764648 5.452805e-03
1164556494.764771 9.164884e-03
1164556494.764893 1.120921e-02
1164556494.765015 1.029729e-02
1164556494.765137 6.085339e-03
1164556494.765259 5.791264e-05
1164556494.765381 -5.766034e-03
1164556494.765503 -1.031885e-02
1164556494.765625 -1.099676e-02
1164556494.765747 -9.513805e-03
1164556494.765869 -6.906607e-03
1164556494.765991 -2.742085e-03
1164556494.766113 1.357325e-03
1164556494.766235 3.219394e-03
1164556494.766357 4.540023e-03
1164556494.766479 5.865105e-03
1164556494.766602 8.457084e-03
1164556494.766724 1.014788e-02
1164556494.766846 9.066176e-03
1164556494.766968 4.570048e-03
1164556494.767090 -2.456213e-03
1164556494.767212 -8.987625e-03
1164556494.767334 -1.214364e-02
1164556494.767456 -1.136590e-02
1164556494.767578 -6.156808e-03
1164556494.767700 -3.479926e-04
1164556494.767822 3.082955e-03
1164556494.767944 2.890931e-03
1164556494.768066 1.536008e-03
1164556494.768188 1.097822e-03
1164556494.768311 1.625171e-03
1164556494.768433 2.022531e-03
1164556494.768555 3.094821e-03
1164556494.768677 4.485504e-03
1164556494.768799 5.405191e-03
1164556494.768921 4.832962e-03
1164556494.769043 3.371435e-03
1164556494.769165 -6.164596e-04
1164556494.769287 -5.807764e-03
1164556494.769409 -7.906809e-03
1164556494.769531 -6.873332e-03
1164556494.769653 -5.687433e-03
1164556494.769775 -4.549104e-03
1164556494.769897 -4.238001e-03
1164556494.770020 -3.529025e-03
1164556494.770142 -6.365576e-04
1164556494.770264 4.076598e-03
1164556494.770386 8.487455e-03
1164556494.770508 1.150241e-02
1164556494.770630 1.229901e-02
1164556494.770752 1.095759e-02
1164556494.770874 7.888331e-03
1164556494.770996 1.885180e-03
1164556494.771118 -6.936795e-03
1164556494.771240 -1.432238e-02
1164556494.771362 -1.833124e-02
1164556494.771484 -1.756985e-02
1164556494.771606 -1.204839e-02
1164556494.771729 -4.167718e-03
1164556494.771851 1.627945e-03
1164556494.771973 6.835464e-03
1164556494.772095 1.301629e-02
1164556494.772217 1.845483e-02
1164556494.772339 1.877805e-02
1164556494.772461 1.372728e-02
1164556494.772583 5.960970e-03
1164556494.772705 -1.453711e-03
1164556494.772827 -8.627337e-03
1164556494.772949 -1.455886e-02
1164556494.773071 -1.725088e-02
1164556494.773193 -1.584102e-02
1164556494.773315 -1.205111e-02
1164556494.773438 -6.459787e-03
1164556494.773560 4.941169e-06
1164556494.773682 6.684564e-03
1164556494.773804 1.166555e-02
1164556494.773926 1.417985e-02
1164556494.774048 1.435428e-02
1164556494.774170 1.200195e-02
1164556494.774292 7.391208e-03
1164556494.774414 1.234389e-03
1164556494.774536 -5.224190e-03
1164556494.774658 -8.780849e-03
1164556494.774780 -9.440006e-03
1164556494.774902 -9.264464e-03
1164556494.775024 -1.013990e-02
1164556494.775146 -1.020274e-02
1164556494.775269 -7.038724e-03
1164556494.775391 -6.092083e-04
1164556494.775513 5.774040e-03
1164556494.775635 9.894029e-03
1164556494.775757 1.087756e-02
1164556494.775879 1.082024e-02
1164556494.776001 9.610264e-03
1164556494.776123 6.153653e-03
1164556494.776245 2.079717e-04
1164556494.776367 -5.537794e-03
1164556494.776489 -8.325912e-03
1164556494.776611 -6.756669e-03
1164556494.776733 -4.400841e-03
1164556494.776855 -3.547006e-03
1164556494.776978 -4.869040e-03
1164556494.777100 -5.899198e-03
1164556494.777222 -4.062931e-03
1164556494.777344 -4.435400e-05
1164556494.777466 3.777879e-03
1164556494.777588 8.085824e-03
1164556494.777710 9.593142e-03
1164556494.777832 7.768389e-03
1164556494.777954 4.690796e-03
1164556494.778076 2.669182e-03
1164556494.778198 -6.279570e-04
1164556494.778320 -5.334926e-03
1164556494.778442 -7.808939e-03
1164556494.778564 -6.442843e-03
1164556494.778687 -2.328270e-03
1164556494.778809 6.960480e-04
1164556494.778931 3.845318e-04
1164556494.779053 -6.468039e-04
1164556494.779175 -1.552710e-03
1164556494.779297 -1.463097e-03
1164556494.779419 -1.059810e-03
1164556494.779541 1.118974e-03
1164556494.779663 2.996157e-03
1164556494.779785 4.026714e-03
1164556494.779907 4.225147e-03
1164556494.780029 3.092954e-03
1164556494.780151 2.090357e-03
1164556494.780273 1.197477e-03
1164556494.780396 -6.557633e-04
1164556494.780518 -1.800268e-03
1164556494.780640 -1.882788e-03
1164556494.780762 -1.590993e-03
1164556494.780884 -2.746012e-03
1164556494.781006 -4.342898e-03
1164556494.781128 -4.830465e-03
1164556494.781250 -4.039838e-03
1164556494.781372 -2.309582e-03
1164556494.781494 3.589161e-04
1164556494.781616 2.064907e-03
1164556494.781738 3.481629e-03
1164556494.781860 5.652085e-03
1164556494.781982 7.573428e-03
1164556494.782104 6.792648e-03
1164556494.782227 5.315726e-03
1164556494.782349 3.948759e-03
1164556494.782471 8.136633e-04
1164556494.782593 -3.277651e-03
1164556494.782715 -7.468444e-03
1164556494.782837 -1.090785e-02
1164556494.782959 -1.240759e-02
1164556494.783081 -1.189775e-02
1164556494.783203 -7.992501e-03
1164556494.783325 2.951622e-04
1164556494.783447 8.196343e-03
1164556494.783569 1.273779e-02
1164556494.783691 1.455057e-02
1164556494.783813 1.315268e-02
1164556494.783936 8.953874e-03
1164556494.784058 3.400099e-03
1164556494.784180 -1.871076e-03
1164556494.784302 -6.685057e-03
1164556494.784424 -8.924536e-03
1164556494.784546 -8.932856e-03
1164556494.784668 -8.868438e-03
1164556494.784790 -9.317044e-03
1164556494.784912 -8.167384e-03
1164556494.785034 -4.551513e-03
1164556494.785156 1.001492e-03
1164556494.785278 6.572282e-03
1164556494.785400 1.165742e-02
1164556494.785522 1.339130e-02
1164556494.785645 1.130329e-02
1164556494.785767 6.907823e-03
1164556494.785889 1.288582e-03
1164556494.786011 -2.886888e-03
1164556494.786133 -5.528640e-03
1164556494.786255 -8.194706e-03
1164556494.786377 -8.118050e-03
1164556494.786499 -4.776229e-03
1164556494.786621 -1.832654e-04
1164556494.786743 2.315782e-04
1164556494.786865 -2.678293e-03
1164556494.786987 -5.774523e-03
1164556494.787109 -4.900923e-03
1164556494.787231 -5.504629e-04
1164556494.787354 3.631722e-03
1164556494.787476 7.328523e-03
1164556494.787598 9.835695e-03
1164556494.787720 9.303645e-03
1164556494.787842 7.433183e-03
1164556494.787964 6.247376e-03
1164556494.788086 4.480206e-03
1164556494.788208 -1.353275e-03
1164556494.788330 -7.779819e-03
1164556494.788452 -1.259958e-02
1164556494.788574 -1.399766e-02
1164556494.788696 -1.269558e-02
1164556494.788818 -1.044622e-02
1164556494.788940 -7.222175e-03
1164556494.789062 -5.358504e-04
1164556494.789185 8.351667e-03
1164556494.789307 1.661840e-02
1164556494.789429 1.943126e-02
1164556494.789551 1.654982e-02
1164556494.789673 1.087516e-02
1164556494.789795 5.234941e-03
1164556494.789917 -7.064141e-04
1164556494.790039 -7.329751e-03
1164556494.790161 -1.457661e-02
1164556494.790283 -1.856753e-02
1164556494.790405 -1.764610e-02
1164556494.790527 -1.275227e-02
1164556494.790649 -6.350061e-03
1164556494.790771 8.576164e-04
1164556494.790894 7.953843e-03
1164556494.791016 1.348730e-02
1164556494.791138 1.544234e-02
1164556494.791260 1.458480e-02
1164556494.791382 1.106711e-02
1164556494.791504 6.389784e-03
1164556494.791626 1.113834e-03
1164556494.791748 -4.747290e-03
1164556494.791870 -9.786242e-03
1164556494.791992 -1.261981e-02
1164556494.792114 -1.316087e-02
1164556494.792236 -1.087785e-02
1164556494.792358 -5.363776e-03
1164556494.792480 2.634429e-03
1164556494.792603 7.626964e-03
1164556494.792725 6.587628e-03
1164556494.792847 2.558947e-03
1164556494.792969 9.707647e-04
1164556494.793091 2.132372e-03
1164556494.793213 3.452201e-03
1164556494.793335 3.128518e-03
1164556494.793457 3.598325e-03
1164556494.793579 4.751774e-03
1164556494.793701 4.329287e-03
1164556494.793823 1.181834e-03
1164556494.793945 -2.682401e-03
1164556494.794067 -7.577003e-03
1164556494.794189 -1.035527e-02
1164556494.794312 -8.461321e-03
1164556494.794434 -3.633057e-03
1164556494.794556 -9.414314e-04
1164556494.794678 -1.945707e-04
1164556494.794800 -8.658820e-04
1164556494.794922 -5.818567e-04
1164556494.795044 2.403560e-03
1164556494.795166 6.602853e-03
1164556494.795288 9.704025e-03
1164556494.795410 1.116787e-02
1164556494.795532 1.030355e-02
1164556494.795654 7.062539e-03
1164556494.795776 1.792809e-03
1164556494.795898 -6.030409e-03
1164556494.796021 -1.461130e-02
1164556494.796143 -1.721787e-02
1164556494.796265 -1.372880e-02
1164556494.796387 -7.556681e-03
1164556494.796509 -7.235394e-04
1164556494.796631 3.446703e-03
1164556494.796753 3.329102e-03
1164556494.796875 3.310025e-03
1164556494.796997 6.050516e-03
1164556494.797119 1.065791e-02
1164556494.797241 1.326676e-02
1164556494.797363 1.292186e-02
1164556494.797485 9.036247e-03
1164556494.797607 2.261333e-03
1164556494.797729 -5.974804e-03
1164556494.797852 -1.266678e-02
1164556494.797974 -1.579880e-02
1164556494.798096 -1.489382e-02
1164556494.798218 -1.233027e-02
1164556494.798340 -7.332274e-03
1164556494.798462 -1.690068e-03
1164556494.798584 4.134231e-03
1164556494.798706 8.750623e-03
1164556494.798828 1.072402e-02
1164556494.798950 1.106243e-02
1164556494.799072 1.103943e-02
1164556494.799194 1.008471e-02
1164556494.799316 7.737954e-03
1164556494.799438 2.698693e-03
1164556494.799561 -1.636557e-03
1164556494.799683 -6.097699e-03
1164556494.799805 -1.102118e-02
1164556494.799927 -1.416930e-02
1164556494.800049 -1.482929e-02
1164556494.800171 -1.354769e-02
1164556494.800293 -8.069792e-03
1164556494.800415 -5.788749e-04
1164556494.800537 7.053390e-03
1164556494.800659 1.217400e-02
1164556494.800781 1.292922e-02
1164556494.800903 1.147774e-02
1164556494.801025 1.248995e-02
1164556494.801147 1.238536e-02
1164556494.801270 7.651028e-03
1164556494.801392 -6.389823e-04
1164556494.801514 -8.389889e-03
1164556494.801636 -1.306116e-02
1164556494.801758 -1.491093e-02
1164556494.801880 -1.489338e-02
1164556494.802002 -1.258121e-02
1164556494.802124 -8.871849e-03
1164556494.802246 -3.862707e-03
1164556494.802368 2.457075e-03
1164556494.802490 1.099379e-02
1164556494.802612 1.649889e-02
1164556494.802734 1.685142e-02
1164556494.802856 1.438571e-02
1164556494.802979 8.996741e-03
1164556494.803101 1.670715e-03
1164556494.803223 -3.847331e-03
1164556494.803345 -7.018445e-03
1164556494.803467 -8.969168e-03
1164556494.803589 -9.400975e-03
1164556494.803711 -8.327831e-03
1164556494.803833 -8.320870e-03
1164556494.803955 -9.211967e-03
1164556494.804077 -8.856842e-03
1164556494.804199 -2.489073e-03
1164556494.804321 6.529039e-03
1164556494.804443 1.297591e-02
1164556494.804565 1.447184e-02
1164556494.804688 1.150672e-02
1164556494.804810 4.939715e-03
1164556494.804932 7.619623e-04
1164556494.805054 2.419193e-04
1164556494.805176 1.352952e-03
1164556494.805298 2.178133e-03
1164556494.805420 9.752584e-05
1164556494.805542 -5.364637e-03
1164556494.805664 -1.166019e-02
1164556494.805786 -1.539262e-02
1164556494.805908 -1.477527e-02
1164556494.806030 -1.088433e-02
1164556494.806152 -3.159094e-03
1164556494.806274 6.266047e-03
1164556494.806396 1.485945e-02
1164556494.806519 1.750109e-02
1164556494.806641 1.407522e-02
1164556494.806763 9.276603e-03
1164556494.806885 6.156381e-03
1164556494.807007 2.873437e-03
1164556494.807129 -2.259679e-03
1164556494.807251 -7.452051e-03
1164556494.807373 -9.148053e-03
1164556494.807495 -9.544196e-03
1164556494.807617 -1.066596e-02
1164556494.807739 -1.070803e-02
1164556494.807861 -9.574136e-03
1164556494.807983 -7.432883e-03
1164556494.808105 -8.712253e-04
1164556494.808228 7.555425e-03
1164556494.808350 1.470149e-02
1164556494.808472 1.780289e-02
1164556494.808594 1.594699e-02
1164556494.808716 1.048150e-02
1164556494.808838 4.674822e-03
1164556494.808960 -5.052171e-04
1164556494.809082 -6.227558e-03
1164556494.809204 -1.292769e-02
1164556494.809326 -1.580392e-02
1164556494.809448 -1.415727e-02
1164556494.809570 -8.146162e-03
1164556494.809692 -2.473794e-03
1164556494.809814 7.171814e-04
1164556494.809937 2.950465e-03
1164556494.810059 5.046169e-03
1164556494.810181 6.723428e-03
1164556494.810303 8.486006e-03
1164556494.810425 9.501145e-03
1164556494.810547 7.766582e-03
1164556494.810669 2.436375e-03
1164556494.810791 -5.162312e-04
1164556494.810913 -1.716289e-03
1164556494.811035 -2.762571e-03
1164556494.811157 -4.406222e-03
1164556494.811279 -5.310538e-03
1164556494.811401 -3.305226e-03
1164556494.811523 -9.404793e-04
1164556494.811646 -3.119559e-03
1164556494.811768 -8.183962e-03
1164556494.811890 -1.122826e-02
1164556494.812012 -8.535056e-03
1164556494.812134 -1.234937e-04
1164556494.812256 1.128113e-02
1164556494.812378 1.740678e-02
1164556494.812500 1.730171e-02
1164556494.812622 1.237310e-02
1164556494.812744 5.702838e-03
1164556494.812866 -4.551422e-04
1164556494.812988 -4.848839e-03
1164556494.813110 -9.711039e-03
1164556494.813232 -1.252502e-02
1164556494.813354 -1.100549e-02
1164556494.813477 -7.869742e-03
1164556494.813599 -6.226781e-03
1164556494.813721 -5.439855e-03
1164556494.813843 -3.954750e-03
1164556494.813965 2.664828e-04
1164556494.814087 6.344131e-03
1164556494.814209 1.284734e-02
1164556494.814331 1.742571e-02
1164556494.814453 1.774447e-02
1164556494.814575 1.069236e-02
1164556494.814697 -6.061661e-05
1164556494.814819 -8.228870e-03
1164556494.814941 -1.075092e-02
1164556494.815063 -1.076863e-02
1164556494.815186 -1.009566e-02
1164556494.815308 -8.289972e-03
1164556494.815430 -5.401785e-03
1164556494.815552 -3.539867e-03
1164556494.815674 -1.169421e-03
1164556494.815796 6.794293e-04
1164556494.815918 4.158807e-03
1164556494.816040 8.565509e-03
1164556494.816162 1.196879e-02
1164556494.816284 1.020457e-02
1164556494.816406 5.325465e-03
1164556494.816528 3.553215e-04
1164556494.816650 -3.099457e-03
1164556494.816772 -4.761343e-03
1164556494.816895 -3.413316e-03
1164556494.817017 -5.682518e-04
1164556494.817139 1.244961e-03
1164556494.817261 -5.626948e-04
1164556494.817383 -4.471719e-03
1164556494.817505 -8.863994e-03
1164556494.817627 -1.084590e-02
1164556494.817749 -8.784557e-03
1164556494.817871 -4.106865e-03
1164556494.817993 1.426947e-03
1164556494.818115 7.956102e-03
1164556494.818237 1.239393e-02
1164556494.818359 1.406305e-02
1164556494.818481 1.386750e-02
1164556494.818604 1.190707e-02
1164556494.818726 6.804057e-03
1164556494.818848 -4.692270e-04
1164556494.818970 -7.896571e-03
1164556494.819092 -1.430576e-02
1164556494.819214 -1.756609e-02
1164556494.819336 -1.652477e-02
1164556494.819458 -1.245616e-02
1164556494.819580 -7.412892e-03
1164556494.819702 -4.425252e-03
1164556494.819824 3.256072e-04
1164556494.819946 9.537692e-03
1164556494.820068 1.933739e-02
1164556494.820190 2.307347e-02
1164556494.820312 2.099293e-02
1164556494.820435 1.542058e-02
1164556494.820557 6.827926e-03
1164556494.820679 -4.564231e-03
1164556494.820801 -1.482352e-02
1164556494.820923 -2.126640e-02
1164556494.821045 -2.316454e-02
1164556494.821167 -1.869109e-02
1164556494.821289 -8.660964e-03
1164556494.821411 2.570436e-04
1164556494.821533 3.637342e-03
1164556494.821655 5.084785e-03
1164556494.821777 7.228659e-03
1164556494.821899 9.867941e-03
1164556494.822021 1.309582e-02
1164556494.822144 1.433041e-02
1164556494.822266 1.211700e-02
1164556494.822388 7.464816e-03
1164556494.822510 3.151604e-03
1164556494.822632 -8.022738e-04
1164556494.822754 -5.722623e-03
1164556494.822876 -1.254921e-02
1164556494.822998 -1.882264e-02
1164556494.823120 -2.145081e-02
1164556494.823242 -1.751470e-02
1164556494.823364 -8.752303e-03
1164556494.823486 1.560301e-03
1164556494.823608 7.709912e-03
1164556494.823730 1.043421e-02
1164556494.823853 1.335282e-02
1164556494.823975 1.754352e-02
1164556494.824097 2.021130e-02
1164556494.824219 2.016824e-02
1164556494.824341 1.248613e-02
1164556494.824463 2.386111e-04
1164556494.824585 -1.098462e-02
1164556494.824707 -1.770072e-02
1164556494.824829 -2.316528e-02
1164556494.824951 -2.639416e-02
1164556494.825073 -2.379993e-02
1164556494.825195 -1.386359e-02
1164556494.825317 -2.806248e-04
1164556494.825439 1.184839e-02
1164556494.825562 2.010711e-02
1164556494.825684 2.262140e-02
1164556494.825806 1.976258e-02
1164556494.825928 1.475890e-02
1164556494.826050 1.078439e-02
1164556494.826172 6.673476e-03
1164556494.826294 7.317668e-04
1164556494.826416 -7.379248e-03
1164556494.826538 -1.617972e-02
1164556494.826660 -1.992595e-02
1164556494.826782 -1.776566e-02
1164556494.826904 -1.399980e-02
1164556494.827026 -1.238472e-02
1164556494.827148 -8.214231e-03
1164556494.827271 1.776638e-03
1164556494.827393 1.275704e-02
1164556494.827515 1.688472e-02
1164556494.827637 1.517975e-02
1164556494.827759 1.304044e-02
1164556494.827881 1.318437e-02
1164556494.828003 1.318649e-02
1164556494.828125 1.052353e-02
1164556494.828247 2.688271e-03
1164556494.828369 -7.955664e-03
1164556494.828491 -1.855345e-02
1164556494.828613 -2.405114e-02
1164556494.828735 -2.455046e-02
1164556494.828857 -1.876782e-02
1164556494.828979 -1.058942e-02
1164556494.829102 -2.031247e-03
1164556494.829224 8.101531e-03
1164556494.829346 1.933555e-02
1164556494.829468 2.610025e-02
1164556494.829590 2.420125e-02
1164556494.829712 1.538858e-02
1164556494.829834 6.255240e-03
1164556494.829956 -3.339482e-04
1164556494.830078 -4.732808e-03
1164556494.830200 -1.034016e-02
1164556494.830322 -1.597870e-02
1164556494.830444 -1.914929e-02
1164556494.830566 -1.661671e-02
1164556494.830688 -9.891265e-03
1164556494.830811 -1.865319e-03
1164556494.830933 4.338345e-03
1164556494.831055 8.990480e-03
1164556494.831177 1.074076e-02
1164556494.831299 1.041205e-02
1164556494.831421 8.064512e-03
1164556494.831543 3.557831e-03
1164556494.831665 2.955538e-04
1164556494.831787 1.346243e-03
1164556494.831909 2.418498e-03
1164556494.832031 2.156592e-03
1164556494.832153 4.962023e-04
1164556494.832275 -2.604851e-03
1164556494.832397 -6.242961e-03
1164556494.832520 -6.246446e-03
1164556494.832642 -4.368121e-03
1164556494.832764 -5.273578e-03
1164556494.832886 -7.794995e-03
1164556494.833008 -7.398717e-03
1164556494.833130 -5.656653e-03
1164556494.833252 -1.238374e-03
1164556494.833374 5.193751e-03
1164556494.833496 1.064908e-02
1164556494.833618 1.237699e-02
1164556494.833740 1.222688e-02
1164556494.833862 1.181278e-02
1164556494.833984 1.078325e-02
1164556494.834106 6.994674e-03
1164556494.834229 5.172767e-04
1164556494.834351 -6.315016e-03
1164556494.834473 -1.250406e-02
1164556494.834595 -1.972555e-02
1164556494.834717 -2.604508e-02
1164556494.834839 -2.507394e-02
1164556494.834961 -1.530693e-02
1164556494.835083 -2.083881e-03
1164556494.835205 1.385719e-02
1164556494.835327 2.706907e-02
1164556494.835449 3.172214e-02
1164556494.835571 2.661892e-02
1164556494.835693 1.698887e-02
1164556494.835815 6.645850e-03
1164556494.835938 -1.653768e-03
1164556494.836060 -9.866472e-03
1164556494.836182 -1.606186e-02
1164556494.836304 -1.945084e-02
1164556494.836426 -2.019417e-02
1164556494.836548 -2.040629e-02
1164556494.836670 -1.754569e-02
1164556494.836792 -1.127234e-02
1164556494.836914 -1.075123e-03
1164556494.837036 1.197432e-02
1164556494.837158 2.373401e-02
1164556494.837280 2.765524e-02
1164556494.837402 2.309918e-02
1164556494.837524 1.542044e-02
1164556494.837646 7.559881e-03
1164556494.837769 5.006570e-04
1164556494.837891 -2.758473e-03
1164556494.838013 -7.455265e-03
1164556494.838135 -1.586394e-02
1164556494.838257 -2.299382e-02
1164556494.838379 -2.358290e-02
1164556494.838501 -1.993877e-02
1164556494.838623 -1.454192e-02
1164556494.838745 -5.462877e-03
1164556494.838867 8.332654e-03
1164556494.838989 2.127701e-02
1164556494.839111 2.853505e-02
1164556494.839233 2.823184e-02
1164556494.839355 1.996595e-02
1164556494.839478 5.537811e-03
1164556494.839600 -6.642571e-03
1164556494.839722 -9.549460e-03
1164556494.839844 -5.820325e-03
1164556494.839966 -4.676253e-03
1164556494.840088 -9.633783e-03
1164556494.840210 -1.629167e-02
1164556494.840332 -1.855326e-02
1164556494.840454 -1.532585e-02
1164556494.840576 -7.481934e-03
1164556494.840698 -7.428351e-05
1164556494.840820 6.846998e-03
1164556494.840942 1.218499e-02
1164556494.841064 1.646677e-02
1164556494.841187 1.795727e-02
1164556494.841309 1.692871e-02
1164556494.841431 1.318556e-02
1164556494.841553 6.020953e-03
1164556494.841675 -2.802405e-03
1164556494.841797 -7.271341e-03
1164556494.841919 -8.635780e-03
1164556494.842041 -1.081699e-02
1164556494.842163 -1.615559e-02
1164556494.842285 -1.976253e-02
1164556494.842407 -1.710520e-02
1164556494.842529 -9.331457e-03
1164556494.842651 -2.271173e-03
1164556494.842773 5.240336e-03
1164556494.842896 1.318930e-02
1164556494.843018 1.845887e-02
1164556494.843140 1.903405e-02
1164556494.843262 1.798203e-02
1164556494.843384 1.558373e-02
1164556494.843506 8.797699e-03
1164556494.843628 2.870415e-04
1164556494.843750 -3.018821e-03
1164556494.843872 -5.177547e-03
1164556494.843994 -1.321069e-02
1164556494.844116 -2.396225e-02
1164556494.844238 -2.962477e-02
1164556494.844360 -2.745826e-02
1164556494.844482 -1.813339e-02
1164556494.844604 -4.035074e-03
1164556494.844727 1.115368e-02
1164556494.844849 2.238739e-02
1164556494.844971 3.004003e-02
1164556494.845093 3.432079e-02
1164556494.845215 3.144732e-02
1164556494.845337 2.090367e-02
1164556494.845459 7.612984e-03
1164556494.845581 -6.150786e-03
1164556494.845703 -1.964586e-02
1164556494.845825 -3.097458e-02
1164556494.845947 -3.731344e-02
1164556494.846069 -3.524658e-02
1164556494.846191 -2.436959e-02
1164556494.846313 -8.345365e-03
1164556494.846436 6.726709e-03
1164556494.846558 1.700168e-02
1164556494.846680 2.232059e-02
1164556494.846802 2.488609e-02
1164556494.846924 2.881947e-02
1164556494.847046 2.871536e-02
1164556494.847168 1.970688e-02
1164556494.847290 6.666537e-03
1164556494.847412 -6.093671e-03
1164556494.847534 -1.741183e-02
1164556494.847656 -2.630339e-02
1164556494.847778 -3.009205e-02
1164556494.847900 -2.763048e-02
1164556494.848022 -2.045514e-02
1164556494.848145 -9.566864e-03
1164556494.848267 2.246407e-03
1164556494.848389 9.503453e-03
1164556494.848511 1.128454e-02
1164556494.848633 1.514115e-02
1164556494.848755 1.996339e-02
1164556494.848877 2.263648e-02
1164556494.848999 2.086765e-02
1164556494.849121 1.998541e-02
1164556494.849243 1.522351e-02
1164556494.849365 6.257785e-04
1164556494.849487 -1.766496e-02
1164556494.849609 -3.005570e-02
1164556494.849731 -3.440363e-02
1164556494.849854 -3.511662e-02
1164556494.849976 -2.763797e-02
1164556494.850098 -1.082992e-02
1164556494.850220 8.794435e-03
1164556494.850342 2.106238e-02
1164556494.850464 2.221383e-02
1164556494.850586 2.028984e-02
1164556494.850708 2.053521e-02
1164556494.850830 2.528923e-02
1164556494.850952 2.665971e-02
1164556494.851074 1.662159e-02
1164556494.851196 -2.864607e-03
1164556494.851318 -2.398822e-02
1164556494.851440 -3.668470e-02
1164556494.851562 -3.526236e-02
1164556494.851685 -2.415347e-02
1164556494.851807 -1.117414e-02
1164556494.851929 -3.730902e-04
1164556494.852051 6.460478e-03
1164556494.852173 1.234469e-02
1164556494.852295 1.634732e-02
1164556494.852417 1.291006e-02
1164556494.852539 4.029857e-03
1164556494.852661 1.232566e-03
1164556494.852783 1.045850e-02
1164556494.852905 2.038627e-02
1164556494.853027 2.043895e-02
1164556494.853149 9.640601e-03
1164556494.853271 -6.155520e-03
1164556494.853394 -2.049398e-02
1164556494.853516 -2.556703e-02
1164556494.853638 -2.103464e-02
1164556494.853760 -1.362268e-02
1164556494.853882 -1.131962e-02
1164556494.854004 -1.253281e-02
1164556494.854126 -8.479622e-03
1164556494.854248 1.155573e-03
1164556494.854370 1.107949e-02
1164556494.854492 1.930229e-02
1164556494.854614 2.588697e-02
1164556494.854736 3.341894e-02
1164556494.854858 3.456379e-02
1164556494.854980 2.317305e-02
1164556494.855103 1.006506e-03
1164556494.855225 -2.246032e-02
1164556494.855347 -3.883073e-02
1164556494.855469 -4.195773e-02
1164556494.855591 -3.232590e-02
1164556494.855713 -1.574261e-02
1164556494.855835 -2.863381e-03
1164556494.855957 1.210318e-03
1164556494.856079 3.861114e-03
1164556494.856201 1.239292e-02
1164556494.856323 2.405497e-02
1164556494.856445 2.838195e-02
1164556494.856567 2.255857e-02
1164556494.856689 1.520995e-02
1164556494.856812 1.173828e-02
1164556494.856934 8.143017e-03
1164556494.857056 6.151184e-04
1164556494.857178 -1.066069e-02
1164556494.857300 -2.310910e-02
1164556494.857422 -3.064129e-02
1164556494.857544 -2.992163e-02
1164556494.857666 -2.096425e-02
1164556494.857788 -1.224975e-02
1164556494.857910 -7.156115e-03
1164556494.858032 -3.466118e-03
1164556494.858154 7.790060e-03
1164556494.858276 2.688433e-02
1164556494.858398 3.957361e-02
1164556494.858521 3.665914e-02
1164556494.858643 2.717901e-02
1164556494.858765 1.867273e-02
1164556494.858887 7.503810e-03
1164556494.859009 -7.249534e-03
1164556494.859131 -2.082891e-02
1164556494.859253 -3.328290e-02
1164556494.859375 -4.322150e-02
1164556494.859497 -4.528520e-02
1164556494.859619 -3.464340e-02
1164556494.859741 -1.328030e-02
1164556494.859863 9.797501e-03
1164556494.859985 2.446357e-02
1164556494.860107 3.446248e-02
1164556494.860229 4.331587e-02
1164556494.860352 4.381444e-02
1164556494.860474 2.812950e-02
1164556494.860596 7.510774e-03
1164556494.860718 -5.323724e-03
1164556494.860840 -9.260587e-03
1164556494.860962 -1.392917e-02
1164556494.861084 -2.176843e-02
1164556494.861206 -3.027233e-02
1164556494.861328 -3.667614e-02
1164556494.861450 -3.602276e-02
1164556494.861572 -2.611945e-02
1164556494.861694 -8.679087e-03
1164556494.861816 1.470043e-02
1164556494.861938 3.701268e-02
1164556494.862061 4.572269e-02
1164556494.862183 3.938463e-02
1164556494.862305 2.661197e-02
1164556494.862427 1.274640e-02
1164556494.862549 -4.769751e-04
1164556494.862671 -9.908067e-03
1164556494.862793 -9.837695e-03
1164556494.862915 -8.333658e-03
1164556494.863037 -1.402047e-02
1164556494.863159 -2.583205e-02
1164556494.863281 -3.696945e-02
1164556494.863403 -3.832941e-02
1164556494.863525 -2.572987e-02
1164556494.863647 -4.618325e-03
1164556494.863770 1.812998e-02
1164556494.863892 3.826269e-02
1164556494.864014 4.756123e-02
1164556494.864136 4.133341e-02
1164556494.864258 2.399276e-02
1164556494.864380 4.424591e-03
1164556494.864502 -8.057540e-03
1164556494.864624 -1.052486e-02
1164556494.864746 -5.931429e-03
1164556494.864868 -5.058398e-03
1164556494.864990 -1.179087e-02
1164556494.865112 -2.457212e-02
1164556494.865234 -3.886620e-02
1164556494.865356 -4.422512e-02
1164556494.865479 -2.984948e-02
1164556494.865601 -1.959887e-04
1164556494.865723 2.556586e-02
1164556494.865845 4.018879e-02
1164556494.865967 4.764050e-02
1164556494.866089 4.428639e-02
1164556494.866211 2.417818e-02
1164556494.866333 -2.554511e-04
1164556494.866455 -1.121525e-02
1164556494.866577 -9.160608e-03
1164556494.866699 -2.102066e-03
1164556494.866821 -2.745700e-03
1164556494.866943 -1.558406e-02
1164556494.867065 -3.430092e-02
1164556494.867188 -4.515046e-02
1164556494.867310 -4.175841e-02
1164556494.867432 -2.632466e-02
1164556494.867554 -8.115123e-04
1164556494.867676 2.739504e-02
1164556494.867798 4.455745e-02
1164556494.867920 4.686475e-02
1164556494.868042 4.345122e-02
1164556494.868164 3.748935e-02
1164556494.868286 1.905628e-02
1164556494.868408 -6.427097e-03
1164556494.868530 -1.913123e-02
1164556494.868652 -1.785336e-02
1164556494.868774 -2.228897e-02
1164556494.868896 -3.586783e-02
1164556494.869019 -4.624381e-02
1164556494.869141 -4.113802e-02
1164556494.869263 -2.553630e-02
1164556494.869385 -4.448721e-03
1164556494.869507 1.930437e-02
1164556494.869629 3.729580e-02
1164556494.869751 4.392617e-02
1164556494.869873 4.077603e-02
1164556494.869995 3.467102e-02
1164556494.870117 2.616146e-02
1164556494.870239 1.200468e-02
1164556494.870361 -7.086272e-03
1164556494.870483 -2.363829e-02
1164556494.870605 -2.773606e-02
1164556494.870728 -2.380838e-02
1164556494.870850 -2.367163e-02
1164556494.870972 -3.166530e-02
1164556494.871094 -3.358187e-02
1164556494.871216 -2.378571e-02
1164556494.871338 -8.579379e-03
1164556494.871460 7.098050e-03
1164556494.871582 2.399117e-02
1164556494.871704 3.950083e-02
1164556494.871826 4.753003e-02
1164556494.871948 4.618621e-02
1164556494.872070 3.667782e-02
1164556494.872192 2.350298e-02
1164556494.872314 1.613769e-03
1164556494.872437 -2.705045e-02
1164556494.872559 -4.597424e-02
1164556494.872681 -4.343866e-02
1164556494.872803 -3.104205e-02
1164556494.872925 -2.936192e-02
1164556494.873047 -3.174205e-02
1164556494.873169 -2.547904e-02
1164556494.873291 -9.759883e-03
1164556494.873413 6.797440e-03
1164556494.873535 2.924386e-02
1164556494.873657 5.340537e-02
1164556494.873779 6.502211e-02
1164556494.873901 6.285379e-02
1164556494.874023 4.877319e-02
1164556494.874146 1.921385e-02
1164556494.874268 -2.172428e-02
1164556494.874390 -5.409892e-02
1164556494.874512 -6.497914e-02
1164556494.874634 -5.727827e-02
1164556494.874756 -3.761629e-02
1164556494.874878 -1.685459e-02
1164556494.875000 -6.907724e-03
1164556494.875122 -7.878889e-03
1164556494.875244 -4.417372e-03
1164556494.875366 7.700204e-03
1164556494.875488 2.799164e-02
1164556494.875610 5.092076e-02
1164556494.875732 6.784309e-02
1164556494.875854 6.763443e-02
1164556494.875977 4.590778e-02
1164556494.876099 7.511234e-03
1164556494.876221 -3.302396e-02
1164556494.876343 -5.947782e-02
1164556494.876465 -6.393134e-02
1164556494.876587 -4.934582e-02
1164556494.876709 -2.972876e-02
1164556494.876831 -1.940479e-02
1164556494.876953 -1.750080e-02
1164556494.877075 -1.677169e-02
1164556494.877197 -7.023554e-03
1164556494.877319 8.081663e-03
1164556494.877441 2.968885e-02
1164556494.877563 6.444379e-02
1164556494.877686 9.396886e-02
1164556494.877808 8.645826e-02
1164556494.877930 5.122583e-02
1164556494.878052 8.379733e-03
1164556494.878174 -4.109222e-02
1164556494.878296 -8.316716e-02
1164556494.878418 -9.133896e-02
1164556494.878540 -7.007242e-02
1164556494.878662 -4.904257e-02
1164556494.878784 -3.568286e-02
1164556494.878906 -1.595010e-02
1164556494.879028 8.392956e-03
1164556494.879150 2.632386e-02
1164556494.879272 4.544324e-02
1164556494.879395 6.874106e-02
1164556494.879517 8.011876e-02
1164556494.879639 8.040940e-02
1164556494.879761 6.562776e-02
1164556494.879883 2.661828e-02
1164556494.880005 -2.806845e-02
1164556494.880127 -7.373437e-02
1164556494.880249 -9.398844e-02
1164556494.880371 -9.050064e-02
1164556494.880493 -6.756407e-02
1164556494.880615 -3.063666e-02
1164556494.880737 -3.393724e-03
1164556494.880859 -1.016938e-03
1164556494.880981 5.078336e-03
1164556494.881104 3.696673e-02
1164556494.881226 6.922665e-02
1164556494.881348 7.718722e-02
1164556494.881470 6.705773e-02
1164556494.881592 5.841997e-02
1164556494.881714 4.475858e-02
1164556494.881836 8.840718e-03
1164556494.881958 -3.821898e-02
1164556494.882080 -6.984165e-02
1164556494.882202 -8.608845e-02
1164556494.882324 -8.491457e-02
1164556494.882446 -5.757189e-02
1164556494.882568 -2.318490e-02
1164556494.882690 -6.460047e-03
1164556494.882812 -3.516714e-03
1164556494.882935 6.496229e-03
1164556494.883057 3.627090e-02
1164556494.883179 7.152065e-02
1164556494.883301 8.982121e-02
1164556494.883423 8.110084e-02
1164556494.883545 5.161164e-02
1164556494.883667 2.370337e-02
1164556494.883789 5.476631e-03
1164556494.883911 -2.507013e-02
1164556494.884033 -6.744138e-02
1164556494.884155 -9.365171e-02
1164556494.884277 -9.286005e-02
1164556494.884399 -7.301212e-02
1164556494.884521 -3.913421e-02
1164556494.884644 -6.283522e-03
1164556494.884766 1.490690e-02
1164556494.884888 2.224720e-02
1164556494.885010 3.767172e-02
1164556494.885132 7.416145e-02
1164556494.885254 9.925849e-02
1164556494.885376 8.612222e-02
1164556494.885498 5.389023e-02
1164556494.885620 2.557277e-02
1164556494.885742 1.867942e-03
1164556494.885864 -2.501052e-02
1164556494.885986 -5.929914e-02
1164556494.886108 -9.303264e-02
1164556494.886230 -1.162048e-01
1164556494.886353 -1.065891e-01
1164556494.886475 -5.856193e-02
1164556494.886597 -9.549025e-03
1164556494.886719 1.745400e-02
1164556494.886841 3.387759e-02
1164556494.886963 5.610706e-02
1164556494.887085 7.898756e-02
1164556494.887207 1.041587e-01
1164556494.887329 1.163391e-01
1164556494.887451 9.823558e-02
1164556494.887573 5.591223e-02
1164556494.887695 7.690795e-03
1164556494.887817 -3.725172e-02
1164556494.887939 -8.894399e-02
1164556494.888062 -1.411142e-01
1164556494.888184 -1.742703e-01
1164556494.888306 -1.645117e-01
1164556494.888428 -1.021168e-01
1164556494.888550 -1.302037e-02
1164556494.888672 5.551362e-02
1164556494.888794 9.023551e-02
1164556494.888916 1.179924e-01
1164556494.889038 1.367871e-01
1164556494.889160 1.447852e-01
1164556494.889282 1.424057e-01
1164556494.889404 1.205623e-01
1164556494.889526 6.462887e-02
1164556494.889648 -2.198381e-02
1164556494.889771 -1.126940e-01
1164556494.889893 -1.814820e-01
1164556494.890015 -2.176279e-01
1164556494.890137 -2.216393e-01
1164556494.890259 -1.825649e-01
1164556494.890381 -9.739189e-02
1164556494.890503 1.690019e-02
1164556494.890625 1.122614e-01
1164556494.890747 1.559714e-01
1164556494.890869 1.788708e-01
1164556494.890991 2.025446e-01
1164556494.891113 2.155744e-01
1164556494.891235 1.939672e-01
1164556494.891357 1.374123e-01
1164556494.891479 4.556014e-02
1164556494.891602 -7.415780e-02
1164556494.891724 -2.121660e-01
1164556494.891846 -3.285455e-01
1164556494.891968 -3.697081e-01
1164556494.892090 -3.371649e-01
1164556494.892212 -2.473443e-01
1164556494.892334 -1.069114e-01
1164556494.892456 7.934128e-02
1164556494.892578 2.724966e-01
1164556494.892700 4.121816e-01
1164556494.892822 4.852873e-01
1164556494.892944 4.685699e-01
1164556494.893066 3.272955e-01
1164556494.893188 1.078328e-01
1164556494.893311 -1.144341e-01
1164556494.893433 -3.103744e-01
1164556494.893555 -4.521436e-01
1164556494.893677 -5.166620e-01
1164556494.893799 -4.957589e-01
1164556494.893921 -3.838872e-01
1164556494.894043 -1.790043e-01
1164556494.894165 8.066892e-02
1164556494.894287 3.087265e-01
1164556494.894409 4.634743e-01
1164556494.894531 5.359638e-01
1164556494.894653 5.144318e-01
1164556494.894775 3.868980e-01
1164556494.894897 2.057522e-01
1164556494.895020 3.041273e-02
1164556494.895142 -1.660096e-01
1164556494.895264 -3.723779e-01
1164556494.895386 -5.219277e-01
1164556494.895508 -5.682876e-01
1164556494.895630 -5.225232e-01
1164556494.895752 -3.872344e-01
1164556494.895874 -1.762866e-01
1164556494.895996 8.879812e-02
1164556494.896118 3.751880e-01
1164556494.896240 5.921762e-01
1164556494.896362 6.823510e-01
1164556494.896484 6.311909e-01
1164556494.896606 4.612393e-01
1164556494.896729 1.974481e-01
1164556494.896851 -9.397615e-02
1164556494.896973 -3.340451e-01
1164556494.897095 -5.191627e-01
1164556494.897217 -6.571351e-01
1164556494.897339 -6.875814e-01
1164556494.897461 -5.512845e-01
1164556494.897583 -3.162766e-01
1164556494.897705 -3.867883e-02
1164556494.897827 2.527685e-01
1164556494.897949 5.062896e-01
1164556494.898071 6.742764e-01
1164556494.898193 7.412807e-01
1164556494.898315 6.836436e-01
1164556494.898438 4.641432e-01
1164556494.898560 1.341306e-01
1164556494.898682 -2.172182e-01
1164556494.898804 -5.168033e-01
1164556494.898926 -7.146754e-01
1164556494.899048 -7.675517e-01
1164556494.899170 -7.039689e-01
1164556494.899292 -5.630135e-01
1164556494.899414 -2.921826e-01
1164556494.899536 9.833398e-02
1164556494.899658 4.870530e-01
1164556494.899780 7.413110e-01
1164556494.899902 8.577354e-01
1164556494.900024 8.520227e-01
1164556494.900146 6.955578e-01
1164556494.900269 3.866250e-01
1164556494.900391 -2.488631e-02
1164556494.900513 -4.613311e-01
1164556494.900635 -8.617086e-01
1164556494.900757 -1.104499e+00
1164556494.900879 -1.072931e+00
1164556494.901001 -7.582553e-01
1164556494.901123 -3.000755e-01
1164556494.901245 1.691308e-01
1164556494.901367 6.281198e-01
1164556494.901489 1.017183e+00
1164556494.901611 1.201355e+00
1164556494.901733 1.083527e+00
1164556494.901855 6.991264e-01
1164556494.901978 1.419164e-01
1164556494.902100 -4.340247e-01
1164556494.902222 -8.814078e-01
1164556494.902344 -1.129718e+00
1164556494.902466 -1.144766e+00
1164556494.902588 -9.113645e-01
1164556494.902710 -4.533043e-01
1164556494.902832 1.248012e-01
1164556494.902954 7.183946e-01
1164556494.903076 1.157041e+00
1164556494.903198 1.239589e+00
1164556494.903320 9.219886e-01
1164556494.903442 4.029917e-01
1164556494.903564 -1.306606e-01
1164556494.903687 -6.396156e-01
1164556494.903809 -1.006746e+00
1164556494.903931 -1.084011e+00
1164556494.904053 -8.040084e-01
1164556494.904175 -2.683351e-01
1164556494.904297 3.249131e-01
1164556494.904419 7.852387e-01
1164556494.904541 9.660947e-01
1164556494.904663 7.992856e-01
1164556494.904785 3.369538e-01
1164556494.904907 -1.930768e-01
1164556494.905029 -5.973060e-01
1164556494.905151 -8.113948e-01
1164556494.905273 -8.105513e-01
1164556494.905396 -4.836074e-01
1164556494.905518 1.656390e-01
1164556494.905640 8.013113e-01
1164556494.905762 1.071545e+00
1164556494.905884 8.715695e-01
1164556494.906006 2.717470e-01
1164556494.906128 -4.991553e-01
1164556494.906250 -1.038635e+00
1164556494.906372 -1.069716e+00
1164556494.906494 -5.884503e-01
1164556494.906616 2.113565e-01
1164556494.906738 8.881073e-01
1164556494.906860 9.479682e-01
1164556494.906982 2.943524e-01
1164556494.907104 -5.059151e-01
1164556494.907227 -7.043942e-01
1164556494.907349 -5.438066e-02
1164556494.907471 6.521696e-01
1164556494.907593 3.110962e-01
1164556494.907715 -3.467277e-01
1164556494.907837 -1.096845e-01
1164556494.907959 -3.619634e-02
1164556494.908081 -6.510435e-02
1164556494.908203 -4.973056e-02
1164556494.908325 -4.066771e-02
1164556494.908447 -1.487529e-02
1164556494.908569 2.648426e-03
1164556494.908691 -4.464254e-02
1164556494.908813 -3.726172e-02
1164556494.908936 4.747646e-02
1164556494.909058 1.306349e-01
1164556494.909180 1.410792e-01
1164556494.909302 8.165623e-02
1164556494.909424 -3.315867e-02
1164556494.909546 -9.156792e-02
1164556494.909668 -1.220670e-02
1164556494.909790 5.292429e-02
1164556494.909912 -8.153433e-03
1164556494.910034 -7.555579e-02
1164556494.910156 -5.518457e-02
1164556494.910278 -2.883227e-02
1164556494.910400 -3.098015e-02
1164556494.910522 -3.689652e-02
1164556494.910645 -2.612897e-02
1164556494.910767 -1.683208e-02
1164556494.910889 3.038154e-03
1164556494.911011 7.087245e-02
1164556494.911133 1.359816e-01
1164556494.911255 1.198698e-01
1164556494.911377 1.484778e-02
1164556494.911499 -6.522643e-02
1164556494.911621 -3.747464e-02
1164556494.911743 2.804466e-02
1164556494.911865 1.143378e-02
1164556494.911987 -6.283929e-02
1164556494.912109 -7.384335e-02
1164556494.912231 -5.505549e-02
1164556494.912354 -4.030504e-02
1164556494.912476 -2.114899e-02
1164556494.912598 -3.045188e-03
1164556494.912720 -7.638274e-03
1164556494.912842 1.198822e-04
1164556494.912964 5.706260e-02
1164556494.913086 1.134535e-01
1164556494.913208 1.177784e-01
1164556494.913330 5.737432e-02
1164556494.913452 -2.207340e-02
1164556494.913574 -6.154188e-02
1164556494.913696 -2.958630e-02
1164556494.913818 4.433956e-03
1164556494.913940 -3.709108e-02
1164556494.914062 -9.099563e-02
1164556494.914185 -8.073174e-02
1164556494.914307 -2.950869e-02
1164556494.914429 -5.570736e-03
1164556494.914551 6.585431e-03
1164556494.914673 2.062430e-02
1164556494.914795 3.369862e-02
1164556494.914917 4.534327e-02
1164556494.915039 7.544299e-02
1164556494.915161 1.120313e-01
1164556494.915283 8.337616e-02
1164556494.915405 -1.068751e-02
1164556494.915527 -8.346710e-02
1164556494.915649 -6.886679e-02
1164556494.915771 -3.378848e-02
1164556494.915894 -4.065901e-02
1164556494.916016 -5.437991e-02
1164556494.916138 -4.555796e-02
1164556494.916260 -2.712234e-02
1164556494.916382 -1.406774e-02
1164556494.916504 1.887247e-02
1164556494.916626 3.602837e-02
1164556494.916748 3.467835e-02
1164556494.916870 5.133588e-02
1164556494.916992 8.477844e-02
1164556494.917114 9.217704e-02
1164556494.917236 5.667556e-02
1164556494.917358 -2.903912e-03
1164556494.917480 -7.676311e-02
1164556494.917603 -1.146035e-01
1164556494.917725 -8.342919e-02
1164556494.917847 -3.018110e-02
1164556494.917969 -1.815871e-02
1164556494.918091 -1.700290e-02
1164556494.918213 7.690892e-03
1164556494.918335 1.350839e-02
1164556494.918457 1.101379e-02
1164556494.918579 2.624780e-02
1164556494.918701 5.028767e-02
1164556494.918823 5.315208e-02
1164556494.918945 5.415358e-02
1164556494.919067 5.520309e-02
1164556494.919189 3.220360e-02
1164556494.919312 -2.379619e-02
1164556494.919434 -8.086608e-02
1164556494.919556 -9.370202e-02
1164556494.919678 -6.536854e-02
1164556494.919800 -1.477643e-02
1164556494.919922 9.693239e-03
1164556494.920044 8.794513e-03
1164556494.920166 1.452964e-02
1164556494.920288 1.093718e-02
1164556494.920410 -8.239553e-03
1164556494.920532 -2.140881e-03
1164556494.920654 4.106236e-02
1164556494.920776 5.948230e-02
1164556494.920898 5.260129e-02
1164556494.921021 4.058954e-02
1164556494.921143 1.824501e-02
1164556494.921265 -2.652750e-02
1164556494.921387 -6.856746e-02
1164556494.921509 -7.159867e-02
1164556494.921631 -4.693356e-02
1164556494.921753 -1.423569e-02
1164556494.921875 7.731188e-03
1164556494.921997 8.512420e-03
1164556494.922119 -1.445589e-03
1164556494.922241 2.968114e-03
1164556494.922363 7.898369e-03
1164556494.922485 3.312346e-03
1164556494.922607 2.863112e-02
1164556494.922729 6.591441e-02
1164556494.922852 6.724896e-02
1164556494.922974 2.723414e-02
1164556494.923096 -1.571840e-02
1164556494.923218 -4.422703e-02
1164556494.923340 -5.729037e-02
1164556494.923462 -5.510297e-02
1164556494.923584 -2.862681e-02
1164556494.923706 6.018382e-03
1164556494.923828 1.193236e-02
1164556494.923950 -1.163512e-03
1164556494.924072 -1.017931e-02
1164556494.924194 -4.128728e-03
1164556494.924316 6.923605e-03
1164556494.924438 1.018697e-02
1164556494.924561 2.276502e-02
1164556494.924683 4.838642e-02
1164556494.924805 6.115580e-02
1164556494.924927 3.537225e-02
1164556494.925049 -6.520112e-03
1164556494.925171 -4.107773e-02
1164556494.925293 -4.943472e-02
1164556494.925415 -3.718340e-02
1164556494.925537 -2.284744e-02
1164556494.925659 -1.439165e-02
1164556494.925781 -1.419388e-02
1164556494.925903 -1.523877e-02
1164556494.926025 -1.199417e-02
1164556494.926147 5.024728e-03
1164556494.926270 2.953585e-02
1164556494.926392 3.981255e-02
1164556494.926514 3.225162e-02
1164556494.926636 3.081207e-02
1164556494.926758 4.075256e-02
1164556494.926880 3.187603e-02
1164556494.927002 2.542469e-03
1164556494.927124 -3.640974e-02
1164556494.927246 -6.210632e-02
1164556494.927368 -5.884289e-02
1164556494.927490 -3.349114e-02
1164556494.927612 -1.313533e-02
1164556494.927734 -6.287625e-03
1164556494.927856 -8.235627e-04
1164556494.927979 9.468109e-03
1164556494.928101 2.551306e-02
1164556494.928223 3.995547e-02
1164556494.928345 4.312511e-02
1164556494.928467 2.564011e-02
1164556494.928589 4.344148e-03
1164556494.928711 4.957010e-03
1164556494.928833 1.098068e-02
1164556494.928955 2.581746e-03
1164556494.929077 -1.978344e-02
1164556494.929199 -4.128721e-02
1164556494.929321 -5.294174e-02
1164556494.929443 -3.699925e-02
1164556494.929565 -4.059728e-03
1164556494.929688 1.417320e-02
1164556494.929810 8.861518e-03
1164556494.929932 2.368622e-03
1164556494.930054 1.413484e-02
1164556494.930176 2.645126e-02
1164556494.930298 2.155329e-02
1164556494.930420 1.476122e-02
1164556494.930542 1.401195e-02
1164556494.930664 1.276330e-02
1164556494.930786 1.401521e-02
1164556494.930908 1.466051e-02
1164556494.931030 -1.878914e-04
1164556494.931152 -3.358263e-02
1164556494.931274 -6.445202e-02
1164556494.931396 -5.689669e-02
1164556494.931519 -2.104545e-02
1164556494.931641 7.543761e-03
1164556494.931763 1.700264e-02
1164556494.931885 1.662153e-02
1164556494.932007 1.434783e-02
1164556494.932129 2.153532e-02
1164556494.932251 3.121417e-02
1164556494.932373 3.096055e-02
1164556494.932495 2.418844e-02
1164556494.932617 1.848615e-02
1164556494.932739 9.357487e-03
1164556494.932861 -9.642823e-03
1164556494.932983 -3.483581e-02
1164556494.933105 -5.110854e-02
1164556494.933228 -5.712679e-02
1164556494.933350 -4.956703e-02
1164556494.933472 -1.257729e-02
1164556494.933594 3.495951e-02
1164556494.933716 4.859495e-02
1164556494.933838 2.745809e-02
1164556494.933960 6.379938e-03
1164556494.934082 6.131650e-03
1164556494.934204 1.278068e-02
1164556494.934326 1.350050e-02
1164556494.934448 1.581943e-02
1164556494.934570 2.390404e-02
1164556494.934692 1.429272e-02
1164556494.934814 -1.233612e-02
1164556494.934937 -3.404240e-02
1164556494.935059 -4.598082e-02
1164556494.935181 -5.012413e-02
1164556494.935303 -3.712351e-02
1164556494.935425 -5.909906e-03
1164556494.935547 2.501175e-02
1164556494.935669 3.700449e-02
1164556494.935791 3.047443e-02
1164556494.935913 1.564022e-02
1164556494.936035 2.239971e-04
1164556494.936157 -4.446484e-04
1164556494.936279 1.922845e-02
1164556494.936401 2.938187e-02
1164556494.936523 2.231404e-02
1164556494.936646 9.927182e-03
1164556494.936768 -9.836337e-03
1164556494.936890 -4.139168e-02
1164556494.937012 -6.227009e-02
1164556494.937134 -5.279141e-02
1164556494.937256 -2.675405e-02
1164556494.937378 -2.441529e-03
1164556494.937500 2.402682e-02
1164556494.937622 4.607271e-02
1164556494.937744 4.096026e-02
1164556494.937866 1.830036e-02
1164556494.937988 7.478944e-03
1164556494.938110 8.168141e-03
1164556494.938232 1.103057e-02
1164556494.938354 1.259647e-02
1164556494.938477 8.604418e-03
1164556494.938599 -5.481169e-03
1164556494.938721 -2.416839e-02
1164556494.938843 -4.199331e-02
1164556494.938965 -4.667849e-02
1164556494.939087 -3.578293e-02
1164556494.939209 -1.222039e-02
1164556494.939331 1.454980e-02
1164556494.939453 3.279976e-02
1164556494.939575 3.589343e-02
1164556494.939697 2.706665e-02
1164556494.939819 1.584390e-02
1164556494.939941 8.824599e-03
1164556494.940063 3.756590e-03
1164556494.940186 -6.332273e-04
1164556494.940308 -2.330988e-03
1164556494.940430 -2.276942e-03
1164556494.940552 -7.000691e-03
1164556494.940674 -1.198838e-02
1164556494.940796 -1.861908e-02
1164556494.940918 -2.603067e-02
1164556494.941040 -2.628946e-02
1164556494.941162 -1.264314e-02
1164556494.941284 3.921618e-03
1164556494.941406 1.451290e-02
1164556494.941528 2.070649e-02
1164556494.941650 2.218954e-02
1164556494.941772 1.782859e-02
1164556494.941895 1.504916e-02
1164556494.942017 1.710049e-02
1164556494.942139 9.175226e-03
1164556494.942261 -8.354465e-03
1164556494.942383 -1.558130e-02
1164556494.942505 -1.038607e-02
1164556494.942627 -7.427229e-03
1164556494.942749 -1.549997e-02
1164556494.942871 -2.112958e-02
1164556494.942993 -1.953842e-02
1164556494.943115 -1.256675e-02
1164556494.943237 -4.390058e-03
1164556494.943359 7.671094e-03
1164556494.943481 1.999254e-02
1164556494.943604 2.451780e-02
1164556494.943726 2.127268e-02
1164556494.943848 1.551449e-02
1164556494.943970 1.345423e-02
1164556494.944092 9.139067e-03
1164556494.944214 -2.497578e-03
1164556494.944336 -1.280582e-02
1164556494.944458 -1.153683e-02
1164556494.944580 -5.921288e-03
1164556494.944702 -9.676382e-03
1164556494.944824 -2.123002e-02
1164556494.944946 -3.173668e-02
1164556494.945068 -3.001872e-02
1164556494.945190 -1.487910e-02
1164556494.945312 9.325040e-03
1164556494.945435 3.145481e-02
1164556494.945557 4.429995e-02
1164556494.945679 4.199575e-02
1164556494.945801 2.596098e-02
1164556494.945923 6.952078e-03
1164556494.946045 -5.484760e-03
1164556494.946167 -1.263073e-02
1164556494.946289 -2.072332e-02
1164556494.946411 -2.239879e-02
1164556494.946533 -1.301771e-02
1164556494.946655 -7.523549e-03
1164556494.946777 -1.783733e-02
1164556494.946899 -3.254793e-02
1164556494.947021 -2.689067e-02
1164556494.947144 -3.536930e-03
1164556494.947266 2.239078e-02
1164556494.947388 4.308871e-02
1164556494.947510 5.330760e-02
1164556494.947632 4.298076e-02
1164556494.947754 1.651562e-02
1164556494.947876 -9.274184e-03
1164556494.947998 -2.239313e-02
1164556494.948120 -2.582437e-02
1164556494.948242 -2.339106e-02
1164556494.948364 -1.672920e-02
1164556494.948486 -1.027531e-02
1164556494.948608 -7.637538e-03
1164556494.948730 -9.750234e-03
1164556494.948853 -1.501922e-02
1164556494.948975 -1.467596e-02
1164556494.949097 3.191181e-04
1164556494.949219 2.611241e-02
1164556494.949341 3.989291e-02
1164556494.949463 3.614693e-02
1164556494.949585 2.469849e-02
1164556494.949707 1.063145e-02
1164556494.949829 -6.322148e-03
1164556494.949951 -1.865921e-02
1164556494.950073 -2.024552e-02
1164556494.950195 -1.677780e-02
1164556494.950317 -1.431139e-02
1164556494.950439 -1.359744e-02
1164556494.950562 -1.408732e-02
1164556494.950684 -1.585515e-02
1164556494.950806 -1.475695e-02
1164556494.950928 -5.487235e-03
1164556494.951050 1.081435e-02
1164556494.951172 3.014057e-02
1164556494.951294 4.229075e-02
1164556494.951416 4.020451e-02
1164556494.951538 2.375774e-02
1164556494.951660 3.130903e-03
1164556494.951782 -1.452551e-02
1164556494.951904 -2.701217e-02
1164556494.952026 -3.185551e-02
1164556494.952148 -2.853008e-02
1164556494.952271 -1.905184e-02
1164556494.952393 -7.412627e-03
1164556494.952515 -5.215104e-04
1164556494.952637 1.427628e-03
1164556494.952759 6.896584e-03
1164556494.952881 1.545387e-02
1164556494.953003 1.889561e-02
1164556494.953125 1.835688e-02
1164556494.953247 1.535972e-02
1164556494.953369 9.640936e-03
1164556494.953491 -6.314085e-04
1164556494.953613 -8.552896e-03
1164556494.953735 -8.964297e-03
1164556494.953857 -6.157055e-03
1164556494.953979 -5.088850e-03
1164556494.954102 -6.972975e-03
1164556494.954224 -9.929659e-03
1164556494.954346 -8.485836e-03
1164556494.954468 -3.867506e-03
1164556494.954590 -4.776604e-03
1164556494.954712 -9.352832e-03
1164556494.954834 -5.636461e-03
1164556494.954956 7.378922e-03
1164556494.955078 1.827524e-02
1164556494.955200 1.880323e-02
1164556494.955322 1.675859e-02
1164556494.955444 1.581396e-02
1164556494.955566 1.315178e-02
1164556494.955688 5.026149e-03
1164556494.955811 -6.061463e-03
1164556494.955933 -1.891120e-02
1164556494.956055 -2.864258e-02
1164556494.956177 -3.147644e-02
1164556494.956299 -2.276455e-02
1164556494.956421 -4.226278e-03
1164556494.956543 1.161400e-02
1164556494.956665 1.339828e-02
1164556494.956787 1.059658e-02
1164556494.956909 1.384502e-02
1164556494.957031 1.792545e-02
1164556494.957153 1.470471e-02
1164556494.957275 7.628731e-03
1164556494.957397 1.898459e-03
1164556494.957520 -9.489500e-04
1164556494.957642 -1.726922e-03
1164556494.957764 -3.995565e-03
1164556494.957886 -1.104967e-02
1164556494.958008 -1.919122e-02
1164556494.958130 -2.336483e-02
1164556494.958252 -1.591949e-02
1164556494.958374 -3.930279e-04
1164556494.958496 1.229287e-02
1164556494.958618 1.103820e-02
1164556494.958740 2.171079e-03
1164556494.958862 -8.138032e-04
1164556494.958984 5.331576e-03
1164556494.959106 1.371412e-02
1164556494.959229 1.916161e-02
1164556494.959351 1.960536e-02
1164556494.959473 1.444911e-02
1164556494.959595 3.177863e-03
1164556494.959717 -1.190716e-02
1164556494.959839 -2.439355e-02
1164556494.959961 -3.126269e-02
1164556494.960083 -3.105130e-02
1164556494.960205 -2.162641e-02
1164556494.960327 -4.007986e-03
1164556494.960449 1.485541e-02
1164556494.960571 2.308825e-02
1164556494.960693 1.908470e-02
1164556494.960815 1.269549e-02
1164556494.960938 1.312682e-02
1164556494.961060 1.673736e-02
1164556494.961182 1.648184e-02
1164556494.961304 6.155729e-03
1164556494.961426 -7.750486e-03
1164556494.961548 -1.952915e-02
1164556494.961670 -2.604376e-02
1164556494.961792 -2.435050e-02
1164556494.961914 -1.643502e-02
1164556494.962036 -7.439435e-03
1164556494.962158 6.422595e-04
1164556494.962280 9.564005e-03
1164556494.962402 1.933009e-02
1164556494.962524 2.039981e-02
1164556494.962646 9.281849e-03
1164556494.962769 -3.135369e-03
1164556494.962891 -3.961001e-03
1164556494.963013 3.571730e-03
1164556494.963135 1.033092e-02
1164556494.963257 9.081757e-03
1164556494.963379 3.094934e-04
1164556494.963501 -1.104804e-02
1164556494.963623 -1.640590e-02
1164556494.963745 -1.266109e-02
1164556494.963867 -5.501470e-03
1164556494.963989 -3.246717e-04
1164556494.964111 -2.770616e-04
1164556494.964233 -2.732938e-03
1164556494.964355 -1.919212e-03
1164556494.964478 1.665230e-03
1164556494.964600 3.918013e-03
1164556494.964722 5.371700e-03
1164556494.964844 7.593786e-03
1164556494.964966 1.190080e-02
1164556494.965088 1.570234e-02
1164556494.965210 1.109081e-02
1164556494.965332 1.440859e-03
1164556494.965454 -7.229475e-03
1164556494.965576 -1.102165e-02
1164556494.965698 -1.431416e-02
1164556494.965820 -1.723762e-02
1164556494.965942 -1.319833e-02
1164556494.966064 -5.519139e-03
1164556494.966187 -1.093257e-03
1164556494.966309 -5.136252e-04
1164556494.966431 3.626560e-03
1164556494.966553 9.393840e-03
1164556494.966675 1.137210e-02
1164556494.966797 1.214703e-02
1164556494.966919 1.343241e-02
1164556494.967041 1.471237e-02
1164556494.967163 1.022073e-02
1164556494.967285 3.037260e-03
1164556494.967407 -5.987311e-03
1164556494.967529 -1.412215e-02
1164556494.967651 -1.847667e-02
1164556494.967773 -1.826248e-02
1164556494.967896 -1.778398e-02
1164556494.968018 -1.758372e-02
1164556494.968140 -1.278702e-02
1164556494.968262 -1.680992e-05
1164556494.968384 1.501390e-02
1164556494.968506 2.470780e-02
1164556494.968628 2.863920e-02
1164556494.968750 2.608492e-02
1164556494.968872 1.760753e-02
1164556494.968994 7.800223e-03
1164556494.969116 -2.622338e-03
1164556494.969238 -1.193241e-02
1164556494.969360 -1.902850e-02
1164556494.969482 -2.277887e-02
1164556494.969604 -2.320664e-02
1164556494.969727 -2.130368e-02
1164556494.969849 -1.729933e-02
1164556494.969971 -9.067954e-03
1164556494.970093 5.179623e-03
1164556494.970215 2.031125e-02
1164556494.970337 2.837956e-02
1164556494.970459 2.879611e-02
1164556494.970581 2.364817e-02
1164556494.970703 1.482932e-02
1164556494.970825 5.616168e-03
1164556494.970947 -2.732324e-03
1164556494.971069 -1.301671e-02
1164556494.971191 -2.236786e-02
1164556494.971313 -2.526202e-02
1164556494.971436 -2.123423e-02
1164556494.971558 -1.716168e-02
1164556494.971680 -1.337908e-02
1164556494.971802 -4.450515e-03
1164556494.971924 8.213279e-03
1164556494.972046 1.833867e-02
1164556494.972168 2.562699e-02
1164556494.972290 2.830325e-02
1164556494.972412 2.261252e-02
1164556494.972534 9.546029e-03
1164556494.972656 -2.853098e-03
1164556494.972778 -1.066445e-02
1164556494.972900 -1.643178e-02
1164556494.973022 -2.110132e-02
1164556494.973145 -1.890180e-02
1164556494.973267 -9.992308e-03
1164556494.973389 5.569610e-04
1164556494.973511 5.349257e-03
1164556494.973633 3.943474e-03
1164556494.973755 1.898975e-04
1164556494.973877 -1.055017e-03
1164556494.973999 9.519488e-04
1164556494.974121 7.917203e-03
1164556494.974243 1.441411e-02
1164556494.974365 1.435042e-02
1164556494.974487 6.864339e-03
1164556494.974609 -1.691252e-03
1164556494.974731 -5.668392e-03
1164556494.974854 -3.812001e-03
1164556494.974976 -2.131766e-03
1164556494.975098 -3.514818e-03
1164556494.975220 -8.340568e-03
1164556494.975342 -1.018284e-02
1164556494.975464 -9.203378e-03
1164556494.975586 -7.477887e-03
1164556494.975708 -5.485881e-03
1164556494.975830 -2.166796e-04
1164556494.975952 7.313008e-03
1164556494.976074 1.367343e-02
1164556494.976196 1.673304e-02
1164556494.976318 1.600416e-02
1164556494.976440 9.106108e-03
1164556494.976562 -1.307940e-03
1164556494.976685 -7.669159e-03
1164556494.976807 -6.219110e-03
1164556494.976929 -3.670818e-03
1164556494.977051 -5.108042e-03
1164556494.977173 -8.719437e-03
1164556494.977295 -1.089601e-02
1164556494.977417 -1.169150e-02
1164556494.977539 -9.439947e-03
1164556494.977661 -2.315206e-03
1164556494.977783 6.638099e-03
1164556494.977905 1.231889e-02
1164556494.978027 1.686750e-02
1164556494.978149 1.737364e-02
1164556494.978271 1.166535e-02
1164556494.978394 2.440968e-03
1164556494.978516 -5.583744e-03
1164556494.978638 -1.000680e-02
1164556494.978760 -9.552332e-03
1164556494.978882 -6.097847e-03
1164556494.979004 -3.697093e-03
1164556494.979126 -4.552507e-03
1164556494.979248 -4.493647e-03
1164556494.979370 -2.893775e-03
1164556494.979492 -6.944094e-04
1164556494.979614 1.873195e-04
1164556494.979736 1.624054e-03
1164556494.979858 2.942348e-03
1164556494.979980 4.608636e-03
1164556494.980103 4.800900e-03
1164556494.980225 6.029030e-03
1164556494.980347 8.043223e-03
1164556494.980469 7.516072e-03
1164556494.980591 3.422354e-03
1164556494.980713 1.043696e-03
1164556494.980835 -2.851786e-03
1164556494.980957 -9.203881e-03
1164556494.981079 -1.437400e-02
1164556494.981201 -1.398223e-02
1164556494.981323 -9.056956e-03
1164556494.981445 -3.140428e-03
1164556494.981567 1.033343e-03
1164556494.981689 4.018874e-03
1164556494.981812 6.997477e-03
1164556494.981934 1.003472e-02
1164556494.982056 1.220957e-02
1164556494.982178 1.291444e-02
1164556494.982300 9.323203e-03
1164556494.982422 1.260250e-03
1164556494.982544 -6.229428e-03
1164556494.982666 -8.453609e-03
1164556494.982788 -9.412026e-03
1164556494.982910 -8.585402e-03
1164556494.983032 -5.664932e-03
1164556494.983154 -3.104537e-03
1164556494.983276 -2.513811e-03
1164556494.983398 -1.574864e-03
1164556494.983521 -1.400847e-03
1164556494.983643 -2.175721e-03
1164556494.983765 -7.547465e-04
1164556494.983887 5.354273e-03
1164556494.984009 1.095472e-02
1164556494.984131 1.357639e-02
1164556494.984253 1.181684e-02
1164556494.984375 6.684638e-03
1164556494.984497 1.830015e-03
1164556494.984619 -9.858652e-04
1164556494.984741 -4.999466e-03
1164556494.984863 -1.049854e-02
1164556494.984985 -1.586061e-02
1164556494.985107 -1.666735e-02
1164556494.985229 -1.243992e-02
1164556494.985352 -5.811516e-03
1164556494.985474 -1.153485e-03
1164556494.985596 3.217496e-03
1164556494.985718 9.673956e-03
1164556494.985840 1.868793e-02
1164556494.985962 2.363912e-02
1164556494.986084 2.067196e-02
1164556494.986206 1.060559e-02
1164556494.986328 -1.574599e-03
1164556494.986450 -1.219252e-02
1164556494.986572 -1.781895e-02
1164556494.986694 -1.735606e-02
1164556494.986816 -1.407594e-02
1164556494.986938 -1.142985e-02
1164556494.987061 -7.469876e-03
1164556494.987183 -2.196724e-03
1164556494.987305 5.534893e-03
1164556494.987427 1.094073e-02
1164556494.987549 1.182114e-02
1164556494.987671 9.132662e-03
1164556494.987793 9.216796e-03
1164556494.987915 1.110332e-02
1164556494.988037 8.502874e-03
1164556494.988159 -7.526950e-04
1164556494.988281 -8.899289e-03
1164556494.988403 -1.056513e-02
1164556494.988525 -7.545913e-03
1164556494.988647 -4.844510e-03
1164556494.988770 -3.381207e-03
1164556494.988892 -3.300749e-03
1164556494.989014 -3.649532e-03
1164556494.989136 -4.016666e-03
1164556494.989258 -2.931939e-03
1164556494.989380 -1.846759e-03
1164556494.989502 5.243728e-04
1164556494.989624 4.550014e-03
1164556494.989746 9.143562e-03
1164556494.989868 1.381406e-02
1164556494.989990 1.655945e-02
1164556494.990112 1.333939e-02
1164556494.990234 3.170726e-03
1164556494.990356 -7.607983e-03
1164556494.990479 -1.276984e-02
1164556494.990601 -1.263069e-02
1164556494.990723 -1.237793e-02
1164556494.990845 -1.328265e-02
1164556494.990967 -1.191429e-02
1164556494.991089 -7.551768e-03
1164556494.991211 -2.972876e-04
1164556494.991333 7.504612e-03
1164556494.991455 1.345685e-02
1164556494.991577 1.411219e-02
1164556494.991699 1.427639e-02
1164556494.991821 1.442181e-02
1164556494.991943 1.315835e-02
1164556494.992065 8.157885e-03
1164556494.992188 -9.191558e-04
1164556494.992310 -1.317579e-02
1164556494.992432 -2.222735e-02
1164556494.992554 -2.437995e-02
1164556494.992676 -1.860743e-02
1164556494.992798 -9.213224e-03
1164556494.992920 1.443916e-04
1164556494.993042 6.941903e-03
1164556494.993164 1.142348e-02
1164556494.993286 1.359975e-02
1164556494.993408 1.418176e-02
1164556494.993530 1.245456e-02
1164556494.993652 8.219071e-03
1164556494.993774 3.181526e-03
1164556494.993896 1.080495e-03
1164556494.994019 -9.152143e-04
1164556494.994141 -5.593091e-03
1164556494.994263 -1.031367e-02
1164556494.994385 -1.320785e-02
1164556494.994507 -1.381527e-02
1164556494.994629 -1.055853e-02
1164556494.994751 -4.197478e-03
1164556494.994873 6.432102e-04
1164556494.994995 2.875624e-03
1164556494.995117 6.575306e-03
1164556494.995239 1.179999e-02
1164556494.995361 1.371614e-02
1164556494.995483 1.007463e-02
1164556494.995605 5.109111e-03
1164556494.995728 1.371386e-03
1164556494.995850 -1.155026e-03
1164556494.995972 -2.701886e-03
1164556494.996094 -2.678059e-03
1164556494.996216 -3.878452e-03
1164556494.996338 -6.315544e-03
1164556494.996460 -1.009203e-02
1164556494.996582 -1.234609e-02
1164556494.996704 -1.089413e-02
1164556494.996826 -6.189852e-03
1164556494.996948 9.492074e-04
1164556494.997070 8.769955e-03
1164556494.997192 1.340839e-02
1164556494.997314 1.357498e-02
1164556494.997437 1.148180e-02
1164556494.997559 9.110729e-03
1164556494.997681 5.636783e-03
1164556494.997803 2.476270e-03
1164556494.997925 -1.366378e-03
1164556494.998047 -6.447170e-03
1164556494.998169 -1.186876e-02
1164556494.998291 -1.641916e-02
1164556494.998413 -1.858566e-02
1164556494.998535 -1.472364e-02
1164556494.998657 -5.489340e-03
1164556494.998779 5.583567e-03
1164556494.998901 1.379090e-02
1164556494.999023 1.831538e-02
1164556494.999146 1.787869e-02
1164556494.999268 1.177927e-02
1164556494.999390 2.638612e-03
1164556494.999512 -3.605375e-03
1164556494.999634 -5.322218e-03
1164556494.999756 -3.378704e-03
1164556494.999878 -2.239178e-03
1164556495.000000 -3.645245e-03
1164556495.000122 -7.899730e-03
1164556495.000244 -9.219836e-03
1164556495.000366 -8.191620e-03
1164556495.000488 -6.158548e-03
1164556495.000610 -3.100473e-03
1164556495.000732 2.469305e-03
1164556495.000854 7.962001e-03
1164556495.000977 1.088189e-02
1164556495.001099 1.062337e-02
1164556495.001221 8.584091e-03
1164556495.001343 4.056610e-03
1164556495.001465 -9.286956e-04
1164556495.001587 -3.996759e-03
1164556495.001709 -2.925062e-03
1164556495.001831 -2.008067e-04
1164556495.001953 -3.192658e-05
1164556495.002075 -4.765469e-03
1164556495.002197 -9.368989e-03
1164556495.002319 -9.669098e-03
1164556495.002441 -6.360786e-03
1164556495.002563 -1.330400e-03
1164556495.002686 3.034725e-03
1164556495.002808 3.818083e-03
1164556495.002930 3.877635e-03
1164556495.003052 5.265165e-03
1164556495.003174 7.133513e-03
1164556495.003296 7.451667e-03
1164556495.003418 6.693388e-03
1164556495.003540 3.692446e-03
1164556495.003662 2.366255e-03
1164556495.003784 1.341866e-03
1164556495.003906 -2.780209e-03
1164556495.004028 -1.017632e-02
1164556495.004150 -1.509085e-02
1164556495.004272 -1.499984e-02
1164556495.004395 -1.053372e-02
1164556495.004517 -4.437183e-03
1164556495.004639 1.297569e-03
1164556495.004761 7.865984e-03
1164556495.004883 1.399768e-02
1164556495.005005 1.583503e-02
1164556495.005127 1.518238e-02
1164556495.005249 1.026409e-02
1164556495.005371 2.070344e-03
1164556495.005493 -5.995303e-03
1164556495.005615 -8.930492e-03
1164556495.005737 -7.516989e-03
1164556495.005859 -6.127168e-03
1164556495.005981 -6.748191e-03
1164556495.006104 -8.384263e-03
1164556495.006226 -8.613614e-03
1164556495.006348 -5.724776e-03
1164556495.006470 -2.553967e-03
1164556495.006592 1.969034e-03
1164556495.006714 6.768715e-03
1164556495.006836 1.147389e-02
1164556495.006958 1.458833e-02
1164556495.007080 1.497933e-02
1164556495.007202 1.067664e-02
1164556495.007324 2.423075e-03
1164556495.007446 -5.906737e-03
1164556495.007568 -1.094031e-02
1164556495.007690 -1.230152e-02
1164556495.007812 -8.732932e-03
1164556495.007935 -6.098040e-03
1164556495.008057 -7.272562e-03
1164556495.008179 -7.854506e-03
1164556495.008301 -4.823670e-03
1164556495.008423 -2.405030e-04
1164556495.008545 4.949374e-03
1164556495.008667 1.066440e-02
1164556495.008789 1.653712e-02
1164556495.008911 1.833417e-02
1164556495.009033 1.294586e-02
1164556495.009155 2.860570e-03
1164556495.009277 -6.493502e-03
1164556495.009399 -1.164145e-02
1164556495.009521 -1.163855e-02
1164556495.009644 -9.871902e-03
1164556495.009766 -7.672893e-03
1164556495.009888 -7.162293e-03
1164556495.010010 -6.769345e-03
1164556495.010132 -4.237676e-03
1164556495.010254 1.764709e-03
1164556495.010376 8.622349e-03
1164556495.010498 1.281490e-02
1164556495.010620 1.355751e-02
1164556495.010742 1.028416e-02
1164556495.010864 5.009356e-03
1164556495.010986 1.335310e-03
1164556495.011108 -3.049526e-03
1164556495.011230 -7.584523e-03
1164556495.011353 -9.267345e-03
1164556495.011475 -7.665701e-03
1164556495.011597 -6.145685e-03
1164556495.011719 -4.419889e-03
1164556495.011841 -2.554569e-03
1164556495.011963 8.944014e-04
1164556495.012085 3.563370e-03
1164556495.012207 5.132112e-03
1164556495.012329 5.430007e-03
1164556495.012451 3.478899e-03
1164556495.012573 2.520098e-04
1164556495.012695 1.374934e-04
1164556495.012817 2.225288e-03
1164556495.012939 2.607490e-03
1164556495.013062 1.785953e-03
1164556495.013184 -1.129187e-04
1164556495.013306 -3.325924e-03
1164556495.013428 -3.915601e-03
1164556495.013550 -1.497201e-03
1164556495.013672 1.322249e-03
1164556495.013794 2.197522e-04
1164556495.013916 -3.419897e-03
1164556495.014038 -5.759296e-03
1164556495.014160 -4.829098e-03
1164556495.014282 -3.104992e-03
1164556495.014404 -2.031542e-03
1164556495.014526 8.476075e-04
1164556495.014648 6.180854e-03
1164556495.014771 1.014524e-02
1164556495.014893 1.224083e-02
1164556495.015015 1.087796e-02
1164556495.015137 5.634836e-03
1164556495.015259 -1.566716e-03
1164556495.015381 -8.199851e-03
1164556495.015503 -1.310126e-02
1164556495.015625 -1.299499e-02
1164556495.015747 -1.033535e-02
1164556495.015869 -6.606590e-03
1164556495.015991 -1.244530e-03
1164556495.016113 3.627592e-03
1164556495.016235 5.234343e-03
1164556495.016357 5.997804e-03
1164556495.016479 6.784086e-03
1164556495.016602 9.406688e-03
1164556495.016724 1.113462e-02
1164556495.016846 9.602845e-03
1164556495.016968 4.029357e-03
1164556495.017090 -4.488077e-03
1164556495.017212 -1.215119e-02
1164556495.017334 -1.539620e-02
1164556495.017456 -1.365232e-02
1164556495.017578 -6.383803e-03
1164556495.017700 1.370717e-03
1164556495.017822 5.768572e-03
1164556495.017944 5.247439e-03
1164556495.018066 3.023685e-03
1164556495.018188 1.830152e-03
1164556495.018311 1.783679e-03
1164556495.018433 1.576615e-03
1164556495.018555 2.361869e-03
1164556495.018677 3.771488e-03
1164556495.018799 4.891146e-03
1164556495.018921 4.479438e-03
1164556495.019043 3.269074e-03
1164556495.019165 -9.289681e-04
1164556495.019287 -6.609404e-03
1164556495.019409 -8.499406e-03
1164556495.019531 -6.690816e-03
1164556495.019653 -5.001976e-03
1164556495.019775 -3.702519e-03
1164556495.019897 -3.774799e-03
1164556495.020020 -3.643328e-03
1164556495.020142 -9.887215e-04
1164556495.020264 3.876931e-03
1164556495.020386 8.495063e-03
1164556495.020508 1.168633e-02
1164556495.020630 1.258750e-02
1164556495.020752 1.135169e-02
1164556495.020874 8.462083e-03
1164556495.020996 2.314706e-03
1164556495.021118 -7.202899e-03
1164556495.021240 -1.515095e-02
1164556495.021362 -1.942140e-02
1164556495.021484 -1.848330e-02
1164556495.021606 -1.234165e-02
1164556495.021729 -3.786036e-03
1164556495.021851 1.992789e-03
1164556495.021973 7.019235e-03
1164556495.022095 1.342002e-02
1164556495.022217 1.933835e-02
1164556495.022339 1.964331e-02
1164556495.022461 1.405023e-02
1164556495.022583 5.655781e-03
1164556495.022705 -2.015955e-03
1164556495.022827 -9.305585e-03
1164556495.022949 -1.526630e-02
1164556495.023071 -1.774955e-02
1164556495.023193 -1.588458e-02
1164556495.023315 -1.176475e-02
1164556495.023438 -6.016346e-03
1164556495.023560 4.693575e-04
1164556495.023682 7.159842e-03
1164556495.023804 1.201607e-02
1164556495.023926 1.429225e-02
1164556495.024048 1.424261e-02
1164556495.024170 1.168968e-02
1164556495.024292 6.916278e-03
1164556495.024414 6.318297e-04
1164556495.024536 -5.905202e-03
1164556495.024658 -9.165095e-03
1164556495.024780 -9.258808e-03
1164556495.024902 -8.630903e-03
1164556495.025024 -9.508705e-03
1164556495.025146 -9.807904e-03
1164556495.025269 -6.758763e-03
1164556495.025391 -2.199930e-04
1164556495.025513 6.202325e-03
1164556495.025635 1.014243e-02
1164556495.025757 1.072429e-02
1164556495.025879 1.039453e-02
1164556495.026001 9.057246e-03
1164556495.026123 5.481447e-03
1164556495.026245 -6.537113e-04
1164556495.026367 -6.446512e-03
1164556495.026489 -8.932602e-03
1164556495.026611 -6.649650e-03
1164556495.026733 -3.637938e-03
1164556495.026855 -2.454694e-03
1164556495.026978 -3.876641e-03
1164556495.027100 -5.187869e-03
1164556495.027222 -3.532109e-03
1164556495.027344 3.631199e-04
1164556495.027466 3.939896e-03
1164556495.027588 8.060172e-03
1164556495.027710 9.247375e-03
1164556495.027832 7.002764e-03
1164556495.027954 3.630427e-03
1164556495.028076 1.657144e-03
1164556495.028198 -1.487484e-03
1164556495.028320 -6.054811e-03
1164556495.028442 -8.235234e-03
1164556495.028564 -6.364701e-03
1164556495.028687 -1.617600e-03
1164556495.028809 1.877597e-03
1164556495.028931 1.677825e-03
1164556495.029053 5.624099e-04
1164556495.029175 -5.834287e-04
1164556495.029297 -8.445074e-04
1164556495.029419 -9.047893e-04
1164556495.029541 8.642083e-04
1164556495.029663 2.329144e-03
1164556495.029785 2.992840e-03
1164556495.029907 2.961644e-03
1164556495.030029 1.763598e-03
1164556495.030151 9.323804e-04
1164556495.030273 3.989565e-04
1164556495.030396 -1.037135e-03
1164556495.030518 -1.697679e-03
1164556495.030640 -1.258414e-03
1164556495.030762 -4.743553e-04
1164556495.030884 -1.286243e-03
1164556495.031006 -2.726383e-03
1164556495.031128 -3.274232e-03
1164556495.031250 -2.800088e-03
1164556495.031372 -1.616337e-03
1164556495.031494 3.570335e-04
1164556495.031616 1.276288e-03
1164556495.031738 1.977388e-03
1164556495.031860 3.660883e-03
1164556495.031982 5.408861e-03
1164556495.032104 4.789294e-03
1164556495.032227 3.810442e-03
1164556495.032349 3.197228e-03
1164556495.032471 9.585916e-04
1164556495.032593 -2.177502e-03
1164556495.032715 -5.492025e-03
1164556495.032837 -8.305965e-03
1164556495.032959 -9.576881e-03
1164556495.033081 -9.337819e-03
1164556495.033203 -6.227780e-03
1164556495.033325 8.536048e-04
1164556495.033447 7.395657e-03
1164556495.033569 1.072543e-02
1164556495.033691 1.169246e-02
1164556495.033813 9.960922e-03
1164556495.033936 5.981568e-03
1164556495.034058 1.137588e-03
1164556495.034180 -3.067585e-03
1164556495.034302 -6.631582e-03
1164556495.034424 -7.674259e-03
1164556495.034546 -6.706134e-03
1164556495.034668 -5.963137e-03
1164556495.034790 -6.099374e-03
1164556495.034912 -5.141736e-03
1164556495.035034 -2.266823e-03
1164556495.035156 2.104248e-03
1164556495.035278 6.274519e-03
1164556495.035400 9.970636e-03
1164556495.035522 1.067710e-02
1164556495.035645 8.097926e-03
1164556495.035767 3.762284e-03
1164556495.035889 -1.297992e-03
1164556495.036011 -4.628344e-03
1164556495.036133 -6.239724e-03
1164556495.036255 -7.747623e-03
1164556495.036377 -6.705031e-03
1164556495.036499 -2.747531e-03
1164556495.036621 2.169467e-03
1164556495.036743 2.915519e-03
1164556495.036865 2.422633e-04
1164556495.036987 -3.002043e-03
1164556495.037109 -2.970700e-03
1164556495.037231 -2.623844e-05
1164556495.037354 2.625911e-03
1164556495.037476 4.881366e-03
1164556495.037598 6.286298e-03
1164556495.037720 5.299738e-03
1164556495.037842 3.570441e-03
1164556495.037964 2.974263e-03
1164556495.038086 2.329817e-03
1164556495.038208 -1.680251e-03
1164556495.038330 -6.089402e-03
1164556495.038452 -9.148254e-03
1164556495.038574 -9.453041e-03
1164556495.038696 -7.821476e-03
1164556495.038818 -5.905422e-03
1164556495.038940 -3.684755e-03
1164556495.039062 1.164869e-03
1164556495.039185 7.672050e-03
1164556495.039307 1.356341e-02
1164556495.039429 1.478718e-02
1164556495.039551 1.133401e-02
1164556495.039673 5.927165e-03
1164556495.039795 1.154093e-03
1164556495.039917 -3.318322e-03
1164556495.040039 -7.948872e-03
1164556495.040161 -1.289118e-02
1164556495.040283 -1.499052e-02
1164556495.040405 -1.304132e-02
1164556495.040527 -8.016175e-03
1164556495.040649 -2.138899e-03
1164556495.040771 3.987152e-03
1164556495.040894 9.599449e-03
1164556495.041016 1.350381e-02
1164556495.041138 1.405255e-02
1164556495.041260 1.205143e-02
1164556495.041382 7.799055e-03
1164556495.041504 2.764175e-03
1164556495.041626 -2.441638e-03
1164556495.041748 -7.727795e-03
1164556495.041870 -1.185425e-02
1164556495.041992 -1.365679e-02
1164556495.042114 -1.315003e-02
1164556495.042236 -9.979869e-03
1164556495.042358 -3.894584e-03
1164556495.042480 4.409104e-03
1164556495.042603 1.020367e-02
1164556495.042725 1.077218e-02
1164556495.042847 8.459964e-03
1164556495.042969 7.664192e-03
1164556495.043091 8.526076e-03
1164556495.043213 8.874130e-03
