1164556494.791016 -2.257131e-02
1164556494.791138 -2.781426e-02
1164556494.791260 -2.974525e-02
1164556494.791382 -2.746049e-02
1164556494.791504 -2.103218e-02
1164556494.791626 -1.220097e-02
1164556494.791748 3.581565e-04
1164556494.791870 1.312697e-02
1164556494.791992 2.386163e-02
1164556494.792114 3.073927e-02
1164556494.792236 3.268282e-02
1164556494.792358 2.547823e-02
1164556494.792480 1.305270e-02
1164556494.792603 2.274758e-04
1164556494.792725 -1.136073e-02
1164556494.792847 -2.044251e-02
1164556494.792969 -2.397191e-02
1164556494.793091 -2.439746e-02
1164556494.793213 -2.288932e-02
1164556494.793335 -1.857848e-02
1164556494.793457 -7.847519e-03
1164556494.793579 4.478389e-03
1164556494.793701 1.512797e-02
1164556494.793823 2.166410e-02
1164556494.793945 2.258080e-02
1164556494.794067 1.765802e-02
1164556494.794189 1.135409e-02
1164556494.794312 4.629873e-03
1164556494.794434 1.735541e-04
1164556494.794556 -1.876092e-03
1164556494.794678 -3.681552e-03
1164556494.794800 -8.452348e-03
1164556494.794922 -1.327434e-02
1164556494.795044 -1.502526e-02
1164556494.795166 -1.280294e-02
1164556494.795288 -9.577475e-03
1164556494.795410 -7.066837e-03
1164556494.795532 -3.236136e-03
1164556494.795654 3.275085e-03
1164556494.795776 8.894747e-03
1164556494.795898 1.290080e-02
1164556494.796021 1.412494e-02
1164556494.796143 1.421215e-02
1164556494.796265 1.345508e-02
1164556494.796387 1.132726e-02
1164556494.796509 3.228197e-03
1164556494.796631 -5.970138e-03
1164556494.796753 -1.184576e-02
1164556494.796875 -1.487018e-02
1164556494.796997 -1.527031e-02
1164556494.797119 -1.315894e-02
1164556494.797241 -1.154526e-02
1164556494.797363 -7.252748e-03
1164556494.797485 5.440610e-04
1164556494.797607 7.474357e-03
1164556494.797729 1.004367e-02
1164556494.797852 1.057913e-02
1164556494.797974 9.761719e-03
1164556494.798096 8.958860e-03
1164556494.798218 8.324170e-03
1164556494.798340 7.319302e-03
1164556494.798462 5.325977e-03
1164556494.798584 1.554692e-04
1164556494.798706 -5.629082e-03
1164556494.798828 -7.647456e-03
1164556494.798950 -9.491336e-03
1164556494.799072 -1.289646e-02
1164556494.799194 -1.327173e-02
1164556494.799316 -1.012506e-02
1164556494.799438 -7.205133e-03
1164556494.799561 -3.402587e-03
1164556494.799683 1.710769e-03
1164556494.799805 8.515758e-03
1164556494.799927 1.521213e-02
1164556494.800049 1.879385e-02
1164556494.800171 1.741882e-02
1164556494.800293 1.323358e-02
1164556494.800415 6.429117e-03
1164556494.800537 -9.997534e-04
1164556494.800659 -7.370119e-03
1164556494.800781 -1.029135e-02
1164556494.800903 -1.315195e-02
1164556494.801025 -1.681594e-02
1164556494.801147 -1.881700e-02
1164556494.801270 -1.564270e-02
1164556494.801392 -8.671308e-03
1164556494.801514 2.642399e-04
1164556494.801636 8.445621e-03
1164556494.801758 1.449115e-02
1164556494.801880 1.710136e-02
1164556494.802002 1.961476e-02
1164556494.802124 2.056508e-02
1164556494.802246 1.680181e-02
1164556494.802368 6.595666e-03
1164556494.802490 -3.348027e-03
1164556494.802612 -1.289274e-02
1164556494.802734 -2.033103e-02
1164556494.802856 -2.381843e-02
1164556494.802979 -2.332619e-02
1164556494.803101 -1.753633e-02
1164556494.803223 -6.074601e-03
1164556494.803345 6.272572e-03
1164556494.803467 1.390603e-02
1164556494.803589 1.434163e-02
1164556494.803711 1.209376e-02
1164556494.803833 9.826560e-03
1164556494.803955 1.171812e-02
1164556494.804077 1.340746e-02
1164556494.804199 1.028015e-02
1164556494.804321 1.418671e-03
1164556494.804443 -7.183845e-03
1164556494.804565 -1.083190e-02
1164556494.804688 -1.184204e-02
1164556494.804810 -1.480807e-02
1164556494.804932 -1.536479e-02
1164556494.805054 -1.237835e-02
1164556494.805176 -6.205355e-03
1164556494.805298 -8.772308e-05
1164556494.805420 6.366253e-03
1164556494.805542 1.024894e-02
1164556494.805664 1.240107e-02
1164556494.805786 1.142795e-02
1164556494.805908 9.729303e-03
1164556494.806030 8.595778e-03
1164556494.806152 8.447164e-03
1164556494.806274 5.196214e-03
1164556494.806396 1.042263e-03
1164556494.806519 -4.444097e-03
1164556494.806641 -1.187758e-02
1164556494.806763 -1.802291e-02
1164556494.806885 -1.920366e-02
1164556494.807007 -1.567008e-02
1164556494.807129 -7.680861e-03
1164556494.807251 3.627963e-04
1164556494.807373 7.739617e-03
1164556494.807495 1.171750e-02
1164556494.807617 1.389233e-02
1164556494.807739 1.453768e-02
1164556494.807861 1.379143e-02
1164556494.807983 8.228138e-03
1164556494.808105 1.328649e-03
1164556494.808228 -3.409543e-03
1164556494.808350 -6.585076e-03
1164556494.808472 -8.563959e-03
1164556494.808594 -7.347733e-03
1164556494.808716 -5.357912e-03
1164556494.808838 -4.615178e-03
1164556494.808960 -5.255811e-03
1164556494.809082 -6.053751e-03
1164556494.809204 -5.578431e-03
1164556494.809326 -8.241831e-04
1164556494.809448 2.551170e-03
1164556494.809570 1.726076e-03
1164556494.809692 9.817397e-04
1164556494.809814 4.975662e-03
1164556494.809937 1.147440e-02
1164556494.810059 1.625353e-02
1164556494.810181 1.728435e-02
1164556494.810303 1.347185e-02
1164556494.810425 2.470180e-03
1164556494.810547 -9.867802e-03
1164556494.810669 -1.779452e-02
1164556494.810791 -1.981025e-02
1164556494.810913 -1.878441e-02
1164556494.811035 -1.606588e-02
1164556494.811157 -1.244471e-02
1164556494.811279 -4.058790e-03
1164556494.811401 6.506610e-03
1164556494.811523 1.310483e-02
1164556494.811646 1.631401e-02
1164556494.811768 1.897464e-02
1164556494.811890 1.911399e-02
1164556494.812012 1.480226e-02
1164556494.812134 7.382088e-03
1164556494.812256 2.141893e-03
1164556494.812378 -3.232659e-03
1164556494.812500 -9.675991e-03
1164556494.812622 -1.842123e-02
1164556494.812744 -2.288056e-02
1164556494.812866 -2.130178e-02
1164556494.812988 -1.717608e-02
1164556494.813110 -9.530122e-03
1164556494.813232 1.279729e-03
1164556494.813354 9.404628e-03
1164556494.813477 1.434579e-02
1164556494.813599 1.663746e-02
1164556494.813721 2.104265e-02
1164556494.813843 2.285502e-02
1164556494.813965 1.860375e-02
1164556494.814087 1.070610e-02
1164556494.814209 2.241300e-04
1164556494.814331 -1.252240e-02
1164556494.814453 -2.224568e-02
1164556494.814575 -2.758008e-02
1164556494.814697 -2.535580e-02
1164556494.814819 -1.676406e-02
1164556494.814941 -6.975175e-03
1164556494.815063 -1.584546e-03
1164556494.815186 4.931139e-03
1164556494.815308 1.171235e-02
1164556494.815430 1.752996e-02
1164556494.815552 1.981202e-02
1164556494.815674 1.963932e-02
1164556494.815796 1.635430e-02
1164556494.815918 1.157505e-02
1164556494.816040 3.589226e-03
1164556494.816162 -5.584419e-03
1164556494.816284 -1.302164e-02
1164556494.816406 -1.791933e-02
1164556494.816528 -2.055549e-02
1164556494.816650 -1.986421e-02
1164556494.816772 -1.693849e-02
1164556494.816895 -8.659035e-03
1164556494.817017 1.102661e-03
1164556494.817139 9.624820e-03
1164556494.817261 1.434174e-02
1164556494.817383 1.427804e-02
1164556494.817505 1.265326e-02
1164556494.817627 1.361320e-02
1164556494.817749 1.446441e-02
1164556494.817871 1.151154e-02
1164556494.817993 4.242842e-03
1164556494.818115 -3.736094e-03
1164556494.818237 -1.120739e-02
1164556494.818359 -1.500147e-02
1164556494.818481 -1.714418e-02
1164556494.818604 -1.547307e-02
1164556494.818726 -1.065331e-02
1164556494.818848 -8.846295e-03
1164556494.818970 -8.303884e-03
1164556494.819092 -1.909203e-03
1164556494.819214 6.415242e-03
1164556494.819336 1.319106e-02
1164556494.819458 1.740228e-02
1164556494.819580 2.088036e-02
1164556494.819702 2.098469e-02
1164556494.819824 1.727029e-02
1164556494.819946 8.696412e-03
1164556494.820068 -2.201093e-03
1164556494.820190 -1.228752e-02
1164556494.820312 -2.009826e-02
1164556494.820435 -2.421793e-02
1164556494.820557 -2.353957e-02
1164556494.820679 -2.130183e-02
1164556494.820801 -1.391364e-02
1164556494.820923 -1.680330e-03
1164556494.821045 8.485175e-03
1164556494.821167 1.431279e-02
1164556494.821289 2.171898e-02
1164556494.821411 2.476790e-02
1164556494.821533 2.284089e-02
1164556494.821655 1.820385e-02
1164556494.821777 9.126854e-03
1164556494.821899 -1.946237e-03
1164556494.822021 -9.643320e-03
1164556494.822144 -1.857536e-02
1164556494.822266 -2.404777e-02
1164556494.822388 -2.194238e-02
1164556494.822510 -1.631285e-02
1164556494.822632 -1.150669e-02
1164556494.822754 -5.430627e-03
1164556494.822876 3.041285e-03
1164556494.822998 1.147601e-02
1164556494.823120 1.291608e-02
1164556494.823242 1.522622e-02
1164556494.823364 1.777234e-02
1164556494.823486 1.676375e-02
1164556494.823608 1.318718e-02
1164556494.823730 7.709189e-03
1164556494.823853 -4.735940e-05
1164556494.823975 -7.424776e-03
1164556494.824097 -1.372670e-02
1164556494.824219 -1.770256e-02
1164556494.824341 -2.116214e-02
1164556494.824463 -1.867686e-02
1164556494.824585 -9.922398e-03
1164556494.824707 -2.275973e-03
1164556494.824829 2.779634e-03
1164556494.824951 7.922237e-03
1164556494.825073 1.032844e-02
1164556494.825195 1.073708e-02
1164556494.825317 1.215070e-02
1164556494.825439 1.639749e-02
1164556494.825562 1.790919e-02
1164556494.825684 1.298310e-02
1164556494.825806 2.736859e-03
1164556494.825928 -7.787418e-03
1164556494.826050 -1.356492e-02
1164556494.826172 -1.504715e-02
1164556494.826294 -1.833758e-02
1164556494.826416 -1.917627e-02
1164556494.826538 -1.687280e-02
1164556494.826660 -1.090650e-02
1164556494.826782 -3.181292e-03
1164556494.826904 7.308321e-03
1164556494.827026 1.565039e-02
1164556494.827148 2.161318e-02
1164556494.827271 2.288683e-02
1164556494.827393 2.045348e-02
1164556494.827515 1.333898e-02
1164556494.827637 4.947924e-03
1164556494.827759 -3.586731e-03
1164556494.827881 -1.067579e-02
1164556494.828003 -1.577460e-02
1164556494.828125 -1.803793e-02
1164556494.828247 -1.828091e-02
1164556494.828369 -1.540834e-02
1164556494.828491 -1.063433e-02
1164556494.828613 -4.964247e-03
1164556494.828735 7.726116e-04
1164556494.828857 9.416352e-03
1164556494.828979 1.471146e-02
1164556494.829102 1.566588e-02
1164556494.829224 1.362236e-02
1164556494.829346 1.360546e-02
1164556494.829468 1.326804e-02
1164556494.829590 1.084650e-02
1164556494.829712 3.061896e-03
1164556494.829834 -7.027325e-03
1164556494.829956 -1.586822e-02
1164556494.830078 -1.990508e-02
1164556494.830200 -2.159030e-02
1164556494.830322 -1.844583e-02
1164556494.830444 -1.216541e-02
1164556494.830566 -4.253218e-03
1164556494.830688 5.167980e-03
1164556494.830811 1.391898e-02
1164556494.830933 1.902152e-02
1164556494.831055 1.729853e-02
1164556494.831177 1.166907e-02
1164556494.831299 7.692925e-03
1164556494.831421 4.597349e-03
1164556494.831543 1.673519e-03
1164556494.831665 -1.596483e-03
1164556494.831787 -3.300631e-03
1164556494.831909 -6.084978e-03
1164556494.832031 -9.278365e-03
1164556494.832153 -1.047389e-02
1164556494.832275 -1.084547e-02
1164556494.832397 -1.269282e-02
1164556494.832520 -1.171189e-02
1164556494.832642 -6.544845e-03
1164556494.832764 -2.513045e-04
1164556494.832886 6.218832e-03
1164556494.833008 1.439869e-02
1164556494.833130 1.911053e-02
1164556494.833252 2.040016e-02
1164556494.833374 1.586659e-02
1164556494.833496 8.594410e-03
1164556494.833618 3.097020e-03
1164556494.833740 -1.672364e-03
1164556494.833862 -9.853938e-03
1164556494.833984 -1.631184e-02
1164556494.834106 -2.006332e-02
1164556494.834229 -2.002295e-02
1164556494.834351 -1.546020e-02
1164556494.834473 -8.082323e-03
1164556494.834595 -3.228061e-03
1164556494.834717 3.356987e-03
1164556494.834839 1.163355e-02
1164556494.834961 1.782795e-02
1164556494.835083 2.012213e-02
1164556494.835205 1.759478e-02
1164556494.835327 1.252621e-02
1164556494.835449 8.706297e-03
1164556494.835571 3.191082e-03
1164556494.835693 -2.031681e-03
1164556494.835815 -6.732719e-03
1164556494.835938 -1.164852e-02
1164556494.836060 -2.060292e-02
1164556494.836182 -2.601577e-02
1164556494.836304 -2.279139e-02
1164556494.836426 -1.366379e-02
1164556494.836548 -2.467480e-03
1164556494.836670 9.264628e-03
1164556494.836792 1.568088e-02
1164556494.836914 1.809096e-02
1164556494.837036 1.971342e-02
1164556494.837158 2.178430e-02
1164556494.837280 1.977104e-02
1164556494.837402 1.294615e-02
1164556494.837524 2.522686e-03
1164556494.837646 -6.741360e-03
1164556494.837769 -1.630513e-02
1164556494.837891 -2.509423e-02
1164556494.838013 -2.814656e-02
1164556494.838135 -2.175087e-02
1164556494.838257 -1.244078e-02
1164556494.838379 -3.690064e-03
1164556494.838501 4.307900e-03
1164556494.838623 1.011170e-02
1164556494.838745 1.288682e-02
1164556494.838867 1.443378e-02
1164556494.838989 1.563430e-02
1164556494.839111 2.035955e-02
1164556494.839233 1.976702e-02
1164556494.839355 1.339634e-02
1164556494.839478 2.553375e-03
1164556494.839600 -8.456906e-03
1164556494.839722 -1.902112e-02
1164556494.839844 -2.422444e-02
1164556494.839966 -2.371833e-02
1164556494.840088 -1.869134e-02
1164556494.840210 -1.269880e-02
1164556494.840332 -4.607230e-03
1164556494.840454 1.848263e-03
1164556494.840576 7.811539e-03
1164556494.840698 1.395315e-02
1164556494.840820 1.882742e-02
1164556494.840942 1.763744e-02
1164556494.841064 1.586014e-02
1164556494.841187 1.533831e-02
1164556494.841309 1.417891e-02
1164556494.841431 6.693681e-03
1164556494.841553 -5.893416e-03
1164556494.841675 -1.974796e-02
1164556494.841797 -2.802885e-02
1164556494.841919 -2.665921e-02
1164556494.842041 -1.670865e-02
1164556494.842163 -6.379895e-03
1164556494.842285 -1.541817e-03
1164556494.842407 -2.235085e-03
1164556494.842529 5.373700e-04
1164556494.842651 9.246162e-03
1164556494.842773 1.898000e-02
1164556494.842896 2.294228e-02
1164556494.843018 2.266564e-02
1164556494.843140 1.920788e-02
1164556494.843262 1.350339e-02
1164556494.843384 3.543379e-03
1164556494.843506 -6.983575e-03
1164556494.843628 -1.907027e-02
1164556494.843750 -2.795224e-02
1164556494.843872 -2.832089e-02
1164556494.843994 -2.231663e-02
1164556494.844116 -1.464859e-02
1164556494.844238 -5.664334e-03
1164556494.844360 2.127873e-03
1164556494.844482 1.154635e-02
1164556494.844604 2.153107e-02
1164556494.844727 2.599164e-02
1164556494.844849 2.521371e-02
1164556494.844971 1.908313e-02
1164556494.845093 7.675709e-03
1164556494.845215 -2.676839e-03
1164556494.845337 -8.932554e-03
1164556494.845459 -1.030601e-02
1164556494.845581 -1.113661e-02
1164556494.845703 -1.245079e-02
1164556494.845825 -1.402320e-02
1164556494.845947 -1.381343e-02
1164556494.846069 -1.253077e-02
1164556494.846191 -9.358687e-03
1164556494.846313 -4.288076e-03
1164556494.846436 3.379424e-03
1164556494.846558 9.582534e-03
1164556494.846680 1.504765e-02
1164556494.846802 1.773516e-02
1164556494.846924 1.905721e-02
1164556494.847046 2.008149e-02
1164556494.847168 1.573840e-02
1164556494.847290 5.552541e-03
1164556494.847412 -3.353549e-03
1164556494.847534 -1.121120e-02
1164556494.847656 -1.757080e-02
1164556494.847778 -2.166441e-02
1164556494.847900 -2.425993e-02
1164556494.848022 -2.534233e-02
1164556494.848145 -2.069234e-02
1164556494.848267 -9.262650e-03
1164556494.848389 4.032387e-03
1164556494.848511 1.572791e-02
1164556494.848633 2.656386e-02
1164556494.848755 3.425080e-02
1164556494.848877 3.688811e-02
1164556494.848999 2.974840e-02
1164556494.849121 1.384736e-02
1164556494.849243 -4.574432e-03
1164556494.849365 -1.954754e-02
1164556494.849487 -2.980741e-02
1164556494.849609 -3.351258e-02
1164556494.849731 -2.896829e-02
1164556494.849854 -2.085558e-02
1164556494.849976 -1.371268e-02
1164556494.850098 -3.504171e-03
1164556494.850220 7.841182e-03
1164556494.850342 1.546045e-02
1164556494.850464 1.791993e-02
1164556494.850586 2.210071e-02
1164556494.850708 2.646732e-02
1164556494.850830 2.356206e-02
1164556494.850952 1.269582e-02
1164556494.851074 1.477336e-03
1164556494.851196 -4.434188e-03
1164556494.851318 -8.233087e-03
1164556494.851440 -1.550953e-02
1164556494.851562 -2.238569e-02
1164556494.851685 -2.438733e-02
1164556494.851807 -2.122175e-02
1164556494.851929 -1.699279e-02
1164556494.852051 -8.191880e-03
1164556494.852173 1.378128e-03
1164556494.852295 8.791760e-03
1164556494.852417 1.625806e-02
1164556494.852539 2.468883e-02
1164556494.852661 2.732724e-02
1164556494.852783 2.286741e-02
1164556494.852905 1.499565e-02
1164556494.853027 7.944050e-03
1164556494.853149 -1.548989e-04
1164556494.853271 -9.291989e-03
1164556494.853394 -1.728042e-02
1164556494.853516 -2.305006e-02
1164556494.853638 -2.681798e-02
1164556494.853760 -2.407373e-02
1164556494.853882 -1.635696e-02
1164556494.854004 -6.314430e-03
1164556494.854126 9.701975e-04
1164556494.854248 6.536858e-03
1164556494.854370 1.280786e-02
1164556494.854492 2.213899e-02
1164556494.854614 2.910851e-02
1164556494.854736 2.493012e-02
1164556494.854858 1.551442e-02
1164556494.854980 1.011792e-02
1164556494.855103 6.722264e-03
1164556494.855225 -8.615852e-04
1164556494.855347 -1.502413e-02
1164556494.855469 -2.703260e-02
1164556494.855591 -3.247462e-02
1164556494.855713 -3.211104e-02
1164556494.855835 -2.670287e-02
1164556494.855957 -1.326062e-02
1164556494.856079 1.939348e-03
1164556494.856201 1.318325e-02
1164556494.856323 2.180855e-02
1164556494.856445 2.920058e-02
1164556494.856567 3.006013e-02
1164556494.856689 2.522916e-02
1164556494.856812 1.607052e-02
1164556494.856934 9.118222e-03
1164556494.857056 5.166127e-03
1164556494.857178 -7.882965e-04
1164556494.857300 -1.446947e-02
1164556494.857422 -2.658584e-02
1164556494.857544 -3.378487e-02
1164556494.857666 -3.503178e-02
1164556494.857788 -2.927454e-02
1164556494.857910 -2.111802e-02
1164556494.858032 -9.039263e-03
1164556494.858154 8.880754e-03
1164556494.858276 2.515044e-02
1164556494.858398 3.825329e-02
1164556494.858521 4.581995e-02
1164556494.858643 4.437482e-02
1164556494.858765 3.046100e-02
1164556494.858887 1.225903e-02
1164556494.859009 -4.653524e-03
1164556494.859131 -2.078763e-02
1164556494.859253 -3.703499e-02
1164556494.859375 -4.365563e-02
1164556494.859497 -4.133794e-02
1164556494.859619 -3.533556e-02
1164556494.859741 -2.482407e-02
1164556494.859863 -7.088678e-03
1164556494.859985 1.435654e-02
1164556494.860107 3.334453e-02
1164556494.860229 4.113345e-02
1164556494.860352 3.732346e-02
1164556494.860474 2.851952e-02
1164556494.860596 2.089817e-02
1164556494.860718 1.272360e-02
1164556494.860840 1.693087e-03
1164556494.860962 -1.041667e-02
1164556494.861084 -1.844045e-02
1164556494.861206 -2.546885e-02
1164556494.861328 -3.072139e-02
1164556494.861450 -2.913407e-02
1164556494.861572 -2.630400e-02
1164556494.861694 -1.890360e-02
1164556494.861816 -6.921442e-03
1164556494.861938 3.307372e-03
1164556494.862061 1.564175e-02
1164556494.862183 2.871436e-02
1164556494.862305 3.616551e-02
1164556494.862427 3.498380e-02
1164556494.862549 2.810775e-02
1164556494.862671 1.842957e-02
1164556494.862793 6.607302e-03
1164556494.862915 -6.525026e-03
1164556494.863037 -1.864677e-02
1164556494.863159 -2.894555e-02
1164556494.863281 -3.369390e-02
1164556494.863403 -3.341633e-02
1164556494.863525 -2.880687e-02
1164556494.863647 -2.111183e-02
1164556494.863770 -6.969147e-03
1164556494.863892 8.626730e-03
1164556494.864014 1.996851e-02
1164556494.864136 2.598171e-02
1164556494.864258 3.036973e-02
1164556494.864380 3.373526e-02
1164556494.864502 3.049311e-02
1164556494.864624 2.147700e-02
1164556494.864746 1.166699e-02
1164556494.864868 -1.104312e-03
1164556494.864990 -1.521367e-02
1164556494.865112 -2.887820e-02
1164556494.865234 -4.025560e-02
1164556494.865356 -4.310635e-02
1164556494.865479 -3.501886e-02
1164556494.865601 -2.387505e-02
1164556494.865723 -9.947154e-03
1164556494.865845 7.207613e-03
1164556494.865967 2.574216e-02
1164556494.866089 3.844975e-02
1164556494.866211 4.204124e-02
1164556494.866333 3.760545e-02
1164556494.866455 2.962273e-02
1164556494.866577 1.735036e-02
1164556494.866699 3.137884e-03
1164556494.866821 -1.028633e-02
1164556494.866943 -2.178199e-02
1164556494.867065 -3.031291e-02
1164556494.867188 -3.426585e-02
1164556494.867310 -3.613625e-02
1164556494.867432 -3.308839e-02
1164556494.867554 -2.254815e-02
1164556494.867676 -7.424297e-03
1164556494.867798 7.990601e-03
1164556494.867920 2.281913e-02
1164556494.868042 3.412105e-02
1164556494.868164 3.863562e-02
1164556494.868286 3.420623e-02
1164556494.868408 2.737782e-02
1164556494.868530 2.011866e-02
1164556494.868652 1.110096e-02
1164556494.868774 -5.502819e-04
1164556494.868896 -1.421940e-02
1164556494.869019 -3.027968e-02
1164556494.869141 -4.390792e-02
1164556494.869263 -4.683853e-02
1164556494.869385 -3.914406e-02
1164556494.869507 -2.545763e-02
1164556494.869629 -5.950585e-03
1164556494.869751 1.070452e-02
1164556494.869873 2.257277e-02
1164556494.869995 3.178952e-02
1164556494.870117 4.107414e-02
1164556494.870239 4.169905e-02
1164556494.870361 3.635954e-02
1164556494.870483 2.723196e-02
1164556494.870605 1.408810e-02
1164556494.870728 -2.890031e-03
1164556494.870850 -2.206345e-02
1164556494.870972 -3.995882e-02
1164556494.871094 -5.232626e-02
1164556494.871216 -5.359588e-02
1164556494.871338 -4.021315e-02
1164556494.871460 -2.051736e-02
1164556494.871582 -1.316051e-03
1164556494.871704 1.624133e-02
1164556494.871826 3.091927e-02
1164556494.871948 3.801890e-02
1164556494.872070 3.814222e-02
1164556494.872192 3.533933e-02
1164556494.872314 3.145350e-02
1164556494.872437 2.326845e-02
1164556494.872559 1.267466e-02
1164556494.872681 5.248674e-04
1164556494.872803 -1.682864e-02
1164556494.872925 -3.387250e-02
1164556494.873047 -4.636394e-02
1164556494.873169 -5.362362e-02
1164556494.873291 -4.634198e-02
1164556494.873413 -2.883425e-02
1164556494.873535 -9.766242e-03
1164556494.873657 7.211571e-03
1164556494.873779 2.478539e-02
1164556494.873901 4.043333e-02
1164556494.874023 4.961221e-02
1164556494.874146 4.903735e-02
1164556494.874268 3.980287e-02
1164556494.874390 2.689499e-02
1164556494.874512 1.390084e-02
1164556494.874634 -1.459293e-03
1164556494.874756 -1.743681e-02
1164556494.874878 -3.515687e-02
1164556494.875000 -5.030485e-02
1164556494.875122 -5.649352e-02
1164556494.875244 -5.399437e-02
1164556494.875366 -4.359762e-02
1164556494.875488 -2.260681e-02
1164556494.875610 2.476772e-03
1164556494.875732 2.820959e-02
1164556494.875854 5.160322e-02
1164556494.875977 6.584370e-02
1164556494.876099 6.660242e-02
1164556494.876221 5.610638e-02
1164556494.876343 3.679334e-02
1164556494.876465 1.444768e-02
1164556494.876587 -1.157240e-02
1164556494.876709 -3.734141e-02
1164556494.876831 -5.487248e-02
1164556494.876953 -6.393466e-02
1164556494.877075 -6.736129e-02
1164556494.877197 -5.859113e-02
1164556494.877319 -3.614901e-02
1164556494.877441 -7.595079e-03
1164556494.877563 1.932406e-02
1164556494.877686 4.097252e-02
1164556494.877808 5.574625e-02
1164556494.877930 6.462881e-02
1164556494.878052 6.467287e-02
1164556494.878174 4.900073e-02
1164556494.878296 2.738640e-02
1164556494.878418 1.071071e-02
1164556494.878540 -4.897663e-03
1164556494.878662 -2.852168e-02
1164556494.878784 -5.383468e-02
1164556494.878906 -7.086985e-02
1164556494.879028 -7.525855e-02
1164556494.879150 -6.537323e-02
1164556494.879272 -3.875559e-02
1164556494.879395 -6.853987e-03
1164556494.879517 1.920728e-02
1164556494.879639 4.011805e-02
1164556494.879761 5.461490e-02
1164556494.879883 6.540284e-02
1164556494.880005 7.073858e-02
1164556494.880127 6.473900e-02
1164556494.880249 4.586267e-02
1164556494.880371 1.812592e-02
1164556494.880493 -1.178804e-02
1164556494.880615 -3.952200e-02
1164556494.880737 -6.200239e-02
1164556494.880859 -7.626368e-02
1164556494.880981 -7.949693e-02
1164556494.881104 -6.982379e-02
1164556494.881226 -4.832058e-02
1164556494.881348 -2.002996e-02
1164556494.881470 8.021490e-03
1164556494.881592 3.712434e-02
1164556494.881714 6.288678e-02
1164556494.881836 8.446674e-02
1164556494.881958 9.591573e-02
1164556494.882080 8.712497e-02
1164556494.882202 5.936835e-02
1164556494.882324 2.386452e-02
1164556494.882446 -1.227806e-02
1164556494.882568 -4.860259e-02
1164556494.882690 -8.106238e-02
1164556494.882812 -9.983057e-02
1164556494.882935 -1.022042e-01
1164556494.883057 -9.028753e-02
1164556494.883179 -6.546285e-02
1164556494.883301 -2.567687e-02
1164556494.883423 1.958606e-02
1164556494.883545 6.122315e-02
1164556494.883667 9.037328e-02
1164556494.883789 1.069167e-01
1164556494.883911 1.125264e-01
1164556494.884033 9.867073e-02
1164556494.884155 6.578440e-02
1164556494.884277 2.508034e-02
1164556494.884399 -2.022265e-02
1164556494.884521 -6.337304e-02
1164556494.884644 -1.005249e-01
1164556494.884766 -1.218487e-01
1164556494.884888 -1.240572e-01
1164556494.885010 -1.074178e-01
1164556494.885132 -7.223766e-02
1164556494.885254 -2.759059e-02
1164556494.885376 1.935754e-02
1164556494.885498 6.720248e-02
1164556494.885620 1.092714e-01
1164556494.885742 1.356358e-01
1164556494.885864 1.410338e-01
1164556494.885986 1.239649e-01
1164556494.886108 8.836266e-02
1164556494.886230 4.038831e-02
1164556494.886353 -1.315174e-02
1164556494.886475 -7.240312e-02
1164556494.886597 -1.268525e-01
1164556494.886719 -1.613618e-01
1164556494.886841 -1.745028e-01
1164556494.886963 -1.603612e-01
1164556494.887085 -1.192363e-01
1164556494.887207 -5.534264e-02
1164556494.887329 2.022467e-02
1164556494.887451 1.009071e-01
1164556494.887573 1.667913e-01
1164556494.887695 2.039008e-01
1164556494.887817 2.140791e-01
1164556494.887939 1.947104e-01
1164556494.888062 1.446472e-01
1164556494.888184 7.154812e-02
1164556494.888306 -2.018437e-02
1164556494.888428 -1.193306e-01
1164556494.888550 -2.127152e-01
1164556494.888672 -2.814992e-01
1164556494.888794 -3.099364e-01
1164556494.888916 -2.888260e-01
1164556494.889038 -2.182731e-01
1164556494.889160 -9.927238e-02
1164556494.889282 5.890331e-02
1164556494.889404 2.379418e-01
1164556494.889526 4.120753e-01
1164556494.889648 5.398772e-01
1164556494.889771 5.243900e-01
1164556494.889893 3.261477e-01
1164556494.890015 6.525502e-02
1164556494.890137 -1.784922e-01
1164556494.890259 -3.732013e-01
1164556494.890381 -4.897291e-01
1164556494.890503 -5.224865e-01
1164556494.890625 -4.671295e-01
1164556494.890747 -3.305308e-01
1164556494.890869 -1.381535e-01
1164556494.890991 7.818889e-02
1164556494.891113 2.854643e-01
1164556494.891235 4.466069e-01
1164556494.891357 5.328654e-01
1164556494.891479 5.340264e-01
1164556494.891602 4.439612e-01
1164556494.891724 2.748185e-01
1164556494.891846 5.027766e-02
1164556494.891968 -1.975233e-01
1164556494.892090 -4.229490e-01
1164556494.892212 -5.756151e-01
1164556494.892334 -6.250600e-01
1164556494.892456 -5.640530e-01
1164556494.892578 -4.009633e-01
1164556494.892700 -1.609550e-01
1164556494.892822 1.157024e-01
1164556494.892944 3.824723e-01
1164556494.893066 5.917941e-01
1164556494.893188 7.000518e-01
1164556494.893311 6.798002e-01
1164556494.893433 5.281012e-01
1164556494.893555 2.714835e-01
1164556494.893677 -4.174070e-02
1164556494.893799 -3.502270e-01
1164556494.893921 -5.960580e-01
1164556494.894043 -7.359356e-01
1164556494.894165 -7.434386e-01
1164556494.894287 -6.176615e-01
1164556494.894409 -3.776986e-01
1164556494.894531 -6.318199e-02
1164556494.894653 2.713336e-01
1164556494.894775 5.599321e-01
1164556494.894897 7.485093e-01
1164556494.895020 8.018631e-01
1164556494.895142 7.090478e-01
1164556494.895264 4.843057e-01
1164556494.895386 1.742959e-01
1164556494.895508 -1.703273e-01
1164556494.895630 -4.931372e-01
1164556494.895752 -7.363643e-01
1164556494.895874 -8.519682e-01
1164556494.895996 -8.143692e-01
1164556494.896118 -6.242905e-01
1164556494.896240 -3.133959e-01
1164556494.896362 6.602408e-02
1164556494.896484 4.460585e-01
1164556494.896606 7.598845e-01
1164556494.896729 9.423382e-01
1164556494.896851 9.471884e-01
1164556494.896973 7.623944e-01
1164556494.897095 4.202033e-01
1164556494.897217 -1.735168e-02
1164556494.897339 -4.707790e-01
1164556494.897461 -8.510513e-01
1164556494.897583 -1.071021e+00
1164556494.897705 -1.073520e+00
1164556494.897827 -8.467318e-01
1164556494.897949 -4.311928e-01
1164556494.898071 9.158492e-02
1164556494.898193 6.113612e-01
1164556494.898315 1.014029e+00
1164556494.898438 1.202026e+00
1164556494.898560 1.122532e+00
1164556494.898682 7.818822e-01
1164556494.898804 2.528982e-01
1164556494.898926 -3.442136e-01
1164556494.899048 -8.642713e-01
1164556494.899170 -1.179047e+00
1164556494.899292 -1.207378e+00
1164556494.899414 -9.429869e-01
1164556494.899536 -4.519631e-01
1164556494.899658 1.453877e-01
1164556494.899780 7.010995e-01
1164556494.899902 1.068304e+00
1164556494.900024 1.155688e+00
1164556494.900146 9.386961e-01
1164556494.900269 4.782813e-01
1164556494.900391 -1.028790e-01
1164556494.900513 -6.438744e-01
1164556494.900635 -9.952488e-01
1164556494.900757 -1.051032e+00
1164556494.900879 -7.951246e-01
1164556494.901001 -3.000383e-01
1164556494.901123 2.848220e-01
1164556494.901245 7.780723e-01
1164556494.901367 1.012819e+00
1164556494.901489 9.087045e-01
1164556494.901611 4.810895e-01
1164556494.901733 -1.313627e-01
1164556494.901855 -7.204141e-01
1164556494.901978 -1.060452e+00
1164556494.902100 -1.006787e+00
1164556494.902222 -5.441335e-01
1164556494.902344 1.671586e-01
1164556494.902466 8.597586e-01
1164556494.902588 1.229899e+00
1164556494.902710 1.082085e+00
1164556494.902832 4.305795e-01
1164556494.902954 -4.538495e-01
1164556494.903076 -1.160184e+00
1164556494.903198 -1.294414e+00
1164556494.903320 -7.359145e-01
1164556494.903442 2.660534e-01
1164556494.903564 1.108894e+00
1164556494.903687 1.182169e+00
1164556494.903809 3.210605e-01
1164556494.903931 -8.520282e-01
1164556494.904053 -1.203999e+00
1164556494.904175 -1.436857e-01
1164556494.904297 1.080481e+00
1164556494.904419 5.837568e-01
1164556494.904541 -5.252774e-01
1164556494.904663 -6.242545e-02
1164556494.904785 1.210230e-01
1164556494.904907 -3.533200e-02
1164556494.905029 -6.794202e-02
1164556494.905151 -6.236267e-02
1164556494.905273 -7.352286e-02
1164556494.905396 -5.990677e-02
1164556494.905518 -4.293085e-02
1164556494.905640 -2.612190e-02
1164556494.905762 2.509511e-03
1164556494.905884 2.205950e-02
1164556494.906006 4.254046e-02
1164556494.906128 5.180940e-02
1164556494.906250 6.404368e-02
1164556494.906372 6.549121e-02
1164556494.906494 6.194193e-02
1164556494.906616 4.166195e-02
1164556494.906738 1.327943e-02
1164556494.906860 -2.548578e-02
1164556494.906982 -5.590238e-02
1164556494.907104 -7.679229e-02
1164556494.907227 -7.924290e-02
1164556494.907349 -7.095461e-02
1164556494.907471 -4.759592e-02
1164556494.907593 -2.261071e-02
1164556494.907715 8.084874e-03
1164556494.907837 3.410928e-02
1164556494.907959 5.595409e-02
1164556494.908081 6.666622e-02
1164556494.908203 6.927190e-02
1164556494.908325 5.708770e-02
1164556494.908447 4.065775e-02
1164556494.908569 1.561115e-02
1164556494.908691 -1.004438e-02
1164556494.908813 -3.593526e-02
1164556494.908936 -5.091544e-02
1164556494.909058 -5.747932e-02
1164556494.909180 -5.238814e-02
1164556494.909302 -4.640417e-02
1164556494.909424 -3.590446e-02
1164556494.909546 -2.050789e-02
1164556494.909668 1.790594e-03
1164556494.909790 2.246352e-02
1164556494.909912 4.383736e-02
1164556494.910034 5.523459e-02
1164556494.910156 5.993229e-02
1164556494.910278 5.242093e-02
1164556494.910400 3.941534e-02
1164556494.910522 1.831439e-02
1164556494.910645 -4.956362e-03
1164556494.910767 -3.099250e-02
1164556494.910889 -4.918334e-02
1164556494.911011 -5.755053e-02
1164556494.911133 -5.156788e-02
1164556494.911255 -4.223978e-02
1164556494.911377 -2.930373e-02
1164556494.911499 -1.478832e-02
1164556494.911621 6.867259e-03
1164556494.911743 2.705589e-02
1164556494.911865 4.205990e-02
1164556494.911987 4.750765e-02
1164556494.912109 4.906325e-02
1164556494.912231 4.127110e-02
1164556494.912354 2.746597e-02
1164556494.912476 8.115109e-03
1164556494.912598 -8.056072e-03
1164556494.912720 -2.189322e-02
1164556494.912842 -3.023699e-02
1164556494.912964 -3.729020e-02
1164556494.913086 -4.148607e-02
1164556494.913208 -4.263738e-02
1164556494.913330 -3.431381e-02
1164556494.913452 -1.870393e-02
1164556494.913574 1.853419e-03
1164556494.913696 1.873943e-02
1164556494.913818 3.468976e-02
1164556494.913940 4.310159e-02
1164556494.914062 4.300169e-02
1164556494.914185 3.853490e-02
1164556494.914307 3.282703e-02
1164556494.914429 2.085890e-02
1164556494.914551 4.548855e-03
1164556494.914673 -1.602919e-02
1164556494.914795 -3.537596e-02
1164556494.914917 -5.060119e-02
1164556494.915039 -5.294369e-02
1164556494.915161 -4.403733e-02
1164556494.915283 -2.701984e-02
1164556494.915405 -9.366757e-03
1164556494.915527 6.870116e-03
1164556494.915649 1.856055e-02
1164556494.915771 3.145541e-02
1164556494.915894 4.134105e-02
1164556494.916016 4.784774e-02
1164556494.916138 4.344428e-02
1164556494.916260 3.048952e-02
1164556494.916382 9.455562e-03
1164556494.916504 -8.616591e-03
1164556494.916626 -2.241809e-02
1164556494.916748 -3.309992e-02
1164556494.916870 -4.415207e-02
1164556494.916992 -4.609882e-02
1164556494.917114 -3.925631e-02
1164556494.917236 -2.413446e-02
1164556494.917358 -4.653800e-03
1164556494.917480 1.648438e-02
1164556494.917603 2.866702e-02
1164556494.917725 3.401809e-02
1164556494.917847 3.355286e-02
1164556494.917969 2.856599e-02
1164556494.918091 2.330427e-02
1164556494.918213 1.823206e-02
1164556494.918335 6.671610e-03
1164556494.918457 -4.469609e-03
1164556494.918579 -1.268548e-02
1164556494.918701 -1.874793e-02
1164556494.918823 -2.675138e-02
1164556494.918945 -3.186762e-02
1164556494.919067 -3.449874e-02
1164556494.919189 -2.878070e-02
1164556494.919312 -1.579393e-02
1164556494.919434 1.637700e-03
1164556494.919556 1.717225e-02
1164556494.919678 2.899503e-02
1164556494.919800 3.114941e-02
1164556494.919922 2.916927e-02
1164556494.920044 2.644368e-02
1164556494.920166 2.347653e-02
1164556494.920288 1.612977e-02
1164556494.920410 6.709178e-03
1164556494.920532 -6.959914e-03
1164556494.920654 -2.105935e-02
1164556494.920776 -3.409308e-02
1164556494.920898 -3.913578e-02
1164556494.921021 -3.759919e-02
1164556494.921143 -2.861069e-02
1164556494.921265 -1.837428e-02
1164556494.921387 -9.431504e-04
1164556494.921509 1.621033e-02
1164556494.921631 2.667593e-02
1164556494.921753 3.403793e-02
1164556494.921875 3.969703e-02
1164556494.921997 3.654754e-02
1164556494.922119 2.919634e-02
1164556494.922241 1.416274e-02
1164556494.922363 -3.001182e-03
1164556494.922485 -1.908928e-02
1164556494.922607 -2.766991e-02
1164556494.922729 -3.395217e-02
1164556494.922852 -3.704628e-02
1164556494.922974 -3.569782e-02
1164556494.923096 -2.795091e-02
1164556494.923218 -1.399341e-02
1164556494.923340 4.642788e-03
1164556494.923462 2.004538e-02
1164556494.923584 3.081247e-02
1164556494.923706 3.723002e-02
1164556494.923828 3.943803e-02
1164556494.923950 3.263429e-02
1164556494.924072 2.168972e-02
1164556494.924194 6.823938e-03
1164556494.924316 -9.067953e-03
1164556494.924438 -2.163031e-02
1164556494.924561 -2.930145e-02
1164556494.924683 -3.573255e-02
1164556494.924805 -3.458634e-02
1164556494.924927 -2.617095e-02
1164556494.925049 -1.047036e-02
1164556494.925171 -1.555520e-03
1164556494.925293 5.537794e-03
1164556494.925415 1.406173e-02
1164556494.925537 2.164355e-02
1164556494.925659 2.574261e-02
1164556494.925781 2.772156e-02
1164556494.925903 2.596040e-02
1164556494.926025 2.169763e-02
1164556494.926147 8.466301e-03
1164556494.926270 -4.772638e-03
1164556494.926392 -1.261134e-02
1164556494.926514 -1.518327e-02
1164556494.926636 -2.234980e-02
1164556494.926758 -3.051032e-02
1164556494.926880 -3.338234e-02
1164556494.927002 -2.720169e-02
1164556494.927124 -1.705034e-02
1164556494.927246 -3.107300e-03
1164556494.927368 1.293038e-02
1164556494.927490 2.783020e-02
1164556494.927612 3.805032e-02
1164556494.927734 4.223101e-02
1164556494.927856 3.314705e-02
1164556494.927979 1.831700e-02
1164556494.928101 1.823645e-03
1164556494.928223 -8.827648e-03
1164556494.928345 -1.473616e-02
1164556494.928467 -1.954027e-02
1164556494.928589 -2.819685e-02
1164556494.928711 -3.597871e-02
1164556494.928833 -3.663698e-02
1164556494.928955 -2.573143e-02
1164556494.929077 -7.902371e-03
1164556494.929199 1.077295e-02
1164556494.929321 2.388279e-02
1164556494.929443 2.996850e-02
1164556494.929565 3.098694e-02
1164556494.929688 3.094849e-02
1164556494.929810 2.561721e-02
1164556494.929932 1.980920e-02
1164556494.930054 8.615665e-03
1164556494.930176 -9.058942e-03
1164556494.930298 -2.299091e-02
1164556494.930420 -2.770112e-02
1164556494.930542 -3.143556e-02
1164556494.930664 -3.563247e-02
1164556494.930786 -3.057626e-02
1164556494.930908 -1.328451e-02
1164556494.931030 4.476740e-03
1164556494.931152 1.636607e-02
1164556494.931274 2.347155e-02
1164556494.931396 2.618060e-02
1164556494.931519 2.555176e-02
1164556494.931641 2.279592e-02
1164556494.931763 1.520457e-02
1164556494.931885 8.324907e-03
1164556494.932007 3.857181e-03
1164556494.932129 -1.782902e-03
1164556494.932251 -1.218477e-02
1164556494.932373 -1.936386e-02
1164556494.932495 -2.464761e-02
1164556494.932617 -2.882251e-02
1164556494.932739 -2.939220e-02
1164556494.932861 -2.118786e-02
1164556494.932983 -7.720382e-03
1164556494.933105 9.767904e-03
1164556494.933228 2.299500e-02
1164556494.933350 3.179299e-02
1164556494.933472 3.343785e-02
1164556494.933594 2.838109e-02
1164556494.933716 1.912763e-02
1164556494.933838 9.068319e-03
1164556494.933960 -5.694409e-03
1164556494.934082 -1.670267e-02
1164556494.934204 -2.141351e-02
1164556494.934326 -2.071337e-02
1164556494.934448 -1.826575e-02
1164556494.934570 -1.680168e-02
1164556494.934692 -1.861953e-02
1164556494.934814 -1.439265e-02
1164556494.934937 -4.232270e-03
1164556494.935059 9.721605e-03
1164556494.935181 1.993691e-02
1164556494.935303 2.455597e-02
1164556494.935425 2.473104e-02
1164556494.935547 2.237574e-02
1164556494.935669 1.335684e-02
1164556494.935791 2.304338e-03
1164556494.935913 -5.857083e-03
1164556494.936035 -9.352444e-03
1164556494.936157 -1.267398e-02
1164556494.936279 -1.120611e-02
1164556494.936401 -1.235117e-02
1164556494.936523 -1.488217e-02
1164556494.936646 -1.508858e-02
1164556494.936768 -1.404378e-02
1164556494.936890 -1.012487e-02
1164556494.937012 5.861608e-04
1164556494.937134 1.136581e-02
1164556494.937256 1.779426e-02
1164556494.937378 1.928861e-02
1164556494.937500 2.065887e-02
1164556494.937622 1.867588e-02
1164556494.937744 1.242322e-02
1164556494.937866 4.194530e-03
1164556494.937988 -1.274064e-03
1164556494.938110 -7.138782e-03
1164556494.938232 -1.158406e-02
1164556494.938354 -1.713618e-02
1164556494.938477 -2.337007e-02
1164556494.938599 -2.745355e-02
1164556494.938721 -2.254949e-02
1164556494.938843 -9.025378e-03
1164556494.938965 5.375466e-03
1164556494.939087 1.432254e-02
1164556494.939209 2.217224e-02
1164556494.939331 2.314873e-02
1164556494.939453 2.134643e-02
1164556494.939575 1.885047e-02
1164556494.939697 1.744564e-02
1164556494.939819 1.001773e-02
1164556494.939941 1.176759e-03
1164556494.940063 -9.975729e-03
1164556494.940186 -2.180290e-02
1164556494.940308 -3.002067e-02
1164556494.940430 -3.131934e-02
1164556494.940552 -2.816880e-02
1164556494.940674 -1.890537e-02
1164556494.940796 -4.021169e-03
1164556494.940918 1.219744e-02
1164556494.941040 2.276773e-02
1164556494.941162 2.984698e-02
1164556494.941284 3.153075e-02
1164556494.941406 2.737695e-02
1164556494.941528 1.601689e-02
1164556494.941650 3.877878e-03
1164556494.941772 -6.586072e-03
1164556494.941895 -1.515060e-02
1164556494.942017 -2.154117e-02
1164556494.942139 -2.235320e-02
1164556494.942261 -2.014387e-02
1164556494.942383 -1.390544e-02
1164556494.942505 -7.391069e-03
1164556494.942627 -2.952094e-03
1164556494.942749 6.258276e-04
1164556494.942871 7.416035e-03
1164556494.942993 1.257406e-02
1164556494.943115 1.451051e-02
1164556494.943237 1.298472e-02
1164556494.943359 1.336116e-02
1164556494.943481 1.378161e-02
1164556494.943604 1.130838e-02
1164556494.943726 4.483462e-03
1164556494.943848 -6.361645e-04
1164556494.943970 -7.382254e-03
1164556494.944092 -1.431674e-02
1164556494.944214 -2.067547e-02
1164556494.944336 -2.460666e-02
1164556494.944458 -2.214260e-02
1164556494.944580 -1.114929e-02
1164556494.944702 -1.348785e-03
1164556494.944824 6.826775e-03
1164556494.944946 1.509386e-02
1164556494.945068 2.141784e-02
1164556494.945190 2.205319e-02
1164556494.945312 1.788727e-02
1164556494.945435 1.220868e-02
1164556494.945557 7.366250e-03
1164556494.945679 -1.099901e-04
1164556494.945801 -7.022351e-03
1164556494.945923 -1.308106e-02
1164556494.946045 -1.511371e-02
1164556494.946167 -1.527876e-02
1164556494.946289 -1.347727e-02
1164556494.946411 -1.319912e-02
1164556494.946533 -1.100738e-02
1164556494.946655 -4.838311e-03
1164556494.946777 3.676652e-03
1164556494.946899 9.325982e-03
1164556494.947021 1.300316e-02
1164556494.947144 1.593058e-02
1164556494.947266 1.651042e-02
1164556494.947388 1.372205e-02
1164556494.947510 1.388571e-02
1164556494.947632 1.091418e-02
1164556494.947754 4.383997e-03
1164556494.947876 -4.639580e-03
1164556494.947998 -1.940248e-02
1164556494.948120 -2.940916e-02
1164556494.948242 -2.714155e-02
1164556494.948364 -1.930064e-02
1164556494.948486 -1.029429e-02
1164556494.948608 -2.824600e-03
1164556494.948730 6.078852e-03
1164556494.948853 1.457046e-02
1164556494.948975 2.053168e-02
1164556494.949097 2.099382e-02
1164556494.949219 1.886806e-02
1164556494.949341 1.534527e-02
1164556494.949463 1.223717e-02
1164556494.949585 4.245202e-03
1164556494.949707 -5.322558e-03
1164556494.949829 -1.069971e-02
1164556494.949951 -1.418478e-02
1164556494.950073 -2.242280e-02
1164556494.950195 -2.717370e-02
1164556494.950317 -2.524597e-02
1164556494.950439 -1.631470e-02
1164556494.950562 -3.915003e-03
1164556494.950684 1.282089e-02
1164556494.950806 2.542856e-02
1164556494.950928 2.911064e-02
1164556494.951050 2.474065e-02
1164556494.951172 2.050435e-02
1164556494.951294 1.286697e-02
1164556494.951416 3.084999e-03
1164556494.951538 -8.152448e-03
1164556494.951660 -1.819493e-02
1164556494.951782 -2.012568e-02
1164556494.951904 -1.641873e-02
1164556494.952026 -1.583929e-02
1164556494.952148 -1.343119e-02
1164556494.952271 -8.357965e-03
1164556494.952393 5.935172e-04
1164556494.952515 8.248452e-03
1164556494.952637 1.223120e-02
1164556494.952759 1.074681e-02
1164556494.952881 9.919318e-03
1164556494.953003 7.480315e-03
1164556494.953125 5.992342e-03
1164556494.953247 7.949402e-03
1164556494.953369 9.719691e-03
1164556494.953491 3.572135e-03
1164556494.953613 -3.982406e-03
1164556494.953735 -6.413455e-03
1164556494.953857 -4.765108e-03
1164556494.953979 -8.502231e-03
1164556494.954102 -1.642520e-02
1164556494.954224 -2.123895e-02
1164556494.954346 -1.544888e-02
1164556494.954468 -6.189678e-03
1164556494.954590 1.776725e-03
1164556494.954712 9.445975e-03
1164556494.954834 1.592694e-02
1164556494.954956 2.038720e-02
1164556494.955078 2.237545e-02
1164556494.955200 1.892147e-02
1164556494.955322 1.176739e-02
1164556494.955444 1.203999e-03
1164556494.955566 -8.853145e-03
1164556494.955688 -1.763697e-02
1164556494.955811 -1.970549e-02
1164556494.955933 -1.846105e-02
1164556494.956055 -1.635447e-02
1164556494.956177 -1.235185e-02
1164556494.956299 -3.583892e-03
1164556494.956421 4.634172e-03
1164556494.956543 8.906790e-03
1164556494.956665 9.544760e-03
1164556494.956787 1.144693e-02
1164556494.956909 1.250711e-02
1164556494.957031 1.372267e-02
1164556494.957153 1.476302e-02
1164556494.957275 1.111836e-02
1164556494.957397 -8.877480e-04
1164556494.957520 -9.820673e-03
1164556494.957642 -1.249167e-02
1164556494.957764 -1.173841e-02
1164556494.957886 -1.334941e-02
1164556494.958008 -1.265100e-02
1164556494.958130 -7.795438e-03
1164556494.958252 -2.017729e-03
1164556494.958374 -1.324087e-03
1164556494.958496 -2.664309e-03
1164556494.958618 7.962604e-04
1164556494.958740 8.293074e-03
1164556494.958862 1.294077e-02
1164556494.958984 1.584297e-02
1164556494.959106 1.693221e-02
1164556494.959229 1.521832e-02
1164556494.959351 7.957155e-03
1164556494.959473 9.365214e-04
1164556494.959595 -6.553488e-03
1164556494.959717 -1.550227e-02
1164556494.959839 -2.232204e-02
1164556494.959961 -2.185667e-02
1164556494.960083 -1.613667e-02
1164556494.960205 -8.835061e-03
1164556494.960327 -2.867034e-03
1164556494.960449 3.329768e-03
1164556494.960571 9.736681e-03
1164556494.960693 1.642231e-02
1164556494.960815 1.779671e-02
1164556494.960938 1.594560e-02
1164556494.961060 1.326741e-02
1164556494.961182 1.027491e-02
1164556494.961304 6.096747e-03
1164556494.961426 1.461701e-03
1164556494.961548 -6.478292e-03
1164556494.961670 -1.615201e-02
1164556494.961792 -2.210997e-02
1164556494.961914 -2.111150e-02
1164556494.962036 -1.874409e-02
1164556494.962158 -1.262792e-02
1164556494.962280 -3.810386e-03
1164556494.962402 4.356884e-03
1164556494.962524 1.124582e-02
1164556494.962646 1.739629e-02
1164556494.962769 2.076668e-02
1164556494.962891 2.384744e-02
1164556494.963013 2.133157e-02
1164556494.963135 1.274199e-02
1164556494.963257 -6.933332e-04
1164556494.963379 -1.190454e-02
1164556494.963501 -1.842990e-02
1164556494.963623 -1.933975e-02
1164556494.963745 -1.801858e-02
1164556494.963867 -1.477536e-02
1164556494.963989 -1.219306e-02
1164556494.964111 -8.709094e-03
1164556494.964233 -4.099844e-03
1164556494.964355 4.927838e-03
1164556494.964478 1.290810e-02
1164556494.964600 1.761554e-02
1164556494.964722 2.108817e-02
1164556494.964844 2.177380e-02
1164556494.964966 1.810775e-02
1164556494.965088 1.019958e-02
1164556494.965210 -3.923599e-03
1164556494.965332 -1.525213e-02
1164556494.965454 -1.912321e-02
1164556494.965576 -1.640143e-02
1164556494.965698 -1.127927e-02
1164556494.965820 -8.641498e-03
1164556494.965942 -1.313392e-02
1164556494.966064 -1.457672e-02
1164556494.966187 -7.770996e-03
1164556494.966309 6.279052e-03
1164556494.966431 1.687290e-02
1164556494.966553 2.184760e-02
1164556494.966675 2.141577e-02
1164556494.966797 1.866970e-02
1164556494.966919 1.281401e-02
1164556494.967041 6.036738e-03
1164556494.967163 -3.040381e-03
1164556494.967285 -1.149948e-02
1164556494.967407 -1.773023e-02
1164556494.967529 -1.771456e-02
1164556494.967651 -1.313546e-02
1164556494.967773 -8.599545e-03
1164556494.967896 -8.751866e-03
1164556494.968018 -8.343554e-03
1164556494.968140 -4.798984e-03
1164556494.968262 2.173965e-03
1164556494.968384 8.704399e-03
1164556494.968506 1.711562e-02
1164556494.968628 2.162763e-02
1164556494.968750 2.046733e-02
1164556494.968872 1.404557e-02
1164556494.968994 6.974731e-03
1164556494.969116 -1.178928e-03
1164556494.969238 -6.044736e-03
1164556494.969360 -1.016744e-02
1164556494.969482 -1.486998e-02
1164556494.969604 -2.070347e-02
1164556494.969727 -2.154468e-02
1164556494.969849 -1.854468e-02
1164556494.969971 -1.196451e-02
1164556494.970093 -2.453843e-03
1164556494.970215 1.196271e-02
1164556494.970337 2.157859e-02
1164556494.970459 2.600135e-02
1164556494.970581 2.317336e-02
1164556494.970703 1.742942e-02
1164556494.970825 9.510630e-03
1164556494.970947 -4.483639e-04
1164556494.971069 -8.024729e-03
1164556494.971191 -9.768913e-03
1164556494.971313 -1.215904e-02
1164556494.971436 -1.697181e-02
1164556494.971558 -2.070736e-02
1164556494.971680 -1.783562e-02
1164556494.971802 -1.027143e-02
1164556494.971924 -5.170448e-04
1164556494.972046 6.383355e-03
1164556494.972168 1.120216e-02
1164556494.972290 1.307177e-02
1164556494.972412 1.404850e-02
1164556494.972534 1.521418e-02
1164556494.972656 1.656053e-02
1164556494.972778 1.202331e-02
1164556494.972900 5.135098e-03
1164556494.973022 -1.254025e-03
1164556494.973145 -9.016716e-03
1164556494.973267 -1.763318e-02
1164556494.973389 -2.037421e-02
1164556494.973511 -1.960784e-02
1164556494.973633 -1.646741e-02
1164556494.973755 -1.155392e-02
1164556494.973877 -1.235266e-03
1164556494.973999 9.428961e-03
1164556494.974121 1.756241e-02
1164556494.974243 1.906778e-02
1164556494.974365 1.530818e-02
1164556494.974487 1.162701e-02
1164556494.974609 8.272276e-03
1164556494.974731 3.189009e-03
1164556494.974854 -4.513202e-04
1164556494.974976 -5.360195e-03
1164556494.975098 -8.858771e-03
1164556494.975220 -8.904541e-03
1164556494.975342 -7.930629e-03
1164556494.975464 -1.069946e-02
1164556494.975586 -1.161930e-02
1164556494.975708 -1.055935e-02
1164556494.975830 -7.636480e-03
1164556494.975952 -2.467003e-03
1164556494.976074 5.156113e-03
1164556494.976196 1.246171e-02
1164556494.976318 1.938233e-02
1164556494.976440 1.904544e-02
1164556494.976562 1.468014e-02
1164556494.976685 9.757192e-03
1164556494.976807 3.709846e-03
1164556494.976929 -4.171634e-03
1164556494.977051 -9.941906e-03
1164556494.977173 -1.452594e-02
1164556494.977295 -1.804129e-02
1164556494.977417 -1.769872e-02
1164556494.977539 -1.225008e-02
1164556494.977661 -6.741258e-03
1164556494.977783 -1.797133e-03
1164556494.977905 3.425668e-03
1164556494.978027 1.121568e-02
1164556494.978149 1.676477e-02
1164556494.978271 1.842246e-02
1164556494.978394 1.565715e-02
1164556494.978516 9.505871e-03
1164556494.978638 2.560853e-03
1164556494.978760 -2.738489e-03
1164556494.978882 -5.263456e-03
1164556494.979004 -7.747586e-03
1164556494.979126 -1.296704e-02
1164556494.979248 -1.536409e-02
1164556494.979370 -1.425652e-02
1164556494.979492 -8.410837e-03
1164556494.979614 -2.382595e-03
1164556494.979736 2.927274e-03
1164556494.979858 6.607890e-03
1164556494.979980 1.099878e-02
1164556494.980103 1.177937e-02
1164556494.980225 9.594003e-03
1164556494.980347 5.700210e-03
1164556494.980469 4.293321e-03
1164556494.980591 1.315485e-03
1164556494.980713 -9.724716e-04
1164556494.980835 -3.364631e-03
1164556494.980957 -4.596547e-03
1164556494.981079 -5.283437e-03
1164556494.981201 -4.249747e-03
1164556494.981323 -3.423060e-03
1164556494.981445 -2.859267e-03
1164556494.981567 -3.628200e-03
1164556494.981689 -5.543088e-03
1164556494.981812 -8.064250e-03
1164556494.981934 -6.689479e-03
1164556494.982056 -1.481672e-03
1164556494.982178 7.439679e-03
1164556494.982300 1.471053e-02
1164556494.982422 1.787703e-02
1164556494.982544 1.286961e-02
1164556494.982666 6.659242e-03
1164556494.982788 3.170155e-03
1164556494.982910 1.439852e-03
1164556494.983032 -4.397307e-03
1164556494.983154 -1.006752e-02
1164556494.983276 -1.505597e-02
1164556494.983398 -1.647751e-02
1164556494.983521 -1.481165e-02
1164556494.983643 -1.143822e-02
1164556494.983765 -5.716702e-03
1164556494.983887 2.777054e-03
1164556494.984009 9.517100e-03
1164556494.984131 1.371717e-02
1164556494.984253 1.713328e-02
1164556494.984375 2.007516e-02
1164556494.984497 1.627664e-02
1164556494.984619 8.250629e-03
1164556494.984741 1.301730e-03
1164556494.984863 -5.476982e-03
1164556494.984985 -1.229368e-02
1164556494.985107 -1.598320e-02
1164556494.985229 -1.824191e-02
1164556494.985352 -1.727996e-02
1164556494.985474 -1.372736e-02
1164556494.985596 -7.176059e-03
1164556494.985718 -1.512729e-03
1164556494.985840 4.086563e-03
1164556494.985962 1.353073e-02
1164556494.986084 2.126191e-02
1164556494.986206 2.023882e-02
1164556494.986328 1.796647e-02
1164556494.986450 1.334146e-02
1164556494.986572 6.082934e-03
1164556494.986694 -4.657917e-03
1164556494.986816 -1.266160e-02
1164556494.986938 -1.603508e-02
1164556494.987061 -1.833440e-02
1164556494.987183 -1.874673e-02
1164556494.987305 -1.328454e-02
1164556494.987427 -7.746999e-03
1164556494.987549 -5.765838e-04
1164556494.987671 6.141299e-03
1164556494.987793 9.009477e-03
1164556494.987915 1.229923e-02
1164556494.988037 1.741036e-02
1164556494.988159 1.574037e-02
1164556494.988281 1.135844e-02
1164556494.988403 6.681993e-03
1164556494.988525 6.089088e-04
1164556494.988647 -6.337995e-03
1164556494.988770 -1.031290e-02
1164556494.988892 -1.309864e-02
1164556494.989014 -1.265373e-02
1164556494.989136 -9.390002e-03
1164556494.989258 -6.168794e-03
1164556494.989380 -5.254468e-03
1164556494.989502 -4.855814e-03
1164556494.989624 -1.543046e-03
1164556494.989746 6.777996e-03
1164556494.989868 1.293118e-02
1164556494.989990 1.385857e-02
1164556494.990112 1.144501e-02
1164556494.990234 8.765068e-03
1164556494.990356 2.448910e-03
1164556494.990479 -2.017689e-03
1164556494.990601 -1.427777e-03
1164556494.990723 -6.022902e-04
1164556494.990845 -2.640123e-03
1164556494.990967 -5.826020e-03
1164556494.991089 -9.251312e-03
1164556494.991211 -9.159553e-03
1164556494.991333 -9.109144e-03
1164556494.991455 -9.520331e-03
1164556494.991577 -8.728811e-03
1164556494.991699 -3.996860e-03
1164556494.991821 3.259134e-03
1164556494.991943 1.196952e-02
1164556494.992065 1.870357e-02
1164556494.992188 2.031157e-02
1164556494.992310 1.692392e-02
1164556494.992432 1.087156e-02
1164556494.992554 1.586464e-03
1164556494.992676 -6.363359e-03
1164556494.992798 -1.295086e-02
1164556494.992920 -1.545610e-02
1164556494.993042 -1.537260e-02
1164556494.993164 -1.522142e-02
1164556494.993286 -1.444892e-02
1164556494.993408 -9.336646e-03
1164556494.993530 -5.507935e-04
1164556494.993652 9.758182e-03
1164556494.993774 1.481861e-02
1164556494.993896 1.496195e-02
1164556494.994019 1.283866e-02
1164556494.994141 1.057162e-02
1164556494.994263 5.635986e-03
1164556494.994385 3.690515e-03
1164556494.994507 3.374927e-03
1164556494.994629 2.794165e-03
1164556494.994751 -9.503369e-04
1164556494.994873 -7.404796e-03
1164556494.994995 -1.559620e-02
1164556494.995117 -1.878784e-02
1164556494.995239 -1.830538e-02
1164556494.995361 -1.670217e-02
1164556494.995483 -1.096607e-02
1164556494.995605 -6.625540e-04
1164556494.995728 9.254019e-03
1164556494.995850 1.847701e-02
1164556494.995972 2.474599e-02
1164556494.996094 2.832779e-02
1164556494.996216 2.345263e-02
1164556494.996338 1.196408e-02
1164556494.996460 1.209220e-03
1164556494.996582 -8.119837e-03
1164556494.996704 -1.732255e-02
1164556494.996826 -2.357097e-02
1164556494.996948 -2.581540e-02
1164556494.997070 -2.233863e-02
1164556494.997192 -1.828320e-02
1164556494.997314 -1.183395e-02
1164556494.997437 -3.061449e-04
1164556494.997559 1.524331e-02
1164556494.997681 2.551510e-02
1164556494.997803 2.641560e-02
1164556494.997925 2.229910e-02
1164556494.998047 1.657682e-02
1164556494.998169 1.044074e-02
1164556494.998291 4.922119e-03
1164556494.998413 -2.639127e-03
1164556494.998535 -1.064177e-02
1164556494.998657 -1.832832e-02
1164556494.998779 -2.431392e-02
1164556494.998901 -2.555778e-02
1164556494.999023 -1.859424e-02
1164556494.999146 -9.643501e-03
1164556494.999268 -2.515769e-03
1164556494.999390 4.430220e-03
1164556494.999512 1.366180e-02
1164556494.999634 2.123257e-02
1164556494.999756 2.345858e-02
1164556494.999878 2.106725e-02
1164556495.000000 1.580372e-02
1164556495.000122 7.074467e-03
1164556495.000244 -8.544099e-04
1164556495.000366 -7.588012e-03
1164556495.000488 -1.206709e-02
1164556495.000610 -1.406509e-02
1164556495.000732 -1.518620e-02
1164556495.000854 -1.840520e-02
1164556495.000977 -1.918908e-02
1164556495.001099 -1.427527e-02
1164556495.001221 -5.490862e-03
1164556495.001343 4.463372e-03
1164556495.001465 1.488735e-02
1164556495.001587 2.151776e-02
1164556495.001709 2.394620e-02
1164556495.001831 2.127998e-02
1164556495.001953 1.570630e-02
1164556495.002075 6.856016e-03
1164556495.002197 -1.644223e-03
1164556495.002319 -9.447463e-03
1164556495.002441 -1.395945e-02
1164556495.002563 -1.729762e-02
1164556495.002686 -1.829702e-02
1164556495.002808 -1.544078e-02
1164556495.002930 -1.118819e-02
1164556495.003052 -7.993002e-03
1164556495.003174 -2.916820e-03
1164556495.003296 2.353293e-03
1164556495.003418 8.669833e-03
1164556495.003540 1.530924e-02
1164556495.003662 2.188895e-02
1164556495.003784 2.376785e-02
1164556495.003906 1.908558e-02
1164556495.004028 6.662225e-03
1164556495.004150 -4.404110e-03
1164556495.004272 -9.100526e-03
1164556495.004395 -9.567253e-03
1164556495.004517 -1.332228e-02
1164556495.004639 -1.742764e-02
1164556495.004761 -1.882069e-02
1164556495.004883 -1.552803e-02
1164556495.005005 -9.159777e-03
1164556495.005127 -2.377721e-03
1164556495.005249 3.148575e-03
1164556495.005371 8.347803e-03
1164556495.005493 1.309940e-02
1164556495.005615 1.900063e-02
1164556495.005737 2.136057e-02
1164556495.005859 2.024035e-02
1164556495.005981 1.642666e-02
1164556495.006104 1.157751e-02
1164556495.006226 4.475231e-03
