1164556494.762939 -5.685370e-03
1164556494.763062 -1.134725e-02
1164556494.763184 -1.067581e-02
1164556494.763306 -1.072252e-02
1164556494.763428 -1.367691e-02
1164556494.763550 -1.306393e-02
1164556494.763672 -1.046739e-02
1164556494.763794 -7.695888e-03
1164556494.763916 -3.135666e-03
1164556494.764038 2.354200e-03
1164556494.764160 4.837715e-03
1164556494.764282 9.171349e-03
1164556494.764404 1.231100e-02
1164556494.764526 1.388222e-02
1164556494.764648 1.283623e-02
1164556494.764771 1.074944e-02
1164556494.764893 6.584610e-03
1164556494.765015 -4.031508e-05
1164556494.765137 -5.271934e-03
1164556494.765259 -8.103604e-03
1164556494.765381 -1.465764e-02
1164556494.765503 -2.216921e-02
1164556494.765625 -2.361462e-02
1164556494.765747 -1.595236e-02
1164556494.765869 -4.303154e-03
1164556494.765991 6.519962e-03
1164556494.766113 1.562249e-02
1164556494.766235 2.508209e-02
1164556494.766357 2.919188e-02
1164556494.766479 2.344359e-02
1164556494.766602 1.025172e-02
1164556494.766724 -3.306521e-03
1164556494.766846 -1.432947e-02
1164556494.766968 -1.929003e-02
1164556494.767090 -1.761173e-02
1164556494.767212 -1.201084e-02
1164556494.767334 -7.206414e-03
1164556494.767456 -4.622505e-03
1164556494.767578 -4.245331e-03
1164556494.767700 -2.922169e-03
1164556494.767822 -1.082373e-03
1164556494.767944 4.501286e-03
1164556494.768066 1.185970e-02
1164556494.768188 1.606633e-02
1164556494.768311 1.845098e-02
1164556494.768433 1.732601e-02
1164556494.768555 8.721451e-03
1164556494.768677 -2.188071e-03
1164556494.768799 -1.082819e-02
1164556494.768921 -1.593066e-02
1164556494.769043 -1.783870e-02
1164556494.769165 -1.565473e-02
1164556494.769287 -1.101024e-02
1164556494.769409 -4.041937e-03
1164556494.769531 7.463154e-04
1164556494.769653 5.088642e-03
1164556494.769775 7.838262e-03
1164556494.769897 9.027500e-03
1164556494.770020 1.014016e-02
1164556494.770142 1.210410e-02
1164556494.770264 1.053359e-02
1164556494.770386 6.089660e-03
1164556494.770508 4.192323e-04
1164556494.770630 -4.401941e-03
1164556494.770752 -8.215790e-03
1164556494.770874 -1.046593e-02
1164556494.770996 -9.367009e-03
1164556494.771118 -5.724033e-03
1164556494.771240 -5.725776e-03
1164556494.771362 -6.059478e-03
1164556494.771484 -3.054898e-03
1164556494.771606 2.353739e-03
1164556494.771729 3.672170e-03
1164556494.771851 2.327338e-03
1164556494.771973 3.453761e-03
1164556494.772095 7.342674e-03
1164556494.772217 1.231470e-02
1164556494.772339 1.654737e-02
1164556494.772461 1.618032e-02
1164556494.772583 9.805938e-03
1164556494.772705 -4.954311e-03
1164556494.772827 -2.282423e-02
1164556494.772949 -2.928839e-02
1164556494.773071 -2.206363e-02
1164556494.773193 -1.155344e-02
1164556494.773315 -3.249441e-03
1164556494.773438 3.629884e-03
1164556494.773560 1.086310e-02
1164556494.773682 1.437837e-02
1164556494.773804 1.454473e-02
1164556494.773926 1.308557e-02
1164556494.774048 1.056161e-02
1164556494.774170 8.376593e-03
1164556494.774292 6.397739e-03
1164556494.774414 7.411706e-04
1164556494.774536 -9.330086e-03
1164556494.774658 -1.971136e-02
1164556494.774780 -2.197150e-02
1164556494.774902 -1.533350e-02
1164556494.775024 -4.716990e-03
1164556494.775146 3.731359e-03
1164556494.775269 5.190208e-03
1164556494.775391 3.365416e-03
1164556494.775513 8.209093e-03
1164556494.775635 1.330575e-02
1164556494.775757 9.906546e-03
1164556494.775879 3.085359e-03
1164556494.776001 9.979026e-05
1164556494.776123 -1.010970e-03
1164556494.776245 -1.144864e-03
1164556494.776367 -1.047264e-03
1164556494.776489 1.636972e-04
1164556494.776611 8.675054e-05
1164556494.776733 -3.420125e-03
1164556494.776855 -6.767955e-03
1164556494.776978 -7.319943e-03
1164556494.777100 -6.368531e-03
1164556494.777222 -4.704017e-03
1164556494.777344 -5.162819e-03
1164556494.777466 -5.155938e-03
1164556494.777588 -1.674823e-03
1164556494.777710 5.308316e-03
1164556494.777832 1.342248e-02
1164556494.777954 1.949694e-02
1164556494.778076 2.112749e-02
1164556494.778198 1.724467e-02
1164556494.778320 6.821597e-03
1164556494.778442 -9.209295e-03
1164556494.778564 -2.577762e-02
1164556494.778687 -2.948867e-02
1164556494.778809 -2.150118e-02
1164556494.778931 -8.332251e-03
1164556494.779053 4.353872e-03
1164556494.779175 1.159924e-02
1164556494.779297 7.828252e-03
1164556494.779419 1.107355e-03
1164556494.779541 -3.792005e-04
1164556494.779663 4.811192e-03
1164556494.779785 1.075913e-02
1164556494.779907 1.455431e-02
1164556494.780029 1.534637e-02
1164556494.780151 1.362536e-02
1164556494.780273 5.870516e-03
1164556494.780396 -7.117088e-03
1164556494.780518 -2.014269e-02
1164556494.780640 -2.647439e-02
1164556494.780762 -2.375519e-02
1164556494.780884 -1.336781e-02
1164556494.781006 -3.391339e-03
1164556494.781128 6.203898e-04
1164556494.781250 1.375274e-03
1164556494.781372 8.075579e-03
1164556494.781494 1.938660e-02
1164556494.781616 2.617456e-02
1164556494.781738 2.333690e-02
1164556494.781860 1.636892e-02
1164556494.781982 6.963049e-03
1164556494.782104 -1.889113e-03
1164556494.782227 -1.158780e-02
1164556494.782349 -2.299473e-02
1164556494.782471 -2.911393e-02
1164556494.782593 -2.652209e-02
1164556494.782715 -2.007538e-02
1164556494.782837 -1.010887e-02
1164556494.782959 3.090891e-03
1164556494.783081 1.709049e-02
1164556494.783203 2.567363e-02
1164556494.783325 2.971512e-02
1164556494.783447 2.670518e-02
1164556494.783569 1.736752e-02
1164556494.783691 2.604078e-03
1164556494.783813 -1.013627e-02
1164556494.783936 -1.978862e-02
1164556494.784058 -2.312699e-02
1164556494.784180 -2.084566e-02
1164556494.784302 -1.397080e-02
1164556494.784424 -4.253056e-03
1164556494.784546 4.418635e-03
1164556494.784668 7.267111e-03
1164556494.784790 9.101147e-03
1164556494.784912 1.121176e-02
1164556494.785034 1.187308e-02
1164556494.785156 6.987594e-03
1164556494.785278 -1.210964e-03
1164556494.785400 -7.735494e-03
1164556494.785522 -1.076527e-02
1164556494.785645 -8.833083e-03
1164556494.785767 -3.057885e-03
1164556494.785889 6.475858e-03
1164556494.786011 1.603075e-02
1164556494.786133 1.895393e-02
1164556494.786255 1.297747e-02
1164556494.786377 -6.536210e-04
1164556494.786499 -1.513094e-02
1164556494.786621 -2.310721e-02
1164556494.786743 -2.237489e-02
1164556494.786865 -1.931286e-02
1164556494.786987 -1.263146e-02
1164556494.787109 -1.361987e-03
1164556494.787231 1.387286e-02
1164556494.787354 2.460549e-02
1164556494.787476 2.616559e-02
1164556494.787598 2.142447e-02
1164556494.787720 1.553589e-02
1164556494.787842 8.372217e-03
1164556494.787964 1.698063e-03
1164556494.788086 -6.431163e-03
1164556494.788208 -1.575743e-02
1164556494.788330 -2.529184e-02
1164556494.788452 -3.355243e-02
1164556494.788574 -3.402865e-02
1164556494.788696 -2.189056e-02
1164556494.788818 -1.985305e-05
1164556494.788940 2.269482e-02
1164556494.789062 3.451726e-02
1164556494.789185 3.541185e-02
1164556494.789307 2.868559e-02
1164556494.789429 1.729225e-02
1164556494.789551 4.320573e-03
1164556494.789673 -9.266736e-03
1164556494.789795 -1.984827e-02
1164556494.789917 -1.999179e-02
1164556494.790039 -1.291652e-02
1164556494.790161 -6.877902e-03
1164556494.790283 -8.248320e-03
1164556494.790405 -1.374103e-02
1164556494.790527 -1.475184e-02
1164556494.790649 -7.180902e-03
1164556494.790771 4.319836e-03
1164556494.790894 1.530430e-02
1164556494.791016 2.001183e-02
1164556494.791138 2.011674e-02
1164556494.791260 1.874125e-02
1164556494.791382 1.404913e-02
1164556494.791504 6.055005e-03
1164556494.791626 -1.931456e-03
1164556494.791748 -9.293025e-03
1164556494.791870 -1.390510e-02
1164556494.791992 -1.725280e-02
1164556494.792114 -1.765520e-02
1164556494.792236 -1.448243e-02
1164556494.792358 -1.051889e-02
1164556494.792480 -7.041027e-03
1164556494.792603 -3.774116e-03
1164556494.792725 3.294872e-03
1164556494.792847 1.624653e-02
1164556494.792969 2.550556e-02
1164556494.793091 2.483681e-02
1164556494.793213 1.657814e-02
1164556494.793335 7.239898e-03
1164556494.793457 -5.374543e-04
1164556494.793579 -7.303030e-03
1164556494.793701 -1.313960e-02
1164556494.793823 -1.420326e-02
1164556494.793945 -1.364521e-02
1164556494.794067 -1.159747e-02
1164556494.794189 -1.026394e-02
1164556494.794312 -8.708483e-03
1164556494.794434 -5.338851e-03
1164556494.794556 2.235161e-03
1164556494.794678 8.740131e-03
1164556494.794800 1.170898e-02
1164556494.794922 1.147611e-02
1164556494.795044 1.137976e-02
1164556494.795166 1.274246e-02
1164556494.795288 1.086419e-02
1164556494.795410 6.187119e-03
1164556494.795532 1.478674e-03
1164556494.795654 -1.667428e-03
1164556494.795776 -5.925994e-03
1164556494.795898 -1.219696e-02
1164556494.796021 -1.631329e-02
1164556494.796143 -1.893378e-02
1164556494.796265 -1.890698e-02
1164556494.796387 -1.607785e-02
1164556494.796509 -1.028034e-02
1164556494.796631 -6.639084e-05
1164556494.796753 1.352141e-02
1164556494.796875 2.553571e-02
1164556494.796997 3.547088e-02
1164556494.797119 3.788826e-02
1164556494.797241 3.011038e-02
1164556494.797363 1.182500e-02
1164556494.797485 -8.665688e-03
1164556494.797607 -3.056529e-02
1164556494.797729 -4.694101e-02
1164556494.797852 -4.809588e-02
1164556494.797974 -2.844570e-02
1164556494.798096 -2.897747e-03
1164556494.798218 1.509052e-02
1164556494.798340 1.943992e-02
1164556494.798462 1.454026e-02
1164556494.798584 1.214560e-02
1164556494.798706 1.450722e-02
1164556494.798828 1.377745e-02
1164556494.798950 1.203200e-02
1164556494.799072 1.137888e-02
1164556494.799194 1.052191e-02
1164556494.799316 3.736200e-03
1164556494.799438 -8.280044e-03
1164556494.799561 -2.176709e-02
1164556494.799683 -2.870694e-02
1164556494.799805 -2.455439e-02
1164556494.799927 -1.076548e-02
1164556494.800049 9.282490e-04
1164556494.800171 3.810151e-03
1164556494.800293 1.274897e-03
1164556494.800415 1.696046e-03
1164556494.800537 6.438485e-03
1164556494.800659 1.317970e-02
1164556494.800781 1.786122e-02
1164556494.800903 2.047960e-02
1164556494.801025 1.804164e-02
1164556494.801147 9.621480e-03
1164556494.801270 -6.047107e-05
1164556494.801392 -6.354949e-03
1164556494.801514 -1.497741e-02
1164556494.801636 -2.245773e-02
1164556494.801758 -2.314338e-02
1164556494.801880 -1.914458e-02
1164556494.802002 -1.654303e-02
1164556494.802124 -1.083290e-02
1164556494.802246 -2.644671e-03
1164556494.802368 1.030622e-02
1164556494.802490 2.265214e-02
1164556494.802612 2.977567e-02
1164556494.802734 2.851949e-02
1164556494.802856 2.233111e-02
1164556494.802979 1.382930e-02
1164556494.803101 3.344550e-03
1164556494.803223 -8.537156e-03
1164556494.803345 -1.966143e-02
1164556494.803467 -2.785682e-02
1164556494.803589 -2.839787e-02
1164556494.803711 -2.392240e-02
1164556494.803833 -1.390831e-02
1164556494.803955 5.623599e-04
1164556494.804077 1.091023e-02
1164556494.804199 9.930583e-03
1164556494.804321 3.173088e-03
1164556494.804443 5.254843e-03
1164556494.804565 2.005296e-02
1164556494.804688 2.956816e-02
1164556494.804810 2.600956e-02
1164556494.804932 1.585689e-02
1164556494.805054 2.082807e-03
1164556494.805176 -1.375729e-02
1164556494.805298 -2.414377e-02
1164556494.805420 -3.002799e-02
1164556494.805542 -2.932646e-02
1164556494.805664 -1.919842e-02
1164556494.805786 -4.262316e-03
1164556494.805908 6.398877e-03
1164556494.806030 9.702291e-03
1164556494.806152 7.324916e-03
1164556494.806274 6.734731e-03
1164556494.806396 1.088710e-02
1164556494.806519 1.886793e-02
1164556494.806641 2.121826e-02
1164556494.806763 1.166209e-02
1164556494.806885 -3.039543e-04
1164556494.807007 -3.812737e-03
1164556494.807129 -3.538865e-03
1164556494.807251 -6.262893e-03
1164556494.807373 -1.124756e-02
1164556494.807495 -1.171262e-02
1164556494.807617 -1.254780e-02
1164556494.807739 -1.446929e-02
1164556494.807861 -1.238817e-02
1164556494.807983 -7.915259e-03
1164556494.808105 -4.106598e-03
1164556494.808228 -1.759539e-03
1164556494.808350 1.264794e-03
1164556494.808472 1.258687e-02
1164556494.808594 2.856150e-02
1164556494.808716 3.733892e-02
1164556494.808838 3.624811e-02
1164556494.808960 2.736469e-02
1164556494.809082 9.663913e-03
1164556494.809204 -1.524443e-02
1164556494.809326 -3.818655e-02
1164556494.809448 -4.863016e-02
1164556494.809570 -4.878211e-02
1164556494.809692 -3.863098e-02
1164556494.809814 -2.083661e-02
1164556494.809937 1.010206e-03
1164556494.810059 1.995313e-02
1164556494.810181 3.098486e-02
1164556494.810303 3.545534e-02
1164556494.810425 3.750016e-02
1164556494.810547 3.527484e-02
1164556494.810669 3.081843e-02
1164556494.810791 2.305349e-02
1164556494.810913 8.107352e-03
1164556494.811035 -1.337684e-02
1164556494.811157 -3.414325e-02
1164556494.811279 -5.170785e-02
1164556494.811401 -5.914923e-02
1164556494.811523 -5.528557e-02
1164556494.811646 -3.566988e-02
1164556494.811768 -6.877919e-03
1164556494.811890 2.040644e-02
1164556494.812012 4.070201e-02
1164556494.812134 5.580955e-02
1164556494.812256 5.866584e-02
1164556494.812378 5.119965e-02
1164556494.812500 3.725024e-02
1164556494.812622 1.480317e-02
1164556494.812744 -1.138308e-02
1164556494.812866 -3.416626e-02
1164556494.812988 -5.081897e-02
1164556494.813110 -5.657176e-02
1164556494.813232 -5.205344e-02
1164556494.813354 -3.748777e-02
1164556494.813477 -1.881158e-02
1164556494.813599 1.669604e-03
1164556494.813721 2.420270e-02
1164556494.813843 4.388257e-02
1164556494.813965 4.846493e-02
1164556494.814087 3.998037e-02
1164556494.814209 2.932699e-02
1164556494.814331 2.184587e-02
1164556494.814453 1.142532e-02
1164556494.814575 -2.949938e-03
1164556494.814697 -1.722693e-02
1164556494.814819 -2.470321e-02
1164556494.814941 -3.001827e-02
1164556494.815063 -3.767234e-02
1164556494.815186 -4.254676e-02
1164556494.815308 -3.692343e-02
1164556494.815430 -2.421966e-02
1164556494.815552 -2.510020e-03
1164556494.815674 2.548120e-02
1164556494.815796 4.901359e-02
1164556494.815918 5.800639e-02
1164556494.816040 5.103821e-02
1164556494.816162 3.440214e-02
1164556494.816284 1.413141e-02
1164556494.816406 -6.638819e-03
1164556494.816528 -1.986503e-02
1164556494.816650 -3.407163e-02
1164556494.816772 -4.307012e-02
1164556494.816895 -3.792476e-02
1164556494.817017 -2.445202e-02
1164556494.817139 -1.741862e-02
1164556494.817261 -1.258483e-02
1164556494.817383 -2.607867e-03
1164556494.817505 1.443831e-02
1164556494.817627 2.822480e-02
1164556494.817749 3.781030e-02
1164556494.817871 4.021756e-02
1164556494.817993 3.101612e-02
1164556494.818115 1.115981e-02
1164556494.818237 -4.266045e-03
1164556494.818359 -1.057404e-02
1164556494.818481 -1.260576e-02
1164556494.818604 -1.764072e-02
1164556494.818726 -2.355709e-02
1164556494.818848 -2.463163e-02
1164556494.818970 -1.791607e-02
1164556494.819092 -1.186031e-02
1164556494.819214 -9.480452e-03
1164556494.819336 -5.778531e-03
1164556494.819458 -3.053537e-04
1164556494.819580 1.299563e-02
1164556494.819702 3.072291e-02
1164556494.819824 3.813121e-02
1164556494.819946 3.098475e-02
1164556494.820068 1.239198e-02
1164556494.820190 -3.244227e-03
1164556494.820312 -1.024378e-02
1164556494.820435 -8.664137e-03
1164556494.820557 -6.465962e-03
1164556494.820679 -7.871994e-03
1164556494.820801 -1.384430e-02
1164556494.820923 -1.842984e-02
1164556494.821045 -2.398621e-02
1164556494.821167 -2.581329e-02
1164556494.821289 -2.159409e-02
1164556494.821411 -7.398087e-03
1164556494.821533 1.058625e-02
1164556494.821655 2.565954e-02
1164556494.821777 3.875934e-02
1164556494.821899 4.663802e-02
1164556494.822021 4.069863e-02
1164556494.822144 2.128305e-02
1164556494.822266 1.338972e-03
1164556494.822388 -1.274845e-02
1164556494.822510 -3.027834e-02
1164556494.822632 -4.179795e-02
1164556494.822754 -3.742210e-02
1164556494.822876 -2.581568e-02
1164556494.822998 -1.914028e-02
1164556494.823120 -1.547858e-02
1164556494.823242 -6.672024e-03
1164556494.823364 9.979642e-03
1164556494.823486 2.459716e-02
1164556494.823608 3.329592e-02
1164556494.823730 3.602447e-02
1164556494.823853 3.710593e-02
1164556494.823975 3.063530e-02
1164556494.824097 1.659006e-02
1164556494.824219 -6.182798e-04
1164556494.824341 -1.450304e-02
1164556494.824463 -2.649838e-02
1164556494.824585 -3.704351e-02
1164556494.824707 -4.362750e-02
1164556494.824829 -3.961047e-02
1164556494.824951 -2.763899e-02
1164556494.825073 -1.403829e-02
1164556494.825195 -3.031833e-03
1164556494.825317 1.353205e-02
1164556494.825439 3.457471e-02
1164556494.825562 5.154709e-02
1164556494.825684 5.655951e-02
1164556494.825806 4.817330e-02
1164556494.825928 2.808002e-02
1164556494.826050 6.326736e-03
1164556494.826172 -1.868009e-02
1164556494.826294 -4.332398e-02
1164556494.826416 -5.770138e-02
1164556494.826538 -5.340192e-02
1164556494.826660 -3.863706e-02
1164556494.826782 -1.955267e-02
1164556494.826904 -2.540203e-03
1164556494.827026 1.278804e-02
1164556494.827148 2.697534e-02
1164556494.827271 3.459961e-02
1164556494.827393 3.162297e-02
1164556494.827515 2.792006e-02
1164556494.827637 2.173024e-02
1164556494.827759 1.319268e-02
1164556494.827881 5.792243e-03
1164556494.828003 1.806177e-03
1164556494.828125 -5.337060e-03
1164556494.828247 -1.358239e-02
1164556494.828369 -2.304166e-02
1164556494.828491 -3.272024e-02
1164556494.828613 -3.826404e-02
1164556494.828735 -3.086965e-02
1164556494.828857 -1.661265e-02
1164556494.828979 -3.073285e-03
1164556494.829102 5.968657e-03
1164556494.829224 1.309686e-02
1164556494.829346 2.421802e-02
1164556494.829468 4.079400e-02
1164556494.829590 5.109759e-02
1164556494.829712 4.777452e-02
1164556494.829834 3.096514e-02
1164556494.829956 7.356833e-03
1164556494.830078 -1.775221e-02
1164556494.830200 -3.613442e-02
1164556494.830322 -5.057126e-02
1164556494.830444 -5.999724e-02
1164556494.830566 -5.705800e-02
1164556494.830688 -3.625078e-02
1164556494.830811 -6.796308e-03
1164556494.830933 1.756524e-02
1164556494.831055 2.954961e-02
1164556494.831177 3.523159e-02
1164556494.831299 4.088160e-02
1164556494.831421 4.810217e-02
1164556494.831543 4.822540e-02
1164556494.831665 3.887900e-02
1164556494.831787 1.927738e-02
1164556494.831909 -3.453690e-03
1164556494.832031 -2.861100e-02
1164556494.832153 -5.094375e-02
1164556494.832275 -6.703350e-02
1164556494.832397 -7.255156e-02
1164556494.832520 -6.256393e-02
1164556494.832642 -3.341387e-02
1164556494.832764 6.278065e-03
1164556494.832886 3.992271e-02
1164556494.833008 6.233497e-02
1164556494.833130 6.925928e-02
1164556494.833252 5.887491e-02
1164556494.833374 4.389261e-02
1164556494.833496 3.212768e-02
1164556494.833618 1.850674e-02
1164556494.833740 -4.549911e-03
1164556494.833862 -3.706526e-02
1164556494.833984 -6.578025e-02
1164556494.834106 -7.444880e-02
1164556494.834229 -6.678858e-02
1164556494.834351 -4.784126e-02
1164556494.834473 -2.566479e-02
1164556494.834595 4.779166e-03
1164556494.834717 3.834480e-02
1164556494.834839 6.350612e-02
1164556494.834961 6.936659e-02
1164556494.835083 5.949866e-02
1164556494.835205 4.073918e-02
1164556494.835327 2.152610e-02
1164556494.835449 3.633732e-03
1164556494.835571 -1.498464e-02
1164556494.835693 -3.318664e-02
1164556494.835815 -5.147939e-02
1164556494.835938 -6.265063e-02
1164556494.836060 -5.676110e-02
1164556494.836182 -3.845801e-02
1164556494.836304 -1.005154e-02
1164556494.836426 1.532668e-02
1164556494.836548 2.983674e-02
1164556494.836670 3.985497e-02
1164556494.836792 5.253356e-02
1164556494.836914 5.399736e-02
1164556494.837036 3.627310e-02
1164556494.837158 6.819940e-03
1164556494.837280 -1.623835e-02
1164556494.837402 -2.247851e-02
1164556494.837524 -2.291533e-02
1164556494.837646 -2.943364e-02
1164556494.837769 -2.995296e-02
1164556494.837891 -2.334729e-02
1164556494.838013 -1.206075e-02
1164556494.838135 -2.168210e-03
1164556494.838257 8.706767e-03
1164556494.838379 1.342979e-02
1164556494.838501 1.075472e-02
1164556494.838623 2.168354e-03
1164556494.838745 2.105952e-03
1164556494.838867 1.189967e-02
1164556494.838989 1.848607e-02
1164556494.839111 2.033560e-02
1164556494.839233 1.952068e-02
1164556494.839355 1.206777e-02
1164556494.839478 -9.837820e-04
1164556494.839600 -1.658101e-02
1164556494.839722 -2.577699e-02
1164556494.839844 -2.957665e-02
1164556494.839966 -2.374614e-02
1164556494.840088 -1.157113e-02
1164556494.840210 -3.060898e-03
1164556494.840332 1.175537e-03
1164556494.840454 6.298421e-03
1164556494.840576 1.049587e-02
1164556494.840698 1.355415e-02
1164556494.840820 1.368722e-02
1164556494.840942 1.226435e-02
1164556494.841064 4.700122e-03
1164556494.841187 3.592955e-03
1164556494.841309 7.780380e-03
1164556494.841431 1.045068e-02
1164556494.841553 1.074299e-02
1164556494.841675 7.419652e-03
1164556494.841797 2.105858e-03
1164556494.841919 -8.688884e-03
1164556494.842041 -2.754385e-02
1164556494.842163 -4.290389e-02
1164556494.842285 -4.840728e-02
1164556494.842407 -4.098754e-02
1164556494.842529 -2.084073e-02
1164556494.842651 1.389827e-02
1164556494.842773 5.086541e-02
1164556494.842896 6.755772e-02
1164556494.843018 5.978131e-02
1164556494.843140 4.373982e-02
1164556494.843262 2.546913e-02
1164556494.843384 4.628832e-03
1164556494.843506 -1.884482e-02
1164556494.843628 -3.924764e-02
1164556494.843750 -5.378794e-02
1164556494.843872 -5.746833e-02
1164556494.843994 -4.895526e-02
1164556494.844116 -3.413627e-02
1164556494.844238 -1.852820e-02
1164556494.844360 4.936811e-03
1164556494.844482 3.267488e-02
1164556494.844604 5.645545e-02
1164556494.844727 6.611322e-02
1164556494.844849 5.443098e-02
1164556494.844971 2.917977e-02
1164556494.845093 4.126140e-03
1164556494.845215 -1.025232e-02
1164556494.845337 -1.096621e-02
1164556494.845459 -1.267322e-02
1164556494.845581 -2.767124e-02
1164556494.845703 -4.533939e-02
1164556494.845825 -4.922724e-02
1164556494.845947 -4.563349e-02
1164556494.846069 -3.861197e-02
1164556494.846191 -2.120660e-02
1164556494.846313 1.447999e-02
1164556494.846436 4.918252e-02
1164556494.846558 6.753021e-02
1164556494.846680 7.120508e-02
1164556494.846802 6.081634e-02
1164556494.846924 2.955678e-02
1164556494.847046 -5.832128e-03
1164556494.847168 -2.555291e-02
1164556494.847290 -2.991867e-02
1164556494.847412 -3.567878e-02
1164556494.847534 -4.541095e-02
1164556494.847656 -5.082436e-02
1164556494.847778 -4.369870e-02
1164556494.847900 -2.908203e-02
1164556494.848022 -9.145508e-03
1164556494.848145 1.208886e-02
1164556494.848267 3.865399e-02
1164556494.848389 5.818523e-02
1164556494.848511 6.714153e-02
1164556494.848633 5.931442e-02
1164556494.848755 2.880286e-02
1164556494.848877 -1.219138e-02
1164556494.848999 -4.025665e-02
1164556494.849121 -4.619940e-02
1164556494.849243 -2.858830e-02
1164556494.849365 -4.282375e-03
1164556494.849487 4.328948e-03
1164556494.849609 -1.098140e-02
1164556494.849731 -2.968407e-02
1164556494.849854 -3.295191e-02
1164556494.849976 -2.224077e-02
1164556494.850098 -6.846748e-03
1164556494.850220 1.324248e-02
1164556494.850342 3.329613e-02
1164556494.850464 4.719443e-02
1164556494.850586 4.823894e-02
1164556494.850708 4.116491e-02
1164556494.850830 2.879953e-02
1164556494.850952 7.364288e-03
1164556494.851074 -2.012166e-02
1164556494.851196 -3.347719e-02
1164556494.851318 -3.436942e-02
1164556494.851440 -4.221756e-02
1164556494.851562 -4.769765e-02
1164556494.851685 -3.636011e-02
1164556494.851807 -2.022934e-02
1164556494.851929 -1.015437e-03
1164556494.852051 1.890652e-02
1164556494.852173 3.826547e-02
1164556494.852295 4.679420e-02
1164556494.852417 4.356044e-02
1164556494.852539 3.322023e-02
1164556494.852661 2.211344e-02
1164556494.852783 1.152625e-02
1164556494.852905 1.810924e-03
1164556494.853027 -1.013179e-02
1164556494.853149 -2.697901e-02
1164556494.853271 -4.185341e-02
1164556494.853394 -4.524956e-02
1164556494.853516 -4.020885e-02
1164556494.853638 -3.010315e-02
1164556494.853760 -1.613764e-02
1164556494.853882 4.222353e-03
1164556494.854004 1.994670e-02
1164556494.854126 2.865896e-02
1164556494.854248 3.212240e-02
1164556494.854370 3.967153e-02
1164556494.854492 4.504832e-02
1164556494.854614 4.310758e-02
1164556494.854736 2.812167e-02
1164556494.854858 2.878091e-03
1164556494.854980 -2.447105e-02
1164556494.855103 -4.772497e-02
1164556494.855225 -5.908762e-02
1164556494.855347 -6.146768e-02
1164556494.855469 -5.290932e-02
1164556494.855591 -2.594321e-02
1164556494.855713 1.382945e-02
1164556494.855835 4.203864e-02
1164556494.855957 3.898762e-02
1164556494.856079 2.775452e-02
1164556494.856201 2.164797e-02
1164556494.856323 2.142339e-02
1164556494.856445 2.758609e-02
1164556494.856567 3.450017e-02
1164556494.856689 2.558697e-02
1164556494.856812 -3.507841e-04
1164556494.856934 -2.945561e-02
1164556494.857056 -4.639357e-02
1164556494.857178 -4.767541e-02
1164556494.857300 -4.232511e-02
1164556494.857422 -3.422417e-02
1164556494.857544 -1.915323e-02
1164556494.857666 2.081096e-03
1164556494.857788 1.783327e-02
1164556494.857910 1.829436e-02
1164556494.858032 1.768661e-02
1164556494.858154 2.963139e-02
1164556494.858276 4.797956e-02
1164556494.858398 5.365226e-02
1164556494.858521 3.921340e-02
1164556494.858643 6.891235e-03
1164556494.858765 -2.667490e-02
1164556494.858887 -4.476123e-02
1164556494.859009 -4.004938e-02
1164556494.859131 -2.731672e-02
1164556494.859253 -1.902648e-02
1164556494.859375 -2.250582e-02
1164556494.859497 -2.674437e-02
1164556494.859619 -1.706179e-02
1164556494.859741 3.413625e-04
1164556494.859863 2.284888e-03
1164556494.859985 1.064266e-03
1164556494.860107 2.199289e-02
1164556494.860229 5.986158e-02
1164556494.860352 8.083253e-02
1164556494.860474 7.487471e-02
1164556494.860596 4.003438e-02
1164556494.860718 -5.780469e-03
1164556494.860840 -4.818885e-02
1164556494.860962 -6.824805e-02
1164556494.861084 -6.470004e-02
1164556494.861206 -5.568624e-02
1164556494.861328 -5.405167e-02
1164556494.861450 -5.254181e-02
1164556494.861572 -2.902556e-02
1164556494.861694 1.478390e-02
1164556494.861816 4.659852e-02
1164556494.861938 6.258920e-02
1164556494.862061 7.356963e-02
1164556494.862183 8.392443e-02
1164556494.862305 7.925272e-02
1164556494.862427 5.448483e-02
1164556494.862549 9.241783e-03
1164556494.862671 -4.350934e-02
1164556494.862793 -8.745607e-02
1164556494.862915 -1.033031e-01
1164556494.863037 -9.256002e-02
1164556494.863159 -6.055979e-02
1164556494.863281 -3.118347e-02
1164556494.863403 -1.569397e-02
1164556494.863525 4.642914e-03
1164556494.863647 4.902221e-02
1164556494.863770 9.044624e-02
1164556494.863892 9.656868e-02
1164556494.864014 7.476366e-02
1164556494.864136 5.112324e-02
1164556494.864258 2.877579e-02
1164556494.864380 -2.448539e-03
1164556494.864502 -3.631959e-02
1164556494.864624 -5.817787e-02
1164556494.864746 -6.870204e-02
1164556494.864868 -7.115450e-02
1164556494.864990 -6.372928e-02
1164556494.865112 -3.881338e-02
1164556494.865234 -1.508401e-02
1164556494.865356 -4.108699e-03
1164556494.865479 4.699551e-03
1164556494.865601 3.479752e-02
1164556494.865723 7.530436e-02
1164556494.865845 9.318325e-02
1164556494.865967 7.670332e-02
1164556494.866089 5.131933e-02
1164556494.866211 2.615099e-02
1164556494.866333 -3.492442e-03
1164556494.866455 -3.368275e-02
1164556494.866577 -5.779977e-02
1164556494.866699 -8.010255e-02
1164556494.866821 -9.093496e-02
1164556494.866943 -8.247447e-02
1164556494.867065 -5.109298e-02
1164556494.867188 -8.210719e-03
1164556494.867310 2.916005e-02
1164556494.867432 5.099677e-02
1164556494.867554 7.162594e-02
1164556494.867676 8.996933e-02
1164556494.867798 8.302941e-02
1164556494.867920 4.465246e-02
1164556494.868042 1.922192e-03
1164556494.868164 -1.822429e-02
1164556494.868286 -1.764780e-02
1164556494.868408 -1.619496e-02
1164556494.868530 -2.540687e-02
1164556494.868652 -4.987018e-02
1164556494.868774 -7.597908e-02
1164556494.868896 -8.755232e-02
1164556494.869019 -7.312652e-02
1164556494.869141 -3.264633e-02
1164556494.869263 2.562590e-02
1164556494.869385 7.958918e-02
1164556494.869507 1.018547e-01
1164556494.869629 9.076575e-02
1164556494.869751 6.685587e-02
1164556494.869873 3.791671e-02
1164556494.869995 6.998661e-03
1164556494.870117 -1.680519e-02
1164556494.870239 -2.184631e-02
1164556494.870361 -2.403177e-02
1164556494.870483 -4.101054e-02
1164556494.870605 -6.876750e-02
1164556494.870728 -9.119528e-02
1164556494.870850 -8.936044e-02
1164556494.870972 -5.558909e-02
1164556494.871094 -4.396500e-03
1164556494.871216 4.902422e-02
1164556494.871338 9.542136e-02
1164556494.871460 1.188900e-01
1164556494.871582 1.008674e-01
1164556494.871704 5.194065e-02
1164556494.871826 1.344951e-03
1164556494.871948 -2.899095e-02
1164556494.872070 -3.547898e-02
1164556494.872192 -2.458934e-02
1164556494.872314 -2.173648e-02
1164556494.872437 -3.061052e-02
1164556494.872559 -4.598253e-02
1164556494.872681 -6.790103e-02
1164556494.872803 -8.035955e-02
1164556494.872925 -5.538973e-02
1164556494.873047 1.882450e-03
1164556494.873169 5.207930e-02
1164556494.873291 8.202087e-02
1164556494.873413 9.700525e-02
1164556494.873535 8.419325e-02
1164556494.873657 4.004275e-02
1164556494.873779 -1.807363e-03
1164556494.873901 -1.212848e-02
1164556494.874023 -6.676390e-03
1164556494.874146 8.994490e-05
1164556494.874268 -1.082948e-02
1164556494.874390 -4.049925e-02
1164556494.874512 -7.963450e-02
1164556494.874634 -9.740254e-02
1164556494.874756 -8.653777e-02
1164556494.874878 -4.913292e-02
1164556494.875000 7.635936e-03
1164556494.875122 6.200789e-02
1164556494.875244 8.985621e-02
1164556494.875366 8.952079e-02
1164556494.875488 8.618567e-02
1164556494.875610 7.360717e-02
1164556494.875732 3.288290e-02
1164556494.875854 -1.716342e-02
1164556494.875977 -3.275027e-02
1164556494.876099 -1.828972e-02
1164556494.876221 -2.734402e-02
1164556494.876343 -6.766411e-02
1164556494.876465 -9.726931e-02
1164556494.876587 -9.015781e-02
1164556494.876709 -6.775347e-02
1164556494.876831 -2.943357e-02
1164556494.876953 2.487493e-02
1164556494.877075 6.934231e-02
1164556494.877197 8.433702e-02
1164556494.877319 7.753028e-02
1164556494.877441 7.582436e-02
1164556494.877563 7.792369e-02
1164556494.877686 6.015455e-02
1164556494.877808 1.694872e-02
1164556494.877930 -2.866096e-02
1164556494.878052 -5.180542e-02
1164556494.878174 -6.470189e-02
1164556494.878296 -8.634156e-02
1164556494.878418 -1.122237e-01
1164556494.878540 -1.072956e-01
1164556494.878662 -6.469678e-02
1164556494.878784 -3.169691e-03
1164556494.878906 4.521813e-02
1164556494.879028 8.187298e-02
1164556494.879150 1.029610e-01
1164556494.879272 1.065020e-01
1164556494.879395 9.513160e-02
1164556494.879517 7.146835e-02
1164556494.879639 4.124756e-02
1164556494.879761 -7.635988e-03
1164556494.879883 -6.722905e-02
1164556494.880005 -9.242852e-02
1164556494.880127 -7.364912e-02
1164556494.880249 -5.016132e-02
1164556494.880371 -6.256460e-02
1164556494.880493 -8.048994e-02
1164556494.880615 -7.748642e-02
1164556494.880737 -4.911528e-02
1164556494.880859 -3.169598e-03
1164556494.880981 6.455167e-02
1164556494.881104 1.323713e-01
1164556494.881226 1.665986e-01
1164556494.881348 1.567065e-01
1164556494.881470 1.161244e-01
1164556494.881592 4.461459e-02
1164556494.881714 -4.943308e-02
1164556494.881836 -1.181918e-01
1164556494.881958 -1.405181e-01
1164556494.882080 -1.285452e-01
1164556494.882202 -8.850166e-02
1164556494.882324 -4.309014e-02
1164556494.882446 -2.923124e-02
1164556494.882568 -4.436523e-02
1164556494.882690 -3.619669e-02
1164556494.882812 7.012589e-03
1164556494.882935 7.521915e-02
1164556494.883057 1.442240e-01
1164556494.883179 1.899282e-01
1164556494.883301 1.838960e-01
1164556494.883423 1.171944e-01
1164556494.883545 8.536498e-03
1164556494.883667 -9.660135e-02
1164556494.883789 -1.590620e-01
1164556494.883911 -1.662962e-01
1164556494.884033 -1.259405e-01
1164556494.884155 -6.999602e-02
1164556494.884277 -3.854033e-02
1164556494.884399 -3.213710e-02
1164556494.884521 -2.958021e-02
1164556494.884644 -4.662956e-03
1164556494.884766 2.575701e-02
1164556494.884888 7.449035e-02
1164556494.885010 1.568869e-01
1164556494.885132 2.176966e-01
1164556494.885254 1.854639e-01
1164556494.885376 9.613825e-02
1164556494.885498 -3.872742e-03
1164556494.885620 -1.108635e-01
1164556494.885742 -1.900088e-01
1164556494.885864 -1.842330e-01
1164556494.885986 -1.215489e-01
1164556494.886108 -8.021107e-02
1164556494.886230 -7.031712e-02
1164556494.886353 -4.793341e-02
1164556494.886475 -1.097497e-02
1164556494.886597 2.200081e-02
1164556494.886719 7.363875e-02
1164556494.886841 1.451567e-01
1164556494.886963 1.902745e-01
1164556494.887085 2.036752e-01
1164556494.887207 1.738810e-01
1164556494.887329 7.663991e-02
1164556494.887451 -5.784642e-02
1164556494.887573 -1.599902e-01
1164556494.887695 -2.021504e-01
1164556494.887817 -1.891131e-01
1164556494.887939 -1.384642e-01
1164556494.888062 -7.430606e-02
1164556494.888184 -4.204683e-02
1164556494.888306 -5.098702e-02
1164556494.888428 -3.216598e-02
1164556494.888550 5.776880e-02
1164556494.888672 1.525437e-01
1164556494.888794 1.870941e-01
1164556494.888916 1.841115e-01
1164556494.889038 1.800713e-01
1164556494.889160 1.479694e-01
1164556494.889282 5.497384e-02
1164556494.889404 -6.152126e-02
1164556494.889526 -1.466937e-01
1164556494.889648 -2.035925e-01
1164556494.889771 -2.248634e-01
1164556494.889893 -1.859105e-01
1164556494.890015 -1.216704e-01
1164556494.890137 -8.190676e-02
1164556494.890259 -4.707522e-02
1164556494.890381 2.077084e-02
1164556494.890503 1.265947e-01
1164556494.890625 2.276127e-01
1164556494.890747 2.749388e-01
1164556494.890869 2.401744e-01
1164556494.890991 1.501938e-01
1164556494.891113 6.954700e-02
1164556494.891235 9.494106e-03
1164556494.891357 -8.871249e-02
1164556494.891479 -2.089853e-01
1164556494.891602 -2.775532e-01
1164556494.891724 -2.694116e-01
1164556494.891846 -2.051527e-01
1164556494.891968 -9.977293e-02
1164556494.892090 3.761486e-03
1164556494.892212 6.918963e-02
1164556494.892334 8.885493e-02
1164556494.892456 1.256110e-01
1164556494.892578 2.075881e-01
1164556494.892700 2.649662e-01
1164556494.892822 2.261607e-01
1164556494.892944 1.335524e-01
1164556494.893066 4.459930e-02
1164556494.893188 -3.335318e-02
1164556494.893311 -1.053651e-01
1164556494.893433 -1.845359e-01
1164556494.893555 -2.625549e-01
1164556494.893677 -3.043372e-01
1164556494.893799 -2.591032e-01
1164556494.893921 -1.196151e-01
1164556494.894043 1.864853e-02
1164556494.894165 9.732320e-02
1164556494.894287 1.392296e-01
1164556494.894409 1.794464e-01
1164556494.894531 2.100775e-01
1164556494.894653 2.443147e-01
1164556494.894775 2.451930e-01
1164556494.894897 1.807165e-01
1164556494.895020 7.212822e-02
1164556494.895142 -3.405950e-02
1164556494.895264 -1.257556e-01
1164556494.895386 -2.228243e-01
1164556494.895508 -3.158913e-01
1164556494.895630 -3.727615e-01
1164556494.895752 -3.374748e-01
1164556494.895874 -1.867813e-01
1164556494.895996 3.677305e-03
1164556494.896118 1.364406e-01
1164556494.896240 1.983152e-01
1164556494.896362 2.521105e-01
1164556494.896484 2.993971e-01
1164556494.896606 3.332138e-01
1164556494.896729 3.302530e-01
1164556494.896851 2.679658e-01
1164556494.896973 1.317544e-01
1164556494.897095 -6.348759e-02
1164556494.897217 -2.668422e-01
1164556494.897339 -4.156198e-01
1164556494.897461 -4.934312e-01
1164556494.897583 -4.995318e-01
1164556494.897705 -4.134341e-01
1164556494.897827 -2.309149e-01
1164556494.897949 2.584387e-02
1164556494.898071 2.502316e-01
1164556494.898193 3.576058e-01
1164556494.898315 4.229970e-01
1164556494.898438 4.950482e-01
1164556494.898560 5.340268e-01
1164556494.898682 4.746284e-01
1164556494.898804 3.272106e-01
1164556494.898926 9.839862e-02
1164556494.899048 -1.979694e-01
1164556494.899170 -5.392359e-01
1164556494.899292 -8.110519e-01
1164556494.899414 -8.912885e-01
1164556494.899536 -7.956552e-01
1164556494.899658 -5.747543e-01
1164556494.899780 -2.327983e-01
1164556494.899902 2.249776e-01
1164556494.900024 6.878203e-01
1164556494.900146 1.016843e+00
1164556494.900269 1.183798e+00
1164556494.900391 1.111214e+00
1164556494.900513 7.329580e-01
1164556494.900635 1.960570e-01
1164556494.900757 -3.229205e-01
1164556494.900879 -7.693053e-01
1164556494.901001 -1.090290e+00
1164556494.901123 -1.234197e+00
1164556494.901245 -1.167911e+00
1164556494.901367 -8.814946e-01
1164556494.901489 -3.803058e-01
1164556494.901611 2.334116e-01
1164556494.901733 7.685834e-01
1164556494.901855 1.129545e+00
1164556494.901978 1.286234e+00
1164556494.902100 1.209213e+00
1164556494.902222 8.847241e-01
1164556494.902344 4.530881e-01
1164556494.902466 3.711674e-02
1164556494.902588 -4.332117e-01
1164556494.902710 -9.126545e-01
1164556494.902832 -1.248611e+00
1164556494.902954 -1.339338e+00
1164556494.903076 -1.223696e+00
1164556494.903198 -9.010728e-01
1164556494.903320 -3.978136e-01
1164556494.903442 2.490780e-01
1164556494.903564 9.346150e-01
1164556494.903687 1.437384e+00
1164556494.903809 1.631279e+00
1164556494.903931 1.488620e+00
1164556494.904053 1.067060e+00
1164556494.904175 4.218958e-01
1164556494.904297 -2.718417e-01
1164556494.904419 -8.150812e-01
1164556494.904541 -1.230439e+00
1164556494.904663 -1.561369e+00
1164556494.904785 -1.640367e+00
1164556494.904907 -1.313074e+00
1164556494.905029 -7.525654e-01
1164556494.905151 -7.745120e-02
1164556494.905273 6.275822e-01
1164556494.905396 1.238849e+00
1164556494.905518 1.644295e+00
1164556494.905640 1.813799e+00
1164556494.905762 1.662282e+00
1164556494.905884 1.102741e+00
1164556494.906006 2.793310e-01
1164556494.906128 -5.877117e-01
1164556494.906250 -1.312976e+00
1164556494.906372 -1.769210e+00
1164556494.906494 -1.862846e+00
1164556494.906616 -1.681491e+00
1164556494.906738 -1.320583e+00
1164556494.906860 -6.453182e-01
1164556494.906982 3.045870e-01
1164556494.907104 1.232666e+00
1164556494.907227 1.829956e+00
1164556494.907349 2.100555e+00
1164556494.907471 2.055339e+00
1164556494.907593 1.640295e+00
1164556494.907715 8.645328e-01
1164556494.907837 -1.407993e-01
1164556494.907959 -1.199296e+00
1164556494.908081 -2.158026e+00
1164556494.908203 -2.706190e+00
1164556494.908325 -2.567168e+00
1164556494.908447 -1.760841e+00
1164556494.908569 -6.416683e-01
1164556494.908691 4.999921e-01
1164556494.908813 1.625102e+00
1164556494.908936 2.552845e+00
1164556494.909058 2.937607e+00
1164556494.909180 2.571329e+00
1164556494.909302 1.582830e+00
1164556494.909424 2.067055e-01
1164556494.909546 -1.177132e+00
1164556494.909668 -2.227875e+00
1164556494.909790 -2.775580e+00
1164556494.909912 -2.752077e+00
1164556494.910034 -2.126043e+00
1164556494.910156 -9.757480e-01
1164556494.910278 4.425901e-01
1164556494.910400 1.873543e+00
1164556494.910522 2.887958e+00
1164556494.910645 2.995356e+00
1164556494.910767 2.139020e+00
1164556494.910889 8.454857e-01
1164556494.911011 -4.570000e-01
1164556494.911133 -1.678977e+00
1164556494.911255 -2.513099e+00
1164556494.911377 -2.620314e+00
1164556494.911499 -1.862619e+00
1164556494.911621 -5.203301e-01
1164556494.911743 9.248762e-01
1164556494.911865 2.003648e+00
1164556494.911987 2.382071e+00
1164556494.912109 1.901760e+00
1164556494.912231 7.269116e-01
1164556494.912354 -5.756322e-01
1164556494.912476 -1.537326e+00
1164556494.912598 -2.027976e+00
1164556494.912720 -1.973990e+00
1164556494.912842 -1.107191e+00
1164556494.912964 5.207625e-01
1164556494.913086 2.033697e+00
1164556494.913208 2.621045e+00
1164556494.913330 2.062301e+00
1164556494.913452 5.609322e-01
1164556494.913574 -1.308626e+00
1164556494.913696 -2.542058e+00
1164556494.913818 -2.534366e+00
1164556494.913940 -1.303520e+00
1164556494.914062 6.325629e-01
1164556494.914185 2.196320e+00
1164556494.914307 2.191609e+00
1164556494.914429 5.233166e-01
1164556494.914551 -1.364143e+00
1164556494.914673 -1.656667e+00
1164556494.914795 5.712680e-02
1164556494.914917 1.676547e+00
1164556494.915039 6.234984e-01
1164556494.915161 -8.417449e-01
1164556494.915283 -1.780628e-01
1164556494.915405 -8.714110e-02
1164556494.915527 -1.543755e-01
1164556494.915649 -1.480178e-01
1164556494.915771 -1.266330e-01
1164556494.915894 -6.852028e-02
1164556494.916016 -2.374519e-02
1164556494.916138 -1.391562e-01
1164556494.916260 -8.243223e-02
1164556494.916382 1.426472e-01
1164556494.916504 3.504532e-01
1164556494.916626 3.621838e-01
1164556494.916748 2.152390e-01
1164556494.916870 -7.509210e-02
1164556494.916992 -1.958694e-01
1164556494.917114 -2.422407e-03
1164556494.917236 1.145046e-01
1164556494.917358 -7.349055e-02
1164556494.917480 -2.210071e-01
1164556494.917603 -1.539389e-01
1164556494.917725 -8.359856e-02
1164556494.917847 -8.534397e-02
1164556494.917969 -8.496997e-02
1164556494.918091 -4.881381e-02
1164556494.918213 -2.081355e-02
1164556494.918335 3.842881e-02
1164556494.918457 2.137323e-01
1164556494.918579 3.520893e-01
1164556494.918701 2.788944e-01
1164556494.918823 2.283408e-03
1164556494.918945 -1.742145e-01
1164556494.919067 -8.642342e-02
1164556494.919189 7.668884e-02
1164556494.919312 1.447012e-02
1164556494.919434 -1.682915e-01
1164556494.919556 -1.914970e-01
1164556494.919678 -1.484732e-01
1164556494.919800 -1.175292e-01
1164556494.919922 -6.182441e-02
1164556494.920044 -5.548564e-03
1164556494.920166 1.088594e-03
1164556494.920288 4.083408e-02
1164556494.920410 1.875987e-01
1164556494.920532 3.085884e-01
1164556494.920654 3.026406e-01
1164556494.920776 1.376876e-01
1164556494.920898 -7.379965e-02
1164556494.921021 -1.890988e-01
1164556494.921143 -1.150161e-01
1164556494.921265 -3.909467e-02
1164556494.921387 -1.324541e-01
1164556494.921509 -2.367966e-01
1164556494.921631 -1.742938e-01
1164556494.921753 -3.200256e-02
1164556494.921875 2.798591e-02
1164556494.921997 4.624584e-02
1164556494.922119 7.062161e-02
1164556494.922241 1.037283e-01
1164556494.922363 1.402820e-01
1164556494.922485 2.125295e-01
1164556494.922607 2.721285e-01
1164556494.922729 1.540627e-01
1164556494.922852 -9.671462e-02
1164556494.922974 -2.646612e-01
1164556494.923096 -2.062534e-01
1164556494.923218 -1.087382e-01
1164556494.923340 -1.046677e-01
1164556494.923462 -1.070822e-01
1164556494.923584 -5.429756e-02
1164556494.923706 1.232762e-03
1164556494.923828 3.356917e-02
1164556494.923950 9.437627e-02
1164556494.924072 9.521300e-02
1164556494.924194 5.975210e-02
1164556494.924316 8.511092e-02
1164556494.924438 1.627567e-01
1164556494.924561 1.789495e-01
1164556494.924683 8.562860e-02
1164556494.924805 -5.752059e-02
1164556494.924927 -2.154529e-01
1164556494.925049 -2.573853e-01
1164556494.925171 -1.384945e-01
1164556494.925293 -2.812985e-03
1164556494.925415 3.281530e-03
1164556494.925537 -8.137334e-03
1164556494.925659 3.500562e-02
1164556494.925781 1.654921e-02
1164556494.925903 -1.381319e-02
1164556494.926025 2.637555e-02
1164556494.926147 9.444258e-02
1164556494.926270 1.085724e-01
1164556494.926392 1.210018e-01
1164556494.926514 1.292858e-01
1164556494.926636 7.824114e-02
1164556494.926758 -4.927031e-02
1164556494.926880 -1.802630e-01
1164556494.927002 -2.034837e-01
1164556494.927124 -1.300224e-01
1164556494.927246 -1.451909e-02
1164556494.927368 2.457809e-02
1164556494.927490 1.101089e-02
1164556494.927612 1.510183e-02
1164556494.927734 2.449823e-03
1164556494.927856 -3.537650e-02
1164556494.927979 -5.244301e-03
1164556494.928101 1.039561e-01
1164556494.928223 1.493975e-01
1164556494.928345 1.358278e-01
1164556494.928467 1.026513e-01
1164556494.928589 4.052393e-02
1164556494.928711 -6.296779e-02
1164556494.928833 -1.512478e-01
1164556494.928955 -1.608233e-01
1164556494.929077 -1.198162e-01
1164556494.929199 -5.347352e-02
1164556494.929321 -5.717342e-04
1164556494.929443 9.656768e-03
1164556494.929565 -2.396928e-03
1164556494.929688 1.837725e-02
1164556494.929810 2.944503e-02
1164556494.929932 2.293991e-02
1164556494.930054 8.454054e-02
1164556494.930176 1.684875e-01
1164556494.930298 1.603687e-01
1164556494.930420 5.538934e-02
1164556494.930542 -4.677986e-02
1164556494.930664 -1.060193e-01
1164556494.930786 -1.418577e-01
1164556494.930908 -1.480792e-01
1164556494.931030 -9.246845e-02
1164556494.931152 -1.105375e-02
1164556494.931274 1.163343e-02
1164556494.931396 2.104926e-03
1164556494.931519 9.593754e-03
1164556494.931641 4.608521e-02
1164556494.931763 6.358052e-02
1164556494.931885 4.836626e-02
1164556494.932007 5.844860e-02
1164556494.932129 1.007217e-01
1164556494.932251 1.029356e-01
1164556494.932373 2.872232e-02
1164556494.932495 -5.954816e-02
1164556494.932617 -1.241381e-01
1164556494.932739 -1.269765e-01
1164556494.932861 -7.769125e-02
1164556494.932983 -2.257291e-02
1164556494.933105 1.439433e-02
1164556494.933228 1.272022e-02
1164556494.933350 -8.357420e-03
1164556494.933472 -1.577852e-02
1164556494.933594 1.136923e-02
1164556494.933716 4.790232e-02
1164556494.933838 5.721855e-02
1164556494.933960 4.080389e-02
1164556494.934082 4.995550e-02
1164556494.934204 8.315461e-02
1164556494.934326 7.266333e-02
1164556494.934448 6.516362e-03
1164556494.934570 -7.875298e-02
1164556494.934692 -1.249277e-01
1164556494.934814 -1.106626e-01
1164556494.934937 -5.487313e-02
1164556494.935059 -1.665041e-02
1164556494.935181 -1.339239e-02
1164556494.935303 -9.538135e-03
1164556494.935425 1.311891e-02
1164556494.935547 5.045568e-02
1164556494.935669 7.940100e-02
1164556494.935791 8.043342e-02
1164556494.935913 3.861859e-02
1164556494.936035 3.793343e-03
1164556494.936157 2.403232e-02
1164556494.936279 4.641842e-02
1164556494.936401 2.110730e-02
1164556494.936523 -4.042342e-02
1164556494.936646 -9.685478e-02
1164556494.936768 -1.163817e-01
1164556494.936890 -7.140788e-02
1164556494.937012 -7.184454e-03
1164556494.937134 1.577087e-02
1164556494.937256 -9.300149e-03
1164556494.937378 -1.612731e-02
1164556494.937500 3.312773e-02
1164556494.937622 7.404770e-02
1164556494.937744 7.151092e-02
1164556494.937866 5.682050e-02
1164556494.937988 4.421937e-02
1164556494.938110 2.704615e-02
1164556494.938232 1.830501e-02
1164556494.938354 1.712596e-02
1164556494.938477 -1.335419e-02
1164556494.938599 -8.839210e-02
1164556494.938721 -1.542944e-01
1164556494.938843 -1.278996e-01
1164556494.938965 -3.800558e-02
1164556494.939087 2.968613e-02
1164556494.939209 5.379505e-02
1164556494.939331 5.685381e-02
1164556494.939453 4.786817e-02
1164556494.939575 4.621858e-02
1164556494.939697 4.861141e-02
1164556494.939819 4.073436e-02
1164556494.939941 3.028669e-02
1164556494.940063 3.349554e-02
1164556494.940186 3.282734e-02
1164556494.940308 -3.079294e-04
1164556494.940430 -5.635971e-02
1164556494.940552 -1.002129e-01
1164556494.940674 -1.299602e-01
1164556494.940796 -1.236845e-01
1164556494.940918 -3.984278e-02
1164556494.941040 7.222727e-02
1164556494.941162 1.092317e-01
1164556494.941284 6.134798e-02
1164556494.941406 1.088477e-02
1164556494.941528 7.837157e-03
1164556494.941650 2.266665e-02
1164556494.941772 3.099248e-02
1164556494.941895 5.227453e-02
1164556494.942017 7.311873e-02
1164556494.942139 4.660326e-02
1164556494.942261 -2.042083e-02
1164556494.942383 -8.273527e-02
1164556494.942505 -1.244608e-01
1164556494.942627 -1.383822e-01
1164556494.942749 -1.050795e-01
1164556494.942871 -2.005099e-02
1164556494.942993 6.681410e-02
1164556494.943115 1.005897e-01
1164556494.943237 8.605958e-02
1164556494.943359 4.631650e-02
1164556494.943481 1.686976e-03
1164556494.943604 1.842808e-03
1164556494.943726 4.893961e-02
1164556494.943848 6.855486e-02
1164556494.943970 4.734648e-02
1164556494.944092 1.547034e-02
1164556494.944214 -3.704948e-02
1164556494.944336 -1.150916e-01
1164556494.944458 -1.592903e-01
1164556494.944580 -1.242429e-01
1164556494.944702 -5.245109e-02
1164556494.944824 1.353403e-02
1164556494.944946 8.149315e-02
1164556494.945068 1.302999e-01
1164556494.945190 1.037297e-01
1164556494.945312 3.371144e-02
1164556494.945435 -3.788968e-03
1164556494.945557 -5.548435e-03
1164556494.945679 3.927735e-03
1164556494.945801 2.164371e-02
1164556494.945923 3.206889e-02
1164556494.946045 9.744407e-03
1164556494.946167 -3.761399e-02
1164556494.946289 -8.931339e-02
1164556494.946411 -1.110020e-01
1164556494.946533 -9.733721e-02
1164556494.946655 -4.803701e-02
1164556494.946777 1.836705e-02
1164556494.946899 6.974733e-02
1164556494.947021 8.821859e-02
1164556494.947144 8.154342e-02
1164556494.947266 6.777834e-02
1164556494.947388 4.783376e-02
1164556494.947510 1.482936e-02
1164556494.947632 -1.836619e-02
1164556494.947754 -2.910962e-02
1164556494.947876 -2.678364e-02
1164556494.947998 -3.486510e-02
1164556494.948120 -4.008765e-02
1164556494.948242 -4.551363e-02
1164556494.948364 -5.328941e-02
1164556494.948486 -4.487397e-02
1164556494.948608 -8.189758e-03
1164556494.948730 2.367946e-02
1164556494.948853 3.735391e-02
1164556494.948975 4.643933e-02
1164556494.949097 4.545925e-02
1164556494.949219 3.826540e-02
1164556494.949341 3.995417e-02
1164556494.949463 4.601964e-02
1164556494.949585 2.379870e-02
1164556494.949707 -2.540135e-02
1164556494.949829 -5.749476e-02
1164556494.949951 -4.987420e-02
1164556494.950073 -3.451400e-02
1164556494.950195 -3.847587e-02
1164556494.950317 -4.065870e-02
1164556494.950439 -3.146980e-02
1164556494.950562 -1.341990e-02
1164556494.950684 6.186119e-03
1164556494.950806 3.878458e-02
1164556494.950928 6.641377e-02
1164556494.951050 7.043767e-02
1164556494.951172 5.231395e-02
1164556494.951294 2.696612e-02
1164556494.951416 9.753883e-03
1164556494.951538 -1.506453e-02
1164556494.951660 -4.931497e-02
1164556494.951782 -6.375653e-02
1164556494.951904 -4.228548e-02
1164556494.952026 -3.797883e-03
1164556494.952148 8.394007e-03
1164556494.952271 -9.749421e-03
1164556494.952393 -3.197245e-02
1164556494.952515 -2.703123e-02
1164556494.952637 -5.009289e-04
1164556494.952759 3.022481e-02
1164556494.952881 5.047258e-02
1164556494.953003 5.991540e-02
1164556494.953125 4.709094e-02
1164556494.953247 1.254859e-02
1164556494.953369 -1.830044e-02
1164556494.953491 -2.385210e-02
1164556494.953613 -1.597960e-02
1164556494.953735 -2.357752e-02
1164556494.953857 -2.325314e-02
1164556494.953979 3.937603e-03
1164556494.954102 1.710113e-02
1164556494.954224 -1.398374e-02
1164556494.954346 -5.635918e-02
1164556494.954468 -5.731907e-02
1164556494.954590 -2.135440e-02
1164556494.954712 2.289539e-02
1164556494.954834 5.825366e-02
1164556494.954956 7.767315e-02
1164556494.955078 6.450180e-02
1164556494.955200 2.223463e-02
1164556494.955322 -1.543309e-02
1164556494.955444 -3.099909e-02
1164556494.955566 -2.563397e-02
1164556494.955688 -1.331418e-02
1164556494.955811 -5.695600e-05
1164556494.955933 -1.698101e-03
1164556494.956055 -1.796743e-02
1164556494.956177 -3.602902e-02
1164556494.956299 -5.002331e-02
1164556494.956421 -4.841459e-02
1164556494.956543 -1.755197e-02
1164556494.956665 3.638211e-02
1164556494.956787 6.682511e-02
1164556494.956909 6.643662e-02
1164556494.957031 5.293214e-02
1164556494.957153 3.204256e-02
1164556494.957275 -2.087843e-05
1164556494.957397 -2.005556e-02
1164556494.957520 -1.605089e-02
1164556494.957642 -9.604610e-03
1164556494.957764 -1.590786e-02
1164556494.957886 -2.968785e-02
1164556494.958008 -4.349076e-02
1164556494.958130 -5.677042e-02
1164556494.958252 -5.635736e-02
1164556494.958374 -3.511015e-02
1164556494.958496 5.572082e-03
1164556494.958618 5.966286e-02
1164556494.958740 9.800200e-02
1164556494.958862 9.761376e-02
1164556494.958984 6.464618e-02
1164556494.959106 2.190343e-02
1164556494.959229 -1.841991e-02
1164556494.959351 -4.811535e-02
1164556494.959473 -6.115066e-02
1164556494.959595 -5.658342e-02
1164556494.959717 -3.950256e-02
1164556494.959839 -2.087618e-02
1164556494.959961 -1.590353e-02
1164556494.960083 -1.840077e-02
1164556494.960205 -4.517014e-03
1164556494.960327 2.215689e-02
1164556494.960449 4.164027e-02
1164556494.960571 4.752876e-02
1164556494.960693 4.272893e-02
1164556494.960815 2.811886e-02
1164556494.960938 6.164296e-03
1164556494.961060 -6.413809e-03
1164556494.961182 -4.575670e-03
1164556494.961304 -1.922140e-03
1164556494.961426 -9.480661e-03
1164556494.961548 -2.663712e-02
1164556494.961670 -3.980590e-02
1164556494.961792 -3.746929e-02
1164556494.961914 -2.266673e-02
1164556494.962036 -1.182179e-02
1164556494.962158 -1.040348e-02
1164556494.962280 6.704109e-04
1164556494.962402 2.607060e-02
1164556494.962524 4.541943e-02
1164556494.962646 4.217676e-02
1164556494.962769 2.784354e-02
1164556494.962891 2.037763e-02
1164556494.963013 1.675779e-02
1164556494.963135 1.116596e-02
1164556494.963257 1.148837e-05
1164556494.963379 -1.977639e-02
1164556494.963501 -4.262616e-02
1164556494.963623 -5.742595e-02
1164556494.963745 -5.365851e-02
1164556494.963867 -2.999487e-02
1164556494.963989 -2.423451e-03
1164556494.964111 6.160834e-03
1164556494.964233 1.060551e-02
1164556494.964355 3.101877e-02
1164556494.964478 5.210784e-02
1164556494.964600 5.076943e-02
1164556494.964722 3.567204e-02
1164556494.964844 2.297964e-02
1164556494.964966 1.344877e-02
1164556494.965088 -3.055084e-03
1164556494.965210 -2.478804e-02
1164556494.965332 -4.256285e-02
1164556494.965454 -5.399863e-02
1164556494.965576 -6.013306e-02
1164556494.965698 -4.491961e-02
1164556494.965820 -6.990207e-03
1164556494.965942 3.048926e-02
1164556494.966064 3.425607e-02
1164556494.966187 1.607776e-02
1164556494.966309 1.212043e-02
1164556494.966431 3.001524e-02
1164556494.966553 4.241029e-02
1164556494.966675 3.537287e-02
1164556494.966797 2.259483e-02
1164556494.966919 8.741357e-03
1164556494.967041 -1.134018e-02
1164556494.967163 -3.249071e-02
1164556494.967285 -4.741378e-02
1164556494.967407 -5.695336e-02
1164556494.967529 -5.544675e-02
1164556494.967651 -3.362351e-02
1164556494.967773 3.631208e-03
1164556494.967896 4.318530e-02
1164556494.968018 5.759054e-02
1164556494.968140 3.849766e-02
1164556494.968262 9.270641e-03
1164556494.968384 3.270101e-03
1164556494.968506 1.363032e-02
1164556494.968628 1.631724e-02
1164556494.968750 5.397985e-03
1164556494.968872 -4.670678e-03
1164556494.968994 -1.553714e-02
1164556494.969116 -2.149878e-02
1164556494.969238 -2.216354e-02
1164556494.969360 -1.979916e-02
1164556494.969482 -1.829331e-02
1164556494.969604 -1.979268e-02
1164556494.969727 -1.113683e-02
1164556494.969849 1.096376e-02
1164556494.969971 2.795758e-02
1164556494.970093 2.103667e-02
1164556494.970215 1.250691e-06
1164556494.970337 2.077966e-03
1164556494.970459 2.160812e-02
1164556494.970581 3.288332e-02
1164556494.970703 2.319937e-02
1164556494.970825 2.151194e-03
1164556494.970947 -2.218088e-02
1164556494.971069 -3.370494e-02
1164556494.971191 -2.727143e-02
1164556494.971313 -1.108326e-02
1164556494.971436 1.757140e-03
1164556494.971558 5.470024e-03
1164556494.971680 -1.396525e-03
1164556494.971802 -8.607028e-03
1164556494.971924 -1.418343e-02
1164556494.972046 -1.867331e-02
1164556494.972168 -1.655573e-02
1164556494.972290 6.136054e-03
1164556494.972412 3.928170e-02
1164556494.972534 5.752596e-02
1164556494.972656 4.814672e-02
1164556494.972778 2.490078e-02
1164556494.972900 2.885408e-03
1164556494.973022 -1.035498e-02
1164556494.973145 -2.119975e-02
1164556494.973267 -3.362857e-02
1164556494.973389 -4.608659e-02
1164556494.973511 -5.379336e-02
1164556494.973633 -5.075171e-02
1164556494.973755 -3.364790e-02
1164556494.973877 -1.698649e-03
1164556494.973999 3.144403e-02
1164556494.974121 4.984040e-02
1164556494.974243 6.027444e-02
1164556494.974365 7.091966e-02
1164556494.974487 6.369746e-02
1164556494.974609 3.158919e-02
1164556494.974731 -4.865960e-03
1164556494.974854 -3.538686e-02
1164556494.974976 -5.253784e-02
1164556494.975098 -5.952646e-02
1164556494.975220 -5.661200e-02
1164556494.975342 -4.841216e-02
1164556494.975464 -3.503079e-02
1164556494.975586 -1.338473e-02
1164556494.975708 9.967864e-03
1164556494.975830 3.125389e-02
1164556494.975952 4.545465e-02
1164556494.976074 5.534982e-02
1164556494.976196 5.841432e-02
1164556494.976318 4.835409e-02
1164556494.976440 2.968348e-02
1164556494.976562 1.109622e-02
1164556494.976685 -3.362344e-03
1164556494.976807 -2.425244e-02
1164556494.976929 -5.039753e-02
1164556494.977051 -7.386316e-02
1164556494.977173 -8.214434e-02
1164556494.977295 -7.249790e-02
1164556494.977417 -4.137820e-02
1164556494.977539 3.754920e-03
1164556494.977661 4.918195e-02
1164556494.977783 8.264903e-02
1164556494.977905 9.549605e-02
1164556494.978027 8.305837e-02
1164556494.978149 5.036728e-02
1164556494.978271 1.315423e-02
1164556494.978394 -1.772636e-02
1164556494.978516 -4.280667e-02
1164556494.978638 -5.880234e-02
1164556494.978760 -5.687753e-02
1164556494.978882 -4.222995e-02
1164556494.979004 -4.153700e-02
1164556494.979126 -4.223821e-02
1164556494.979248 -2.572035e-02
1164556494.979370 2.875919e-03
1164556494.979492 3.653676e-02
1164556494.979614 6.906257e-02
1164556494.979736 8.192440e-02
1164556494.979858 6.282655e-02
1164556494.979980 2.288958e-02
1164556494.980103 -1.036742e-02
1164556494.980225 -2.242708e-02
1164556494.980347 -2.224511e-02
1164556494.980469 -2.478103e-02
1164556494.980591 -2.687064e-02
1164556494.980713 -2.567820e-02
1164556494.980835 -2.488670e-02
1164556494.980957 -2.565540e-02
1164556494.981079 -2.367628e-02
1164556494.981201 -1.776980e-02
1164556494.981323 -5.368751e-03
1164556494.981445 1.715859e-02
1164556494.981567 4.481568e-02
1164556494.981689 5.992459e-02
1164556494.981812 5.737782e-02
1164556494.981934 3.697486e-02
1164556494.982056 5.042480e-03
1164556494.982178 -1.894112e-02
1164556494.982300 -2.772215e-02
1164556494.982422 -3.218135e-02
1164556494.982544 -3.580037e-02
1164556494.982666 -3.728849e-02
1164556494.982788 -2.687341e-02
1164556494.982910 -1.316430e-02
1164556494.983032 -3.747611e-03
1164556494.983154 3.670542e-03
1164556494.983276 1.886108e-02
1164556494.983398 3.245566e-02
1164556494.983521 3.402684e-02
1164556494.983643 2.783214e-02
1164556494.983765 2.001773e-02
1164556494.983887 1.753000e-03
1164556494.984009 -1.722537e-02
1164556494.984131 -1.606589e-02
1164556494.984253 2.524201e-03
1164556494.984375 1.151869e-02
1164556494.984497 1.889933e-03
1164556494.984619 -1.484188e-02
1164556494.984741 -2.479851e-02
1164556494.984863 -3.163128e-02
1164556494.984985 -3.200805e-02
1164556494.985107 -2.397566e-02
1164556494.985229 -8.974858e-03
1164556494.985352 1.075481e-02
1164556494.985474 3.364649e-02
1164556494.985596 4.852613e-02
1164556494.985718 4.831663e-02
1164556494.985840 3.375057e-02
1164556494.985962 1.343451e-02
1164556494.986084 1.871521e-05
1164556494.986206 -9.104044e-03
1164556494.986328 -2.104464e-02
1164556494.986450 -3.343951e-02
1164556494.986572 -4.389875e-02
1164556494.986694 -4.409310e-02
1164556494.986816 -2.954249e-02
1164556494.986938 -8.674524e-03
1164556494.987061 5.939837e-03
1164556494.987183 1.608398e-02
1164556494.987305 2.795061e-02
1164556494.987427 3.731029e-02
1164556494.987549 3.530480e-02
1164556494.987671 2.936865e-02
1164556494.987793 2.382688e-02
1164556494.987915 1.402403e-02
1164556494.988037 -7.520868e-04
1164556494.988159 -1.529229e-02
1164556494.988281 -2.712637e-02
1164556494.988403 -3.814873e-02
1164556494.988525 -4.729335e-02
1164556494.988647 -4.317626e-02
1164556494.988770 -2.592133e-02
1164556494.988892 -1.257750e-03
1164556494.989014 1.993636e-02
1164556494.989136 3.171260e-02
1164556494.989258 3.857308e-02
1164556494.989380 3.658751e-02
1164556494.989502 2.955574e-02
1164556494.989624 2.268695e-02
1164556494.989746 1.029275e-02
1164556494.989868 -3.230097e-03
1164556494.989990 -1.478568e-02
1164556494.990112 -2.198641e-02
1164556494.990234 -2.967966e-02
1164556494.990356 -3.235781e-02
1164556494.990479 -2.732670e-02
1164556494.990601 -1.829944e-02
1164556494.990723 -6.010657e-03
1164556494.990845 5.284352e-03
1164556494.990967 8.800489e-03
1164556494.991089 1.144064e-02
1164556494.991211 1.919087e-02
1164556494.991333 3.111711e-02
1164556494.991455 3.266456e-02
1164556494.991577 2.460852e-02
1164556494.991699 1.357463e-02
1164556494.991821 -2.136536e-03
1164556494.991943 -1.629645e-02
1164556494.992065 -2.210178e-02
1164556494.992188 -2.100471e-02
1164556494.992310 -2.089708e-02
1164556494.992432 -2.647780e-02
1164556494.992554 -2.379221e-02
1164556494.992676 -8.283128e-03
1164556494.992798 6.287449e-03
1164556494.992920 4.608906e-03
1164556494.993042 2.446927e-03
1164556494.993164 9.327969e-03
1164556494.993286 2.610799e-02
1164556494.993408 3.812230e-02
1164556494.993530 3.501950e-02
1164556494.993652 2.244309e-02
1164556494.993774 8.346340e-03
1164556494.993896 -7.245702e-03
1164556494.994019 -1.830525e-02
1164556494.994141 -2.446439e-02
1164556494.994263 -3.040330e-02
1164556494.994385 -3.556169e-02
1164556494.994507 -3.448332e-02
1164556494.994629 -3.033218e-02
1164556494.994751 -1.753674e-02
1164556494.994873 -6.451660e-04
1164556494.994995 1.738946e-02
1164556494.995117 3.799403e-02
1164556494.995239 5.880035e-02
1164556494.995361 7.165165e-02
1164556494.995483 6.199562e-02
1164556494.995605 2.589490e-02
1164556494.995728 -1.867391e-02
1164556494.995850 -4.979114e-02
1164556494.995972 -6.080470e-02
1164556494.996094 -5.938792e-02
1164556494.996216 -5.131857e-02
1164556494.996338 -3.820940e-02
1164556494.996460 -1.517554e-02
1164556494.996582 8.971426e-03
1164556494.996704 3.011568e-02
1164556494.996826 4.132884e-02
1164556494.996948 4.546664e-02
1164556494.997070 4.388441e-02
1164556494.997192 3.551648e-02
1164556494.997314 2.433060e-02
1164556494.997437 1.412454e-02
1164556494.997559 -3.274303e-03
1164556494.997681 -2.558590e-02
1164556494.997803 -4.275437e-02
1164556494.997925 -5.035576e-02
1164556494.998047 -4.531211e-02
1164556494.998169 -3.149876e-02
1164556494.998291 -1.640518e-02
1164556494.998413 -4.601429e-03
1164556494.998535 8.844611e-03
1164556494.998657 2.657095e-02
1164556494.998779 4.222639e-02
1164556494.998901 4.889850e-02
1164556494.999023 4.269382e-02
1164556494.999146 3.130202e-02
1164556494.999268 1.841259e-02
1164556494.999390 3.915991e-03
1164556494.999512 -1.885842e-02
1164556494.999634 -4.454176e-02
1164556494.999756 -6.046147e-02
1164556494.999878 -5.636927e-02
1164556495.000000 -3.665549e-02
1164556495.000122 -1.069232e-02
1164556495.000244 1.235877e-02
1164556495.000366 2.646323e-02
1164556495.000488 3.278913e-02
1164556495.000610 3.808039e-02
1164556495.000732 3.746718e-02
1164556495.000854 2.779112e-02
1164556495.000977 1.145905e-02
1164556495.001099 -3.567222e-03
1164556495.001221 -1.400930e-02
1164556495.001343 -1.773862e-02
1164556495.001465 -1.948652e-02
1164556495.001587 -2.112524e-02
1164556495.001709 -1.981180e-02
1164556495.001831 -1.645701e-02
1164556495.001953 -1.330883e-02
1164556495.002075 -5.490223e-03
1164556495.002197 5.045588e-03
1164556495.002319 1.351077e-02
1164556495.002441 1.854043e-02
1164556495.002563 2.072266e-02
1164556495.002686 1.512794e-02
1164556495.002808 8.285451e-03
1164556495.002930 6.876546e-03
1164556495.003052 6.802072e-03
1164556495.003174 7.459305e-04
1164556495.003296 -4.080776e-03
1164556495.003418 -7.839755e-03
1164556495.003540 -1.113565e-02
1164556495.003662 -1.635580e-02
1164556495.003784 -2.190562e-02
1164556495.003906 -2.021006e-02
1164556495.004028 -7.399183e-03
1164556495.004150 4.642507e-03
1164556495.004272 1.103285e-02
1164556495.004395 1.355598e-02
1164556495.004517 1.524129e-02
1164556495.004639 1.431569e-02
1164556495.004761 1.181110e-02
1164556495.004883 3.464403e-03
1164556495.005005 -2.289475e-03
1164556495.005127 5.309187e-05
1164556495.005249 4.927221e-03
1164556495.005371 3.453092e-03
1164556495.005493 -2.148155e-03
1164556495.005615 -9.902214e-03
1164556495.005737 -1.671196e-02
1164556495.005859 -2.291027e-02
1164556495.005981 -2.265703e-02
1164556495.006104 -1.259662e-02
1164556495.006226 4.108717e-03
1164556495.006348 1.564872e-02
1164556495.006470 1.822507e-02
1164556495.006592 1.701835e-02
1164556495.006714 1.725745e-02
1164556495.006836 1.351252e-02
1164556495.006958 5.045951e-03
1164556495.007080 -3.486726e-03
1164556495.007202 -2.180638e-03
1164556495.007324 2.671001e-03
1164556495.007446 1.847776e-03
1164556495.007568 -7.081720e-03
1164556495.007690 -1.364158e-02
1164556495.007812 -1.896626e-02
1164556495.007935 -2.860101e-02
1164556495.008057 -3.077410e-02
1164556495.008179 -1.516761e-02
1164556495.008301 5.717862e-03
1164556495.008423 2.404830e-02
1164556495.008545 3.575307e-02
1164556495.008667 3.899838e-02
1164556495.008789 3.037210e-02
1164556495.008911 1.555523e-02
1164556495.009033 4.890726e-03
1164556495.009155 -2.091568e-03
1164556495.009277 -1.109002e-02
1164556495.009399 -2.549753e-02
1164556495.009521 -3.952183e-02
1164556495.009644 -4.226588e-02
1164556495.009766 -3.288616e-02
1164556495.009888 -1.346080e-02
1164556495.010010 5.345707e-03
1164556495.010132 2.036594e-02
1164556495.010254 3.197570e-02
1164556495.010376 4.120856e-02
1164556495.010498 4.123419e-02
1164556495.010620 2.895228e-02
1164556495.010742 5.257026e-03
1164556495.010864 -1.593734e-02
1164556495.010986 -2.879810e-02
1164556495.011108 -2.541988e-02
1164556495.011230 -1.399261e-02
1164556495.011353 -9.824712e-03
1164556495.011475 -1.153743e-02
1164556495.011597 -1.280599e-02
1164556495.011719 -9.788199e-03
1164556495.011841 -3.499536e-03
1164556495.011963 2.591271e-03
1164556495.012085 1.009377e-02
1164556495.012207 1.930940e-02
1164556495.012329 2.439450e-02
1164556495.012451 2.274890e-02
1164556495.012573 1.978020e-02
1164556495.012695 1.145904e-02
1164556495.012817 -5.682691e-03
1164556495.012939 -2.233293e-02
1164556495.013062 -2.395087e-02
1164556495.013184 -1.562627e-02
1164556495.013306 -9.457501e-03
1164556495.013428 -9.561999e-03
1164556495.013550 -5.990166e-03
1164556495.013672 -1.479280e-03
1164556495.013794 1.202643e-03
1164556495.013916 4.997639e-03
1164556495.014038 9.028530e-03
1164556495.014160 7.726174e-03
1164556495.014282 9.599434e-03
1164556495.014404 1.056372e-02
1164556495.014526 1.055278e-02
1164556495.014648 8.228290e-03
1164556495.014771 6.057190e-03
1164556495.014893 2.120911e-03
1164556495.015015 -4.582786e-03
1164556495.015137 -8.503988e-03
1164556495.015259 -8.601216e-03
1164556495.015381 -1.500420e-02
1164556495.015503 -2.409918e-02
1164556495.015625 -2.556976e-02
1164556495.015747 -1.493820e-02
1164556495.015869 1.092282e-04
1164556495.015991 1.276573e-02
1164556495.016113 2.242018e-02
1164556495.016235 3.305896e-02
1164556495.016357 3.665903e-02
1164556495.016479 2.684795e-02
1164556495.016602 7.389816e-03
1164556495.016724 -1.132255e-02
1164556495.016846 -2.543814e-02
1164556495.016968 -3.014757e-02
1164556495.017090 -2.493661e-02
1164556495.017212 -1.416794e-02
1164556495.017334 -5.177108e-03
1164556495.017456 -3.425994e-04
1164556495.017578 1.870636e-04
1164556495.017700 1.150689e-03
1164556495.017822 2.040579e-03
1164556495.017944 7.835849e-03
1164556495.018066 1.602581e-02
1164556495.018188 1.982493e-02
1164556495.018311 2.162116e-02
1164556495.018433 1.927097e-02
1164556495.018555 7.105285e-03
1164556495.018677 -7.426312e-03
1164556495.018799 -1.797602e-02
1164556495.018921 -2.313946e-02
1164556495.019043 -2.380279e-02
1164556495.019165 -1.901259e-02
1164556495.019287 -1.137866e-02
1164556495.019409 -1.167671e-03
1164556495.019531 5.163120e-03
1164556495.019653 1.027106e-02
1164556495.019775 1.271753e-02
1164556495.019897 1.275395e-02
1164556495.020020 1.275197e-02
1164556495.020142 1.427223e-02
1164556495.020264 1.125091e-02
1164556495.020386 4.752734e-03
1164556495.020508 -2.833770e-03
1164556495.020630 -8.648252e-03
1164556495.020752 -1.267995e-02
1164556495.020874 -1.440620e-02
1164556495.020996 -1.157666e-02
1164556495.021118 -5.469176e-03
1164556495.021240 -4.840854e-03
1164556495.021362 -5.131394e-03
1164556495.021484 -1.270272e-03
1164556495.021606 5.476602e-03
1164556495.021729 6.229362e-03
1164556495.021851 3.101843e-03
1164556495.021973 3.291272e-03
1164556495.022095 7.372484e-03
1164556495.022217 1.334879e-02
1164556495.022339 1.899298e-02
1164556495.022461 1.908730e-02
1164556495.022583 1.161277e-02
1164556495.022705 -6.887293e-03
1164556495.022827 -2.956330e-02
1164556495.022949 -3.711461e-02
1164556495.023071 -2.676195e-02
1164556495.023193 -1.260018e-02
1164556495.023315 -1.931207e-03
1164556495.023438 6.459660e-03
1164556495.023560 1.514767e-02
1164556495.023682 1.882273e-02
1164556495.023804 1.812694e-02
1164556495.023926 1.546646e-02
1164556495.024048 1.164003e-02
1164556495.024170 8.596612e-03
1164556495.024292 6.250076e-03
1164556495.024414 -4.496748e-04
1164556495.024536 -1.257185e-02
1164556495.024658 -2.502228e-02
1164556495.024780 -2.709555e-02
1164556495.024902 -1.800230e-02
1164556495.025024 -4.147547e-03
1164556495.025146 6.603854e-03
1164556495.025269 8.086446e-03
1164556495.025391 5.154835e-03
1164556495.025513 1.076027e-02
1164556495.025635 1.670035e-02
1164556495.025757 1.179847e-02
1164556495.025879 2.586600e-03
1164556495.026001 -1.618904e-03
1164556495.026123 -3.250024e-03
1164556495.026245 -3.358294e-03
1164556495.026367 -2.771364e-03
1164556495.026489 -3.801148e-04
1164556495.026611 5.496007e-04
1164556495.026733 -2.905172e-03
1164556495.026855 -6.359691e-03
1164556495.026978 -6.659980e-03
1164556495.027100 -5.509777e-03
1164556495.027222 -3.882686e-03
1164556495.027344 -5.264906e-03
1164556495.027466 -6.318814e-03
1164556495.027588 -3.164567e-03
1164556495.027710 4.418618e-03
1164556495.027832 1.370514e-02
1164556495.027954 2.095221e-02
1164556495.028076 2.330017e-02
1164556495.028198 1.941386e-02
1164556495.028320 7.925336e-03
1164556495.028442 -1.021683e-02
1164556495.028564 -2.914710e-02
1164556495.028687 -3.282693e-02
1164556495.028809 -2.294439e-02
1164556495.028931 -7.471204e-03
1164556495.029053 6.951681e-03
1164556495.029175 1.463275e-02
1164556495.029297 9.052962e-03
1164556495.029419 4.462990e-05
1164556495.029541 -2.514228e-03
1164556495.029663 3.150692e-03
1164556495.029785 9.999424e-03
1164556495.029907 1.465098e-02
1164556495.030029 1.617522e-02
1164556495.030151 1.518073e-02
1164556495.030273 7.338513e-03
1164556495.030396 -6.620362e-03
1164556495.030518 -2.085572e-02
1164556495.030640 -2.767316e-02
1164556495.030762 -2.446548e-02
1164556495.030884 -1.287778e-02
1164556495.031006 -2.293454e-03
1164556495.031128 9.982464e-04
1164556495.031250 4.016330e-04
1164556495.031372 6.857760e-03
1164556495.031494 1.900827e-02
1164556495.031616 2.644056e-02
1164556495.031738 2.338276e-02
1164556495.031860 1.626165e-02
1164556495.031982 6.870942e-03
1164556495.032104 -1.610913e-03
1164556495.032227 -1.109415e-02
1164556495.032349 -2.286531e-02
1164556495.032471 -2.915523e-02
1164556495.032593 -2.620486e-02
1164556495.032715 -1.962546e-02
1164556495.032837 -9.708707e-03
1164556495.032959 3.474674e-03
1164556495.033081 1.754893e-02
1164556495.033203 2.584155e-02
1164556495.033325 2.959747e-02
1164556495.033447 2.614676e-02
1164556495.033569 1.639042e-02
1164556495.033691 1.161945e-03
1164556495.033813 -1.152020e-02
1164556495.033936 -2.089876e-02
1164556495.034058 -2.370034e-02
1164556495.034180 -2.073991e-02
1164556495.034302 -1.304541e-02
1164556495.034424 -2.487701e-03
1164556495.034546 6.678420e-03
1164556495.034668 9.248816e-03
1164556495.034790 1.060633e-02
1164556495.034912 1.220269e-02
1164556495.035034 1.222516e-02
1164556495.035156 6.295750e-03
1164556495.035278 -3.071594e-03
1164556495.035400 -1.038571e-02
1164556495.035522 -1.364373e-02
1164556495.035645 -1.131662e-02
1164556495.035767 -4.723788e-03
1164556495.035889 5.981413e-03
1164556495.036011 1.680677e-02
1164556495.036133 2.071159e-02
1164556495.036255 1.531632e-02
1164556495.036377 1.820235e-03
1164556495.036499 -1.277663e-02
1164556495.036621 -2.096217e-02
1164556495.036743 -2.059131e-02
1164556495.036865 -1.844101e-02
1164556495.036987 -1.294646e-02
1164556495.037109 -2.851986e-03
1164556495.037231 1.150002e-02
1164556495.037354 2.155860e-02
1164556495.037476 2.272364e-02
1164556495.037598 1.813335e-02
1164556495.037720 1.310651e-02
1164556495.037842 7.305655e-03
1164556495.037964 2.341482e-03
1164556495.038086 -4.085032e-03
1164556495.038208 -1.203924e-02
1164556495.038330 -2.085404e-02
1164556495.038452 -2.925106e-02
1164556495.038574 -3.060819e-02
1164556495.038696 -1.987316e-02
1164556495.038818 2.691248e-04
1164556495.038940 2.114129e-02
1164556495.039062 3.124850e-02
1164556495.039185 3.096459e-02
1164556495.039307 2.385528e-02
1164556495.039429 1.291306e-02
1164556495.039551 1.136358e-03
1164556495.039673 -1.072987e-02
1164556495.039795 -1.941595e-02
1164556495.039917 -1.784842e-02
1164556495.040039 -9.460533e-03
1164556495.040161 -2.535696e-03
1164556495.040283 -3.514058e-03
1164556495.040405 -9.246936e-03
1164556495.040527 -1.124038e-02
1164556495.040649 -5.380567e-03
1164556495.040771 3.966761e-03
1164556495.040894 1.280320e-02
1164556495.041016 1.580073e-02
1164556495.041138 1.490045e-02
1164556495.041260 1.335494e-02
1164556495.041382 9.392794e-03
1164556495.041504 2.901513e-03
1164556495.041626 -3.144133e-03
1164556495.041748 -8.426261e-03
1164556495.041870 -1.114263e-02
1164556495.041992 -1.297254e-02
1164556495.042114 -1.243744e-02
1164556495.042236 -9.054523e-03
1164556495.042358 -5.655301e-03
1164556495.042480 -3.488783e-03
1164556495.042603 -2.131446e-03
1164556495.042725 2.557053e-03
1164556495.042847 1.290081e-02
1164556495.042969 2.012477e-02
1164556495.043091 1.861263e-02
1164556495.043213 1.072383e-02
1164556495.043335 2.604218e-03
1164556495.043457 -3.406816e-03
1164556495.043579 -8.032245e-03
1164556495.043701 -1.161109e-02
1164556495.043823 -1.083960e-02
1164556495.043945 -8.980539e-03
1164556495.044067 -6.265781e-03
1164556495.044189 -4.816708e-03
1164556495.044312 -3.803374e-03
1164556495.044434 -1.758218e-03
1164556495.044556 3.679299e-03
1164556495.044678 7.841640e-03
1164556495.044800 8.695833e-03
1164556495.044922 6.854468e-03
1164556495.045044 5.666929e-03
1164556495.045166 6.529652e-03
1164556495.045288 5.189904e-03
1164556495.045410 1.974730e-03
1164556495.045532 -7.227575e-04
1164556495.045654 -1.623575e-03
1164556495.045776 -3.422162e-03
1164556495.045898 -7.237386e-03
1164556495.046021 -9.546308e-03
1164556495.046143 -1.119209e-02
1164556495.046265 -1.130798e-02
1164556495.046387 -9.824332e-03
1164556495.046509 -6.540104e-03
1164556495.046631 6.648880e-05
1164556495.046753 9.452227e-03
1164556495.046875 1.771242e-02
1164556495.046997 2.488092e-02
1164556495.047119 2.647744e-02
1164556495.047241 2.034942e-02
1164556495.047363 6.160950e-03
1164556495.047485 -9.119854e-03
1164556495.047607 -2.537634e-02
1164556495.047729 -3.713050e-02
1164556495.047852 -3.640384e-02
1164556495.047974 -1.853358e-02
1164556495.048096 3.450077e-03
1164556495.048218 1.799696e-02
1164556495.048340 2.008943e-02
1164556495.048462 1.379887e-02
1164556495.048584 9.541067e-03
1164556495.048706 9.520847e-03
1164556495.048828 7.205629e-03
1164556495.048950 4.639023e-03
1164556495.049072 3.782609e-03
1164556495.049194 3.599249e-03
1164556495.049316 -7.915730e-04
1164556495.049438 -8.916653e-03
1164556495.049561 -1.794506e-02
1164556495.049683 -2.152809e-02
1164556495.049805 -1.619520e-02
1164556495.049927 -3.378810e-03
1164556495.050049 6.917441e-03
1164556495.050171 8.969296e-03
1164556495.050293 5.618477e-03
1164556495.050415 4.028193e-03
1164556495.050537 5.562971e-03
1164556495.050659 8.614307e-03
1164556495.050781 1.021586e-02
1164556495.050903 1.076940e-02
1164556495.051025 8.035602e-03
1164556495.051147 1.412110e-03
1164556495.051270 -5.221784e-03
1164556495.051392 -8.226716e-03
1164556495.051514 -1.267448e-02
1164556495.051636 -1.612354e-02
1164556495.051758 -1.430985e-02
1164556495.051880 -9.322278e-03
1164556495.052002 -6.335180e-03
1164556495.052124 -1.738024e-03
1164556495.052246 3.868626e-03
1164556495.052368 1.237810e-02
1164556495.052490 1.970083e-02
1164556495.052612 2.251970e-02
1164556495.052734 1.869283e-02
1164556495.052856 1.136715e-02
1164556495.052979 3.013231e-03
1164556495.053101 -5.813866e-03
1164556495.053223 -1.454390e-02
1164556495.053345 -2.153371e-02
1164556495.053467 -2.528162e-02
1164556495.053589 -2.236946e-02
1164556495.053711 -1.532283e-02
1164556495.053833 -4.116292e-03
1164556495.053955 1.015166e-02
1164556495.054077 2.051051e-02
1164556495.054199 2.105145e-02
1164556495.054321 1.590269e-02
1164556495.054443 1.640367e-02
1164556495.054565 2.572262e-02
