1164556494.775635 5.211610e-01
1164556494.775757 6.376548e-01
1164556494.775879 6.263695e-01
1164556494.776001 5.312093e-01
1164556494.776123 3.767401e-01
1164556494.776245 2.210871e-01
1164556494.776367 3.712843e-02
1164556494.776489 -1.738938e-01
1164556494.776611 -3.779314e-01
1164556494.776733 -5.078611e-01
1164556494.776855 -5.434307e-01
1164556494.776978 -4.389026e-01
1164556494.777100 -2.812590e-01
1164556494.777222 -1.332818e-01
1164556494.777344 1.928527e-02
1164556494.777466 1.485208e-01
1164556494.777588 2.548154e-01
1164556494.777710 3.612596e-01
1164556494.777832 4.259504e-01
1164556494.777954 4.320920e-01
1164556494.778076 3.758075e-01
1164556494.778198 2.458307e-01
1164556494.778320 9.517949e-02
1164556494.778442 -8.803409e-02
1164556494.778564 -2.894517e-01
1164556494.778687 -4.570730e-01
1164556494.778809 -5.589665e-01
1164556494.778931 -5.856954e-01
1164556494.779053 -4.713173e-01
1164556494.779175 -2.105809e-01
1164556494.779297 6.261349e-02
1164556494.779419 2.952618e-01
1164556494.779541 4.822713e-01
1164556494.779663 5.593637e-01
1164556494.779785 5.242518e-01
1164556494.779907 4.360799e-01
1164556494.780029 3.099733e-01
1164556494.780151 9.254287e-02
1164556494.780273 -1.791145e-01
1164556494.780396 -3.935816e-01
1164556494.780518 -5.229208e-01
1164556494.780640 -5.298418e-01
1164556494.780762 -4.092247e-01
1164556494.780884 -2.268730e-01
1164556494.781006 -4.473331e-02
1164556494.781128 1.074884e-01
1164556494.781250 1.764127e-01
1164556494.781372 1.967789e-01
1164556494.781494 2.377423e-01
1164556494.781616 3.084324e-01
1164556494.781738 3.227742e-01
1164556494.781860 2.569962e-01
1164556494.781982 1.372439e-01
1164556494.782104 3.581553e-02
1164556494.782227 -5.119986e-02
1164556494.782349 -1.669133e-01
1164556494.782471 -2.739493e-01
1164556494.782593 -3.266480e-01
1164556494.782715 -3.097866e-01
1164556494.782837 -2.416086e-01
1164556494.782959 -1.687726e-01
1164556494.783081 -1.087347e-01
1164556494.783203 6.549837e-03
1164556494.783325 1.916394e-01
1164556494.783447 3.117070e-01
1164556494.783569 3.584328e-01
1164556494.783691 3.365252e-01
1164556494.783813 2.477740e-01
1164556494.783936 1.457598e-01
1164556494.784058 4.823853e-02
1164556494.784180 -1.014765e-01
1164556494.784302 -2.379071e-01
1164556494.784424 -2.872392e-01
1164556494.784546 -2.653407e-01
1164556494.784668 -2.224883e-01
1164556494.784790 -1.556980e-01
1164556494.784912 -9.805182e-02
1164556494.785034 -3.557494e-02
1164556494.785156 1.130125e-02
1164556494.785278 8.528816e-02
1164556494.785400 1.907475e-01
1164556494.785522 2.276789e-01
1164556494.785645 1.927627e-01
1164556494.785767 1.853170e-01
1164556494.785889 1.734339e-01
1164556494.786011 1.053580e-01
1164556494.786133 4.040646e-02
1164556494.786255 -1.919803e-02
1164556494.786377 -9.784800e-02
1164556494.786499 -1.867108e-01
1164556494.786621 -2.744808e-01
1164556494.786743 -3.268605e-01
1164556494.786865 -2.916024e-01
1164556494.786987 -1.906599e-01
1164556494.787109 -5.154461e-02
1164556494.787231 9.780608e-02
1164556494.787354 2.213654e-01
1164556494.787476 2.664221e-01
1164556494.787598 2.576671e-01
1164556494.787720 2.655567e-01
1164556494.787842 2.767740e-01
1164556494.787964 2.238718e-01
1164556494.788086 9.349070e-02
1164556494.788208 -6.950253e-02
1164556494.788330 -2.110164e-01
1164556494.788452 -3.047185e-01
1164556494.788574 -3.274690e-01
1164556494.788696 -3.231684e-01
1164556494.788818 -3.171136e-01
1164556494.788940 -2.621472e-01
1164556494.789062 -9.857954e-02
1164556494.789185 1.025217e-01
1164556494.789307 2.686678e-01
1164556494.789429 4.064996e-01
1164556494.789551 4.553257e-01
1164556494.789673 4.362590e-01
1164556494.789795 3.429764e-01
1164556494.789917 1.386836e-01
1164556494.790039 -1.251175e-01
1164556494.790161 -3.370713e-01
1164556494.790283 -3.967463e-01
1164556494.790405 -3.441708e-01
1164556494.790527 -2.491218e-01
1164556494.790649 -2.007644e-01
1164556494.790771 -1.996419e-01
1164556494.790894 -1.333662e-01
1164556494.791016 2.962667e-02
1164556494.791138 2.159513e-01
1164556494.791260 3.038263e-01
1164556494.791382 2.925121e-01
1164556494.791504 3.016483e-01
1164556494.791626 3.003562e-01
1164556494.791748 2.162985e-01
1164556494.791870 5.902252e-02
1164556494.791992 -1.017380e-01
1164556494.792114 -2.314085e-01
1164556494.792236 -3.006984e-01
1164556494.792358 -3.012374e-01
1164556494.792480 -2.492598e-01
1164556494.792603 -1.545364e-01
1164556494.792725 -7.860349e-02
1164556494.792847 -4.295619e-02
1164556494.792969 9.980651e-04
1164556494.793091 7.292667e-02
1164556494.793213 1.247510e-01
1164556494.793335 2.135625e-01
1164556494.793457 3.101739e-01
1164556494.793579 3.383602e-01
1164556494.793701 2.769393e-01
1164556494.793823 1.293570e-01
1164556494.793945 -5.348120e-02
1164556494.794067 -2.151189e-01
1164556494.794189 -3.148257e-01
1164556494.794312 -3.280378e-01
1164556494.794434 -3.022236e-01
1164556494.794556 -2.465300e-01
1164556494.794678 -1.341623e-01
1164556494.794800 4.000715e-02
1164556494.794922 1.581753e-01
1164556494.795044 2.225736e-01
1164556494.795166 2.479759e-01
1164556494.795288 2.156074e-01
1164556494.795410 1.297407e-01
1164556494.795532 6.111301e-02
1164556494.795654 2.148050e-02
1164556494.795776 6.588227e-03
1164556494.795898 -2.966811e-03
1164556494.796021 -6.176832e-02
1164556494.796143 -1.414706e-01
1164556494.796265 -1.116704e-01
1164556494.796387 -2.174922e-02
1164556494.796509 4.126352e-03
1164556494.796631 -7.519078e-02
1164556494.796753 -1.690651e-01
1164556494.796875 -2.193990e-01
1164556494.796997 -2.076556e-01
1164556494.797119 -7.684408e-02
1164556494.797241 1.396150e-01
1164556494.797363 2.996839e-01
1164556494.797485 3.445437e-01
1164556494.797607 3.005217e-01
1164556494.797729 2.270606e-01
1164556494.797852 1.616901e-01
1164556494.797974 6.305235e-02
1164556494.798096 -1.135140e-01
1164556494.798218 -2.446212e-01
1164556494.798340 -2.932940e-01
1164556494.798462 -3.236430e-01
1164556494.798584 -3.238129e-01
1164556494.798706 -2.443203e-01
1164556494.798828 -8.936846e-02
1164556494.798950 2.844196e-02
1164556494.799072 9.732165e-02
1164556494.799194 1.732430e-01
1164556494.799316 2.884195e-01
1164556494.799438 3.884289e-01
1164556494.799561 3.578524e-01
1164556494.799683 2.713765e-01
1164556494.799805 1.606588e-01
1164556494.799927 -1.931049e-02
1164556494.800049 -1.881399e-01
1164556494.800171 -2.821964e-01
1164556494.800293 -3.031033e-01
1164556494.800415 -3.373531e-01
1164556494.800537 -3.912955e-01
1164556494.800659 -3.367205e-01
1164556494.800781 -2.012369e-01
1164556494.800903 -2.174492e-02
1164556494.801025 2.133470e-01
1164556494.801147 4.193279e-01
1164556494.801270 5.353843e-01
1164556494.801392 5.232499e-01
1164556494.801514 3.615699e-01
1164556494.801636 1.336811e-01
1164556494.801758 -1.824829e-02
1164556494.801880 -1.304256e-01
1164556494.802002 -2.647867e-01
1164556494.802124 -3.709516e-01
1164556494.802246 -4.230905e-01
1164556494.802368 -3.949796e-01
1164556494.802490 -3.028890e-01
1164556494.802612 -1.687043e-01
1164556494.802734 -1.905586e-02
1164556494.802856 1.640591e-01
1164556494.802979 3.056791e-01
1164556494.803101 3.847834e-01
1164556494.803223 4.049710e-01
1164556494.803345 3.630084e-01
1164556494.803467 2.784404e-01
1164556494.803589 1.318282e-01
1164556494.803711 -6.926561e-02
1164556494.803833 -2.273758e-01
1164556494.803955 -3.274232e-01
1164556494.804077 -3.212304e-01
1164556494.804199 -2.584909e-01
1164556494.804321 -2.246419e-01
1164556494.804443 -2.262794e-01
1164556494.804565 -1.750281e-01
1164556494.804688 -3.913578e-02
1164556494.804810 1.256546e-01
1164556494.804932 2.622644e-01
1164556494.805054 3.268528e-01
1164556494.805176 3.260784e-01
1164556494.805298 2.852822e-01
1164556494.805420 1.558621e-01
1164556494.805542 6.219396e-02
1164556494.805664 6.252474e-02
1164556494.805786 9.097498e-03
1164556494.805908 -1.266288e-01
1164556494.806030 -2.421030e-01
1164556494.806152 -3.025934e-01
1164556494.806274 -3.334777e-01
1164556494.806396 -3.452497e-01
1164556494.806519 -2.920619e-01
1164556494.806641 -1.625347e-01
1164556494.806763 3.843618e-02
1164556494.806885 2.300199e-01
1164556494.807007 3.814425e-01
1164556494.807129 4.657720e-01
1164556494.807251 4.424510e-01
1164556494.807373 3.681957e-01
1164556494.807495 2.554999e-01
1164556494.807617 3.456289e-02
1164556494.807739 -1.960342e-01
1164556494.807861 -3.104520e-01
1164556494.807983 -4.025528e-01
1164556494.808105 -4.754074e-01
1164556494.808228 -4.257144e-01
1164556494.808350 -3.256622e-01
1164556494.808472 -1.654821e-01
1164556494.808594 5.802476e-02
1164556494.808716 2.223440e-01
1164556494.808838 3.475892e-01
1164556494.808960 4.615906e-01
1164556494.809082 4.393082e-01
1164556494.809204 3.197243e-01
1164556494.809326 1.981867e-01
1164556494.809448 8.534786e-02
1164556494.809570 -5.606276e-02
1164556494.809692 -2.302584e-01
1164556494.809814 -3.070545e-01
1164556494.809937 -3.086013e-01
1164556494.810059 -3.460655e-01
1164556494.810181 -3.187023e-01
1164556494.810303 -2.458158e-01
1164556494.810425 -1.375581e-01
1164556494.810547 1.359702e-02
1164556494.810669 1.774388e-01
1164556494.810791 3.019901e-01
1164556494.810913 3.729130e-01
1164556494.811035 4.104015e-01
1164556494.811157 3.907409e-01
1164556494.811279 2.085223e-01
1164556494.811401 -2.177641e-03
1164556494.811523 -1.308272e-01
1164556494.811646 -2.120355e-01
1164556494.811768 -2.489700e-01
1164556494.811890 -2.267157e-01
1164556494.812012 -2.137029e-01
1164556494.812134 -2.573256e-01
1164556494.812256 -3.043517e-01
1164556494.812378 -2.387002e-01
1164556494.812500 -5.953962e-02
1164556494.812622 1.571265e-01
1164556494.812744 3.087286e-01
1164556494.812866 3.368352e-01
1164556494.812988 3.505673e-01
1164556494.813110 3.547717e-01
1164556494.813232 2.980834e-01
1164556494.813354 1.830244e-01
1164556494.813477 2.913250e-02
1164556494.813599 -1.585194e-01
1164556494.813721 -3.307502e-01
1164556494.813843 -4.300081e-01
1164556494.813965 -4.577519e-01
1164556494.814087 -3.977319e-01
1164556494.814209 -2.624128e-01
1164556494.814331 -6.263829e-02
1164556494.814453 1.186817e-01
1164556494.814575 2.677152e-01
1164556494.814697 3.513524e-01
1164556494.814819 3.788097e-01
1164556494.814941 3.521165e-01
1164556494.815063 2.781234e-01
1164556494.815186 1.571331e-01
1164556494.815308 2.567166e-02
1164556494.815430 -7.992479e-02
1164556494.815552 -1.990327e-01
1164556494.815674 -2.994617e-01
1164556494.815796 -3.047594e-01
1164556494.815918 -2.510986e-01
1164556494.816040 -2.067770e-01
1164556494.816162 -2.046439e-01
1164556494.816284 -1.645123e-01
1164556494.816406 -5.304853e-02
1164556494.816528 1.336533e-01
1164556494.816650 3.005644e-01
1164556494.816772 3.926082e-01
1164556494.816895 3.965816e-01
1164556494.817017 3.441390e-01
1164556494.817139 2.079163e-01
1164556494.817261 7.306497e-02
1164556494.817383 -1.041160e-01
1164556494.817505 -2.719154e-01
1164556494.817627 -3.910593e-01
1164556494.817749 -3.757083e-01
1164556494.817871 -2.476088e-01
1164556494.817993 -1.221845e-01
1164556494.818115 -4.758847e-02
1164556494.818237 1.298861e-02
1164556494.818359 6.601558e-02
1164556494.818481 1.047868e-01
1164556494.818604 1.323609e-01
1164556494.818726 1.822146e-01
1164556494.818848 1.882818e-01
1164556494.818970 1.646507e-01
1164556494.819092 1.633645e-01
1164556494.819214 1.640471e-01
1164556494.819336 9.673872e-02
1164556494.819458 6.373875e-03
1164556494.819580 -7.847141e-02
1164556494.819702 -2.028690e-01
1164556494.819824 -3.145682e-01
1164556494.819946 -3.545157e-01
1164556494.820068 -3.108811e-01
1164556494.820190 -1.749246e-01
1164556494.820312 -6.714127e-02
1164556494.820435 7.370827e-04
1164556494.820557 1.225368e-01
1164556494.820679 2.749137e-01
1164556494.820801 3.680851e-01
1164556494.820923 4.085411e-01
1164556494.821045 3.491265e-01
1164556494.821167 2.063679e-01
1164556494.821289 7.206434e-02
1164556494.821411 -4.209987e-02
1164556494.821533 -2.164664e-01
1164556494.821655 -3.571151e-01
1164556494.821777 -4.305483e-01
1164556494.821899 -3.954176e-01
1164556494.822021 -2.653959e-01
1164556494.822144 -1.454729e-01
1164556494.822266 -4.145810e-02
1164556494.822388 6.673851e-02
1164556494.822510 1.438385e-01
1164556494.822632 2.115046e-01
1164556494.822754 3.396574e-01
1164556494.822876 4.931239e-01
1164556494.822998 4.826638e-01
1164556494.823120 3.272418e-01
1164556494.823242 9.609797e-02
1164556494.823364 -1.630349e-01
1164556494.823486 -3.515939e-01
1164556494.823608 -4.033344e-01
1164556494.823730 -4.111043e-01
1164556494.823853 -4.182934e-01
1164556494.823975 -3.864308e-01
1164556494.824097 -2.636784e-01
1164556494.824219 -7.746762e-02
1164556494.824341 1.199075e-01
1164556494.824463 2.993714e-01
1164556494.824585 4.974802e-01
1164556494.824707 6.095113e-01
1164556494.824829 5.299431e-01
1164556494.824951 3.027510e-01
1164556494.825073 8.361127e-02
1164556494.825195 -1.132833e-01
1164556494.825317 -2.658467e-01
1164556494.825439 -3.441361e-01
1164556494.825562 -3.638197e-01
1164556494.825684 -3.340224e-01
1164556494.825806 -3.463050e-01
1164556494.825928 -3.426268e-01
1164556494.826050 -2.236405e-01
1164556494.826172 -4.028410e-02
1164556494.826294 1.730297e-01
1164556494.826416 3.638824e-01
1164556494.826538 4.978046e-01
1164556494.826660 4.928631e-01
1164556494.826782 3.859923e-01
1164556494.826904 2.387507e-01
1164556494.827026 8.564260e-02
1164556494.827148 -7.208816e-02
1164556494.827271 -1.796941e-01
1164556494.827393 -2.892605e-01
1164556494.827515 -3.830160e-01
1164556494.827637 -3.934688e-01
1164556494.827759 -3.119041e-01
1164556494.827881 -2.638353e-01
1164556494.828003 -2.229305e-01
1164556494.828125 -1.274544e-01
1164556494.828247 1.023523e-01
1164556494.828369 3.664427e-01
1164556494.828491 5.696807e-01
1164556494.828613 5.752762e-01
1164556494.828735 3.972911e-01
1164556494.828857 1.346534e-01
1164556494.828979 -3.554924e-02
1164556494.829102 -6.675690e-02
1164556494.829224 -5.464805e-02
1164556494.829346 -1.666982e-01
1164556494.829468 -3.417134e-01
1164556494.829590 -4.477711e-01
1164556494.829712 -4.236784e-01
1164556494.829834 -3.484763e-01
1164556494.829956 -2.371720e-01
1164556494.830078 -7.558700e-02
1164556494.830200 1.381772e-01
1164556494.830322 3.355042e-01
1164556494.830444 5.268030e-01
1164556494.830566 5.648332e-01
1164556494.830688 4.681734e-01
1164556494.830811 3.032018e-01
1164556494.830933 1.303082e-01
1164556494.831055 -4.834469e-02
1164556494.831177 -2.056514e-01
1164556494.831299 -4.149606e-01
1164556494.831421 -5.343671e-01
1164556494.831543 -5.427875e-01
1164556494.831665 -4.438242e-01
1164556494.831787 -2.252143e-01
1164556494.831909 4.003466e-02
1164556494.832031 2.199590e-01
1164556494.832153 2.981226e-01
1164556494.832275 3.067523e-01
1164556494.832397 3.173552e-01
1164556494.832520 3.015261e-01
1164556494.832642 2.618381e-01
1164556494.832764 1.892737e-01
1164556494.832886 1.204484e-01
1164556494.833008 1.920032e-02
1164556494.833130 -1.099441e-01
1164556494.833252 -2.341823e-01
1164556494.833374 -3.055035e-01
1164556494.833496 -3.563436e-01
1164556494.833618 -3.307520e-01
1164556494.833740 -3.164409e-01
1164556494.833862 -2.471005e-01
1164556494.833984 -7.482034e-02
1164556494.834106 1.148837e-01
1164556494.834229 2.308835e-01
1164556494.834351 3.265217e-01
1164556494.834473 3.636309e-01
1164556494.834595 3.986975e-01
1164556494.834717 4.224134e-01
1164556494.834839 3.892304e-01
1164556494.834961 2.019029e-01
1164556494.835083 -4.984281e-02
1164556494.835205 -2.867410e-01
1164556494.835327 -4.826694e-01
1164556494.835449 -6.364947e-01
1164556494.835571 -6.906054e-01
1164556494.835693 -6.003119e-01
1164556494.835815 -3.003367e-01
1164556494.835938 6.692932e-02
1164556494.836060 3.790827e-01
1164556494.836182 5.722101e-01
1164556494.836304 6.718932e-01
1164556494.836426 5.957040e-01
1164556494.836548 4.072667e-01
1164556494.836670 2.424561e-01
1164556494.836792 8.110912e-02
1164556494.836914 -1.472253e-01
1164556494.837036 -3.277171e-01
1164556494.837158 -4.018692e-01
1164556494.837280 -4.305957e-01
1164556494.837402 -4.955894e-01
1164556494.837524 -4.542682e-01
1164556494.837646 -2.662942e-01
1164556494.837769 2.516471e-03
1164556494.837891 1.723702e-01
1164556494.838013 2.237524e-01
1164556494.838135 2.803559e-01
1164556494.838257 3.852996e-01
1164556494.838379 4.250419e-01
1164556494.838501 3.691764e-01
1164556494.838623 2.797830e-01
1164556494.838745 1.606153e-01
1164556494.838867 -2.323460e-02
1164556494.838989 -1.576503e-01
1164556494.839111 -2.806964e-01
1164556494.839233 -4.152926e-01
1164556494.839355 -5.049384e-01
1164556494.839478 -4.429448e-01
1164556494.839600 -2.992848e-01
1164556494.839722 -1.442331e-01
1164556494.839844 -1.268965e-02
1164556494.839966 1.615365e-01
1164556494.840088 3.162680e-01
1164556494.840210 4.223807e-01
1164556494.840332 4.779139e-01
1164556494.840454 4.582690e-01
1164556494.840576 3.175987e-01
1164556494.840698 1.366474e-01
1164556494.840820 -2.257860e-02
1164556494.840942 -1.029075e-01
1164556494.841064 -2.063349e-01
1164556494.841187 -3.515729e-01
1164556494.841309 -5.321240e-01
1164556494.841431 -5.271073e-01
1164556494.841553 -3.504926e-01
1164556494.841675 -1.876652e-01
1164556494.841797 -1.068411e-01
1164556494.841919 2.080454e-03
1164556494.842041 2.143892e-01
1164556494.842163 4.638255e-01
1164556494.842285 5.959037e-01
1164556494.842407 6.198593e-01
1164556494.842529 5.473609e-01
1164556494.842651 3.444264e-01
1164556494.842773 2.400590e-02
1164556494.842896 -2.313759e-01
1164556494.843018 -4.089159e-01
1164556494.843140 -5.527129e-01
1164556494.843262 -6.128183e-01
1164556494.843384 -5.251915e-01
1164556494.843506 -3.540259e-01
1164556494.843628 -1.694495e-01
1164556494.843750 -6.952616e-02
1164556494.843872 2.704487e-02
1164556494.843994 2.259282e-01
1164556494.844116 4.818855e-01
1164556494.844238 6.125605e-01
1164556494.844360 6.614382e-01
1164556494.844482 5.558281e-01
1164556494.844604 4.014620e-01
1164556494.844727 2.174236e-01
1164556494.844849 -6.856594e-02
1164556494.844971 -3.961160e-01
1164556494.845093 -6.531653e-01
1164556494.845215 -8.447693e-01
1164556494.845337 -8.827271e-01
1164556494.845459 -6.994860e-01
1164556494.845581 -3.355717e-01
1164556494.845703 4.104181e-03
1164556494.845825 3.182586e-01
1164556494.845947 6.348259e-01
1164556494.846069 8.665831e-01
1164556494.846191 8.567550e-01
1164556494.846313 7.480256e-01
1164556494.846436 5.487711e-01
1164556494.846558 2.477985e-01
1164556494.846680 -1.783093e-01
1164556494.846802 -5.844995e-01
1164556494.846924 -8.285359e-01
1164556494.847046 -7.936736e-01
1164556494.847168 -6.299293e-01
1164556494.847290 -4.476048e-01
1164556494.847412 -3.063632e-01
1164556494.847534 -9.740126e-02
1164556494.847656 1.543746e-01
1164556494.847778 3.790943e-01
1164556494.847900 5.049676e-01
1164556494.848022 6.352742e-01
1164556494.848145 6.189405e-01
1164556494.848267 5.422945e-01
1164556494.848389 4.137610e-01
1164556494.848511 1.715797e-01
1164556494.848633 -7.310064e-02
1164556494.848755 -2.890999e-01
1164556494.848877 -5.550799e-01
1164556494.848999 -7.254793e-01
1164556494.849121 -7.306135e-01
1164556494.849243 -5.758329e-01
1164556494.849365 -3.733895e-01
1164556494.849487 -1.304706e-01
1164556494.849609 1.195269e-01
1164556494.849731 3.586732e-01
1164556494.849854 5.494010e-01
1164556494.849976 6.622621e-01
1164556494.850098 6.497205e-01
1164556494.850220 5.595945e-01
1164556494.850342 3.990071e-01
1164556494.850464 1.692042e-01
1164556494.850586 -1.431132e-01
1164556494.850708 -3.728832e-01
1164556494.850830 -5.009830e-01
1164556494.850952 -5.388419e-01
1164556494.851074 -5.982075e-01
1164556494.851196 -5.756572e-01
1164556494.851318 -4.363867e-01
1164556494.851440 -2.524903e-01
1164556494.851562 -5.479085e-02
1164556494.851685 2.091780e-01
1164556494.851807 4.618065e-01
1164556494.851929 7.065455e-01
1164556494.852051 8.297788e-01
1164556494.852173 7.455750e-01
1164556494.852295 5.295249e-01
1164556494.852417 2.874022e-01
1164556494.852539 -3.539843e-02
1164556494.852661 -3.868403e-01
1164556494.852783 -6.911313e-01
1164556494.852905 -8.193961e-01
1164556494.853027 -7.965891e-01
1164556494.853149 -6.511150e-01
1164556494.853271 -4.412338e-01
1164556494.853394 -1.432344e-01
1164556494.853516 1.353066e-01
1164556494.853638 3.905987e-01
1164556494.853760 5.704387e-01
1164556494.853882 6.758886e-01
1164556494.854004 7.072139e-01
1164556494.854126 6.988321e-01
1164556494.854248 5.317135e-01
1164556494.854370 2.482727e-01
1164556494.854492 -8.636644e-02
1164556494.854614 -3.900303e-01
1164556494.854736 -6.549349e-01
1164556494.854858 -7.851531e-01
1164556494.854980 -7.413494e-01
1164556494.855103 -5.716207e-01
1164556494.855225 -4.291342e-01
1164556494.855347 -2.524715e-01
1164556494.855469 -4.262722e-02
1164556494.855591 2.240760e-01
1164556494.855713 5.103873e-01
1164556494.855835 8.102505e-01
1164556494.855957 9.350612e-01
1164556494.856079 8.376985e-01
1164556494.856201 5.995993e-01
1164556494.856323 2.502050e-01
1164556494.856445 -1.381159e-01
1164556494.856567 -4.116817e-01
1164556494.856689 -6.173729e-01
1164556494.856812 -7.882685e-01
1164556494.856934 -8.622235e-01
1164556494.857056 -7.440794e-01
1164556494.857178 -5.886360e-01
1164556494.857300 -3.356409e-01
1164556494.857422 -4.375923e-02
1164556494.857544 3.240976e-01
1164556494.857666 6.834945e-01
1164556494.857788 9.988775e-01
1164556494.857910 1.109642e+00
1164556494.858032 9.417321e-01
1164556494.858154 5.422396e-01
1164556494.858276 1.390646e-01
1164556494.858398 -2.547800e-01
1164556494.858521 -5.775018e-01
1164556494.858643 -7.875739e-01
1164556494.858765 -7.932199e-01
1164556494.858887 -7.221874e-01
1164556494.859009 -6.305919e-01
1164556494.859131 -5.222668e-01
1164556494.859253 -3.034177e-01
1164556494.859375 -7.883385e-02
1164556494.859497 2.423794e-01
1164556494.859619 5.958321e-01
1164556494.859741 8.766042e-01
1164556494.859863 1.056078e+00
1164556494.859985 1.030563e+00
1164556494.860107 7.035504e-01
1164556494.860229 3.042699e-01
1164556494.860352 -8.519658e-02
1164556494.860474 -4.278316e-01
1164556494.860596 -7.715447e-01
1164556494.860718 -9.789408e-01
1164556494.860840 -1.026878e+00
1164556494.860962 -8.610057e-01
1164556494.861084 -6.021654e-01
1164556494.861206 -3.138845e-01
1164556494.861328 -2.483561e-02
1164556494.861450 3.020648e-01
1164556494.861572 6.076080e-01
1164556494.861694 9.297300e-01
1164556494.861816 1.088300e+00
1164556494.861938 1.091680e+00
1164556494.862061 9.355654e-01
1164556494.862183 5.965927e-01
1164556494.862305 8.165819e-02
1164556494.862427 -4.140484e-01
1164556494.862549 -8.998449e-01
1164556494.862671 -1.237870e+00
1164556494.862793 -1.371130e+00
1164556494.862915 -1.235619e+00
1164556494.863037 -9.034880e-01
1164556494.863159 -4.282626e-01
1164556494.863281 7.050404e-02
1164556494.863403 6.394930e-01
1164556494.863525 1.056640e+00
1164556494.863647 1.291016e+00
1164556494.863770 1.359911e+00
1164556494.863892 1.274798e+00
1164556494.864014 8.756299e-01
1164556494.864136 3.248333e-01
1164556494.864258 -2.689360e-01
1164556494.864380 -7.396345e-01
1164556494.864502 -1.100869e+00
1164556494.864624 -1.284470e+00
1164556494.864746 -1.362628e+00
1164556494.864868 -1.124146e+00
1164556494.864990 -6.750133e-01
1164556494.865112 -2.366617e-01
1164556494.865234 6.660394e-02
1164556494.865356 4.705822e-01
1164556494.865479 9.519905e-01
1164556494.865601 1.361897e+00
1164556494.865723 1.513979e+00
1164556494.865845 1.419033e+00
1164556494.865967 9.636269e-01
1164556494.866089 2.874004e-01
1164556494.866211 -3.307261e-01
1164556494.866333 -7.715278e-01
1164556494.866455 -1.088385e+00
1164556494.866577 -1.266601e+00
1164556494.866699 -1.389250e+00
1164556494.866821 -1.304539e+00
1164556494.866943 -9.967311e-01
1164556494.867065 -4.610873e-01
1164556494.867188 1.208226e-01
1164556494.867310 6.850046e-01
1164556494.867432 1.131805e+00
1164556494.867554 1.446732e+00
1164556494.867676 1.535232e+00
1164556494.867798 1.411572e+00
1164556494.867920 1.046563e+00
1164556494.868042 5.379768e-01
1164556494.868164 -1.172944e-02
1164556494.868286 -5.473748e-01
1164556494.868408 -1.097344e+00
1164556494.868530 -1.536063e+00
1164556494.868652 -1.866412e+00
1164556494.868774 -1.823182e+00
1164556494.868896 -1.380791e+00
1164556494.869019 -6.645554e-01
1164556494.869141 6.223345e-02
1164556494.869263 7.938205e-01
1164556494.869385 1.448512e+00
1164556494.869507 1.912555e+00
1164556494.869629 2.023505e+00
1164556494.869751 1.858675e+00
1164556494.869873 1.425576e+00
1164556494.869995 7.412356e-01
1164556494.870117 -1.526220e-01
1164556494.870239 -9.883888e-01
1164556494.870361 -1.667051e+00
1164556494.870483 -2.027443e+00
1164556494.870605 -2.203983e+00
1164556494.870728 -2.041186e+00
1164556494.870850 -1.485473e+00
1164556494.870972 -6.838817e-01
1164556494.871094 1.678267e-01
1164556494.871216 1.036968e+00
1164556494.871338 1.760967e+00
1164556494.871460 2.283251e+00
1164556494.871582 2.383196e+00
1164556494.871704 2.172627e+00
1164556494.871826 1.582509e+00
1164556494.871948 7.962277e-01
1164556494.872070 -9.241385e-02
1164556494.872192 -9.641608e-01
1164556494.872314 -1.831242e+00
1164556494.872437 -2.436196e+00
1164556494.872559 -2.714927e+00
1164556494.872681 -2.538256e+00
1164556494.872803 -2.006532e+00
1164556494.872925 -1.144111e+00
1164556494.873047 -1.674039e-01
1164556494.873169 9.466553e-01
1164556494.873291 2.087928e+00
1164556494.873413 2.964541e+00
1164556494.873535 3.376299e+00
1164556494.873657 3.316917e+00
1164556494.873779 2.675613e+00
1164556494.873901 1.591252e+00
1164556494.874023 1.722912e-01
1164556494.874146 -1.362709e+00
1164556494.874268 -2.848225e+00
1164556494.874390 -3.785609e+00
1164556494.874512 -4.202229e+00
1164556494.874634 -4.026946e+00
1164556494.874756 -3.275629e+00
1164556494.874878 -1.977184e+00
1164556494.875000 -3.257228e-01
1164556494.875122 1.610886e+00
1164556494.875244 3.487555e+00
1164556494.875366 5.084419e+00
1164556494.875488 5.953269e+00
1164556494.875610 5.954240e+00
1164556494.875732 4.923155e+00
1164556494.875854 2.984901e+00
1164556494.875977 1.263083e-01
1164556494.876099 -3.244713e+00
1164556494.876221 -6.787178e+00
1164556494.876343 -9.786549e+00
1164556494.876465 -1.092644e+01
1164556494.876587 -8.312447e+00
1164556494.876709 -3.384222e+00
1164556494.876831 1.655659e+00
1164556494.876953 5.964023e+00
1164556494.877075 8.957496e+00
1164556494.877197 1.026601e+01
1164556494.877319 9.904336e+00
1164556494.877441 7.782138e+00
1164556494.877563 4.374993e+00
1164556494.877686 1.856789e-01
1164556494.877808 -4.043342e+00
1164556494.877930 -7.709103e+00
1164556494.878052 -1.002795e+01
1164556494.878174 -1.078447e+01
1164556494.878296 -9.712324e+00
1164556494.878418 -6.974729e+00
1164556494.878540 -2.890901e+00
1164556494.878662 1.886496e+00
1164556494.878784 6.669111e+00
1164556494.878906 1.035892e+01
1164556494.879028 1.224899e+01
1164556494.879150 1.192695e+01
1164556494.879272 9.525016e+00
1164556494.879395 5.289724e+00
1164556494.879517 1.793806e-02
1164556494.879639 -5.503908e+00
1164556494.879761 -1.021763e+01
1164556494.879883 -1.330157e+01
1164556494.880005 -1.394791e+01
1164556494.880127 -1.200983e+01
1164556494.880249 -7.663060e+00
1164556494.880371 -1.839046e+00
1164556494.880493 4.480326e+00
1164556494.880615 9.970813e+00
1164556494.880737 1.376238e+01
1164556494.880859 1.501010e+01
1164556494.880981 1.362758e+01
1164556494.881104 9.704205e+00
1164556494.881226 3.995968e+00
1164556494.881348 -2.661804e+00
1164556494.881470 -8.880836e+00
1164556494.881592 -1.359637e+01
1164556494.881714 -1.579837e+01
1164556494.881836 -1.520898e+01
1164556494.881958 -1.173771e+01
1164556494.882080 -6.205669e+00
1164556494.882202 5.140437e-01
1164556494.882324 7.221314e+00
1164556494.882446 1.287005e+01
1164556494.882568 1.626291e+01
1164556494.882690 1.684619e+01
1164556494.882812 1.426565e+01
1164556494.882935 9.049366e+00
1164556494.883057 1.919082e+00
1164556494.883179 -5.725718e+00
1164556494.883301 -1.268096e+01
1164556494.883423 -1.749264e+01
1164556494.883545 -1.919982e+01
1164556494.883667 -1.706663e+01
1164556494.883789 -1.151793e+01
1164556494.883911 -3.433940e+00
1164556494.884033 5.568294e+00
1164556494.884155 1.397410e+01
1164556494.884277 1.980975e+01
1164556494.884399 2.180605e+01
1164556494.884521 1.914763e+01
1164556494.884644 1.239182e+01
1164556494.884766 2.652725e+00
1164556494.884888 -7.881904e+00
1164556494.885010 -1.712780e+01
1164556494.885132 -2.275769e+01
1164556494.885254 -2.351509e+01
1164556494.885376 -1.880536e+01
1164556494.885498 -9.742549e+00
1164556494.885620 1.868732e+00
1164556494.885742 1.306593e+01
1164556494.885864 2.131106e+01
1164556494.885986 2.429535e+01
1164556494.886108 2.147196e+01
1164556494.886230 1.334152e+01
1164556494.886353 2.157747e+00
1164556494.886475 -9.595219e+00
1164556494.886597 -1.861086e+01
1164556494.886719 -2.284466e+01
1164556494.886841 -2.094790e+01
1164556494.886963 -1.368189e+01
1164556494.887085 -2.741739e+00
1164556494.887207 8.592800e+00
1164556494.887329 1.747390e+01
1164556494.887451 2.103951e+01
1164556494.887573 1.850769e+01
1164556494.887695 1.028311e+01
1164556494.887817 -8.880829e-01
1164556494.887939 -1.194409e+01
1164556494.888062 -1.891126e+01
1164556494.888184 -1.977956e+01
1164556494.888306 -1.362342e+01
1164556494.888428 -2.627983e+00
1164556494.888550 9.924957e+00
1164556494.888672 1.909297e+01
1164556494.888794 2.160480e+01
1164556494.888916 1.547240e+01
1164556494.889038 2.945866e+00
1164556494.889160 -1.184926e+01
1164556494.889282 -2.238509e+01
1164556494.889404 -2.413342e+01
1164556494.889526 -1.486810e+01
1164556494.889648 1.430154e+00
1164556494.889771 1.814049e+01
1164556494.889893 2.604534e+01
1164556494.890015 2.077347e+01
1164556494.890137 3.278768e+00
1164556494.890259 -1.611976e+01
1164556494.890381 -2.526433e+01
1164556494.890503 -1.502796e+01
1164556494.890625 7.778845e+00
1164556494.890747 2.464976e+01
1164556494.890869 1.420445e+01
1164556494.890991 -1.358344e+01
1164556494.891113 -2.070912e+01
1164556494.891235 4.436436e+00
1164556494.891357 7.107396e+00
1164556494.891479 -3.355355e+00
1164556494.891602 -1.512252e-01
1164556494.891724 8.686736e-01
1164556494.891846 1.455257e+00
1164556494.891968 1.116583e+00
1164556494.892090 1.632265e+00
1164556494.892212 8.351086e-01
1164556494.892334 9.922614e-01
1164556494.892456 1.331034e-01
1164556494.892578 3.388904e-03
1164556494.892700 -7.352303e-01
1164556494.892822 -7.939192e-01
1164556494.892944 -1.309511e+00
1164556494.893066 -1.242700e+00
1164556494.893188 -1.455449e+00
1164556494.893311 -1.029746e+00
1164556494.893433 -7.235188e-01
1164556494.893555 1.644239e-01
1164556494.893677 7.260254e-01
1164556494.893799 1.412735e+00
1164556494.893921 1.502523e+00
1164556494.894043 1.618117e+00
1164556494.894165 1.180150e+00
1164556494.894287 8.352180e-01
1164556494.894409 1.466795e-01
1164556494.894531 -3.218882e-01
1164556494.894653 -9.302866e-01
1164556494.894775 -1.161222e+00
1164556494.894897 -1.437288e+00
1164556494.895020 -1.256912e+00
1164556494.895142 -1.091899e+00
1164556494.895264 -5.850463e-01
1164556494.895386 -1.547039e-01
1164556494.895508 4.633129e-01
1164556494.895630 7.845896e-01
1164556494.895752 1.102060e+00
1164556494.895874 1.063574e+00
1164556494.895996 1.072078e+00
1164556494.896118 8.815492e-01
1164556494.896240 7.156328e-01
1164556494.896362 2.325066e-01
1164556494.896484 -1.504901e-01
1164556494.896606 -6.897492e-01
1164556494.896729 -9.863967e-01
1164556494.896851 -1.244568e+00
1164556494.896973 -1.169876e+00
1164556494.897095 -1.031612e+00
1164556494.897217 -6.187653e-01
1164556494.897339 -2.136319e-01
1164556494.897461 3.694687e-01
1164556494.897583 7.850135e-01
1164556494.897705 1.127675e+00
1164556494.897827 1.099226e+00
1164556494.897949 1.012122e+00
1164556494.898071 7.630661e-01
1164556494.898193 5.529718e-01
1164556494.898315 1.129877e-01
1164556494.898438 -3.117897e-01
1164556494.898560 -7.434652e-01
1164556494.898682 -9.088894e-01
1164556494.898804 -1.049477e+00
1164556494.898926 -9.532117e-01
1164556494.899048 -7.603999e-01
1164556494.899170 -3.595133e-01
1164556494.899292 -3.464880e-02
1164556494.899414 3.203005e-01
1164556494.899536 5.243319e-01
1164556494.899658 7.312588e-01
1164556494.899780 8.070216e-01
1164556494.899902 8.938937e-01
1164556494.900024 7.688150e-01
1164556494.900146 5.576254e-01
1164556494.900269 1.478170e-01
1164556494.900391 -1.809680e-01
1164556494.900513 -5.383748e-01
1164556494.900635 -7.628211e-01
1164556494.900757 -8.831169e-01
1164556494.900879 -8.096675e-01
1164556494.901001 -7.591525e-01
1164556494.901123 -5.446324e-01
1164556494.901245 -2.926038e-01
1164556494.901367 1.120706e-01
1164556494.901489 4.621557e-01
1164556494.901611 8.484858e-01
1164556494.901733 1.019182e+00
1164556494.901855 1.014491e+00
1164556494.901978 7.345989e-01
1164556494.902100 4.378482e-01
1164556494.902222 6.836269e-02
1164556494.902344 -1.806072e-01
1164556494.902466 -4.908537e-01
1164556494.902588 -7.239861e-01
1164556494.902710 -9.616940e-01
1164556494.902832 -9.696815e-01
1164556494.902954 -8.221428e-01
1164556494.903076 -4.287715e-01
1164556494.903198 -3.510813e-02
1164556494.903320 3.275399e-01
1164556494.903442 5.539107e-01
1164556494.903564 8.223230e-01
1164556494.903687 9.345652e-01
1164556494.903809 8.954083e-01
1164556494.903931 6.428480e-01
1164556494.904053 3.149520e-01
1164556494.904175 -1.420329e-01
1164556494.904297 -4.638467e-01
1164556494.904419 -6.508258e-01
1164556494.904541 -6.754839e-01
1164556494.904663 -6.288136e-01
1164556494.904785 -4.782674e-01
1164556494.904907 -4.126433e-01
1164556494.905029 -2.270062e-01
1164556494.905151 -3.915846e-02
1164556494.905273 1.519231e-01
1164556494.905396 2.460577e-01
1164556494.905518 4.227819e-01
1164556494.905640 5.454912e-01
1164556494.905762 6.685823e-01
1164556494.905884 6.429684e-01
1164556494.906006 5.007416e-01
1164556494.906128 1.847852e-01
1164556494.906250 -1.136131e-01
1164556494.906372 -4.271075e-01
1164556494.906494 -5.642973e-01
1164556494.906616 -6.109103e-01
1164556494.906738 -5.771645e-01
1164556494.906860 -5.757594e-01
1164556494.906982 -4.472977e-01
1164556494.907104 -2.901840e-01
1164556494.907227 -1.268549e-02
1164556494.907349 2.624820e-01
1164556494.907471 5.727324e-01
1164556494.907593 7.322751e-01
1164556494.907715 8.023457e-01
1164556494.907837 6.859048e-01
1164556494.907959 5.293105e-01
1164556494.908081 2.242838e-01
1164556494.908203 -1.470667e-01
1164556494.908325 -4.389842e-01
1164556494.908447 -5.823289e-01
1164556494.908569 -7.605885e-01
1164556494.908691 -7.750929e-01
1164556494.908813 -7.029940e-01
1164556494.908936 -4.549242e-01
1164556494.909058 -1.225605e-01
1164556494.909180 2.426238e-01
1164556494.909302 4.615122e-01
1164556494.909424 6.112551e-01
1164556494.909546 6.919616e-01
1164556494.909668 7.137242e-01
1164556494.909790 6.103991e-01
1164556494.909912 4.296827e-01
1164556494.910034 1.013444e-01
1164556494.910156 -2.021291e-01
1164556494.910278 -4.616672e-01
1164556494.910400 -6.119966e-01
1164556494.910522 -7.417148e-01
1164556494.910645 -7.061842e-01
1164556494.910767 -5.804609e-01
1164556494.910889 -3.308661e-01
1164556494.911011 -3.590858e-02
1164556494.911133 2.782721e-01
1164556494.911255 4.575820e-01
1164556494.911377 6.418421e-01
1164556494.911499 6.914082e-01
1164556494.911621 6.249109e-01
1164556494.911743 3.501926e-01
1164556494.911865 1.294657e-01
1164556494.911987 3.062358e-03
1164556494.912109 -1.279934e-01
1164556494.912231 -2.970161e-01
1164556494.912354 -4.036632e-01
1164556494.912476 -5.151849e-01
1164556494.912598 -5.351474e-01
1164556494.912720 -5.387024e-01
1164556494.912842 -3.641005e-01
1164556494.912964 -9.814308e-02
1164556494.913086 1.300815e-01
1164556494.913208 2.149416e-01
1164556494.913330 3.387107e-01
1164556494.913452 5.234567e-01
1164556494.913574 6.811140e-01
1164556494.913696 6.534400e-01
1164556494.913818 5.114087e-01
1164556494.913940 2.594418e-01
1164556494.914062 -5.130851e-02
1164556494.914185 -4.030524e-01
1164556494.914307 -6.516498e-01
1164556494.914429 -8.308722e-01
1164556494.914551 -7.608912e-01
1164556494.914673 -5.240701e-01
1164556494.914795 -2.075117e-01
1164556494.914917 3.954461e-02
1164556494.915039 1.831960e-01
1164556494.915161 2.618526e-01
1164556494.915283 4.291523e-01
1164556494.915405 6.367798e-01
1164556494.915527 7.704320e-01
1164556494.915649 6.651168e-01
1164556494.915771 3.759771e-01
1164556494.915894 -1.854598e-03
1164556494.916016 -2.897874e-01
1164556494.916138 -4.798743e-01
1164556494.916260 -5.493117e-01
1164556494.916382 -6.255460e-01
1164556494.916504 -5.984280e-01
1164556494.916626 -5.224410e-01
1164556494.916748 -3.649840e-01
1164556494.916870 -4.811761e-02
1164556494.916992 3.118507e-01
1164556494.917114 4.829683e-01
1164556494.917236 5.799829e-01
1164556494.917358 6.855283e-01
1164556494.917480 7.089854e-01
1164556494.917603 4.536866e-01
1164556494.917725 1.022626e-01
1164556494.917847 -1.858073e-01
1164556494.917969 -3.542999e-01
1164556494.918091 -4.741288e-01
1164556494.918213 -4.861492e-01
1164556494.918335 -4.900899e-01
1164556494.918457 -3.784024e-01
1164556494.918579 -2.495703e-01
1164556494.918701 -1.403031e-01
1164556494.918823 -7.970767e-02
1164556494.918945 1.016346e-01
1164556494.919067 2.687130e-01
1164556494.919189 4.141783e-01
1164556494.919312 5.316396e-01
1164556494.919434 6.261546e-01
1164556494.919556 5.249497e-01
1164556494.919678 3.145508e-01
1164556494.919800 -8.464690e-03
1164556494.919922 -3.002327e-01
1164556494.920044 -5.359079e-01
1164556494.920166 -6.400071e-01
1164556494.920288 -6.074278e-01
1164556494.920410 -4.321592e-01
1164556494.920532 -2.665148e-01
1164556494.920654 -1.844656e-02
1164556494.920776 2.133343e-01
1164556494.920898 3.379588e-01
1164556494.921021 3.374554e-01
1164556494.921143 3.098752e-01
1164556494.921265 2.664583e-01
1164556494.921387 3.304546e-01
1164556494.921509 3.436927e-01
1164556494.921631 2.383338e-01
1164556494.921753 6.127016e-03
1164556494.921875 -2.201118e-01
1164556494.921997 -3.738643e-01
1164556494.922119 -4.177185e-01
1164556494.922241 -4.337003e-01
1164556494.922363 -3.288978e-01
1164556494.922485 -1.541162e-01
1164556494.922607 9.311122e-03
1164556494.922729 4.718146e-02
1164556494.922852 9.901096e-02
1164556494.922974 1.103907e-01
1164556494.923096 1.477849e-01
1164556494.923218 2.517458e-01
1164556494.923340 3.297010e-01
1164556494.923462 3.551651e-01
1164556494.923584 3.606798e-01
1164556494.923706 1.959500e-01
1164556494.923828 -4.228049e-02
1164556494.923950 -2.450532e-01
1164556494.924072 -3.222512e-01
1164556494.924194 -3.869163e-01
1164556494.924316 -4.180131e-01
1164556494.924438 -3.851815e-01
1164556494.924561 -2.423982e-01
1164556494.924683 -1.213646e-01
1164556494.924805 1.077807e-02
1164556494.924927 1.285002e-01
1164556494.925049 2.658056e-01
1164556494.925171 4.067175e-01
1164556494.925293 5.494675e-01
1164556494.925415 5.566138e-01
1164556494.925537 3.873100e-01
1164556494.925659 8.180611e-02
1164556494.925781 -1.303573e-01
1164556494.925903 -3.284155e-01
1164556494.926025 -4.229782e-01
1164556494.926147 -4.250182e-01
1164556494.926270 -3.864502e-01
1164556494.926392 -4.010745e-01
1164556494.926514 -3.397608e-01
1164556494.926636 -1.975362e-01
1164556494.926758 -6.064144e-03
1164556494.926880 2.450958e-01
1164556494.927002 4.868762e-01
1164556494.927124 5.967116e-01
1164556494.927246 6.127979e-01
1164556494.927368 5.207384e-01
1164556494.927490 3.093124e-01
1164556494.927612 -5.279950e-03
1164556494.927734 -2.504540e-01
1164556494.927856 -4.425774e-01
1164556494.927979 -5.654157e-01
1164556494.928101 -5.985273e-01
1164556494.928223 -4.704513e-01
1164556494.928345 -2.634678e-01
1164556494.928467 -5.524512e-02
1164556494.928589 1.160102e-01
1164556494.928711 2.831589e-01
1164556494.928833 3.632890e-01
1164556494.928955 3.900518e-01
1164556494.929077 3.456602e-01
1164556494.929199 2.663845e-01
1164556494.929321 1.844651e-01
1164556494.929443 1.367955e-01
1164556494.929565 1.863388e-02
1164556494.929688 -1.194163e-01
1164556494.929810 -2.361905e-01
1164556494.929932 -2.664614e-01
1164556494.930054 -2.956611e-01
1164556494.930176 -3.320293e-01
1164556494.930298 -3.403175e-01
1164556494.930420 -2.324223e-01
1164556494.930542 -1.140730e-01
1164556494.930664 1.943937e-02
1164556494.930786 1.822403e-01
1164556494.930908 3.516726e-01
1164556494.931030 4.889486e-01
1164556494.931152 5.438258e-01
1164556494.931274 3.958872e-01
1164556494.931396 1.834185e-01
1164556494.931519 2.068232e-03
1164556494.931641 -1.793067e-01
1164556494.931763 -3.591980e-01
1164556494.931885 -4.364395e-01
1164556494.932007 -4.166160e-01
1164556494.932129 -3.185695e-01
1164556494.932251 -2.429982e-01
1164556494.932373 -1.185210e-01
1164556494.932495 1.812678e-02
1164556494.932617 1.616641e-01
1164556494.932739 2.420769e-01
1164556494.932861 2.771830e-01
1164556494.932983 2.681730e-01
1164556494.933105 2.794165e-01
1164556494.933228 2.954365e-01
1164556494.933350 2.443676e-01
1164556494.933472 9.264315e-02
1164556494.933594 -5.602285e-02
1164556494.933716 -1.778590e-01
1164556494.933838 -2.833833e-01
1164556494.933960 -3.691516e-01
1164556494.934082 -3.386632e-01
1164556494.934204 -3.245540e-01
1164556494.934326 -3.109422e-01
1164556494.934448 -2.096196e-01
1164556494.934570 -5.885224e-02
1164556494.934692 2.012355e-01
1164556494.934814 5.064803e-01
1164556494.934937 5.758525e-01
1164556494.935059 4.864882e-01
1164556494.935181 3.225612e-01
1164556494.935303 1.911964e-01
1164556494.935425 3.645311e-02
1164556494.935547 -1.355819e-01
1164556494.935669 -3.127801e-01
1164556494.935791 -3.872594e-01
1164556494.935913 -4.067750e-01
1164556494.936035 -3.820933e-01
1164556494.936157 -3.608731e-01
1164556494.936279 -2.437692e-01
1164556494.936401 -4.260162e-02
1164556494.936523 1.313094e-01
1164556494.936646 2.038883e-01
1164556494.936768 3.614182e-01
1164556494.936890 5.208180e-01
1164556494.937012 5.723932e-01
1164556494.937134 4.641302e-01
1164556494.937256 2.689573e-01
1164556494.937378 -4.242265e-02
1164556494.937500 -3.568927e-01
1164556494.937622 -5.362277e-01
1164556494.937744 -5.174702e-01
1164556494.937866 -4.576963e-01
1164556494.937988 -3.638987e-01
1164556494.938110 -2.012353e-01
1164556494.938232 -2.442044e-03
1164556494.938354 2.154722e-01
1164556494.938477 3.587789e-01
1164556494.938599 3.270997e-01
1164556494.938721 3.144742e-01
1164556494.938843 2.971941e-01
1164556494.938965 2.381718e-01
1164556494.939087 9.613417e-02
1164556494.939209 -5.759170e-02
1164556494.939331 -1.592649e-01
1164556494.939453 -1.494428e-01
1164556494.939575 -1.411566e-01
1164556494.939697 -1.455976e-01
1164556494.939819 -1.431632e-01
1164556494.939941 -1.842392e-01
1164556494.940063 -2.623143e-01
1164556494.940186 -2.036467e-01
1164556494.940308 -3.452685e-02
1164556494.940430 8.940044e-02
1164556494.940552 9.431392e-02
1164556494.940674 1.277434e-01
1164556494.940796 2.635923e-01
1164556494.940918 4.188275e-01
1164556494.941040 4.028349e-01
1164556494.941162 2.323264e-01
1164556494.941284 5.829745e-02
1164556494.941406 -9.304730e-02
1164556494.941528 -2.385299e-01
1164556494.941650 -3.387300e-01
1164556494.941772 -4.180096e-01
1164556494.941895 -3.992885e-01
1164556494.942017 -3.151161e-01
1164556494.942139 -1.503549e-01
1164556494.942261 3.611515e-02
1164556494.942383 2.377832e-01
1164556494.942505 3.451477e-01
1164556494.942627 3.487843e-01
1164556494.942749 3.173113e-01
1164556494.942871 2.701417e-01
1164556494.942993 1.361306e-01
1164556494.943115 -1.875365e-02
1164556494.943237 -1.154410e-01
1164556494.943359 -1.120951e-01
1164556494.943481 -1.137996e-01
1164556494.943604 -1.368060e-01
1164556494.943726 -1.872788e-01
1164556494.943848 -2.608258e-01
1164556494.943970 -3.085135e-01
1164556494.944092 -1.697741e-01
1164556494.944214 2.285810e-02
1164556494.944336 1.240052e-01
1164556494.944458 1.491806e-01
1164556494.944580 2.071472e-01
1164556494.944702 2.533073e-01
1164556494.944824 2.111787e-01
1164556494.944946 1.182744e-01
1164556494.945068 8.328292e-02
1164556494.945190 1.196146e-01
1164556494.945312 1.165325e-01
1164556494.945435 -1.875231e-02
1164556494.945557 -1.491753e-01
1164556494.945679 -2.452485e-01
1164556494.945801 -3.250247e-01
1164556494.945923 -3.825150e-01
1164556494.946045 -3.083341e-01
1164556494.946167 -1.717688e-01
1164556494.946289 -4.141976e-02
1164556494.946411 1.344120e-01
1164556494.946533 3.381591e-01
1164556494.946655 4.240573e-01
1164556494.946777 3.808209e-01
1164556494.946899 2.731805e-01
1164556494.947021 1.908288e-01
1164556494.947144 1.016356e-01
1164556494.947266 -3.358676e-04
1164556494.947388 -1.609373e-01
1164556494.947510 -2.836357e-01
1164556494.947632 -3.251192e-01
1164556494.947754 -3.265290e-01
1164556494.947876 -3.243923e-01
1164556494.947998 -2.757464e-01
1164556494.948120 -1.966081e-01
1164556494.948242 -4.610883e-02
1164556494.948364 1.655398e-01
1164556494.948486 3.731914e-01
1164556494.948608 4.412510e-01
1164556494.948730 4.499447e-01
1164556494.948853 3.949416e-01
1164556494.948975 2.540694e-01
1164556494.949097 7.974140e-02
1164556494.949219 -7.671850e-02
1164556494.949341 -2.509865e-01
1164556494.949463 -3.612255e-01
1164556494.949585 -4.627525e-01
1164556494.949707 -4.995592e-01
1164556494.949829 -4.130266e-01
1164556494.949951 -1.845408e-01
1164556494.950073 6.751632e-02
1164556494.950195 2.537986e-01
1164556494.950317 3.254203e-01
1164556494.950439 3.427669e-01
1164556494.950562 3.183567e-01
1164556494.950684 2.911299e-01
1164556494.950806 2.513519e-01
1164556494.950928 2.055299e-01
1164556494.951050 7.833295e-02
1164556494.951172 -1.019221e-01
1164556494.951294 -2.397907e-01
1164556494.951416 -3.501634e-01
1164556494.951538 -4.430334e-01
1164556494.951660 -4.378903e-01
1164556494.951782 -3.604275e-01
1164556494.951904 -1.360250e-01
1164556494.952026 1.291247e-01
1164556494.952148 2.978208e-01
1164556494.952271 3.140482e-01
1164556494.952393 2.486334e-01
1164556494.952515 1.714591e-01
1164556494.952637 2.476411e-01
1164556494.952759 3.435732e-01
1164556494.952881 2.963729e-01
1164556494.953003 5.952811e-02
1164556494.953125 -1.896732e-01
1164556494.953247 -3.422942e-01
1164556494.953369 -3.857436e-01
1164556494.953491 -3.725364e-01
1164556494.953613 -3.021128e-01
1164556494.953735 -2.159311e-01
1164556494.953857 -9.051610e-02
1164556494.953979 5.953780e-02
1164556494.954102 2.053905e-01
1164556494.954224 2.649265e-01
1164556494.954346 2.337891e-01
1164556494.954468 1.741459e-01
1164556494.954590 2.048709e-01
1164556494.954712 2.535247e-01
1164556494.954834 2.421194e-01
1164556494.954956 1.230130e-01
1164556494.955078 -1.984183e-02
1164556494.955200 -2.069703e-01
1164556494.955322 -3.642677e-01
1164556494.955444 -4.197587e-01
1164556494.955566 -3.627660e-01
1164556494.955688 -2.693439e-01
1164556494.955811 -1.319625e-01
1164556494.955933 -1.416131e-02
1164556494.956055 7.482568e-02
1164556494.956177 1.747239e-01
1164556494.956299 3.209142e-01
1164556494.956421 4.219943e-01
1164556494.956543 4.387014e-01
1164556494.956665 3.670984e-01
1164556494.956787 2.277431e-01
1164556494.956909 -3.597024e-02
1164556494.957031 -2.883418e-01
1164556494.957153 -4.167165e-01
1164556494.957275 -4.237438e-01
1164556494.957397 -3.472588e-01
1164556494.957520 -2.651630e-01
1164556494.957642 -1.391831e-01
1164556494.957764 -4.164385e-03
1164556494.957886 4.572011e-02
1164556494.958008 7.806188e-02
1164556494.958130 1.879245e-01
1164556494.958252 3.436669e-01
1164556494.958374 4.074128e-01
1164556494.958496 3.428168e-01
1164556494.958618 1.838203e-01
1164556494.958740 3.531830e-02
1164556494.958862 -7.355359e-02
1164556494.958984 -1.504664e-01
1164556494.959106 -2.050217e-01
1164556494.959229 -2.569635e-01
1164556494.959351 -3.375238e-01
1164556494.959473 -3.439853e-01
1164556494.959595 -2.413194e-01
1164556494.959717 -1.234899e-01
1164556494.959839 7.826260e-03
1164556494.959961 1.979582e-01
1164556494.960083 3.220601e-01
1164556494.960205 3.607624e-01
1164556494.960327 3.594799e-01
1164556494.960449 3.307029e-01
1164556494.960571 1.999915e-01
1164556494.960693 -2.868416e-03
1164556494.960815 -1.852658e-01
1164556494.960938 -2.923303e-01
1164556494.961060 -2.769791e-01
1164556494.961182 -2.285694e-01
1164556494.961304 -2.120115e-01
1164556494.961426 -1.539279e-01
1164556494.961548 -9.358129e-02
1164556494.961670 -1.564501e-02
1164556494.961792 7.550064e-02
1164556494.961914 1.105120e-01
1164556494.962036 8.384365e-02
1164556494.962158 1.277898e-01
1164556494.962280 2.095996e-01
1164556494.962402 2.504526e-01
1164556494.962524 2.520432e-01
1164556494.962646 2.019601e-01
1164556494.962769 7.292238e-02
1164556494.962891 -8.170082e-02
1164556494.963013 -2.587235e-01
1164556494.963135 -3.600924e-01
1164556494.963257 -3.338527e-01
1164556494.963379 -2.758168e-01
1164556494.963501 -2.037824e-01
1164556494.963623 -8.085514e-02
1164556494.963745 5.431974e-02
1164556494.963867 1.677068e-01
1164556494.963989 2.699982e-01
1164556494.964111 3.286117e-01
1164556494.964233 2.791342e-01
1164556494.964355 1.910818e-01
1164556494.964478 1.231811e-01
1164556494.964600 7.121111e-02
1164556494.964722 -3.716999e-02
1164556494.964844 -1.755928e-01
1164556494.964966 -2.684909e-01
1164556494.965088 -2.900020e-01
1164556494.965210 -2.351726e-01
1164556494.965332 -1.410418e-01
1164556494.965454 -6.031083e-02
1164556494.965576 -6.000364e-03
1164556494.965698 1.020571e-02
1164556494.965820 9.608706e-02
1164556494.965942 1.854996e-01
1164556494.966064 2.415607e-01
1164556494.966187 2.115605e-01
1164556494.966309 1.433772e-01
1164556494.966431 7.258477e-02
1164556494.966553 2.119837e-02
1164556494.966675 -5.798986e-02
1164556494.966797 -1.142185e-01
1164556494.966919 -1.247960e-01
1164556494.967041 -9.905843e-02
1164556494.967163 -1.088188e-01
1164556494.967285 -1.121492e-01
1164556494.967407 -8.589183e-02
1164556494.967529 -5.532186e-02
1164556494.967651 -2.472530e-02
1164556494.967773 -4.945490e-03
1164556494.967896 4.653339e-03
1164556494.968018 1.688697e-02
1164556494.968140 4.464015e-02
1164556494.968262 9.429113e-02
1164556494.968384 1.697326e-01
1164556494.968506 2.718763e-01
1164556494.968628 3.057039e-01
1164556494.968750 2.293672e-01
1164556494.968872 3.354834e-02
1164556494.968994 -1.911787e-01
1164556494.969116 -3.650799e-01
1164556494.969238 -3.891941e-01
1164556494.969360 -2.999587e-01
1164556494.969482 -2.196689e-01
1164556494.969604 -1.771632e-01
1164556494.969727 -8.097501e-02
1164556494.969849 7.410104e-02
1164556494.969971 2.298398e-01
1164556494.970093 3.591040e-01
1164556494.970215 3.958974e-01
1164556494.970337 3.722008e-01
1164556494.970459 2.862552e-01
1164556494.970581 1.281460e-01
1164556494.970703 -4.337207e-02
1164556494.970825 -1.734377e-01
1164556494.970947 -2.840808e-01
1164556494.971069 -4.040560e-01
1164556494.971191 -4.340147e-01
1164556494.971313 -3.246927e-01
1164556494.971436 -1.977373e-01
1164556494.971558 -7.494168e-02
1164556494.971680 9.216073e-02
1164556494.971802 2.302639e-01
1164556494.971924 3.304921e-01
1164556494.972046 3.757314e-01
1164556494.972168 3.644643e-01
1164556494.972290 2.900355e-01
1164556494.972412 1.824047e-01
1164556494.972534 7.935394e-02
1164556494.972656 -8.516933e-02
1164556494.972778 -3.063456e-01
1164556494.972900 -3.882080e-01
1164556494.973022 -3.909934e-01
1164556494.973145 -3.614183e-01
1164556494.973267 -2.645701e-01
1164556494.973389 -9.660770e-02
1164556494.973511 8.798221e-02
1164556494.973633 1.900073e-01
1164556494.973755 2.542738e-01
1164556494.973877 3.240972e-01
1164556494.973999 3.022707e-01
1164556494.974121 2.388022e-01
1164556494.974243 1.695203e-01
1164556494.974365 5.880069e-02
1164556494.974487 -1.166644e-02
1164556494.974609 -7.302258e-02
1164556494.974731 -2.197864e-01
1164556494.974854 -3.008542e-01
1164556494.974976 -2.791289e-01
1164556494.975098 -2.543784e-01
1164556494.975220 -1.908260e-01
1164556494.975342 -6.496136e-02
1164556494.975464 4.957524e-02
1164556494.975586 1.423819e-01
1164556494.975708 2.086016e-01
1164556494.975830 1.978100e-01
1164556494.975952 1.566991e-01
1164556494.976074 1.542115e-01
1164556494.976196 1.872286e-01
1164556494.976318 1.853818e-01
1164556494.976440 6.418353e-02
1164556494.976562 -9.552670e-02
1164556494.976685 -1.832125e-01
1164556494.976807 -2.005779e-01
1164556494.976929 -2.158305e-01
1164556494.977051 -1.764988e-01
1164556494.977173 -8.874278e-02
1164556494.977295 -8.609458e-02
1164556494.977417 -1.232204e-01
1164556494.977539 -9.006404e-02
1164556494.977661 -2.095781e-03
1164556494.977783 1.219794e-01
1164556494.977905 2.071284e-01
1164556494.978027 2.512666e-01
1164556494.978149 2.975183e-01
1164556494.978271 3.180978e-01
1164556494.978394 2.597915e-01
1164556494.978516 1.163047e-01
1164556494.978638 -8.106177e-02
1164556494.978760 -2.874833e-01
1164556494.978882 -4.258134e-01
1164556494.979004 -4.448679e-01
1164556494.979126 -3.896555e-01
1164556494.979248 -2.405495e-01
1164556494.979370 -6.013844e-02
1164556494.979492 1.023629e-01
1164556494.979614 2.148332e-01
1164556494.979736 2.625195e-01
1164556494.979858 3.069961e-01
1164556494.979980 3.613660e-01
1164556494.980103 3.433938e-01
1164556494.980225 2.307465e-01
1164556494.980347 3.622573e-02
1164556494.980469 -1.324395e-01
1164556494.980591 -2.099475e-01
1164556494.980713 -2.284164e-01
1164556494.980835 -2.553934e-01
1164556494.980957 -2.376621e-01
1164556494.981079 -2.134984e-01
1164556494.981201 -2.261928e-01
1164556494.981323 -2.156444e-01
1164556494.981445 -1.390865e-01
1164556494.981567 1.417992e-02
1164556494.981689 2.258441e-01
1164556494.981812 3.994938e-01
1164556494.981934 4.546146e-01
1164556494.982056 4.733964e-01
1164556494.982178 4.239147e-01
1164556494.982300 2.382832e-01
1164556494.982422 5.296045e-03
1164556494.982544 -2.233999e-01
1164556494.982666 -4.268731e-01
1164556494.982788 -5.869567e-01
1164556494.982910 -6.187814e-01
1164556494.983032 -4.458873e-01
1164556494.983154 -2.231167e-01
1164556494.983276 -3.326248e-02
1164556494.983398 1.606388e-01
1164556494.983521 3.355626e-01
1164556494.983643 4.684455e-01
1164556494.983765 5.025215e-01
1164556494.983887 4.726572e-01
1164556494.984009 4.130965e-01
1164556494.984131 2.460559e-01
1164556494.984253 -4.464963e-02
1164556494.984375 -3.331812e-01
1164556494.984497 -4.470241e-01
1164556494.984619 -4.334292e-01
1164556494.984741 -3.837258e-01
1164556494.984863 -3.166517e-01
1164556494.984985 -2.587077e-01
1164556494.985107 -1.689433e-01
1164556494.985229 -2.436729e-02
1164556494.985352 1.516612e-01
1164556494.985474 3.407817e-01
1164556494.985596 4.886735e-01
1164556494.985718 4.844780e-01
1164556494.985840 3.638535e-01
1164556494.985962 2.502175e-01
1164556494.986084 1.327200e-01
1164556494.986206 -5.239693e-02
1164556494.986328 -2.655940e-01
1164556494.986450 -3.991754e-01
1164556494.986572 -4.279140e-01
1164556494.986694 -3.967840e-01
1164556494.986816 -2.886009e-01
1164556494.986938 -1.556807e-01
1164556494.987061 -3.776012e-02
1164556494.987183 6.701062e-02
1164556494.987305 1.467440e-01
1164556494.987427 2.074389e-01
1164556494.987549 3.084644e-01
1164556494.987671 4.111324e-01
1164556494.987793 4.073550e-01
1164556494.987915 2.903368e-01
1164556494.988037 1.311768e-01
1164556494.988159 -7.059051e-02
1164556494.988281 -2.523429e-01
1164556494.988403 -3.743411e-01
1164556494.988525 -4.065957e-01
1164556494.988647 -3.727861e-01
1164556494.988770 -2.716920e-01
1164556494.988892 -1.421185e-01
1164556494.989014 -1.479739e-02
1164556494.989136 7.983349e-02
1164556494.989258 1.543687e-01
1164556494.989380 2.428471e-01
1164556494.989502 2.856015e-01
1164556494.989624 2.782753e-01
1164556494.989746 2.785296e-01
1164556494.989868 2.341087e-01
1164556494.989990 1.436261e-01
1164556494.990112 3.090105e-02
1164556494.990234 -1.035745e-01
1164556494.990356 -2.664784e-01
1164556494.990479 -3.986228e-01
1164556494.990601 -4.353084e-01
1164556494.990723 -3.142874e-01
1164556494.990845 -1.158733e-01
1164556494.990967 -3.516197e-03
1164556494.991089 8.559807e-03
1164556494.991211 5.617902e-02
1164556494.991333 1.847051e-01
1164556494.991455 2.919478e-01
1164556494.991577 3.318750e-01
1164556494.991699 2.867262e-01
1164556494.991821 2.167101e-01
1164556494.991943 1.569352e-01
1164556494.992065 8.409205e-02
1164556494.992188 -1.238574e-02
1164556494.992310 -1.576792e-01
1164556494.992432 -2.985235e-01
1164556494.992554 -3.648489e-01
1164556494.992676 -3.818616e-01
1164556494.992798 -3.651480e-01
1164556494.992920 -3.111713e-01
1164556494.993042 -1.707321e-01
1164556494.993164 3.679446e-02
1164556494.993286 2.917822e-01
1164556494.993408 4.960634e-01
1164556494.993530 5.300189e-01
1164556494.993652 4.695694e-01
1164556494.993774 3.663392e-01
1164556494.993896 2.268694e-01
1164556494.994019 6.339098e-02
1164556494.994141 -1.232563e-01
1164556494.994263 -3.322280e-01
1164556494.994385 -5.166150e-01
1164556494.994507 -5.871951e-01
1164556494.994629 -5.425843e-01
1164556494.994751 -4.287789e-01
1164556494.994873 -2.791999e-01
1164556494.994995 -9.166017e-02
