1164556494.809326 -3.055401e-02
1164556494.809448 -2.567556e-02
1164556494.809570 -9.706044e-03
1164556494.809692 -6.939731e-03
1164556494.809814 3.196798e-03
1164556494.809937 2.421863e-02
1164556494.810059 1.337496e-02
1164556494.810181 1.764075e-02
1164556494.810303 2.135287e-02
1164556494.810425 1.277379e-02
1164556494.810547 -7.372280e-03
1164556494.810669 -4.636726e-02
1164556494.810791 -3.245881e-02
1164556494.810913 -2.682510e-02
1164556494.811035 -7.947058e-03
1164556494.811157 2.032724e-02
1164556494.811279 2.362153e-02
1164556494.811401 4.344738e-02
1164556494.811523 3.259241e-02
1164556494.811646 1.160178e-02
1164556494.811768 -6.409452e-03
1164556494.811890 -3.820447e-02
1164556494.812012 -3.470967e-02
1164556494.812134 -3.924145e-02
1164556494.812256 -2.219557e-02
1164556494.812378 1.439417e-02
1164556494.812500 2.761340e-02
1164556494.812622 4.375971e-02
1164556494.812744 2.299972e-02
1164556494.812866 6.856019e-03
1164556494.812988 4.589226e-03
1164556494.813110 -1.443334e-02
1164556494.813232 -1.246707e-02
1164556494.813354 -1.755873e-02
1164556494.813477 -1.364956e-02
1164556494.813599 2.493580e-04
1164556494.813721 -2.975880e-03
1164556494.813843 -5.278298e-03
1164556494.813965 -1.106467e-02
1164556494.814087 -4.240931e-03
1164556494.814209 1.405635e-02
1164556494.814331 3.957595e-03
1164556494.814453 8.757031e-03
1164556494.814575 1.331489e-02
1164556494.814697 1.691307e-02
1164556494.814819 2.486727e-02
1164556494.814941 9.731684e-03
1164556494.815063 2.350155e-03
1164556494.815186 -8.306570e-03
1164556494.815308 -2.837071e-02
1164556494.815430 -3.269984e-02
1164556494.815552 -3.361901e-02
1164556494.815674 -2.510101e-02
1164556494.815796 -2.124417e-02
1164556494.815918 -4.806864e-03
1164556494.816040 1.952706e-02
1164556494.816162 3.935817e-02
1164556494.816284 6.120693e-02
1164556494.816406 7.251932e-02
1164556494.816528 4.112617e-02
1164556494.816650 -1.627195e-03
1164556494.816772 -4.188718e-02
1164556494.816895 -6.634056e-02
1164556494.817017 -6.031096e-02
1164556494.817139 -4.531553e-02
1164556494.817261 -2.305754e-02
1164556494.817383 -3.013011e-03
1164556494.817505 1.757622e-02
1164556494.817627 3.821420e-02
1164556494.817749 3.665605e-02
1164556494.817871 3.327685e-02
1164556494.817993 1.197947e-02
1164556494.818115 4.321831e-03
1164556494.818237 1.530686e-02
1164556494.818359 2.100746e-02
1164556494.818481 7.913915e-03
1164556494.818604 -1.642157e-02
1164556494.818726 -3.764757e-02
1164556494.818848 -4.637876e-02
1164556494.818970 -4.118248e-02
1164556494.819092 -2.856687e-02
1164556494.819214 -1.155772e-02
1164556494.819336 7.028427e-03
1164556494.819458 3.058462e-02
1164556494.819580 5.177714e-02
1164556494.819702 4.596470e-02
1164556494.819824 3.387355e-02
1164556494.819946 3.075890e-03
1164556494.820068 -1.094422e-02
1164556494.820190 -1.449889e-02
1164556494.820312 -1.115400e-02
1164556494.820435 -8.892921e-03
1164556494.820557 -2.364141e-02
1164556494.820679 -2.468812e-02
1164556494.820801 -3.668095e-02
1164556494.820923 -2.751937e-02
1164556494.821045 6.880591e-03
1164556494.821167 3.305321e-02
1164556494.821289 4.051618e-02
1164556494.821411 2.396392e-02
1164556494.821533 1.395157e-02
1164556494.821655 5.361183e-03
1164556494.821777 2.376516e-03
1164556494.821899 -7.402307e-03
1164556494.822021 -1.644119e-02
1164556494.822144 -1.677076e-02
1164556494.822266 2.696019e-03
1164556494.822388 1.636328e-03
1164556494.822510 -3.805846e-03
1164556494.822632 -1.747176e-02
1164556494.822754 -1.754710e-02
1164556494.822876 -5.501656e-03
1164556494.822998 4.530238e-03
1164556494.823120 1.931598e-02
1164556494.823242 1.456592e-02
1164556494.823364 1.310134e-02
1164556494.823486 2.580767e-03
1164556494.823608 1.082590e-02
1164556494.823730 1.119945e-02
1164556494.823853 -4.409213e-04
1164556494.823975 -1.280927e-02
1164556494.824097 -3.525542e-02
1164556494.824219 -2.966180e-02
1164556494.824341 -1.317190e-02
1164556494.824463 1.984915e-02
1164556494.824585 1.821835e-02
1164556494.824707 1.629343e-02
1164556494.824829 2.527647e-02
1164556494.824951 3.193069e-02
1164556494.825073 2.158435e-02
1164556494.825195 -2.263392e-02
1164556494.825317 -5.045789e-02
1164556494.825439 -6.100117e-02
1164556494.825562 -3.922428e-02
1164556494.825684 -9.381090e-03
1164556494.825806 2.506156e-02
1164556494.825928 6.152553e-02
1164556494.826050 4.824808e-02
1164556494.826172 4.398945e-02
1164556494.826294 1.900347e-02
1164556494.826416 2.946494e-03
1164556494.826538 -2.115090e-02
1164556494.826660 -5.001281e-02
1164556494.826782 -4.248226e-02
1164556494.826904 -4.218557e-02
1164556494.827026 -2.346404e-02
1164556494.827148 -8.579178e-03
1164556494.827271 1.488787e-02
1164556494.827393 3.416107e-02
1164556494.827515 3.401153e-02
1164556494.827637 4.436521e-02
1164556494.827759 1.746340e-02
1164556494.827881 -2.554334e-03
1164556494.828003 -1.421976e-02
1164556494.828125 -9.061878e-03
1164556494.828247 -2.413899e-03
1164556494.828369 -2.239414e-04
1164556494.828491 5.927731e-03
1164556494.828613 -9.335814e-03
1164556494.828735 -2.806586e-02
1164556494.828857 -2.711835e-02
1164556494.828979 -3.258369e-02
1164556494.829102 -2.025858e-02
1164556494.829224 -3.936833e-03
1164556494.829346 3.023306e-02
1164556494.829468 4.544125e-02
1164556494.829590 4.193573e-02
1164556494.829712 3.883998e-02
1164556494.829834 1.451793e-02
1164556494.829956 6.589224e-03
1164556494.830078 -1.320699e-02
1164556494.830200 -1.959378e-02
1164556494.830322 -1.524830e-02
1164556494.830444 -4.592356e-02
1164556494.830566 -5.299235e-02
1164556494.830688 -5.326577e-02
1164556494.830811 -1.350675e-02
1164556494.830933 2.420434e-02
1164556494.831055 4.600522e-02
1164556494.831177 6.812389e-02
1164556494.831299 5.373168e-02
1164556494.831421 3.214487e-02
1164556494.831543 5.416229e-03
1164556494.831665 -3.169537e-02
1164556494.831787 -5.203666e-02
1164556494.831909 -5.342555e-02
1164556494.832031 -1.604186e-02
1164556494.832153 1.563836e-02
1164556494.832275 2.547163e-02
1164556494.832397 1.961044e-02
1164556494.832520 -4.315971e-03
1164556494.832642 -2.074203e-02
1164556494.832764 -1.515893e-02
1164556494.832886 3.430781e-03
1164556494.833008 1.946283e-02
1164556494.833130 1.130579e-02
1164556494.833252 -4.687664e-03
1164556494.833374 4.518468e-04
1164556494.833496 -2.170104e-03
1164556494.833618 -1.270331e-02
1164556494.833740 -5.630542e-03
1164556494.833862 1.930184e-02
1164556494.833984 5.039178e-02
1164556494.834106 2.833678e-02
1164556494.834229 9.164401e-03
1164556494.834351 -2.236601e-02
1164556494.834473 -6.697315e-02
1164556494.834595 -7.702824e-02
1164556494.834717 -5.277765e-02
1164556494.834839 9.471706e-03
1164556494.834961 4.675491e-02
1164556494.835083 5.892640e-02
1164556494.835205 6.589176e-02
1164556494.835327 3.842365e-02
1164556494.835449 7.025160e-04
1164556494.835571 -3.307100e-02
1164556494.835693 -5.329777e-02
1164556494.835815 -3.518035e-02
1164556494.835938 3.650534e-03
1164556494.836060 3.266212e-02
1164556494.836182 4.938521e-02
1164556494.836304 5.938083e-03
1164556494.836426 -3.213890e-02
1164556494.836548 -5.805490e-02
1164556494.836670 -5.015202e-02
1164556494.836792 -1.120512e-02
1164556494.836914 1.728109e-02
1164556494.837036 4.512033e-02
1164556494.837158 2.679755e-02
1164556494.837280 1.156825e-02
1164556494.837402 2.721216e-02
1164556494.837524 2.469514e-02
1164556494.837646 1.748005e-02
1164556494.837769 -3.685806e-03
1164556494.837891 -9.098449e-03
1164556494.838013 -2.121718e-02
1164556494.838135 -3.683184e-02
1164556494.838257 -4.121006e-02
1164556494.838379 -3.498928e-02
1164556494.838501 -2.773054e-02
1164556494.838623 -1.024200e-02
1164556494.838745 1.567187e-02
1164556494.838867 5.598398e-02
1164556494.838989 5.531585e-02
1164556494.839111 3.347189e-02
1164556494.839233 2.978838e-02
1164556494.839355 1.167911e-02
1164556494.839478 -1.362246e-02
1164556494.839600 -2.799227e-02
1164556494.839722 -2.750805e-02
1164556494.839844 -2.991275e-02
1164556494.839966 -4.479867e-02
1164556494.840088 -1.800889e-02
1164556494.840210 -8.443110e-03
1164556494.840332 1.675211e-02
1164556494.840454 3.606178e-02
1164556494.840576 3.316350e-02
1164556494.840698 1.733516e-02
1164556494.840820 -1.282952e-02
1164556494.840942 -7.551694e-03
1164556494.841064 -2.561755e-03
1164556494.841187 4.560704e-03
1164556494.841309 9.965103e-03
1164556494.841431 1.142611e-02
1164556494.841553 8.207135e-03
1164556494.841675 -2.043366e-02
1164556494.841797 -2.326321e-02
1164556494.841919 -2.616206e-02
1164556494.842041 -2.182391e-03
1164556494.842163 9.795674e-03
1164556494.842285 2.328439e-02
1164556494.842407 2.053249e-02
1164556494.842529 1.124597e-02
1164556494.842651 -3.524758e-03
1164556494.842773 -2.815300e-02
1164556494.842896 -4.239767e-02
1164556494.843018 -4.614288e-02
1164556494.843140 -7.819027e-04
1164556494.843262 4.504884e-02
1164556494.843384 7.390505e-02
1164556494.843506 4.736732e-02
1164556494.843628 9.896582e-03
1164556494.843750 7.810211e-03
1164556494.843872 -1.822578e-02
1164556494.843994 -1.433312e-02
1164556494.844116 -3.112547e-02
1164556494.844238 -3.667860e-02
1164556494.844360 -6.985318e-02
1164556494.844482 -6.757591e-02
1164556494.844604 -2.047770e-02
1164556494.844727 2.031015e-02
1164556494.844849 7.009818e-02
1164556494.844971 8.304072e-02
1164556494.845093 8.793053e-02
1164556494.845215 6.073773e-02
1164556494.845337 1.355509e-02
1164556494.845459 -4.456602e-02
1164556494.845581 -8.606058e-02
1164556494.845703 -5.855405e-02
1164556494.845825 -2.008877e-02
1164556494.845947 6.316985e-03
1164556494.846069 -5.683833e-03
1164556494.846191 -2.512445e-02
1164556494.846313 -3.692857e-02
1164556494.846436 -2.158743e-02
1164556494.846558 1.971579e-02
1164556494.846680 5.803794e-02
1164556494.846802 6.390920e-02
1164556494.846924 5.532251e-02
1164556494.847046 3.746224e-02
1164556494.847168 2.046243e-02
1164556494.847290 -3.219502e-03
1164556494.847412 -5.604314e-02
1164556494.847534 -9.229301e-02
1164556494.847656 -6.476625e-02
1164556494.847778 2.292000e-03
1164556494.847900 3.800578e-02
1164556494.848022 2.657352e-02
1164556494.848145 2.873857e-03
1164556494.848267 -2.815057e-02
1164556494.848389 -2.599410e-02
1164556494.848511 -4.925386e-03
1164556494.848633 3.657753e-02
1164556494.848755 4.084230e-02
1164556494.848877 3.415147e-02
1164556494.848999 2.028282e-02
1164556494.849121 1.101120e-02
1164556494.849243 2.668256e-02
1164556494.849365 -6.240118e-03
1164556494.849487 -3.806462e-02
1164556494.849609 -5.445192e-02
1164556494.849731 -3.581100e-02
1164556494.849854 -9.177366e-03
1164556494.849976 -1.980260e-02
1164556494.850098 -9.663368e-03
1164556494.850220 -2.771751e-02
1164556494.850342 -3.717057e-03
1164556494.850464 3.542237e-02
1164556494.850586 7.059951e-02
1164556494.850708 7.624845e-02
1164556494.850830 4.231743e-02
1164556494.850952 -9.113700e-03
1164556494.851074 -4.391022e-02
1164556494.851196 -2.871133e-02
1164556494.851318 1.467250e-03
1164556494.851440 -1.478236e-02
1164556494.851562 -3.239404e-02
1164556494.851685 -2.021503e-02
1164556494.851807 -7.085769e-03
1164556494.851929 -1.107389e-02
1164556494.852051 -2.399354e-02
1164556494.852173 -1.703541e-02
1164556494.852295 -4.341017e-03
1164556494.852417 1.269465e-02
1164556494.852539 5.091252e-02
1164556494.852661 6.765586e-02
1164556494.852783 6.970909e-02
1164556494.852905 2.510361e-02
1164556494.853027 -7.865525e-03
1164556494.853149 -2.447532e-02
1164556494.853271 -2.180688e-02
1164556494.853394 -4.543779e-02
1164556494.853516 -7.354308e-02
1164556494.853638 -7.431942e-02
1164556494.853760 -3.257645e-02
1164556494.853882 9.612400e-03
1164556494.854004 3.768104e-02
1164556494.854126 6.013514e-02
1164556494.854248 5.091952e-02
1164556494.854370 3.127644e-02
1164556494.854492 1.861847e-02
1164556494.854614 8.976530e-03
1164556494.854736 4.177885e-03
1164556494.854858 -1.780214e-02
1164556494.854980 -1.404663e-02
1164556494.855103 -7.452520e-03
1164556494.855225 1.258152e-02
1164556494.855347 -9.287562e-03
1164556494.855469 -5.887844e-02
1164556494.855591 -7.828572e-02
1164556494.855713 -3.782871e-02
1164556494.855835 2.367375e-02
1164556494.855957 6.481742e-02
1164556494.856079 7.188546e-02
1164556494.856201 3.415188e-02
1164556494.856323 -1.611721e-02
1164556494.856445 -4.048730e-02
1164556494.856567 -3.713107e-02
1164556494.856689 5.689915e-03
1164556494.856812 3.912212e-02
1164556494.856934 8.147982e-02
1164556494.857056 5.273435e-02
1164556494.857178 -7.562797e-03
1164556494.857300 -5.621918e-02
1164556494.857422 -9.217495e-02
1164556494.857544 -9.328285e-02
1164556494.857666 -7.381749e-02
1164556494.857788 3.251048e-03
1164556494.857910 8.230349e-02
1164556494.858032 7.564698e-02
1164556494.858154 6.029442e-02
1164556494.858276 1.162843e-02
1164556494.858398 -1.124021e-02
1164556494.858521 -1.830505e-02
1164556494.858643 -4.985867e-03
1164556494.858765 3.266516e-02
1164556494.858887 3.786110e-02
1164556494.859009 3.725547e-02
1164556494.859131 -7.009026e-03
1164556494.859253 -8.148289e-02
1164556494.859375 -1.046874e-01
1164556494.859497 -9.573354e-02
1164556494.859619 -2.822122e-02
1164556494.859741 3.918240e-02
1164556494.859863 8.724535e-02
1164556494.859985 9.240597e-02
1164556494.860107 5.682800e-02
1164556494.860229 -3.002307e-03
1164556494.860352 -4.878200e-02
1164556494.860474 -4.980092e-02
1164556494.860596 1.298134e-02
1164556494.860718 4.303353e-02
1164556494.860840 4.405222e-02
1164556494.860962 4.712432e-02
1164556494.861084 -9.043540e-03
1164556494.861206 -8.192958e-02
1164556494.861328 -1.207942e-01
1164556494.861450 -7.151898e-02
1164556494.861572 -6.548989e-03
1164556494.861694 2.502031e-02
1164556494.861816 7.800899e-02
1164556494.861938 6.106462e-02
1164556494.862061 3.217712e-02
1164556494.862183 -7.342562e-03
1164556494.862305 2.317991e-03
1164556494.862427 4.160432e-03
1164556494.862549 1.375202e-02
1164556494.862671 3.174053e-02
1164556494.862793 1.812635e-02
1164556494.862915 -1.491012e-02
1164556494.863037 -3.339617e-02
1164556494.863159 -2.891411e-02
1164556494.863281 -7.340558e-02
1164556494.863403 -7.526921e-02
1164556494.863525 -2.631119e-02
1164556494.863647 5.698323e-02
1164556494.863770 5.971590e-02
1164556494.863892 -2.946724e-03
1164556494.864014 3.184412e-03
1164556494.864136 1.955114e-03
1164556494.864258 3.194214e-02
1164556494.864380 3.479326e-02
1164556494.864502 8.212288e-02
1164556494.864624 7.332562e-02
1164556494.864746 8.272401e-03
1164556494.864868 -5.025382e-02
1164556494.864990 -8.464138e-02
1164556494.865112 -9.315846e-02
1164556494.865234 -1.094117e-01
1164556494.865356 -7.518816e-02
1164556494.865479 -2.472212e-02
1164556494.865601 5.749097e-02
1164556494.865723 1.068944e-01
1164556494.865845 9.756705e-02
1164556494.865967 5.626316e-02
1164556494.866089 1.157554e-02
1164556494.866211 2.389178e-02
1164556494.866333 -6.597023e-04
1164556494.866455 -1.022750e-02
1164556494.866577 -3.469032e-02
1164556494.866699 -1.211780e-02
1164556494.866821 1.431049e-03
1164556494.866943 -9.902920e-03
1164556494.867065 -2.374704e-02
1164556494.867188 -6.449530e-02
1164556494.867310 -9.718217e-02
1164556494.867432 -1.134565e-01
1164556494.867554 -3.371623e-02
1164556494.867676 8.940193e-02
1164556494.867798 1.758745e-01
1164556494.867920 1.517864e-01
1164556494.868042 8.278515e-02
1164556494.868164 2.814075e-02
1164556494.868286 -6.097277e-02
1164556494.868408 -8.964371e-02
1164556494.868530 -1.038073e-01
1164556494.868652 -2.160905e-02
1164556494.868774 1.038897e-02
1164556494.868896 2.771574e-02
1164556494.869019 2.738509e-02
1164556494.869141 -3.817666e-02
1164556494.869263 -9.311089e-02
1164556494.869385 -1.247800e-01
1164556494.869507 -4.262051e-02
1164556494.869629 5.436758e-02
1164556494.869751 1.417444e-01
1164556494.869873 2.093300e-01
1164556494.869995 1.465394e-01
1164556494.870117 6.723142e-03
1164556494.870239 -1.050660e-01
1164556494.870361 -1.266879e-01
1164556494.870483 -1.195950e-01
1164556494.870605 -4.067198e-02
1164556494.870728 4.299461e-02
1164556494.870850 1.066922e-01
1164556494.870972 3.334656e-02
1164556494.871094 -4.991539e-02
1164556494.871216 -1.171162e-01
1164556494.871338 -1.385968e-01
1164556494.871460 -5.624037e-02
1164556494.871582 3.215154e-02
1164556494.871704 1.483907e-01
1164556494.871826 1.776205e-01
1164556494.871948 1.262780e-01
1164556494.872070 5.675352e-02
1164556494.872192 -3.020786e-02
1164556494.872314 -7.313151e-02
1164556494.872437 -1.093231e-01
1164556494.872559 -3.020930e-02
1164556494.872681 3.998366e-02
1164556494.872803 1.366316e-02
1164556494.872925 -8.330421e-02
1164556494.873047 -1.218105e-01
1164556494.873169 -1.497257e-01
1164556494.873291 -1.309095e-01
1164556494.873413 1.169526e-02
1164556494.873535 1.963366e-01
1164556494.873657 2.526179e-01
1164556494.873779 1.905793e-01
1164556494.873901 1.519685e-01
1164556494.874023 5.687897e-02
1164556494.874146 -1.018594e-01
1164556494.874268 -1.735683e-01
1164556494.874390 -1.570540e-01
1164556494.874512 -1.100849e-01
1164556494.874634 -7.887384e-02
1164556494.874756 1.860592e-03
1164556494.874878 3.612193e-03
1164556494.875000 -6.141421e-02
1164556494.875122 -6.283258e-02
1164556494.875244 5.300110e-02
1164556494.875366 1.195292e-01
1164556494.875488 1.687083e-01
1164556494.875610 1.824737e-01
1164556494.875732 1.059335e-01
1164556494.875854 -3.811996e-02
1164556494.875977 -1.128507e-01
1164556494.876099 -7.202841e-02
1164556494.876221 -4.400900e-02
1164556494.876343 -8.196840e-02
1164556494.876465 -7.931744e-02
1164556494.876587 -2.645282e-02
1164556494.876709 1.370665e-02
1164556494.876831 -2.278178e-02
1164556494.876953 -5.279948e-02
1164556494.877075 -3.287749e-02
1164556494.877197 2.090323e-02
1164556494.877319 8.078255e-02
1164556494.877441 1.430768e-01
1164556494.877563 1.413419e-01
1164556494.877686 7.473616e-02
1164556494.877808 -3.394888e-02
1164556494.877930 -5.276039e-02
1164556494.878052 -3.149065e-02
1164556494.878174 -2.847797e-02
1164556494.878296 -4.268572e-02
1164556494.878418 -7.169893e-02
1164556494.878540 -9.349904e-02
1164556494.878662 -3.136976e-02
1164556494.878784 3.117624e-02
1164556494.878906 1.660778e-02
1164556494.879028 -8.081549e-02
1164556494.879150 -9.037217e-02
1164556494.879272 1.448746e-02
1164556494.879395 1.016418e-01
1164556494.879517 1.557847e-01
1164556494.879639 1.821446e-01
1164556494.879761 1.236767e-01
1164556494.879883 3.151834e-02
1164556494.880005 -4.801308e-02
1164556494.880127 -2.160616e-02
1164556494.880249 -5.483140e-02
1164556494.880371 -1.439366e-01
1164556494.880493 -2.156378e-01
1164556494.880615 -1.617851e-01
1164556494.880737 -6.044525e-02
1164556494.880859 -1.370141e-03
1164556494.880981 1.819798e-02
1164556494.881104 1.682582e-02
1164556494.881226 4.859883e-02
1164556494.881348 1.478898e-01
1164556494.881470 2.702895e-01
1164556494.881592 2.754891e-01
1164556494.881714 1.646348e-01
1164556494.881836 3.366818e-02
1164556494.881958 -1.082280e-01
1164556494.882080 -1.793439e-01
1164556494.882202 -2.675593e-01
1164556494.882324 -2.200792e-01
1164556494.882446 -2.225941e-01
1164556494.882568 -1.595670e-01
1164556494.882690 -3.990575e-02
1164556494.882812 9.312408e-02
1164556494.882935 1.421942e-01
1164556494.883057 1.022716e-01
1164556494.883179 1.238219e-01
1164556494.883301 1.802134e-01
1164556494.883423 2.912250e-01
1164556494.883545 2.793145e-01
1164556494.883667 1.328626e-01
1164556494.883789 -5.695347e-02
1164556494.883911 -2.251546e-01
1164556494.884033 -2.849244e-01
1164556494.884155 -3.463671e-01
1164556494.884277 -2.330685e-01
1164556494.884399 -1.437132e-01
1164556494.884521 -2.794758e-02
1164556494.884644 -1.152155e-02
1164556494.884766 4.870773e-02
1164556494.884888 8.645348e-02
1164556494.885010 9.157770e-02
1164556494.885132 1.533729e-01
1164556494.885254 2.404641e-01
1164556494.885376 3.718362e-01
1164556494.885498 3.805519e-01
1164556494.885620 2.454319e-01
1164556494.885742 3.175534e-04
1164556494.885864 -2.482819e-01
1164556494.885986 -3.640977e-01
1164556494.886108 -4.238461e-01
1164556494.886230 -4.021232e-01
1164556494.886353 -3.976263e-01
1164556494.886475 -2.228725e-01
1164556494.886597 -2.038977e-01
1164556494.886719 -1.362998e-01
1164556494.886841 -6.284489e-02
1164556494.886963 2.708310e-01
1164556494.887085 6.297639e-01
1164556494.887207 9.027910e-01
1164556494.887329 1.150523e+00
1164556494.887451 1.237636e+00
1164556494.887573 9.468119e-01
1164556494.887695 1.703005e-01
1164556494.887817 -1.495449e+00
1164556494.887939 -2.611573e+00
1164556494.888062 -2.629512e+00
1164556494.888184 -1.986875e+00
1164556494.888306 -7.345455e-01
1164556494.888428 7.149570e-01
1164556494.888550 1.855795e+00
1164556494.888672 2.587619e+00
1164556494.888794 2.723068e+00
1164556494.888916 2.227588e+00
1164556494.889038 1.263413e+00
1164556494.889160 1.073085e-01
1164556494.889282 -1.187454e+00
1164556494.889404 -2.431811e+00
1164556494.889526 -3.028965e+00
1164556494.889648 -3.045965e+00
1164556494.889771 -2.309352e+00
1164556494.889893 -9.651908e-01
1164556494.890015 8.181963e-01
1164556494.890137 2.275758e+00
1164556494.890259 3.098300e+00
1164556494.890381 3.418775e+00
1164556494.890503 2.914395e+00
1164556494.890625 1.672939e+00
1164556494.890747 -1.312302e-01
1164556494.890869 -1.693549e+00
1164556494.890991 -2.901632e+00
1164556494.891113 -3.354405e+00
1164556494.891235 -3.051972e+00
1164556494.891357 -2.218194e+00
1164556494.891479 -8.913361e-01
1164556494.891602 5.814434e-01
1164556494.891724 2.123997e+00
1164556494.891846 3.135906e+00
1164556494.891968 3.692364e+00
1164556494.892090 3.192007e+00
1164556494.892212 1.701654e+00
1164556494.892334 -9.516871e-02
1164556494.892456 -1.785811e+00
1164556494.892578 -3.012051e+00
1164556494.892700 -3.864994e+00
1164556494.892822 -3.495553e+00
1164556494.892944 -2.284247e+00
1164556494.893066 -3.878852e-01
1164556494.893188 1.701644e+00
1164556494.893311 3.387321e+00
1164556494.893433 3.929689e+00
1164556494.893555 3.244620e+00
1164556494.893677 1.968216e+00
1164556494.893799 1.279836e-01
1164556494.893921 -1.617227e+00
1164556494.894043 -2.973911e+00
1164556494.894165 -3.488600e+00
1164556494.894287 -3.241102e+00
1164556494.894409 -1.893071e+00
1164556494.894531 2.775829e-01
1164556494.894653 2.060600e+00
1164556494.894775 3.093194e+00
1164556494.894897 3.107141e+00
1164556494.895020 2.635477e+00
1164556494.895142 1.181370e+00
1164556494.895264 -5.260319e-01
1164556494.895386 -2.129301e+00
1164556494.895508 -3.222542e+00
1164556494.895630 -3.380890e+00
1164556494.895752 -2.499592e+00
1164556494.895874 -3.958752e-01
1164556494.895996 1.717689e+00
1164556494.896118 3.193443e+00
1164556494.896240 3.430351e+00
1164556494.896362 2.808973e+00
1164556494.896484 1.453932e+00
1164556494.896606 -6.479457e-01
1164556494.896729 -2.627965e+00
1164556494.896851 -3.923614e+00
1164556494.896973 -3.616974e+00
1164556494.897095 -2.137776e+00
1164556494.897217 4.184413e-01
1164556494.897339 2.669270e+00
1164556494.897461 3.776003e+00
1164556494.897583 3.464475e+00
1164556494.897705 1.961162e+00
1164556494.897827 -1.180916e-01
1164556494.897949 -2.143590e+00
1164556494.898071 -3.156713e+00
1164556494.898193 -3.287711e+00
1164556494.898315 -2.224585e+00
1164556494.898438 -1.064659e-02
1164556494.898560 2.443493e+00
1164556494.898682 3.560212e+00
1164556494.898804 2.844975e+00
1164556494.898926 1.220373e+00
1164556494.899048 -9.380564e-01
1164556494.899170 -2.493709e+00
1164556494.899292 -3.166798e+00
1164556494.899414 -2.241054e+00
1164556494.899536 -5.646016e-01
1164556494.899658 1.498670e+00
1164556494.899780 2.973058e+00
1164556494.899902 3.104156e+00
1164556494.900024 1.954605e+00
1164556494.900146 -6.089986e-01
1164556494.900269 -3.016209e+00
1164556494.900391 -3.805842e+00
1164556494.900513 -2.099514e+00
1164556494.900635 7.133630e-01
1164556494.900757 2.667986e+00
1164556494.900879 3.276905e+00
1164556494.901001 1.718052e+00
1164556494.901123 -8.150757e-01
1164556494.901245 -2.932323e+00
1164556494.901367 -2.675334e+00
1164556494.901489 -7.879903e-01
1164556494.901611 1.764560e+00
1164556494.901733 3.144090e+00
1164556494.901855 1.858110e+00
1164556494.901978 -1.304583e+00
1164556494.902100 -3.019963e+00
1164556494.902222 -1.542723e+00
1164556494.902344 1.499986e+00
1164556494.902466 2.622613e+00
1164556494.902588 1.177722e-01
1164556494.902710 -2.614229e+00
1164556494.902832 -4.883347e-02
1164556494.902954 8.156613e-01
1164556494.903076 -2.213516e-01
1164556494.903198 1.972783e-01
1164556494.903320 1.550619e-01
1164556494.903442 5.655454e-01
1164556494.903564 -1.072527e+00
1164556494.903687 8.933217e-01
1164556494.903809 -1.668936e-01
1164556494.903931 -6.260607e-01
1164556494.904053 1.178006e+00
1164556494.904175 -5.879650e-01
1164556494.904297 4.715416e-01
1164556494.904419 -1.036529e+00
1164556494.904541 -3.821106e-02
1164556494.904663 4.017883e-02
1164556494.904785 -1.234108e-01
1164556494.904907 5.655225e-01
1164556494.905029 -7.946475e-01
1164556494.905151 8.768530e-01
1164556494.905273 3.523102e-02
1164556494.905396 1.466879e-01
1164556494.905518 2.591366e-01
1164556494.905640 -5.301190e-01
1164556494.905762 4.775073e-02
1164556494.905884 -3.120193e-01
1164556494.906006 4.251017e-02
1164556494.906128 7.117668e-01
1164556494.906250 -5.127030e-01
1164556494.906372 -4.976210e-02
1164556494.906494 -4.190809e-01
1164556494.906616 -2.011263e-01
1164556494.906738 6.944279e-01
1164556494.906860 -2.527579e-01
1164556494.906982 8.514356e-02
1164556494.907104 1.935458e-01
1164556494.907227 -1.172268e-01
1164556494.907349 5.383755e-01
1164556494.907471 -2.382817e-01
1164556494.907593 -6.798980e-02
1164556494.907715 -1.591070e-02
1164556494.907837 -6.429807e-01
1164556494.907959 3.533315e-01
1164556494.908081 1.258875e-01
1164556494.908203 1.016873e-02
1164556494.908325 2.068735e-01
1164556494.908447 -5.594640e-01
1164556494.908569 1.491641e-01
1164556494.908691 -3.594433e-02
1164556494.908813 1.269154e-01
1164556494.908936 2.944302e-01
1164556494.909058 -4.957238e-01
1164556494.909180 3.138962e-01
1164556494.909302 2.112663e-01
1164556494.909424 -5.603630e-02
1164556494.909546 1.620763e-01
1164556494.909668 -4.615764e-01
1164556494.909790 -9.800172e-03
1164556494.909912 -4.376784e-02
1164556494.910034 -4.022641e-02
1164556494.910156 5.453753e-01
1164556494.910278 -1.627239e-01
1164556494.910400 -1.748521e-01
1164556494.910522 -1.331617e-01
1164556494.910645 -3.323313e-01
1164556494.910767 4.264616e-01
1164556494.910889 -1.844543e-01
1164556494.911011 9.738538e-02
1164556494.911133 2.947701e-01
1164556494.911255 -1.006120e-01
1164556494.911377 3.389185e-01
1164556494.911499 -1.617654e-01
1164556494.911621 -1.635061e-01
1164556494.911743 -1.035276e-01
1164556494.911865 -3.447045e-01
1164556494.911987 3.177365e-01
1164556494.912109 1.921666e-01
1164556494.912231 -8.281048e-02
1164556494.912354 9.553511e-02
1164556494.912476 -4.023956e-01
1164556494.912598 -1.668221e-01
1164556494.912720 1.277259e-01
1164556494.912842 5.747628e-02
1164556494.912964 4.380988e-01
1164556494.913086 -9.313028e-02
1164556494.913208 2.292758e-01
1164556494.913330 8.997371e-02
1164556494.913452 -3.841627e-01
1164556494.913574 1.354431e-02
1164556494.913696 -2.779547e-01
1164556494.913818 -9.964360e-03
1164556494.913940 8.370800e-02
1164556494.914062 3.600933e-02
1164556494.914185 3.018892e-01
1164556494.914307 -1.784437e-01
1164556494.914429 -1.844729e-01
1164556494.914551 4.503678e-03
1164556494.914673 -1.367980e-01
1164556494.914795 2.762924e-01
1164556494.914917 1.919162e-01
1164556494.915039 -3.086181e-02
1164556494.915161 2.167846e-01
1164556494.915283 -2.646401e-01
1164556494.915405 -3.067404e-02
1164556494.915527 -1.861769e-01
1164556494.915649 -1.488335e-01
1164556494.915771 3.035126e-01
1164556494.915894 -1.835115e-01
1164556494.916016 2.231037e-01
1164556494.916138 7.454519e-02
1164556494.916260 -1.819937e-01
1164556494.916382 2.952986e-02
1164556494.916504 -2.401262e-01
1164556494.916626 9.486146e-02
1164556494.916748 6.504844e-02
1164556494.916870 6.447631e-02
1164556494.916992 2.577608e-01
1164556494.917114 -8.498567e-02
1164556494.917236 -1.518588e-02
1164556494.917358 -2.839928e-02
1164556494.917480 -2.542751e-01
1164556494.917603 8.111797e-02
1164556494.917725 8.761351e-03
1164556494.917847 1.377737e-01
1164556494.917969 2.536570e-02
1164556494.918091 -2.212086e-01
1164556494.918213 8.540446e-02
1164556494.918335 -1.995234e-01
1164556494.918457 9.256069e-03
1164556494.918579 1.507725e-01
1164556494.918701 3.635917e-02
1164556494.918823 2.530924e-01
1164556494.918945 -9.383108e-02
1164556494.919067 4.331963e-02
1164556494.919189 -1.836982e-02
1164556494.919312 -1.881481e-01
1164556494.919434 -2.563001e-02
1164556494.919556 -1.324374e-01
1164556494.919678 1.271328e-01
1164556494.919800 1.603214e-01
1164556494.919922 -3.961294e-02
1164556494.920044 3.582861e-02
1164556494.920166 -1.990223e-01
1164556494.920288 -5.963575e-02
1164556494.920410 2.540637e-02
1164556494.920532 -1.606930e-02
1164556494.920654 2.121541e-01
1164556494.920776 -4.049102e-02
1164556494.920898 9.062251e-02
1164556494.921021 6.229604e-02
1164556494.921143 -9.092922e-02
1164556494.921265 1.312890e-01
1164556494.921387 -2.088643e-01
1164556494.921509 -3.224460e-02
1164556494.921631 -7.457357e-02
1164556494.921753 -3.134992e-02
1164556494.921875 1.836741e-01
1164556494.921997 -1.357605e-01
1164556494.922119 3.565430e-02
1164556494.922241 -7.258739e-02
1164556494.922363 -7.486120e-03
1164556494.922485 1.805453e-01
1164556494.922607 -2.060755e-02
1164556494.922729 1.136835e-01
1164556494.922852 -6.973211e-02
1164556494.922974 -3.552960e-03
1164556494.923096 6.657309e-02
1164556494.923218 -9.450689e-02
1164556494.923340 3.681290e-02
1164556494.923462 -1.621707e-01
1164556494.923584 -8.139229e-02
1164556494.923706 8.062825e-02
1164556494.923828 3.340249e-02
1164556494.923950 1.758413e-01
1164556494.924072 -1.362342e-01
1164556494.924194 -4.586177e-02
1164556494.924316 -3.830264e-02
1164556494.924438 -5.779359e-02
1164556494.924561 2.267035e-01
1164556494.924683 -3.148808e-02
1164556494.924805 5.965208e-02
1164556494.924927 -2.813428e-02
1164556494.925049 -6.475148e-03
1164556494.925171 1.295700e-01
1164556494.925293 -1.756127e-01
1164556494.925415 -5.517561e-04
1164556494.925537 -1.339358e-01
1164556494.925659 -2.951113e-02
1164556494.925781 7.682023e-02
1164556494.925903 1.177170e-02
1164556494.926025 1.413850e-01
1164556494.926147 -1.427458e-01
1164556494.926270 -7.288640e-02
1164556494.926392 -1.338164e-02
1164556494.926514 7.843345e-02
1164556494.926636 2.101682e-01
1164556494.926758 1.241222e-02
1164556494.926880 1.020169e-01
1164556494.927002 -8.052286e-02
1164556494.927124 -1.011925e-01
1164556494.927246 -8.359409e-02
1164556494.927368 -1.833426e-01
1164556494.927490 1.101976e-02
1164556494.927612 -3.686732e-02
1164556494.927734 1.627724e-01
1164556494.927856 1.333427e-01
1164556494.927979 -3.648373e-02
1164556494.928101 3.620061e-02
1164556494.928223 -1.875177e-01
1164556494.928345 -1.388476e-02
1164556494.928467 3.612259e-02
1164556494.928589 1.677276e-01
1164556494.928711 2.134178e-01
1164556494.928833 -1.022192e-01
1164556494.928955 -4.027788e-02
1164556494.929077 -1.708386e-01
1164556494.929199 -1.117744e-01
1164556494.929321 -5.378911e-02
1164556494.929443 -4.552724e-02
1164556494.929565 1.881567e-01
1164556494.929688 5.342970e-02
1164556494.929810 9.911436e-02
1164556494.929932 -1.691756e-02
1164556494.930054 -1.096122e-01
1164556494.930176 -7.116966e-02
1164556494.930298 -1.189262e-01
1164556494.930420 1.384094e-01
1164556494.930542 1.460267e-01
1164556494.930664 1.506570e-01
1164556494.930786 6.724697e-02
1164556494.930908 -1.328021e-01
1164556494.931030 -1.374997e-01
1164556494.931152 -2.436830e-01
1164556494.931274 -2.242701e-02
1164556494.931396 4.843351e-02
1164556494.931519 7.431038e-02
1164556494.931641 1.759374e-01
1164556494.931763 6.282181e-02
1164556494.931885 3.131570e-02
1164556494.932007 -1.558854e-01
1164556494.932129 -8.905860e-02
1164556494.932251 -7.408898e-03
1164556494.932373 -3.007728e-02
1164556494.932495 1.581733e-01
1164556494.932617 1.145500e-01
1164556494.932739 1.119223e-01
1164556494.932861 -8.359722e-02
1164556494.932983 -1.411622e-01
1164556494.933105 -7.577796e-02
1164556494.933228 -1.485360e-01
1164556494.933350 3.813729e-03
1164556494.933472 3.576645e-02
1164556494.933594 9.246844e-02
1164556494.933716 7.795349e-02
1164556494.933838 5.053804e-03
1164556494.933960 5.673446e-02
1164556494.934082 -4.783115e-02
1164556494.934204 1.855240e-02
1164556494.934326 1.929172e-02
1164556494.934448 -8.146307e-03
1164556494.934570 1.902274e-02
1164556494.934692 -6.084006e-02
1164556494.934814 -2.182772e-03
1164556494.934937 -4.439029e-02
1164556494.935059 -5.457989e-02
1164556494.935181 -2.111482e-02
1164556494.935303 -3.026228e-02
1164556494.935425 9.860143e-02
1164556494.935547 2.195211e-02
1164556494.935669 5.849735e-02
1164556494.935791 2.448987e-02
1164556494.935913 -3.729905e-02
1164556494.936035 7.735514e-03
1164556494.936157 -4.208482e-02
1164556494.936279 4.606526e-02
1164556494.936401 -3.006413e-02
1164556494.936523 -2.477619e-02
1164556494.936646 1.073663e-02
1164556494.936768 -4.169756e-02
1164556494.936890 4.542527e-02
1164556494.937012 1.483661e-04
1164556494.937134 2.386969e-02
1164556494.937256 -5.657251e-02
1164556494.937378 -4.677799e-02
1164556494.937500 3.575869e-02
1164556494.937622 2.725299e-02
1164556494.937744 5.152033e-02
1164556494.937866 -1.803042e-02
1164556494.937988 -4.159578e-03
1164556494.938110 -2.707859e-02
1164556494.938232 -3.264206e-02
1164556494.938354 3.000646e-02
1164556494.938477 1.698987e-02
1164556494.938599 4.742280e-02
1164556494.938721 1.491073e-02
1164556494.938843 6.708673e-03
1164556494.938965 -1.130912e-02
1164556494.939087 -6.633871e-02
1164556494.939209 -6.426966e-02
1164556494.939331 -6.382985e-02
1164556494.939453 1.060595e-02
1164556494.939575 9.043397e-02
1164556494.939697 5.238623e-02
1164556494.939819 3.278821e-02
1164556494.939941 -4.897794e-02
1164556494.940063 -3.211004e-02
1164556494.940186 8.328440e-03
1164556494.940308 2.463580e-02
1164556494.940430 6.972552e-02
1164556494.940552 3.832166e-02
1164556494.940674 3.718341e-02
1164556494.940796 -5.453262e-02
1164556494.940918 -9.968110e-02
1164556494.941040 -9.122206e-02
1164556494.941162 -9.218050e-02
1164556494.941284 -1.862111e-02
1164556494.941406 1.350846e-02
1164556494.941528 1.440789e-01
1164556494.941650 1.504193e-01
1164556494.941772 6.433158e-02
1164556494.941895 -3.451548e-02
1164556494.942017 -7.375955e-02
1164556494.942139 -2.900578e-02
1164556494.942261 -3.486921e-02
1164556494.942383 2.682930e-02
1164556494.942505 1.964832e-02
1164556494.942627 -5.989795e-03
1164556494.942749 -4.935318e-02
1164556494.942871 -8.416972e-02
1164556494.942993 -3.753420e-02
1164556494.943115 -1.894348e-02
1164556494.943237 6.543486e-02
1164556494.943359 9.879782e-02
1164556494.943481 1.017507e-01
1164556494.943604 4.540281e-02
1164556494.943726 -3.067618e-02
1164556494.943848 -7.010780e-02
1164556494.943970 -1.091037e-01
1164556494.944092 -6.735500e-02
1164556494.944214 3.313995e-02
1164556494.944336 6.842321e-02
1164556494.944458 6.254983e-02
1164556494.944580 4.292974e-02
1164556494.944702 2.269192e-03
1164556494.944824 -4.329893e-02
1164556494.944946 -9.678814e-02
1164556494.945068 -4.656574e-02
1164556494.945190 -2.257392e-03
1164556494.945312 2.189598e-02
1164556494.945435 6.268050e-02
1164556494.945557 3.563910e-02
1164556494.945679 4.455096e-02
1164556494.945801 -1.953133e-02
1164556494.945923 -2.649188e-02
1164556494.946045 -1.184673e-02
1164556494.946167 1.240772e-03
1164556494.946289 3.186369e-02
1164556494.946411 1.419284e-02
1164556494.946533 -1.248478e-02
1164556494.946655 -3.850531e-02
1164556494.946777 -3.453588e-02
1164556494.946899 -4.324845e-02
1164556494.947021 -2.393276e-02
1164556494.947144 2.032768e-02
1164556494.947266 4.314071e-02
1164556494.947388 4.734552e-02
1164556494.947510 1.956479e-02
1164556494.947632 -3.819829e-03
1164556494.947754 -1.748527e-02
1164556494.947876 2.053090e-02
1164556494.947998 2.792269e-02
1164556494.948120 9.398375e-03
1164556494.948242 -1.009079e-02
1164556494.948364 -3.143769e-02
1164556494.948486 -4.758022e-02
1164556494.948608 -4.038848e-02
1164556494.948730 -8.941952e-03
1164556494.948853 1.548601e-02
1164556494.948975 9.857133e-03
1164556494.949097 5.637244e-03
1164556494.949219 5.638030e-03
1164556494.949341 1.615394e-02
1164556494.949463 3.266937e-02
1164556494.949585 2.691192e-02
1164556494.949707 -2.201660e-03
1164556494.949829 5.017350e-03
1164556494.949951 1.613013e-02
1164556494.950073 2.213679e-02
1164556494.950195 -2.298033e-02
1164556494.950317 -5.798630e-02
1164556494.950439 -4.841656e-02
1164556494.950562 -3.659667e-02
1164556494.950684 -8.957054e-03
1164556494.950806 1.283155e-02
1164556494.950928 1.262516e-02
1164556494.951050 2.521045e-02
1164556494.951172 2.069463e-02
1164556494.951294 5.084757e-02
1164556494.951416 5.345900e-02
1164556494.951538 3.223445e-02
1164556494.951660 -7.260835e-03
1164556494.951782 -6.047953e-02
1164556494.951904 -4.998990e-02
1164556494.952026 -2.828670e-02
1164556494.952148 -3.594551e-02
1164556494.952271 -2.321680e-02
1164556494.952393 6.244472e-03
1164556494.952515 5.085582e-02
1164556494.952637 4.925926e-02
1164556494.952759 2.799916e-02
1164556494.952881 -1.392116e-03
1164556494.953003 -3.227292e-02
1164556494.953125 -4.425313e-02
1164556494.953247 -1.166316e-02
1164556494.953369 2.965936e-02
1164556494.953491 6.138136e-02
1164556494.953613 2.260034e-02
1164556494.953735 -3.299560e-02
1164556494.953857 -3.696888e-02
1164556494.953979 -2.417567e-02
1164556494.954102 -6.698550e-03
1164556494.954224 -1.428523e-02
1164556494.954346 -3.409714e-03
1164556494.954468 3.846719e-02
1164556494.954590 3.307894e-02
1164556494.954712 3.940668e-02
1164556494.954834 1.889289e-03
1164556494.954956 -3.476648e-02
1164556494.955078 -6.167577e-02
1164556494.955200 -4.860311e-02
1164556494.955322 4.303522e-03
1164556494.955444 3.396865e-02
1164556494.955566 4.228507e-02
1164556494.955688 2.016626e-02
1164556494.955811 -5.294301e-03
1164556494.955933 1.419018e-02
1164556494.956055 3.961399e-02
1164556494.956177 2.383800e-02
1164556494.956299 -1.928680e-02
1164556494.956421 -4.631155e-02
1164556494.956543 -5.280947e-02
1164556494.956665 -4.974836e-02
1164556494.956787 -3.034726e-02
1164556494.956909 3.635577e-04
1164556494.957031 1.372638e-02
1164556494.957153 3.684051e-02
1164556494.957275 5.596987e-02
1164556494.957397 7.657632e-02
1164556494.957520 4.822690e-02
1164556494.957642 -5.987812e-03
1164556494.957764 -6.812301e-02
1164556494.957886 -5.370142e-02
1164556494.958008 -7.064355e-03
1164556494.958130 1.438716e-02
1164556494.958252 9.698938e-03
1164556494.958374 -2.206972e-02
1164556494.958496 -3.293409e-02
1164556494.958618 -5.024823e-02
1164556494.958740 -1.643836e-02
1164556494.958862 2.141300e-02
1164556494.958984 3.551291e-02
1164556494.959106 5.781407e-02
1164556494.959229 4.363461e-02
1164556494.959351 3.860294e-02
1164556494.959473 3.652364e-03
1164556494.959595 -1.841322e-02
1164556494.959717 -2.900089e-02
1164556494.959839 -2.334821e-02
1164556494.959961 7.367038e-03
1164556494.960083 -4.517948e-03
1164556494.960205 -4.067866e-02
1164556494.960327 -6.135372e-02
1164556494.960449 -5.597120e-02
1164556494.960571 -1.334865e-02
1164556494.960693 3.106486e-02
1164556494.960815 5.995059e-02
1164556494.960938 7.522569e-02
1164556494.961060 6.337129e-02
1164556494.961182 4.694947e-02
1164556494.961304 1.935742e-02
1164556494.961426 -2.184832e-02
1164556494.961548 -4.327945e-02
1164556494.961670 -8.001946e-02
1164556494.961792 -7.398949e-02
1164556494.961914 -3.652924e-02
1164556494.962036 -2.106566e-03
1164556494.962158 1.250775e-02
1164556494.962280 1.941015e-02
1164556494.962402 4.141453e-02
1164556494.962524 4.485882e-02
1164556494.962646 2.996054e-02
1164556494.962769 1.758212e-02
1164556494.962891 -1.383718e-03
1164556494.963013 -2.589025e-02
1164556494.963135 -1.282466e-02
1164556494.963257 -2.979653e-03
1164556494.963379 5.213270e-03
1164556494.963501 9.783526e-03
1164556494.963623 -7.608950e-03
1164556494.963745 -5.109928e-03
1164556494.963867 -4.639671e-02
1164556494.963989 -3.832246e-02
1164556494.964111 -2.571841e-02
1164556494.964233 1.309484e-02
1164556494.964355 4.749641e-02
1164556494.964478 3.547263e-02
1164556494.964600 4.021686e-02
1164556494.964722 7.578280e-03
1164556494.964844 -3.341027e-03
1164556494.964966 -1.264430e-02
1164556494.965088 -1.324385e-02
1164556494.965210 1.408972e-03
1164556494.965332 -7.053953e-03
1164556494.965454 1.877644e-03
1164556494.965576 -1.482183e-02
1164556494.965698 -3.177249e-02
1164556494.965820 -3.833022e-02
1164556494.965942 -1.536908e-02
1164556494.966064 8.063450e-03
1164556494.966187 4.398536e-02
1164556494.966309 6.378791e-02
1164556494.966431 6.955075e-02
1164556494.966553 1.518715e-02
1164556494.966675 -6.292685e-02
1164556494.966797 -7.508426e-02
1164556494.966919 -6.820611e-02
1164556494.967041 -2.020571e-02
1164556494.967163 3.371385e-02
1164556494.967285 7.553866e-02
1164556494.967407 6.683333e-02
1164556494.967529 1.054668e-02
1164556494.967651 -6.692161e-04
1164556494.967773 -2.460392e-02
1164556494.967896 -3.406102e-02
1164556494.968018 -4.594152e-02
1164556494.968140 -4.253988e-02
1164556494.968262 -1.326146e-02
1164556494.968384 8.529088e-03
1164556494.968506 2.496627e-02
1164556494.968628 3.034928e-02
1164556494.968750 2.662464e-02
1164556494.968872 2.144595e-02
1164556494.968994 2.035873e-02
1164556494.969116 2.887463e-02
1164556494.969238 1.235529e-02
1164556494.969360 -1.810190e-02
1164556494.969482 -4.454270e-02
1164556494.969604 -6.149122e-02
1164556494.969727 -5.082826e-02
1164556494.969849 -1.018143e-02
1164556494.969971 2.008003e-02
1164556494.970093 3.408352e-02
1164556494.970215 2.903902e-02
1164556494.970337 3.314578e-02
1164556494.970459 1.540126e-02
1164556494.970581 -1.145636e-02
1164556494.970703 -1.917878e-02
1164556494.970825 -1.129467e-02
1164556494.970947 1.922114e-02
1164556494.971069 2.492343e-02
1164556494.971191 1.876798e-02
1164556494.971313 7.104696e-03
1164556494.971436 -3.400812e-02
1164556494.971558 -5.989050e-02
1164556494.971680 -5.515919e-02
1164556494.971802 -5.163113e-03
1164556494.971924 1.297663e-02
1164556494.972046 1.960654e-02
1164556494.972168 3.356260e-02
1164556494.972290 4.203955e-02
1164556494.972412 3.881230e-02
1164556494.972534 1.494282e-02
1164556494.972656 -1.592085e-04
1164556494.972778 -2.089701e-02
1164556494.972900 -3.369428e-02
1164556494.973022 -2.412684e-02
1164556494.973145 -1.840717e-02
1164556494.973267 -1.893902e-02
1164556494.973389 -1.675294e-02
1164556494.973511 -1.230026e-03
1164556494.973633 2.381792e-02
1164556494.973755 4.133529e-02
1164556494.973877 3.141711e-02
1164556494.973999 1.373614e-02
1164556494.974121 -1.586327e-02
1164556494.974243 -2.197249e-02
1164556494.974365 -1.857781e-02
1164556494.974487 -7.602577e-03
1164556494.974609 1.510532e-03
1164556494.974731 -5.843650e-03
1164556494.974854 1.059916e-02
1164556494.974976 1.535919e-02
1164556494.975098 2.988338e-03
1164556494.975220 -5.854993e-03
1164556494.975342 -4.274459e-03
1164556494.975464 4.420702e-03
1164556494.975586 2.815887e-04
1164556494.975708 7.924777e-03
1164556494.975830 5.082138e-03
1164556494.975952 -8.149389e-03
1164556494.976074 -2.625321e-02
1164556494.976196 -2.164176e-02
1164556494.976318 -5.474782e-03
1164556494.976440 8.891037e-03
1164556494.976562 1.986813e-02
1164556494.976685 1.864325e-02
1164556494.976807 1.926486e-02
1164556494.976929 1.685402e-02
1164556494.977051 4.944062e-03
1164556494.977173 5.327012e-03
1164556494.977295 -1.178823e-02
1164556494.977417 -1.887925e-02
1164556494.977539 -2.940578e-02
1164556494.977661 -2.622720e-02
1164556494.977783 -2.248997e-02
1164556494.977905 -2.123607e-02
1164556494.978027 1.245466e-02
1164556494.978149 2.769912e-02
1164556494.978271 4.128753e-02
1164556494.978394 4.091495e-02
1164556494.978516 2.019414e-02
1164556494.978638 6.899276e-03
1164556494.978760 -1.400224e-02
1164556494.978882 -4.239946e-03
1164556494.979004 -2.333003e-02
1164556494.979126 -3.826713e-02
1164556494.979248 -3.274893e-02
1164556494.979370 -3.041942e-02
1164556494.979492 -6.503703e-03
1164556494.979614 1.659753e-02
1164556494.979736 3.860769e-02
1164556494.979858 4.304287e-02
1164556494.979980 1.511694e-02
1164556494.980103 2.075971e-02
1164556494.980225 8.931013e-03
1164556494.980347 -7.192303e-03
1164556494.980469 -3.752817e-02
1164556494.980591 -5.819173e-02
1164556494.980713 -1.958123e-02
1164556494.980835 7.751256e-03
1164556494.980957 4.117241e-02
1164556494.981079 3.640820e-02
1164556494.981201 1.147269e-02
1164556494.981323 -1.211783e-03
