      0.000000 1.104854e-02
      2.000000 1.104854e-02
      4.000000 1.104854e-02
      6.000000 1.104854e-02
      8.000000 1.104854e-02
     10.000000 1.104854e-02
     12.000000 1.104854e-02
     14.000000 1.104854e-02
     16.000000 1.104854e-02
     18.000000 1.139920e-22
     20.000000 1.139920e-22
     22.000000 3.454680e-23
     24.000000 3.454680e-23
     26.000000 1.961596e-23
     28.000000 1.961596e-23
     30.000000 1.355571e-23
     32.000000 1.355571e-23
     34.000000 1.110453e-23
     36.000000 1.110453e-23
     38.000000 1.069268e-23
     40.000000 1.069268e-23
     42.000000 7.946206e-24
     44.000000 7.946206e-24
     46.000000 8.005788e-24
     48.000000 8.005788e-24
     50.000000 7.682241e-24
     52.000000 7.682241e-24
     54.000000 6.746442e-24
     56.000000 6.746442e-24
     58.000000 8.165811e-24
     60.000000 8.165811e-24
     62.000000 6.213660e-24
     64.000000 6.213660e-24
     66.000000 7.283065e-24
     68.000000 7.283065e-24
     70.000000 5.816039e-24
     72.000000 5.816039e-24
     74.000000 5.176028e-24
     76.000000 5.176028e-24
     78.000000 5.590056e-24
     80.000000 5.590056e-24
     82.000000 5.641506e-24
     84.000000 5.641506e-24
     86.000000 4.796812e-24
     88.000000 4.796812e-24
     90.000000 4.926401e-24
     92.000000 4.926401e-24
     94.000000 4.611705e-24
     96.000000 4.611705e-24
     98.000000 5.040728e-24
    100.000000 5.040728e-24
    102.000000 4.866706e-24
    104.000000 4.866706e-24
    106.000000 5.030997e-24
    108.000000 5.030997e-24
    110.000000 4.494986e-24
    112.000000 4.494986e-24
    114.000000 4.123154e-24
    116.000000 4.123154e-24
    118.000000 5.201031e-24
    120.000000 5.201031e-24
    122.000000 4.299046e-24
    124.000000 4.299046e-24
    126.000000 4.522611e-24
    128.000000 4.522611e-24
    130.000000 4.210250e-24
    132.000000 4.210250e-24
    134.000000 4.407483e-24
    136.000000 4.407483e-24
    138.000000 4.498292e-24
    140.000000 4.498292e-24
    142.000000 4.703505e-24
    144.000000 4.703505e-24
    146.000000 4.645191e-24
    148.000000 4.645191e-24
    150.000000 4.597187e-24
    152.000000 4.597187e-24
    154.000000 4.111204e-24
    156.000000 4.111204e-24
    158.000000 4.486981e-24
    160.000000 4.486981e-24
    162.000000 4.612184e-24
    164.000000 4.612184e-24
    166.000000 4.075426e-24
    168.000000 4.075426e-24
    170.000000 4.225072e-24
    172.000000 4.225072e-24
    174.000000 4.497052e-24
    176.000000 4.497052e-24
    178.000000 1.449994e-23
    180.000000 1.449994e-23
    182.000000 4.503074e-24
    184.000000 4.503074e-24
    186.000000 4.476750e-24
    188.000000 4.476750e-24
    190.000000 4.471039e-24
    192.000000 4.471039e-24
    194.000000 4.190265e-24
    196.000000 4.190265e-24
    198.000000 4.337596e-24
    200.000000 4.337596e-24
    202.000000 4.366484e-24
    204.000000 4.366484e-24
    206.000000 4.315982e-24
    208.000000 4.315982e-24
    210.000000 4.340099e-24
    212.000000 4.340099e-24
    214.000000 4.597476e-24
    216.000000 4.597476e-24
    218.000000 4.219962e-24
    220.000000 4.219962e-24
    222.000000 4.218606e-24
    224.000000 4.218606e-24
    226.000000 4.426061e-24
    228.000000 4.426061e-24
    230.000000 4.281968e-24
    232.000000 4.281968e-24
    234.000000 4.238012e-24
    236.000000 4.238012e-24
    238.000000 4.195336e-24
    240.000000 4.195336e-24
    242.000000 4.127389e-24
    244.000000 4.127389e-24
    246.000000 4.384209e-24
    248.000000 4.384209e-24
    250.000000 4.173255e-24
    252.000000 4.173255e-24
    254.000000 4.276247e-24
    256.000000 4.276247e-24
    258.000000 4.460893e-24
    260.000000 4.460893e-24
    262.000000 4.054254e-24
    264.000000 4.054254e-24
    266.000000 3.953544e-24
    268.000000 3.953544e-24
    270.000000 3.908534e-24
    272.000000 3.908534e-24
    274.000000 4.604971e-24
    276.000000 4.604971e-24
    278.000000 4.288722e-24
    280.000000 4.288722e-24
    282.000000 4.240061e-24
    284.000000 4.240061e-24
    286.000000 4.071837e-24
    288.000000 4.071837e-24
    290.000000 4.166855e-24
    292.000000 4.166855e-24
    294.000000 4.246172e-24
    296.000000 4.246172e-24
    298.000000 5.076757e-24
    300.000000 5.076757e-24
    302.000000 4.545898e-24
    304.000000 4.545898e-24
    306.000000 8.095793e-24
    308.000000 8.095793e-24
    310.000000 4.185471e-24
    312.000000 4.185471e-24
    314.000000 8.378237e-24
    316.000000 8.378237e-24
    318.000000 4.451665e-24
    320.000000 4.451665e-24
    322.000000 4.043503e-24
    324.000000 4.043503e-24
    326.000000 1.428129e-23
    328.000000 1.428129e-23
    330.000000 1.230039e-22
    332.000000 1.230039e-22
    334.000000 2.853470e-23
    336.000000 2.853470e-23
    338.000000 4.414092e-24
    340.000000 4.414092e-24
    342.000000 4.216716e-24
    344.000000 4.216716e-24
    346.000000 4.258230e-24
    348.000000 4.258230e-24
    350.000000 4.278204e-24
    352.000000 4.278204e-24
    354.000000 4.284671e-24
    356.000000 4.284671e-24
    358.000000 4.290108e-24
    360.000000 4.290108e-24
    362.000000 4.392172e-24
    364.000000 4.392172e-24
    366.000000 4.539066e-24
    368.000000 4.539066e-24
    370.000000 4.496687e-24
    372.000000 4.496687e-24
    374.000000 4.434456e-24
    376.000000 4.434456e-24
    378.000000 4.400319e-24
    380.000000 4.400319e-24
    382.000000 4.133156e-24
    384.000000 4.133156e-24
    386.000000 4.510276e-24
    388.000000 4.510276e-24
    390.000000 4.216993e-24
    392.000000 4.216993e-24
    394.000000 4.167151e-24
    396.000000 4.167151e-24
    398.000000 4.425408e-24
    400.000000 4.425408e-24
    402.000000 4.716281e-24
    404.000000 4.716281e-24
    406.000000 4.449671e-24
    408.000000 4.449671e-24
    410.000000 4.846345e-24
    412.000000 4.846345e-24
    414.000000 4.324132e-24
    416.000000 4.324132e-24
    418.000000 4.403424e-24
    420.000000 4.403424e-24
    422.000000 4.894860e-24
    424.000000 4.894860e-24
    426.000000 4.547306e-24
    428.000000 4.547306e-24
    430.000000 4.722913e-24
    432.000000 4.722913e-24
    434.000000 5.079620e-24
    436.000000 5.079620e-24
    438.000000 4.557065e-24
    440.000000 4.557065e-24
    442.000000 4.402236e-24
    444.000000 4.402236e-24
    446.000000 4.241029e-24
    448.000000 4.241029e-24
    450.000000 4.370271e-24
    452.000000 4.370271e-24
    454.000000 4.936819e-24
    456.000000 4.936819e-24
    458.000000 4.639235e-24
    460.000000 4.639235e-24
    462.000000 4.485030e-24
    464.000000 4.485030e-24
    466.000000 4.630324e-24
    468.000000 4.630324e-24
    470.000000 4.764303e-24
    472.000000 4.764303e-24
    474.000000 4.806511e-24
    476.000000 4.806511e-24
    478.000000 5.027723e-24
    480.000000 5.027723e-24
    482.000000 5.048138e-24
    484.000000 5.048138e-24
    486.000000 4.863111e-24
    488.000000 4.863111e-24
    490.000000 4.776551e-24
    492.000000 4.776551e-24
    494.000000 4.678659e-24
    496.000000 4.678659e-24
    498.000000 1.006792e-22
    500.000000 1.006792e-22
    502.000000 1.012026e-22
    504.000000 1.012026e-22
    506.000000 4.351660e-23
    508.000000 4.351660e-23
    510.000000 6.674637e-22
    512.000000 6.674637e-22
    514.000000 9.016502e-22
    516.000000 9.016502e-22
    518.000000 1.215357e-22
    520.000000 1.215357e-22
    522.000000 4.582498e-24
    524.000000 4.582498e-24
    526.000000 4.611659e-24
    528.000000 4.611659e-24
    530.000000 4.797985e-24
    532.000000 4.797985e-24
    534.000000 5.105329e-24
    536.000000 5.105329e-24
    538.000000 5.578756e-24
    540.000000 5.578756e-24
    542.000000 5.038295e-24
    544.000000 5.038295e-24
    546.000000 5.252107e-24
    548.000000 5.252107e-24
    550.000000 4.976017e-24
    552.000000 4.976017e-24
    554.000000 5.091030e-24
    556.000000 5.091030e-24
    558.000000 5.546213e-24
    560.000000 5.546213e-24
    562.000000 5.327275e-24
    564.000000 5.327275e-24
    566.000000 5.265481e-24
    568.000000 5.265481e-24
    570.000000 5.287380e-24
    572.000000 5.287380e-24
    574.000000 5.178240e-24
    576.000000 5.178240e-24
    578.000000 4.733798e-24
    580.000000 4.733798e-24
    582.000000 5.079527e-24
    584.000000 5.079527e-24
    586.000000 4.909035e-24
    588.000000 4.909035e-24
    590.000000 5.131694e-24
    592.000000 5.131694e-24
    594.000000 5.114317e-24
    596.000000 5.114317e-24
    598.000000 5.660605e-24
    600.000000 5.660605e-24
    602.000000 5.223993e-24
    604.000000 5.223993e-24
    606.000000 5.313378e-24
    608.000000 5.313378e-24
    610.000000 5.684370e-24
    612.000000 5.684370e-24
    614.000000 6.344506e-24
    616.000000 6.344506e-24
    618.000000 5.736207e-24
    620.000000 5.736207e-24
    622.000000 5.540525e-24
    624.000000 5.540525e-24
    626.000000 5.822211e-24
    628.000000 5.822211e-24
    630.000000 6.448105e-24
    632.000000 6.448105e-24
    634.000000 5.391243e-24
    636.000000 5.391243e-24
    638.000000 5.549053e-24
    640.000000 5.549053e-24
    642.000000 5.389007e-24
    644.000000 5.389007e-24
    646.000000 6.206064e-24
    648.000000 6.206064e-24
    650.000000 5.051665e-24
    652.000000 5.051665e-24
    654.000000 5.475115e-24
    656.000000 5.475115e-24
    658.000000 5.685928e-24
    660.000000 5.685928e-24
    662.000000 5.694796e-24
    664.000000 5.694796e-24
    666.000000 5.359193e-24
    668.000000 5.359193e-24
    670.000000 5.749682e-24
    672.000000 5.749682e-24
    674.000000 5.668222e-24
    676.000000 5.668222e-24
    678.000000 5.273428e-24
    680.000000 5.273428e-24
    682.000000 5.866158e-24
    684.000000 5.866158e-24
    686.000000 5.550923e-24
    688.000000 5.550923e-24
    690.000000 6.021756e-24
    692.000000 6.021756e-24
    694.000000 5.721550e-24
    696.000000 5.721550e-24
    698.000000 6.034469e-24
    700.000000 6.034469e-24
    702.000000 6.133708e-24
    704.000000 6.133708e-24
    706.000000 5.367225e-24
    708.000000 5.367225e-24
    710.000000 5.536131e-24
    712.000000 5.536131e-24
    714.000000 5.837218e-24
    716.000000 5.837218e-24
    718.000000 5.247282e-24
    720.000000 5.247282e-24
    722.000000 5.196322e-24
    724.000000 5.196322e-24
    726.000000 6.084974e-24
    728.000000 6.084974e-24
    730.000000 6.164218e-24
    732.000000 6.164218e-24
    734.000000 6.146611e-24
    736.000000 6.146611e-24
    738.000000 5.750164e-24
    740.000000 5.750164e-24
    742.000000 5.652332e-24
    744.000000 5.652332e-24
    746.000000 5.789956e-24
    748.000000 5.789956e-24
    750.000000 6.131047e-24
    752.000000 6.131047e-24
    754.000000 6.087401e-24
    756.000000 6.087401e-24
    758.000000 5.764251e-24
    760.000000 5.764251e-24
    762.000000 5.863802e-24
    764.000000 5.863802e-24
    766.000000 6.206387e-24
    768.000000 6.206387e-24
    770.000000 5.944290e-24
    772.000000 5.944290e-24
    774.000000 5.961868e-24
    776.000000 5.961868e-24
    778.000000 5.990047e-24
    780.000000 5.990047e-24
    782.000000 5.546287e-24
    784.000000 5.546287e-24
    786.000000 6.031917e-24
    788.000000 6.031917e-24
    790.000000 6.805907e-24
    792.000000 6.805907e-24
    794.000000 6.154446e-24
    796.000000 6.154446e-24
    798.000000 6.021839e-24
    800.000000 6.021839e-24
    802.000000 6.433448e-24
    804.000000 6.433448e-24
    806.000000 6.205180e-24
    808.000000 6.205180e-24
    810.000000 6.271742e-24
    812.000000 6.271742e-24
    814.000000 6.029634e-24
    816.000000 6.029634e-24
    818.000000 6.603628e-24
    820.000000 6.603628e-24
    822.000000 6.014398e-24
    824.000000 6.014398e-24
    826.000000 6.008021e-24
    828.000000 6.008021e-24
    830.000000 6.466969e-24
    832.000000 6.466969e-24
    834.000000 6.548292e-24
    836.000000 6.548292e-24
    838.000000 6.426031e-24
    840.000000 6.426031e-24
    842.000000 6.642296e-24
    844.000000 6.642296e-24
    846.000000 6.327317e-24
    848.000000 6.327317e-24
    850.000000 6.786215e-24
    852.000000 6.786215e-24
    854.000000 6.412785e-24
    856.000000 6.412785e-24
    858.000000 6.504637e-24
    860.000000 6.504637e-24
    862.000000 7.019849e-24
    864.000000 7.019849e-24
    866.000000 6.591541e-24
    868.000000 6.591541e-24
    870.000000 6.847859e-24
    872.000000 6.847859e-24
    874.000000 6.857106e-24
    876.000000 6.857106e-24
    878.000000 6.687332e-24
    880.000000 6.687332e-24
    882.000000 6.441016e-24
    884.000000 6.441016e-24
    886.000000 6.696720e-24
    888.000000 6.696720e-24
    890.000000 6.613083e-24
    892.000000 6.613083e-24
    894.000000 6.644159e-24
    896.000000 6.644159e-24
    898.000000 6.689421e-24
    900.000000 6.689421e-24
    902.000000 7.211316e-24
    904.000000 7.211316e-24
    906.000000 6.229194e-24
    908.000000 6.229194e-24
    910.000000 6.931837e-24
    912.000000 6.931837e-24
    914.000000 7.079924e-24
    916.000000 7.079924e-24
    918.000000 7.440241e-24
    920.000000 7.440241e-24
    922.000000 7.053498e-24
    924.000000 7.053498e-24
    926.000000 7.009492e-24
    928.000000 7.009492e-24
    930.000000 7.135523e-24
    932.000000 7.135523e-24
    934.000000 6.659789e-24
    936.000000 6.659789e-24
    938.000000 6.670114e-24
    940.000000 6.670114e-24
    942.000000 7.423531e-24
    944.000000 7.423531e-24
    946.000000 6.499455e-24
    948.000000 6.499455e-24
    950.000000 7.319682e-24
    952.000000 7.319682e-24
    954.000000 7.297203e-24
    956.000000 7.297203e-24
    958.000000 6.984457e-24
    960.000000 6.984457e-24
    962.000000 7.128087e-24
    964.000000 7.128087e-24
    966.000000 7.572584e-24
    968.000000 7.572584e-24
    970.000000 6.876985e-24
    972.000000 6.876985e-24
    974.000000 7.250569e-24
    976.000000 7.250569e-24
    978.000000 7.029762e-24
    980.000000 7.029762e-24
    982.000000 7.299522e-24
    984.000000 7.299522e-24
    986.000000 8.090946e-24
    988.000000 8.090946e-24
    990.000000 9.601644e-24
    992.000000 9.601644e-24
    994.000000 8.693113e-24
    996.000000 8.693113e-24
    998.000000 7.335174e-24
   1000.000000 7.335174e-24
   1002.000000 7.689211e-24
   1004.000000 7.689211e-24
   1006.000000 7.368023e-24
   1008.000000 7.368023e-24
   1010.000000 3.258031e-23
   1012.000000 3.258031e-23
   1014.000000 9.317494e-23
   1016.000000 9.317494e-23
   1018.000000 7.369292e-23
   1020.000000 7.369292e-23
   1022.000000 2.305280e-23
   1024.000000 2.305280e-23
   1026.000000 1.246572e-23
   1028.000000 1.246572e-23
   1030.000000 8.935401e-24
   1032.000000 8.935401e-24
   1034.000000 7.684491e-24
   1036.000000 7.684491e-24
   1038.000000 7.425696e-24
   1040.000000 7.425696e-24
   1042.000000 7.585198e-24
   1044.000000 7.585198e-24
   1046.000000 7.165498e-24
   1048.000000 7.165498e-24
   1050.000000 6.986534e-24
   1052.000000 6.986534e-24
   1054.000000 7.643741e-24
   1056.000000 7.643741e-24
   1058.000000 7.316339e-24
   1060.000000 7.316339e-24
   1062.000000 7.688443e-24
   1064.000000 7.688443e-24
   1066.000000 8.242057e-24
   1068.000000 8.242057e-24
   1070.000000 7.768739e-24
   1072.000000 7.768739e-24
   1074.000000 7.955439e-24
   1076.000000 7.955439e-24
   1078.000000 7.584658e-24
   1080.000000 7.584658e-24
   1082.000000 1.227706e-23
   1084.000000 1.227706e-23
   1086.000000 2.382325e-23
   1088.000000 2.382325e-23
   1090.000000 1.614075e-23
   1092.000000 1.614075e-23
   1094.000000 8.894108e-24
   1096.000000 8.894108e-24
   1098.000000 8.531814e-24
   1100.000000 8.531814e-24
   1102.000000 7.816099e-24
   1104.000000 7.816099e-24
   1106.000000 8.006681e-24
   1108.000000 8.006681e-24
   1110.000000 7.737397e-24
   1112.000000 7.737397e-24
   1114.000000 7.222753e-24
   1116.000000 7.222753e-24
   1118.000000 7.896308e-24
   1120.000000 7.896308e-24
   1122.000000 7.365903e-24
   1124.000000 7.365903e-24
   1126.000000 8.018779e-24
   1128.000000 8.018779e-24
   1130.000000 7.718932e-24
   1132.000000 7.718932e-24
   1134.000000 7.196407e-24
   1136.000000 7.196407e-24
   1138.000000 8.499430e-24
   1140.000000 8.499430e-24
   1142.000000 8.425891e-24
   1144.000000 8.425891e-24
   1146.000000 8.196939e-24
   1148.000000 8.196939e-24
   1150.000000 8.392121e-24
   1152.000000 8.392121e-24
   1154.000000 8.208929e-24
   1156.000000 8.208929e-24
   1158.000000 8.318338e-24
   1160.000000 8.318338e-24
   1162.000000 8.553829e-24
   1164.000000 8.553829e-24
   1166.000000 8.455839e-24
   1168.000000 8.455839e-24
   1170.000000 8.426754e-24
   1172.000000 8.426754e-24
   1174.000000 8.587351e-24
   1176.000000 8.587351e-24
   1178.000000 8.099964e-24
   1180.000000 8.099964e-24
   1182.000000 8.324137e-24
   1184.000000 8.324137e-24
   1186.000000 8.940619e-24
   1188.000000 8.940619e-24
   1190.000000 8.366883e-24
   1192.000000 8.366883e-24
   1194.000000 8.320675e-24
   1196.000000 8.320675e-24
   1198.000000 9.154002e-24
   1200.000000 9.154002e-24
   1202.000000 8.521894e-24
   1204.000000 8.521894e-24
   1206.000000 8.257878e-24
   1208.000000 8.257878e-24
   1210.000000 8.800211e-24
   1212.000000 8.800211e-24
   1214.000000 8.547014e-24
   1216.000000 8.547014e-24
   1218.000000 8.836582e-24
   1220.000000 8.836582e-24
   1222.000000 8.466651e-24
   1224.000000 8.466651e-24
   1226.000000 8.253293e-24
   1228.000000 8.253293e-24
   1230.000000 8.308278e-24
   1232.000000 8.308278e-24
   1234.000000 9.176305e-24
   1236.000000 9.176305e-24
   1238.000000 8.369150e-24
   1240.000000 8.369150e-24
   1242.000000 9.226008e-24
   1244.000000 9.226008e-24
   1246.000000 9.437297e-24
   1248.000000 9.437297e-24
   1250.000000 8.734883e-24
   1252.000000 8.734883e-24
   1254.000000 9.001935e-24
   1256.000000 9.001935e-24
   1258.000000 8.530685e-24
   1260.000000 8.530685e-24
   1262.000000 9.231705e-24
   1264.000000 9.231705e-24
   1266.000000 9.151465e-24
   1268.000000 9.151465e-24
   1270.000000 8.466923e-24
   1272.000000 8.466923e-24
   1274.000000 8.691688e-24
   1276.000000 8.691688e-24
   1278.000000 8.897646e-24
   1280.000000 8.897646e-24
   1282.000000 9.215898e-24
   1284.000000 9.215898e-24
   1286.000000 8.405131e-24
   1288.000000 8.405131e-24
   1290.000000 8.895223e-24
   1292.000000 8.895223e-24
   1294.000000 9.095035e-24
   1296.000000 9.095035e-24
   1298.000000 9.023732e-24
   1300.000000 9.023732e-24
   1302.000000 9.025838e-24
   1304.000000 9.025838e-24
   1306.000000 9.167955e-24
   1308.000000 9.167955e-24
   1310.000000 9.273039e-24
   1312.000000 9.273039e-24
   1314.000000 9.763721e-24
   1316.000000 9.763721e-24
   1318.000000 9.130914e-24
   1320.000000 9.130914e-24
   1322.000000 9.585551e-24
   1324.000000 9.585551e-24
   1326.000000 9.083914e-24
   1328.000000 9.083914e-24
   1330.000000 9.119886e-24
   1332.000000 9.119886e-24
   1334.000000 9.026316e-24
   1336.000000 9.026316e-24
   1338.000000 9.642963e-24
   1340.000000 9.642963e-24
   1342.000000 9.643779e-24
   1344.000000 9.643779e-24
   1346.000000 9.158777e-24
   1348.000000 9.158777e-24
   1350.000000 9.804768e-24
   1352.000000 9.804768e-24
   1354.000000 9.200432e-24
   1356.000000 9.200432e-24
   1358.000000 9.659748e-24
   1360.000000 9.659748e-24
   1362.000000 9.756411e-24
   1364.000000 9.756411e-24
   1366.000000 1.025611e-23
   1368.000000 1.025611e-23
   1370.000000 9.905380e-24
   1372.000000 9.905380e-24
   1374.000000 9.605813e-24
   1376.000000 9.605813e-24
   1378.000000 9.541335e-24
   1380.000000 9.541335e-24
   1382.000000 9.872670e-24
   1384.000000 9.872670e-24
   1386.000000 9.497089e-24
   1388.000000 9.497089e-24
   1390.000000 9.164397e-24
   1392.000000 9.164397e-24
   1394.000000 9.681270e-24
   1396.000000 9.681270e-24
   1398.000000 9.477993e-24
   1400.000000 9.477993e-24
   1402.000000 1.003139e-23
   1404.000000 1.003139e-23
   1406.000000 9.454719e-24
   1408.000000 9.454719e-24
   1410.000000 1.011419e-23
   1412.000000 1.011419e-23
   1414.000000 9.941468e-24
   1416.000000 9.941468e-24
   1418.000000 1.002750e-23
   1420.000000 1.002750e-23
   1422.000000 1.026674e-23
   1424.000000 1.026674e-23
   1426.000000 1.099226e-23
   1428.000000 1.099226e-23
   1430.000000 9.897227e-24
   1432.000000 9.897227e-24
   1434.000000 9.990834e-24
   1436.000000 9.990834e-24
   1438.000000 9.389607e-24
   1440.000000 9.389607e-24
   1442.000000 9.891895e-24
   1444.000000 9.891895e-24
   1446.000000 1.028048e-23
   1448.000000 1.028048e-23
   1450.000000 9.737755e-24
   1452.000000 9.737755e-24
   1454.000000 2.291602e-23
   1456.000000 2.291602e-23
   1458.000000 1.542171e-22
   1460.000000 1.542171e-22
   1462.000000 3.651454e-22
   1464.000000 3.651454e-22
   1466.000000 4.259729e-22
   1468.000000 4.259729e-22
   1470.000000 4.380911e-22
   1472.000000 4.380911e-22
   1474.000000 3.690015e-22
   1476.000000 3.690015e-22
   1478.000000 2.095335e-22
   1480.000000 2.095335e-22
   1482.000000 5.633806e-23
   1484.000000 5.633806e-23
   1486.000000 2.917968e-23
   1488.000000 2.917968e-23
   1490.000000 5.625794e-23
   1492.000000 5.625794e-23
   1494.000000 1.934910e-22
   1496.000000 1.934910e-22
   1498.000000 3.741673e-22
   1500.000000 3.741673e-22
   1502.000000 6.760462e-22
   1504.000000 6.760462e-22
   1506.000000 1.397043e-21
   1508.000000 1.397043e-21
   1510.000000 1.774605e-21
   1512.000000 1.774605e-21
   1514.000000 1.227736e-21
   1516.000000 1.227736e-21
   1518.000000 4.570072e-22
   1520.000000 4.570072e-22
   1522.000000 1.150104e-23
   1524.000000 1.150104e-23
   1526.000000 1.091584e-23
   1528.000000 1.091584e-23
   1530.000000 1.041282e-23
   1532.000000 1.041282e-23
   1534.000000 1.057529e-23
   1536.000000 1.057529e-23
   1538.000000 1.055820e-23
   1540.000000 1.055820e-23
   1542.000000 1.052137e-23
   1544.000000 1.052137e-23
   1546.000000 1.057495e-23
   1548.000000 1.057495e-23
   1550.000000 1.076514e-23
   1552.000000 1.076514e-23
   1554.000000 1.077254e-23
   1556.000000 1.077254e-23
   1558.000000 1.120655e-23
   1560.000000 1.120655e-23
   1562.000000 1.074731e-23
   1564.000000 1.074731e-23
   1566.000000 1.134652e-23
   1568.000000 1.134652e-23
   1570.000000 1.122334e-23
   1572.000000 1.122334e-23
   1574.000000 1.019479e-23
   1576.000000 1.019479e-23
   1578.000000 1.138409e-23
   1580.000000 1.138409e-23
   1582.000000 1.069220e-23
   1584.000000 1.069220e-23
   1586.000000 1.124497e-23
   1588.000000 1.124497e-23
   1590.000000 1.093130e-23
   1592.000000 1.093130e-23
   1594.000000 1.143226e-23
   1596.000000 1.143226e-23
   1598.000000 1.120870e-23
   1600.000000 1.120870e-23
   1602.000000 1.083770e-23
   1604.000000 1.083770e-23
   1606.000000 1.087580e-23
   1608.000000 1.087580e-23
   1610.000000 1.073525e-23
   1612.000000 1.073525e-23
   1614.000000 1.031879e-23
   1616.000000 1.031879e-23
   1618.000000 1.027790e-23
   1620.000000 1.027790e-23
   1622.000000 1.094127e-23
   1624.000000 1.094127e-23
   1626.000000 1.059585e-23
   1628.000000 1.059585e-23
   1630.000000 1.118235e-23
   1632.000000 1.118235e-23
   1634.000000 1.123053e-23
   1636.000000 1.123053e-23
   1638.000000 1.119225e-23
   1640.000000 1.119225e-23
   1642.000000 1.202880e-23
   1644.000000 1.202880e-23
   1646.000000 1.096263e-23
   1648.000000 1.096263e-23
   1650.000000 1.010998e-23
   1652.000000 1.010998e-23
   1654.000000 1.130092e-23
   1656.000000 1.130092e-23
   1658.000000 1.174023e-23
   1660.000000 1.174023e-23
   1662.000000 1.179669e-23
   1664.000000 1.179669e-23
   1666.000000 1.138224e-23
   1668.000000 1.138224e-23
   1670.000000 1.120479e-23
   1672.000000 1.120479e-23
   1674.000000 1.156998e-23
   1676.000000 1.156998e-23
   1678.000000 1.082115e-23
   1680.000000 1.082115e-23
   1682.000000 1.097814e-23
   1684.000000 1.097814e-23
   1686.000000 1.142170e-23
   1688.000000 1.142170e-23
   1690.000000 1.147523e-23
   1692.000000 1.147523e-23
   1694.000000 1.197859e-23
   1696.000000 1.197859e-23
   1698.000000 1.187775e-23
   1700.000000 1.187775e-23
   1702.000000 1.164264e-23
   1704.000000 1.164264e-23
   1706.000000 1.197016e-23
   1708.000000 1.197016e-23
   1710.000000 1.186902e-23
   1712.000000 1.186902e-23
   1714.000000 1.151214e-23
   1716.000000 1.151214e-23
   1718.000000 1.152858e-23
   1720.000000 1.152858e-23
   1722.000000 1.169503e-23
   1724.000000 1.169503e-23
   1726.000000 1.124587e-23
   1728.000000 1.124587e-23
   1730.000000 1.202605e-23
   1732.000000 1.202605e-23
   1734.000000 1.149992e-23
   1736.000000 1.149992e-23
   1738.000000 1.171739e-23
   1740.000000 1.171739e-23
   1742.000000 1.127414e-23
   1744.000000 1.127414e-23
   1746.000000 1.204574e-23
   1748.000000 1.204574e-23
   1750.000000 1.181243e-23
   1752.000000 1.181243e-23
   1754.000000 1.146736e-23
   1756.000000 1.146736e-23
   1758.000000 1.227378e-23
   1760.000000 1.227378e-23
   1762.000000 1.141757e-23
   1764.000000 1.141757e-23
   1766.000000 1.183880e-23
   1768.000000 1.183880e-23
   1770.000000 1.223701e-23
   1772.000000 1.223701e-23
   1774.000000 1.202392e-23
   1776.000000 1.202392e-23
   1778.000000 1.209126e-23
   1780.000000 1.209126e-23
   1782.000000 1.154513e-23
   1784.000000 1.154513e-23
   1786.000000 1.140684e-23
   1788.000000 1.140684e-23
   1790.000000 1.193452e-23
   1792.000000 1.193452e-23
   1794.000000 1.260035e-23
   1796.000000 1.260035e-23
   1798.000000 1.219524e-23
   1800.000000 1.219524e-23
   1802.000000 1.165724e-23
   1804.000000 1.165724e-23
   1806.000000 1.231998e-23
   1808.000000 1.231998e-23
   1810.000000 1.230329e-23
   1812.000000 1.230329e-23
   1814.000000 1.270142e-23
   1816.000000 1.270142e-23
   1818.000000 1.176815e-23
   1820.000000 1.176815e-23
   1822.000000 1.129790e-23
   1824.000000 1.129790e-23
   1826.000000 1.142694e-23
   1828.000000 1.142694e-23
   1830.000000 1.223446e-23
   1832.000000 1.223446e-23
   1834.000000 1.267678e-23
   1836.000000 1.267678e-23
   1838.000000 1.198914e-23
   1840.000000 1.198914e-23
   1842.000000 1.267027e-23
   1844.000000 1.267027e-23
   1846.000000 1.310587e-23
   1848.000000 1.310587e-23
   1850.000000 1.295410e-23
   1852.000000 1.295410e-23
   1854.000000 1.387802e-23
   1856.000000 1.387802e-23
   1858.000000 1.465970e-23
   1860.000000 1.465970e-23
   1862.000000 1.271665e-23
   1864.000000 1.271665e-23
   1866.000000 1.388662e-23
   1868.000000 1.388662e-23
   1870.000000 1.228116e-23
   1872.000000 1.228116e-23
   1874.000000 1.281333e-23
   1876.000000 1.281333e-23
   1878.000000 1.324507e-23
   1880.000000 1.324507e-23
   1882.000000 1.299589e-23
   1884.000000 1.299589e-23
   1886.000000 1.178836e-23
   1888.000000 1.178836e-23
   1890.000000 1.212219e-23
   1892.000000 1.212219e-23
   1894.000000 1.359902e-23
   1896.000000 1.359902e-23
   1898.000000 1.384476e-23
   1900.000000 1.384476e-23
   1902.000000 1.206883e-23
   1904.000000 1.206883e-23
   1906.000000 1.232848e-23
   1908.000000 1.232848e-23
   1910.000000 1.265177e-23
   1912.000000 1.265177e-23
   1914.000000 1.830208e-23
   1916.000000 1.830208e-23
   1918.000000 2.233511e-23
   1920.000000 2.233511e-23
   1922.000000 3.133574e-23
   1924.000000 3.133574e-23
   1926.000000 3.137109e-23
   1928.000000 3.137109e-23
   1930.000000 2.345029e-23
   1932.000000 2.345029e-23
   1934.000000 1.592523e-23
   1936.000000 1.592523e-23
   1938.000000 1.425158e-23
   1940.000000 1.425158e-23
   1942.000000 1.809268e-23
   1944.000000 1.809268e-23
   1946.000000 1.962430e-23
   1948.000000 1.962430e-23
   1950.000000 2.086301e-23
   1952.000000 2.086301e-23
   1954.000000 2.077574e-23
   1956.000000 2.077574e-23
   1958.000000 2.055058e-23
   1960.000000 2.055058e-23
   1962.000000 5.234408e-23
   1964.000000 5.234408e-23
   1966.000000 1.063363e-22
   1968.000000 1.063363e-22
   1970.000000 1.665202e-22
   1972.000000 1.665202e-22
   1974.000000 2.017563e-22
   1976.000000 2.017563e-22
   1978.000000 2.414134e-22
   1980.000000 2.414134e-22
   1982.000000 2.787977e-22
   1984.000000 2.787977e-22
   1986.000000 2.728959e-22
   1988.000000 2.728959e-22
   1990.000000 2.399651e-22
   1992.000000 2.399651e-22
   1994.000000 2.048468e-22
   1996.000000 2.048468e-22
   1998.000000 1.500258e-22
   2000.000000 1.500258e-22
   2002.000000 1.128574e-22
   2004.000000 1.128574e-22
   2006.000000 5.314782e-23
   2008.000000 5.314782e-23
   2010.000000 1.681003e-23
   2012.000000 1.681003e-23
   2014.000000 1.360359e-23
   2016.000000 1.360359e-23
   2018.000000 1.306929e-23
   2020.000000 1.306929e-23
   2022.000000 1.386989e-23
   2024.000000 1.386989e-23
   2026.000000 1.451122e-23
   2028.000000 1.451122e-23
   2030.000000 1.325576e-23
   2032.000000 1.325576e-23
   2034.000000 1.354733e-23
   2036.000000 1.354733e-23
   2038.000000 1.450620e-23
   2040.000000 1.450620e-23
   2042.000000 1.368103e-23
   2044.000000 1.368103e-23
   2046.000000 1.350512e-23
   2048.000000 1.350512e-23
   2050.000000 1.468958e-23
   2052.000000 1.468958e-23
   2054.000000 1.428557e-23
   2056.000000 1.428557e-23
   2058.000000 1.422633e-23
   2060.000000 1.422633e-23
   2062.000000 1.323411e-23
   2064.000000 1.323411e-23
   2066.000000 1.373329e-23
   2068.000000 1.373329e-23
   2070.000000 1.357419e-23
   2072.000000 1.357419e-23
   2074.000000 1.401051e-23
   2076.000000 1.401051e-23
   2078.000000 1.354212e-23
   2080.000000 1.354212e-23
   2082.000000 1.514709e-23
   2084.000000 1.514709e-23
   2086.000000 1.448192e-23
   2088.000000 1.448192e-23
   2090.000000 1.475167e-23
   2092.000000 1.475167e-23
   2094.000000 1.361724e-23
   2096.000000 1.361724e-23
   2098.000000 1.424315e-23
   2100.000000 1.424315e-23
   2102.000000 1.350479e-23
   2104.000000 1.350479e-23
   2106.000000 1.359220e-23
   2108.000000 1.359220e-23
   2110.000000 1.318253e-23
   2112.000000 1.318253e-23
   2114.000000 1.358878e-23
   2116.000000 1.358878e-23
   2118.000000 1.378883e-23
   2120.000000 1.378883e-23
   2122.000000 1.466393e-23
   2124.000000 1.466393e-23
   2126.000000 1.450897e-23
   2128.000000 1.450897e-23
   2130.000000 1.484834e-23
   2132.000000 1.484834e-23
   2134.000000 1.491012e-23
   2136.000000 1.491012e-23
   2138.000000 1.467708e-23
   2140.000000 1.467708e-23
   2142.000000 1.434547e-23
   2144.000000 1.434547e-23
   2146.000000 1.491915e-23
   2148.000000 1.491915e-23
   2150.000000 1.471053e-23
   2152.000000 1.471053e-23
   2154.000000 1.544363e-23
   2156.000000 1.544363e-23
   2158.000000 1.438845e-23
   2160.000000 1.438845e-23
   2162.000000 1.440151e-23
   2164.000000 1.440151e-23
   2166.000000 1.450981e-23
   2168.000000 1.450981e-23
   2170.000000 1.408622e-23
   2172.000000 1.408622e-23
   2174.000000 1.502725e-23
   2176.000000 1.502725e-23
   2178.000000 1.463988e-23
   2180.000000 1.463988e-23
   2182.000000 1.446768e-23
   2184.000000 1.446768e-23
   2186.000000 1.507340e-23
   2188.000000 1.507340e-23
   2190.000000 1.517627e-23
   2192.000000 1.517627e-23
   2194.000000 1.481604e-23
   2196.000000 1.481604e-23
   2198.000000 1.488562e-23
   2200.000000 1.488562e-23
   2202.000000 1.430209e-23
   2204.000000 1.430209e-23
   2206.000000 1.488561e-23
   2208.000000 1.488561e-23
   2210.000000 1.526569e-23
   2212.000000 1.526569e-23
   2214.000000 1.543384e-23
   2216.000000 1.543384e-23
   2218.000000 1.643591e-23
   2220.000000 1.643591e-23
   2222.000000 3.082340e-23
   2224.000000 3.082340e-23
   2226.000000 5.034870e-23
   2228.000000 5.034870e-23
   2230.000000 6.392990e-23
   2232.000000 6.392990e-23
   2234.000000 7.151649e-23
   2236.000000 7.151649e-23
   2238.000000 5.313176e-23
   2240.000000 5.313176e-23
   2242.000000 3.628989e-23
   2244.000000 3.628989e-23
   2246.000000 2.098750e-23
   2248.000000 2.098750e-23
   2250.000000 3.057829e-23
   2252.000000 3.057829e-23
   2254.000000 4.560694e-23
   2256.000000 4.560694e-23
   2258.000000 6.409980e-23
   2260.000000 6.409980e-23
   2262.000000 6.029852e-23
   2264.000000 6.029852e-23
   2266.000000 4.808542e-23
   2268.000000 4.808542e-23
   2270.000000 3.948941e-23
   2272.000000 3.948941e-23
   2274.000000 2.539275e-23
   2276.000000 2.539275e-23
   2278.000000 2.134710e-23
   2280.000000 2.134710e-23
   2282.000000 1.998636e-23
   2284.000000 1.998636e-23
   2286.000000 1.663941e-23
   2288.000000 1.663941e-23
   2290.000000 1.892070e-23
   2292.000000 1.892070e-23
   2294.000000 2.095471e-23
   2296.000000 2.095471e-23
   2298.000000 2.228628e-23
   2300.000000 2.228628e-23
   2302.000000 2.564764e-23
   2304.000000 2.564764e-23
   2306.000000 2.368490e-23
   2308.000000 2.368490e-23
   2310.000000 2.096719e-23
   2312.000000 2.096719e-23
   2314.000000 2.000308e-23
   2316.000000 2.000308e-23
   2318.000000 1.643304e-23
   2320.000000 1.643304e-23
   2322.000000 1.841476e-23
   2324.000000 1.841476e-23
   2326.000000 1.884307e-23
   2328.000000 1.884307e-23
   2330.000000 1.858139e-23
   2332.000000 1.858139e-23
   2334.000000 1.794716e-23
   2336.000000 1.794716e-23
   2338.000000 2.007010e-23
   2340.000000 2.007010e-23
   2342.000000 2.002025e-23
   2344.000000 2.002025e-23
   2346.000000 2.283299e-23
   2348.000000 2.283299e-23
   2350.000000 2.788533e-23
   2352.000000 2.788533e-23
   2354.000000 3.343374e-23
   2356.000000 3.343374e-23
   2358.000000 4.163547e-23
   2360.000000 4.163547e-23
   2362.000000 5.001677e-23
   2364.000000 5.001677e-23
   2366.000000 4.819105e-23
   2368.000000 4.819105e-23
   2370.000000 5.554695e-23
   2372.000000 5.554695e-23
   2374.000000 5.746119e-23
   2376.000000 5.746119e-23
   2378.000000 4.990902e-23
   2380.000000 4.990902e-23
   2382.000000 4.393752e-23
   2384.000000 4.393752e-23
   2386.000000 3.545597e-23
   2388.000000 3.545597e-23
   2390.000000 2.598677e-23
   2392.000000 2.598677e-23
   2394.000000 2.816990e-23
   2396.000000 2.816990e-23
   2398.000000 2.865009e-23
   2400.000000 2.865009e-23
   2402.000000 2.845521e-23
   2404.000000 2.845521e-23
   2406.000000 3.011082e-23
   2408.000000 3.011082e-23
   2410.000000 2.633139e-23
   2412.000000 2.633139e-23
   2414.000000 2.236328e-23
   2416.000000 2.236328e-23
   2418.000000 1.804129e-23
   2420.000000 1.804129e-23
   2422.000000 2.050566e-23
   2424.000000 2.050566e-23
   2426.000000 2.504430e-23
   2428.000000 2.504430e-23
   2430.000000 3.001217e-23
   2432.000000 3.001217e-23
   2434.000000 3.554488e-23
   2436.000000 3.554488e-23
   2438.000000 4.472934e-23
   2440.000000 4.472934e-23
   2442.000000 5.620069e-23
   2444.000000 5.620069e-23
   2446.000000 6.477281e-23
   2448.000000 6.477281e-23
   2450.000000 7.342558e-23
   2452.000000 7.342558e-23
   2454.000000 7.514675e-23
   2456.000000 7.514675e-23
   2458.000000 7.092907e-23
   2460.000000 7.092907e-23
   2462.000000 6.784258e-23
   2464.000000 6.784258e-23
   2466.000000 5.851356e-23
   2468.000000 5.851356e-23
   2470.000000 5.054515e-23
   2472.000000 5.054515e-23
   2474.000000 3.697329e-23
   2476.000000 3.697329e-23
   2478.000000 2.400997e-23
   2480.000000 2.400997e-23
   2482.000000 1.772749e-23
   2484.000000 1.772749e-23
   2486.000000 1.518649e-23
   2488.000000 1.518649e-23
   2490.000000 1.609670e-23
   2492.000000 1.609670e-23
   2494.000000 1.576062e-23
   2496.000000 1.576062e-23
   2498.000000 1.659026e-23
   2500.000000 1.659026e-23
   2502.000000 1.684504e-23
   2504.000000 1.684504e-23
   2506.000000 1.642719e-23
   2508.000000 1.642719e-23
   2510.000000 1.665586e-23
   2512.000000 1.665586e-23
   2514.000000 1.774222e-23
   2516.000000 1.774222e-23
   2518.000000 1.709426e-23
   2520.000000 1.709426e-23
   2522.000000 1.736926e-23
   2524.000000 1.736926e-23
   2526.000000 1.676023e-23
   2528.000000 1.676023e-23
   2530.000000 1.626059e-23
   2532.000000 1.626059e-23
   2534.000000 1.701059e-23
   2536.000000 1.701059e-23
   2538.000000 1.749905e-23
   2540.000000 1.749905e-23
   2542.000000 1.625760e-23
   2544.000000 1.625760e-23
   2546.000000 1.626138e-23
   2548.000000 1.626138e-23
   2550.000000 1.685653e-23
   2552.000000 1.685653e-23
   2554.000000 1.784727e-23
   2556.000000 1.784727e-23
   2558.000000 1.807858e-23
   2560.000000 1.807858e-23
   2562.000000 1.733758e-23
   2564.000000 1.733758e-23
   2566.000000 1.678063e-23
   2568.000000 1.678063e-23
   2570.000000 1.671141e-23
   2572.000000 1.671141e-23
   2574.000000 1.692264e-23
   2576.000000 1.692264e-23
   2578.000000 1.673261e-23
   2580.000000 1.673261e-23
   2582.000000 1.760379e-23
   2584.000000 1.760379e-23
   2586.000000 1.791620e-23
   2588.000000 1.791620e-23
   2590.000000 1.702025e-23
   2592.000000 1.702025e-23
   2594.000000 1.759251e-23
   2596.000000 1.759251e-23
   2598.000000 1.925874e-23
   2600.000000 1.925874e-23
   2602.000000 1.828834e-23
   2604.000000 1.828834e-23
   2606.000000 1.807814e-23
   2608.000000 1.807814e-23
   2610.000000 1.875800e-23
   2612.000000 1.875800e-23
   2614.000000 1.862806e-23
   2616.000000 1.862806e-23
   2618.000000 1.810165e-23
   2620.000000 1.810165e-23
   2622.000000 1.832542e-23
   2624.000000 1.832542e-23
   2626.000000 1.882456e-23
   2628.000000 1.882456e-23
   2630.000000 1.760348e-23
   2632.000000 1.760348e-23
   2634.000000 1.770977e-23
   2636.000000 1.770977e-23
   2638.000000 1.911993e-23
   2640.000000 1.911993e-23
   2642.000000 1.728215e-23
   2644.000000 1.728215e-23
   2646.000000 1.839072e-23
   2648.000000 1.839072e-23
   2650.000000 1.737164e-23
   2652.000000 1.737164e-23
   2654.000000 1.760491e-23
   2656.000000 1.760491e-23
   2658.000000 1.762565e-23
   2660.000000 1.762565e-23
   2662.000000 1.914563e-23
   2664.000000 1.914563e-23
   2666.000000 1.739084e-23
   2668.000000 1.739084e-23
   2670.000000 1.775885e-23
   2672.000000 1.775885e-23
   2674.000000 1.836348e-23
   2676.000000 1.836348e-23
   2678.000000 1.764260e-23
   2680.000000 1.764260e-23
   2682.000000 1.833302e-23
   2684.000000 1.833302e-23
   2686.000000 1.649063e-23
   2688.000000 1.649063e-23
   2690.000000 1.851681e-23
   2692.000000 1.851681e-23
   2694.000000 1.719161e-23
   2696.000000 1.719161e-23
   2698.000000 1.776742e-23
   2700.000000 1.776742e-23
   2702.000000 1.783980e-23
   2704.000000 1.783980e-23
   2706.000000 1.673634e-23
   2708.000000 1.673634e-23
   2710.000000 1.790485e-23
   2712.000000 1.790485e-23
   2714.000000 1.828383e-23
   2716.000000 1.828383e-23
   2718.000000 1.810438e-23
   2720.000000 1.810438e-23
   2722.000000 1.768459e-23
   2724.000000 1.768459e-23
   2726.000000 1.770882e-23
   2728.000000 1.770882e-23
   2730.000000 1.769202e-23
   2732.000000 1.769202e-23
   2734.000000 2.047527e-23
   2736.000000 2.047527e-23
   2738.000000 1.832746e-23
   2740.000000 1.832746e-23
   2742.000000 1.898270e-23
   2744.000000 1.898270e-23
   2746.000000 1.890332e-23
   2748.000000 1.890332e-23
   2750.000000 1.739721e-23
   2752.000000 1.739721e-23
   2754.000000 1.835075e-23
   2756.000000 1.835075e-23
   2758.000000 1.766996e-23
   2760.000000 1.766996e-23
   2762.000000 1.880671e-23
   2764.000000 1.880671e-23
   2766.000000 1.926825e-23
   2768.000000 1.926825e-23
   2770.000000 1.901673e-23
   2772.000000 1.901673e-23
   2774.000000 1.794004e-23
   2776.000000 1.794004e-23
   2778.000000 1.851950e-23
   2780.000000 1.851950e-23
   2782.000000 1.888809e-23
   2784.000000 1.888809e-23
   2786.000000 1.880150e-23
   2788.000000 1.880150e-23
   2790.000000 1.794715e-23
   2792.000000 1.794715e-23
   2794.000000 2.020831e-23
   2796.000000 2.020831e-23
   2798.000000 1.819018e-23
   2800.000000 1.819018e-23
   2802.000000 2.092112e-23
   2804.000000 2.092112e-23
   2806.000000 2.020119e-23
   2808.000000 2.020119e-23
   2810.000000 1.854507e-23
   2812.000000 1.854507e-23
   2814.000000 2.040526e-23
   2816.000000 2.040526e-23
   2818.000000 1.980388e-23
   2820.000000 1.980388e-23
   2822.000000 1.815041e-23
   2824.000000 1.815041e-23
   2826.000000 1.815480e-23
   2828.000000 1.815480e-23
   2830.000000 1.916770e-23
   2832.000000 1.916770e-23
   2834.000000 1.967394e-23
   2836.000000 1.967394e-23
   2838.000000 2.010172e-23
   2840.000000 2.010172e-23
   2842.000000 2.058842e-23
   2844.000000 2.058842e-23
   2846.000000 2.063934e-23
   2848.000000 2.063934e-23
   2850.000000 2.259304e-23
   2852.000000 2.259304e-23
   2854.000000 2.445263e-23
   2856.000000 2.445263e-23
   2858.000000 2.607202e-23
   2860.000000 2.607202e-23
   2862.000000 2.609495e-23
   2864.000000 2.609495e-23
   2866.000000 2.202960e-23
   2868.000000 2.202960e-23
   2870.000000 2.333541e-23
   2872.000000 2.333541e-23
   2874.000000 2.249573e-23
   2876.000000 2.249573e-23
   2878.000000 2.337956e-23
   2880.000000 2.337956e-23
   2882.000000 2.273577e-23
   2884.000000 2.273577e-23
   2886.000000 2.327374e-23
   2888.000000 2.327374e-23
   2890.000000 2.130868e-23
   2892.000000 2.130868e-23
   2894.000000 2.154854e-23
   2896.000000 2.154854e-23
   2898.000000 2.192970e-23
   2900.000000 2.192970e-23
   2902.000000 2.095348e-23
   2904.000000 2.095348e-23
   2906.000000 1.978762e-23
   2908.000000 1.978762e-23
   2910.000000 1.942354e-23
   2912.000000 1.942354e-23
   2914.000000 2.017822e-23
   2916.000000 2.017822e-23
   2918.000000 2.100149e-23
   2920.000000 2.100149e-23
   2922.000000 2.689995e-23
   2924.000000 2.689995e-23
   2926.000000 3.248992e-23
   2928.000000 3.248992e-23
   2930.000000 3.530696e-23
   2932.000000 3.530696e-23
   2934.000000 3.674539e-23
   2936.000000 3.674539e-23
   2938.000000 3.196490e-23
   2940.000000 3.196490e-23
   2942.000000 2.718279e-23
   2944.000000 2.718279e-23
   2946.000000 2.233249e-23
   2948.000000 2.233249e-23
   2950.000000 2.026968e-23
   2952.000000 2.026968e-23
   2954.000000 1.966465e-23
   2956.000000 1.966465e-23
   2958.000000 1.922421e-23
   2960.000000 1.922421e-23
   2962.000000 1.951268e-23
   2964.000000 1.951268e-23
   2966.000000 2.065277e-23
   2968.000000 2.065277e-23
   2970.000000 2.130670e-23
   2972.000000 2.130670e-23
   2974.000000 2.044785e-23
   2976.000000 2.044785e-23
   2978.000000 1.964009e-23
   2980.000000 1.964009e-23
   2982.000000 2.006742e-23
   2984.000000 2.006742e-23
   2986.000000 1.966706e-23
   2988.000000 1.966706e-23
   2990.000000 2.073336e-23
   2992.000000 2.073336e-23
   2994.000000 2.023547e-23
   2996.000000 2.023547e-23
   2998.000000 2.061820e-23
   3000.000000 2.061820e-23
   3002.000000 1.972397e-23
   3004.000000 1.972397e-23
   3006.000000 2.011105e-23
   3008.000000 2.011105e-23
   3010.000000 1.970632e-23
   3012.000000 1.970632e-23
   3014.000000 2.026456e-23
   3016.000000 2.026456e-23
   3018.000000 2.000585e-23
   3020.000000 2.000585e-23
   3022.000000 2.031487e-23
   3024.000000 2.031487e-23
   3026.000000 2.125079e-23
   3028.000000 2.125079e-23
   3030.000000 2.073151e-23
   3032.000000 2.073151e-23
   3034.000000 1.966926e-23
   3036.000000 1.966926e-23
   3038.000000 1.995323e-23
   3040.000000 1.995323e-23
   3042.000000 1.976546e-23
   3044.000000 1.976546e-23
   3046.000000 2.080057e-23
   3048.000000 2.080057e-23
   3050.000000 2.027642e-23
   3052.000000 2.027642e-23
   3054.000000 2.129510e-23
   3056.000000 2.129510e-23
   3058.000000 2.010241e-23
   3060.000000 2.010241e-23
   3062.000000 2.044147e-23
   3064.000000 2.044147e-23
   3066.000000 2.055740e-23
   3068.000000 2.055740e-23
   3070.000000 2.088388e-23
   3072.000000 2.088388e-23
   3074.000000 2.035470e-23
   3076.000000 2.035470e-23
   3078.000000 1.904225e-23
   3080.000000 1.904225e-23
   3082.000000 2.061946e-23
   3084.000000 2.061946e-23
   3086.000000 1.898037e-23
   3088.000000 1.898037e-23
   3090.000000 1.977510e-23
   3092.000000 1.977510e-23
   3094.000000 1.992909e-23
   3096.000000 1.992909e-23
   3098.000000 2.046996e-23
   3100.000000 2.046996e-23
   3102.000000 2.079459e-23
   3104.000000 2.079459e-23
   3106.000000 2.062928e-23
   3108.000000 2.062928e-23
   3110.000000 2.056346e-23
   3112.000000 2.056346e-23
   3114.000000 2.111226e-23
   3116.000000 2.111226e-23
   3118.000000 2.242094e-23
   3120.000000 2.242094e-23
   3122.000000 2.115247e-23
   3124.000000 2.115247e-23
   3126.000000 2.092099e-23
   3128.000000 2.092099e-23
   3130.000000 2.047637e-23
   3132.000000 2.047637e-23
   3134.000000 2.111080e-23
   3136.000000 2.111080e-23
   3138.000000 2.229748e-23
   3140.000000 2.229748e-23
   3142.000000 2.198722e-23
   3144.000000 2.198722e-23
   3146.000000 2.222403e-23
   3148.000000 2.222403e-23
   3150.000000 2.142331e-23
   3152.000000 2.142331e-23
   3154.000000 2.000111e-23
   3156.000000 2.000111e-23
   3158.000000 2.105454e-23
   3160.000000 2.105454e-23
   3162.000000 2.243280e-23
   3164.000000 2.243280e-23
   3166.000000 2.036109e-23
   3168.000000 2.036109e-23
   3170.000000 2.069022e-23
   3172.000000 2.069022e-23
   3174.000000 2.200724e-23
   3176.000000 2.200724e-23
   3178.000000 2.096100e-23
   3180.000000 2.096100e-23
   3182.000000 1.943340e-23
   3184.000000 1.943340e-23
   3186.000000 2.098950e-23
   3188.000000 2.098950e-23
   3190.000000 2.362521e-23
   3192.000000 2.362521e-23
   3194.000000 2.177388e-23
   3196.000000 2.177388e-23
   3198.000000 2.161451e-23
   3200.000000 2.161451e-23
   3202.000000 2.035660e-23
   3204.000000 2.035660e-23
   3206.000000 2.117069e-23
   3208.000000 2.117069e-23
   3210.000000 2.143663e-23
   3212.000000 2.143663e-23
   3214.000000 2.116781e-23
   3216.000000 2.116781e-23
   3218.000000 2.034025e-23
   3220.000000 2.034025e-23
   3222.000000 2.066319e-23
   3224.000000 2.066319e-23
   3226.000000 2.121384e-23
   3228.000000 2.121384e-23
   3230.000000 2.165145e-23
   3232.000000 2.165145e-23
   3234.000000 2.070432e-23
   3236.000000 2.070432e-23
   3238.000000 2.174151e-23
   3240.000000 2.174151e-23
   3242.000000 2.237210e-23
   3244.000000 2.237210e-23
   3246.000000 2.211671e-23
   3248.000000 2.211671e-23
   3250.000000 2.174722e-23
   3252.000000 2.174722e-23
   3254.000000 2.141870e-23
   3256.000000 2.141870e-23
   3258.000000 2.157745e-23
   3260.000000 2.157745e-23
   3262.000000 2.358019e-23
   3264.000000 2.358019e-23
   3266.000000 2.245259e-23
   3268.000000 2.245259e-23
   3270.000000 2.208669e-23
   3272.000000 2.208669e-23
   3274.000000 2.252650e-23
   3276.000000 2.252650e-23
   3278.000000 2.265087e-23
   3280.000000 2.265087e-23
   3282.000000 2.254210e-23
   3284.000000 2.254210e-23
   3286.000000 2.262075e-23
   3288.000000 2.262075e-23
   3290.000000 2.195255e-23
   3292.000000 2.195255e-23
   3294.000000 2.273428e-23
   3296.000000 2.273428e-23
   3298.000000 2.216655e-23
   3300.000000 2.216655e-23
   3302.000000 2.366188e-23
   3304.000000 2.366188e-23
   3306.000000 2.185298e-23
   3308.000000 2.185298e-23
   3310.000000 2.403751e-23
   3312.000000 2.403751e-23
   3314.000000 2.224278e-23
   3316.000000 2.224278e-23
   3318.000000 2.370238e-23
   3320.000000 2.370238e-23
   3322.000000 2.343692e-23
   3324.000000 2.343692e-23
   3326.000000 2.403517e-23
   3328.000000 2.403517e-23
   3330.000000 2.441561e-23
   3332.000000 2.441561e-23
   3334.000000 2.345198e-23
   3336.000000 2.345198e-23
   3338.000000 2.303602e-23
   3340.000000 2.303602e-23
   3342.000000 2.268497e-23
   3344.000000 2.268497e-23
   3346.000000 2.380294e-23
   3348.000000 2.380294e-23
   3350.000000 2.522340e-23
   3352.000000 2.522340e-23
   3354.000000 2.419584e-23
   3356.000000 2.419584e-23
   3358.000000 2.455165e-23
   3360.000000 2.455165e-23
   3362.000000 2.486134e-23
   3364.000000 2.486134e-23
   3366.000000 2.682511e-23
   3368.000000 2.682511e-23
   3370.000000 2.399232e-23
   3372.000000 2.399232e-23
   3374.000000 2.708674e-23
   3376.000000 2.708674e-23
   3378.000000 2.751450e-23
   3380.000000 2.751450e-23
   3382.000000 2.974946e-23
   3384.000000 2.974946e-23
   3386.000000 2.657380e-23
   3388.000000 2.657380e-23
   3390.000000 2.402476e-23
   3392.000000 2.402476e-23
   3394.000000 2.754688e-23
   3396.000000 2.754688e-23
   3398.000000 2.613326e-23
   3400.000000 2.613326e-23
   3402.000000 2.476608e-23
   3404.000000 2.476608e-23
   3406.000000 2.255546e-23
   3408.000000 2.255546e-23
   3410.000000 2.453833e-23
   3412.000000 2.453833e-23
   3414.000000 2.279208e-23
   3416.000000 2.279208e-23
   3418.000000 2.521552e-23
   3420.000000 2.521552e-23
   3422.000000 2.268940e-23
   3424.000000 2.268940e-23
   3426.000000 2.379529e-23
   3428.000000 2.379529e-23
   3430.000000 2.291716e-23
   3432.000000 2.291716e-23
   3434.000000 2.431887e-23
   3436.000000 2.431887e-23
   3438.000000 2.293902e-23
   3440.000000 2.293902e-23
   3442.000000 2.373861e-23
   3444.000000 2.373861e-23
   3446.000000 2.343613e-23
   3448.000000 2.343613e-23
   3450.000000 2.431593e-23
   3452.000000 2.431593e-23
   3454.000000 2.411398e-23
   3456.000000 2.411398e-23
   3458.000000 2.353126e-23
   3460.000000 2.353126e-23
   3462.000000 2.312821e-23
   3464.000000 2.312821e-23
   3466.000000 2.519661e-23
   3468.000000 2.519661e-23
   3470.000000 2.345375e-23
   3472.000000 2.345375e-23
   3474.000000 2.376939e-23
   3476.000000 2.376939e-23
   3478.000000 2.308599e-23
   3480.000000 2.308599e-23
   3482.000000 2.296146e-23
   3484.000000 2.296146e-23
   3486.000000 2.401647e-23
   3488.000000 2.401647e-23
   3490.000000 2.281278e-23
   3492.000000 2.281278e-23
   3494.000000 2.323557e-23
   3496.000000 2.323557e-23
   3498.000000 2.327108e-23
   3500.000000 2.327108e-23
   3502.000000 2.263036e-23
   3504.000000 2.263036e-23
   3506.000000 2.368577e-23
   3508.000000 2.368577e-23
   3510.000000 2.198213e-23
   3512.000000 2.198213e-23
   3514.000000 2.307271e-23
   3516.000000 2.307271e-23
   3518.000000 2.604145e-23
   3520.000000 2.604145e-23
   3522.000000 2.427387e-23
   3524.000000 2.427387e-23
   3526.000000 2.392697e-23
   3528.000000 2.392697e-23
   3530.000000 2.448308e-23
   3532.000000 2.448308e-23
   3534.000000 2.478691e-23
   3536.000000 2.478691e-23
   3538.000000 2.400390e-23
   3540.000000 2.400390e-23
   3542.000000 2.401723e-23
   3544.000000 2.401723e-23
   3546.000000 2.190969e-23
   3548.000000 2.190969e-23
   3550.000000 2.471217e-23
   3552.000000 2.471217e-23
   3554.000000 2.580323e-23
   3556.000000 2.580323e-23
   3558.000000 2.533626e-23
   3560.000000 2.533626e-23
   3562.000000 2.341443e-23
   3564.000000 2.341443e-23
   3566.000000 2.431688e-23
   3568.000000 2.431688e-23
   3570.000000 2.502142e-23
   3572.000000 2.502142e-23
   3574.000000 2.546724e-23
   3576.000000 2.546724e-23
   3578.000000 2.198379e-23
   3580.000000 2.198379e-23
   3582.000000 2.389016e-23
   3584.000000 2.389016e-23
   3586.000000 2.363372e-23
   3588.000000 2.363372e-23
   3590.000000 2.551254e-23
   3592.000000 2.551254e-23
   3594.000000 2.525324e-23
   3596.000000 2.525324e-23
   3598.000000 2.838321e-23
   3600.000000 2.838321e-23
   3602.000000 6.182460e-23
   3604.000000 6.182460e-23
   3606.000000 9.324041e-23
   3608.000000 9.324041e-23
   3610.000000 1.343728e-22
   3612.000000 1.343728e-22
   3614.000000 1.719432e-22
   3616.000000 1.719432e-22
   3618.000000 2.030061e-22
   3620.000000 2.030061e-22
   3622.000000 2.212873e-22
   3624.000000 2.212873e-22
   3626.000000 1.963766e-22
   3628.000000 1.963766e-22
   3630.000000 1.521030e-22
   3632.000000 1.521030e-22
   3634.000000 1.127143e-22
   3636.000000 1.127143e-22
   3638.000000 7.288646e-23
   3640.000000 7.288646e-23
   3642.000000 3.988913e-23
   3644.000000 3.988913e-23
   3646.000000 2.441627e-23
   3648.000000 2.441627e-23
   3650.000000 2.493268e-23
   3652.000000 2.493268e-23
   3654.000000 2.425919e-23
   3656.000000 2.425919e-23
   3658.000000 2.280956e-23
   3660.000000 2.280956e-23
   3662.000000 2.488772e-23
   3664.000000 2.488772e-23
   3666.000000 2.451826e-23
   3668.000000 2.451826e-23
   3670.000000 2.428409e-23
   3672.000000 2.428409e-23
   3674.000000 2.749145e-23
   3676.000000 2.749145e-23
   3678.000000 2.613149e-23
   3680.000000 2.613149e-23
   3682.000000 2.377111e-23
   3684.000000 2.377111e-23
   3686.000000 2.397745e-23
   3688.000000 2.397745e-23
   3690.000000 2.601058e-23
   3692.000000 2.601058e-23
   3694.000000 2.517771e-23
   3696.000000 2.517771e-23
   3698.000000 2.650160e-23
   3700.000000 2.650160e-23
   3702.000000 2.508627e-23
   3704.000000 2.508627e-23
   3706.000000 2.739866e-23
   3708.000000 2.739866e-23
   3710.000000 2.814438e-23
   3712.000000 2.814438e-23
   3714.000000 2.791136e-23
   3716.000000 2.791136e-23
   3718.000000 3.149403e-23
   3720.000000 3.149403e-23
   3722.000000 2.878515e-23
   3724.000000 2.878515e-23
   3726.000000 2.676778e-23
   3728.000000 2.676778e-23
   3730.000000 2.552308e-23
   3732.000000 2.552308e-23
   3734.000000 2.624498e-23
   3736.000000 2.624498e-23
   3738.000000 2.816089e-23
   3740.000000 2.816089e-23
   3742.000000 2.700615e-23
   3744.000000 2.700615e-23
   3746.000000 2.627012e-23
   3748.000000 2.627012e-23
   3750.000000 2.638237e-23
   3752.000000 2.638237e-23
   3754.000000 2.577623e-23
   3756.000000 2.577623e-23
   3758.000000 2.732804e-23
   3760.000000 2.732804e-23
   3762.000000 2.646320e-23
   3764.000000 2.646320e-23
   3766.000000 2.540316e-23
   3768.000000 2.540316e-23
   3770.000000 2.623595e-23
   3772.000000 2.623595e-23
   3774.000000 2.718148e-23
   3776.000000 2.718148e-23
   3778.000000 2.748379e-23
   3780.000000 2.748379e-23
   3782.000000 2.576073e-23
   3784.000000 2.576073e-23
   3786.000000 2.773311e-23
   3788.000000 2.773311e-23
   3790.000000 2.717805e-23
   3792.000000 2.717805e-23
   3794.000000 2.851615e-23
   3796.000000 2.851615e-23
   3798.000000 2.986670e-23
   3800.000000 2.986670e-23
   3802.000000 2.781216e-23
   3804.000000 2.781216e-23
   3806.000000 2.663176e-23
   3808.000000 2.663176e-23
   3810.000000 2.811023e-23
   3812.000000 2.811023e-23
   3814.000000 2.729880e-23
   3816.000000 2.729880e-23
   3818.000000 2.563517e-23
   3820.000000 2.563517e-23
   3822.000000 2.785765e-23
   3824.000000 2.785765e-23
   3826.000000 2.710922e-23
   3828.000000 2.710922e-23
   3830.000000 2.880580e-23
   3832.000000 2.880580e-23
   3834.000000 2.834522e-23
   3836.000000 2.834522e-23
   3838.000000 2.598474e-23
   3840.000000 2.598474e-23
   3842.000000 2.755952e-23
   3844.000000 2.755952e-23
   3846.000000 2.745854e-23
   3848.000000 2.745854e-23
   3850.000000 2.606945e-23
   3852.000000 2.606945e-23
   3854.000000 2.771905e-23
   3856.000000 2.771905e-23
   3858.000000 2.907179e-23
   3860.000000 2.907179e-23
   3862.000000 2.660660e-23
   3864.000000 2.660660e-23
   3866.000000 2.829589e-23
   3868.000000 2.829589e-23
   3870.000000 2.636634e-23
   3872.000000 2.636634e-23
   3874.000000 2.795543e-23
   3876.000000 2.795543e-23
   3878.000000 2.582331e-23
   3880.000000 2.582331e-23
   3882.000000 2.759805e-23
   3884.000000 2.759805e-23
   3886.000000 2.865690e-23
   3888.000000 2.865690e-23
   3890.000000 2.630052e-23
   3892.000000 2.630052e-23
   3894.000000 2.769667e-23
   3896.000000 2.769667e-23
   3898.000000 2.796864e-23
   3900.000000 2.796864e-23
   3902.000000 2.861056e-23
   3904.000000 2.861056e-23
   3906.000000 2.725970e-23
   3908.000000 2.725970e-23
   3910.000000 2.723286e-23
   3912.000000 2.723286e-23
   3914.000000 2.767778e-23
   3916.000000 2.767778e-23
   3918.000000 2.674821e-23
   3920.000000 2.674821e-23
   3922.000000 2.678913e-23
   3924.000000 2.678913e-23
   3926.000000 2.728075e-23
   3928.000000 2.728075e-23
   3930.000000 2.776559e-23
   3932.000000 2.776559e-23
   3934.000000 2.477365e-23
   3936.000000 2.477365e-23
   3938.000000 2.538268e-23
   3940.000000 2.538268e-23
   3942.000000 2.695859e-23
   3944.000000 2.695859e-23
   3946.000000 2.617615e-23
   3948.000000 2.617615e-23
   3950.000000 2.638515e-23
   3952.000000 2.638515e-23
   3954.000000 2.654457e-23
   3956.000000 2.654457e-23
   3958.000000 2.692258e-23
   3960.000000 2.692258e-23
   3962.000000 2.801531e-23
   3964.000000 2.801531e-23
   3966.000000 2.878575e-23
   3968.000000 2.878575e-23
   3970.000000 2.761077e-23
   3972.000000 2.761077e-23
   3974.000000 2.850459e-23
   3976.000000 2.850459e-23
   3978.000000 2.789379e-23
   3980.000000 2.789379e-23
   3982.000000 2.738182e-23
   3984.000000 2.738182e-23
   3986.000000 2.812936e-23
   3988.000000 2.812936e-23
   3990.000000 2.759644e-23
   3992.000000 2.759644e-23
   3994.000000 2.802659e-23
   3996.000000 2.802659e-23
   3998.000000 2.815920e-23
   4000.000000 2.815920e-23
   4002.000000 2.789369e-23
   4004.000000 2.789369e-23
   4006.000000 2.668919e-23
   4008.000000 2.668919e-23
   4010.000000 2.726829e-23
   4012.000000 2.726829e-23
   4014.000000 2.499470e-23
   4016.000000 2.499470e-23
   4018.000000 2.754949e-23
   4020.000000 2.754949e-23
   4022.000000 2.706520e-23
   4024.000000 2.706520e-23
   4026.000000 2.711930e-23
   4028.000000 2.711930e-23
   4030.000000 2.966220e-23
   4032.000000 2.966220e-23
   4034.000000 2.582843e-23
   4036.000000 2.582843e-23
   4038.000000 2.647294e-23
   4040.000000 2.647294e-23
   4042.000000 2.718893e-23
   4044.000000 2.718893e-23
   4046.000000 2.699723e-23
   4048.000000 2.699723e-23
   4050.000000 2.665200e-23
   4052.000000 2.665200e-23
   4054.000000 2.737081e-23
   4056.000000 2.737081e-23
   4058.000000 2.655938e-23
   4060.000000 2.655938e-23
   4062.000000 2.580996e-23
   4064.000000 2.580996e-23
   4066.000000 2.875181e-23
   4068.000000 2.875181e-23
   4070.000000 2.743663e-23
   4072.000000 2.743663e-23
   4074.000000 2.646924e-23
   4076.000000 2.646924e-23
   4078.000000 2.683981e-23
   4080.000000 2.683981e-23
   4082.000000 3.072492e-23
   4084.000000 3.072492e-23
   4086.000000 2.903759e-23
   4088.000000 2.903759e-23
   4090.000000 2.736665e-23
   4092.000000 2.736665e-23
   4094.000000 1.104854e-02
