1164556494.807983 -2.106039e-02
1164556494.808105 -1.975616e-02
1164556494.808228 -7.068058e-03
1164556494.808350 5.472854e-03
1164556494.808472 1.536769e-02
1164556494.808594 1.349519e-02
1164556494.808716 9.704416e-03
1164556494.808838 1.531487e-04
1164556494.808960 -7.802160e-03
1164556494.809082 -4.650849e-03
1164556494.809204 -2.193553e-03
1164556494.809326 -3.146960e-03
1164556494.809448 1.825074e-03
1164556494.809570 1.986559e-03
1164556494.809692 4.707235e-03
1164556494.809814 -1.125483e-02
1164556494.809937 -1.656786e-02
1164556494.810059 -1.060058e-02
1164556494.810181 4.901624e-03
1164556494.810303 2.886689e-02
1164556494.810425 2.619480e-02
1164556494.810547 1.574597e-02
1164556494.810669 -2.312223e-03
1164556494.810791 -2.361118e-02
1164556494.810913 -1.914346e-02
1164556494.811035 -2.406454e-02
1164556494.811157 -1.222402e-02
1164556494.811279 -3.796756e-03
1164556494.811401 8.332684e-03
1164556494.811523 2.133953e-02
1164556494.811646 2.164814e-02
1164556494.811768 1.966730e-02
1164556494.811890 3.439752e-03
1164556494.812012 -5.869119e-03
1164556494.812134 -3.886515e-03
1164556494.812256 -8.258791e-03
1164556494.812378 -8.578111e-03
1164556494.812500 -1.317753e-02
1164556494.812622 -1.727069e-02
1164556494.812744 -1.762783e-02
1164556494.812866 -6.475179e-03
1164556494.812988 7.033768e-03
1164556494.813110 2.916524e-02
1164556494.813232 3.217526e-02
1164556494.813354 2.568740e-02
1164556494.813477 6.223219e-03
1164556494.813599 -1.084012e-02
1164556494.813721 -2.018747e-02
1164556494.813843 -2.854193e-02
1164556494.813965 -1.881766e-02
1164556494.814087 -4.173384e-03
1164556494.814209 4.709262e-03
1164556494.814331 1.516773e-02
1164556494.814453 6.046349e-03
1164556494.814575 2.268782e-03
1164556494.814697 -4.984546e-03
1164556494.814819 4.657469e-04
1164556494.814941 7.518457e-03
1164556494.815063 6.537331e-03
1164556494.815186 1.055010e-02
1164556494.815308 5.745807e-03
1164556494.815430 -4.623275e-03
1164556494.815552 -1.159823e-02
1164556494.815674 -1.392211e-02
1164556494.815796 -6.244836e-03
1164556494.815918 -2.370720e-03
1164556494.816040 6.188311e-03
1164556494.816162 5.716500e-03
1164556494.816284 3.893012e-03
1164556494.816406 -2.860003e-04
1164556494.816528 4.792597e-04
1164556494.816650 -4.810247e-03
1164556494.816772 -4.557524e-03
1164556494.816895 -2.757110e-03
1164556494.817017 -1.327968e-03
1164556494.817139 3.574405e-03
1164556494.817261 1.381858e-02
1164556494.817383 1.793318e-02
1164556494.817505 1.425457e-02
1164556494.817627 1.379381e-03
1164556494.817749 -1.356016e-02
1164556494.817871 -2.737938e-02
1164556494.817993 -2.735761e-02
1164556494.818115 -1.337642e-02
1164556494.818237 4.515395e-03
1164556494.818359 1.332749e-02
1164556494.818481 1.544912e-02
1164556494.818604 1.114263e-02
1164556494.818726 1.472874e-02
1164556494.818848 4.356818e-03
1164556494.818970 -3.546315e-03
1164556494.819092 -4.128707e-03
1164556494.819214 -2.161125e-03
1164556494.819336 3.161722e-03
1164556494.819458 5.261316e-04
1164556494.819580 -1.684024e-03
1164556494.819702 -1.220005e-02
1164556494.819824 -1.995743e-02
1164556494.819946 -6.760226e-03
1164556494.820068 3.216308e-03
1164556494.820190 9.232796e-03
1164556494.820312 5.914934e-03
1164556494.820435 4.541112e-03
1164556494.820557 1.066731e-03
1164556494.820679 1.377182e-03
1164556494.820801 4.670066e-03
1164556494.820923 6.172919e-03
1164556494.821045 -9.454281e-04
1164556494.821167 2.878100e-03
1164556494.821289 6.833737e-03
1164556494.821411 1.114715e-02
1164556494.821533 6.975641e-03
1164556494.821655 -9.810839e-03
1164556494.821777 -2.649943e-02
1164556494.821899 -3.627374e-02
1164556494.822021 -2.925897e-02
1164556494.822144 -5.620109e-03
1164556494.822266 1.426212e-02
1164556494.822388 2.934938e-02
1164556494.822510 3.215149e-02
1164556494.822632 3.172416e-02
1164556494.822754 2.418382e-02
1164556494.822876 1.515607e-02
1164556494.822998 -3.041865e-03
1164556494.823120 -2.578157e-02
1164556494.823242 -4.217415e-02
1164556494.823364 -3.412492e-02
1164556494.823486 -2.415413e-02
1164556494.823608 -1.433617e-02
1164556494.823730 -1.395966e-03
1164556494.823853 1.170834e-02
1164556494.823975 2.661909e-02
1164556494.824097 3.270879e-02
1164556494.824219 3.638745e-02
1164556494.824341 2.908127e-02
1164556494.824463 5.909075e-03
1164556494.824585 -1.340503e-02
1164556494.824707 -3.344961e-02
1164556494.824829 -3.173950e-02
1164556494.824951 -2.845422e-02
1164556494.825073 -1.383076e-02
1164556494.825195 -4.567409e-03
1164556494.825317 7.980111e-03
1164556494.825439 2.369929e-02
1164556494.825562 3.158753e-02
1164556494.825684 1.665956e-02
1164556494.825806 -2.775704e-03
1164556494.825928 -8.741399e-03
1164556494.826050 -1.955512e-03
1164556494.826172 1.385241e-03
1164556494.826294 -6.029708e-03
1164556494.826416 -1.118485e-02
1164556494.826538 -1.603089e-02
1164556494.826660 -1.176698e-02
1164556494.826782 2.175280e-03
1164556494.826904 1.010646e-02
1164556494.827026 1.729912e-02
1164556494.827148 1.032671e-02
1164556494.827271 1.290124e-02
1164556494.827393 5.319473e-03
1164556494.827515 1.248521e-03
1164556494.827637 -5.356681e-03
1164556494.827759 -1.893632e-02
1164556494.827881 -2.493802e-02
1164556494.828003 -2.100683e-02
1164556494.828125 -1.905286e-03
1164556494.828247 8.780286e-03
1164556494.828369 9.999828e-03
1164556494.828491 1.241133e-02
1164556494.828613 1.147273e-02
1164556494.828735 2.212305e-02
1164556494.828857 1.835275e-02
1164556494.828979 1.545426e-02
1164556494.829102 -4.034208e-03
1164556494.829224 -1.732177e-02
1164556494.829346 -2.655550e-02
1164556494.829468 -3.100963e-02
1164556494.829590 -2.577588e-02
1164556494.829712 -1.652752e-02
1164556494.829834 3.202334e-04
1164556494.829956 1.797385e-02
1164556494.830078 2.899888e-02
1164556494.830200 3.227637e-02
1164556494.830322 1.932963e-02
1164556494.830444 1.229736e-02
1164556494.830566 2.874387e-03
1164556494.830688 -7.679867e-03
1164556494.830811 -1.220841e-02
1164556494.830933 -1.502429e-02
1164556494.831055 -2.252635e-02
1164556494.831177 -1.713743e-02
1164556494.831299 -5.259833e-03
1164556494.831421 5.631199e-03
1164556494.831543 5.659874e-04
1164556494.831665 9.359711e-04
1164556494.831787 -9.027505e-04
1164556494.831909 -3.599012e-03
1164556494.832031 7.312507e-03
1164556494.832153 2.244902e-02
1164556494.832275 2.543809e-02
1164556494.832397 2.195419e-02
1164556494.832520 1.001473e-02
1164556494.832642 -1.427479e-03
1164556494.832764 -2.072017e-02
1164556494.832886 -3.548035e-02
1164556494.833008 -3.475260e-02
1164556494.833130 -1.999665e-02
1164556494.833252 2.354445e-04
1164556494.833374 1.041084e-02
1164556494.833496 1.244832e-02
1164556494.833618 2.001874e-02
1164556494.833740 8.864198e-03
1164556494.833862 9.973857e-03
1164556494.833984 1.250787e-02
1164556494.834106 1.555841e-02
1164556494.834229 7.156768e-03
1164556494.834351 -7.228204e-03
1164556494.834473 -1.635422e-02
1164556494.834595 -2.360021e-02
1164556494.834717 -2.242969e-02
1164556494.834839 -1.094944e-02
1164556494.834961 2.106436e-03
1164556494.835083 1.789923e-02
1164556494.835205 2.061607e-02
1164556494.835327 1.299219e-02
1164556494.835449 -1.570998e-03
1164556494.835571 -1.533893e-02
1164556494.835693 -1.866333e-02
1164556494.835815 -2.858996e-03
1164556494.835938 1.034843e-02
1164556494.836060 1.440975e-02
1164556494.836182 1.286821e-02
1164556494.836304 5.941513e-03
1164556494.836426 -9.458656e-03
1164556494.836548 -9.463521e-03
1164556494.836670 -5.590380e-03
1164556494.836792 2.459916e-03
1164556494.836914 -8.985317e-04
1164556494.837036 1.002074e-02
1164556494.837158 1.250024e-02
1164556494.837280 -4.554021e-03
1164556494.837402 -2.035963e-02
1164556494.837524 -3.046006e-02
1164556494.837646 -2.318446e-02
1164556494.837769 -4.658245e-03
1164556494.837891 2.033579e-02
1164556494.838013 4.280030e-02
1164556494.838135 3.366803e-02
1164556494.838257 1.511862e-02
1164556494.838379 -2.617125e-03
1164556494.838501 -4.725542e-03
1164556494.838623 -3.841129e-03
1164556494.838745 -8.636538e-03
1164556494.838867 -1.866937e-02
1164556494.838989 -2.720088e-02
1164556494.839111 -3.166692e-02
1164556494.839233 -1.743480e-02
1164556494.839355 -5.851275e-03
1164556494.839478 1.118393e-02
1164556494.839600 2.268767e-02
1164556494.839722 3.230336e-02
1164556494.839844 3.529671e-02
1164556494.839966 2.566782e-02
1164556494.840088 1.649499e-02
1164556494.840210 -2.589842e-03
1164556494.840332 -2.573816e-02
1164556494.840454 -3.572357e-02
1164556494.840576 -3.172931e-02
1164556494.840698 -1.311061e-02
1164556494.840820 -4.359069e-03
1164556494.840942 4.426154e-03
1164556494.841064 8.208572e-03
1164556494.841187 1.338738e-02
1164556494.841309 4.910034e-03
1164556494.841431 -1.725505e-03
1164556494.841553 -3.439394e-03
1164556494.841675 3.516473e-03
1164556494.841797 8.926046e-03
1164556494.841919 1.609091e-02
1164556494.842041 2.315523e-02
1164556494.842163 1.429207e-02
1164556494.842285 -7.105351e-03
1164556494.842407 -1.503515e-02
1164556494.842529 -1.400949e-02
1164556494.842651 -1.263185e-02
1164556494.842773 -2.027543e-02
1164556494.842896 -1.996001e-02
1164556494.843018 -1.796227e-02
1164556494.843140 -1.052584e-02
1164556494.843262 4.457315e-03
1164556494.843384 2.431005e-02
1164556494.843506 2.828468e-02
1164556494.843628 3.032551e-02
1164556494.843750 3.078506e-02
1164556494.843872 2.125529e-02
1164556494.843994 -1.674715e-03
1164556494.844116 -1.840546e-02
1164556494.844238 -2.254835e-02
1164556494.844360 -2.406747e-02
1164556494.844482 -2.727773e-02
1164556494.844604 -2.709829e-02
1164556494.844727 -2.348936e-02
1164556494.844849 -9.887302e-03
1164556494.844971 1.399866e-02
1164556494.845093 3.763210e-02
1164556494.845215 4.288435e-02
1164556494.845337 3.429121e-02
1164556494.845459 7.981136e-03
1164556494.845581 -6.414843e-03
1164556494.845703 -1.441262e-02
1164556494.845825 -1.970001e-02
1164556494.845947 -2.005085e-02
1164556494.846069 -1.265950e-02
1164556494.846191 1.412300e-03
1164556494.846313 5.984695e-03
1164556494.846436 8.755838e-03
1164556494.846558 4.110629e-03
1164556494.846680 -7.744613e-03
1164556494.846802 -8.281348e-03
1164556494.846924 -4.333501e-03
1164556494.847046 4.490719e-03
1164556494.847168 -4.242941e-03
1164556494.847290 8.491744e-05
1164556494.847412 5.409875e-03
1164556494.847534 9.111781e-03
1164556494.847656 2.192349e-03
1164556494.847778 8.372445e-03
1164556494.847900 2.386386e-02
1164556494.848022 1.815783e-02
1164556494.848145 6.378999e-03
1164556494.848267 -1.053435e-02
1164556494.848389 -1.942297e-02
1164556494.848511 -4.462716e-02
1164556494.848633 -5.129356e-02
1164556494.848755 -2.963968e-02
1164556494.848877 8.493498e-03
1164556494.848999 5.226448e-02
1164556494.849121 5.054615e-02
1164556494.849243 3.899902e-02
1164556494.849365 -6.727212e-03
1164556494.849487 -1.440111e-02
1164556494.849609 -1.010468e-02
1164556494.849731 -2.941433e-03
1164556494.849854 8.921849e-03
1164556494.849976 -6.512323e-03
1164556494.850098 -7.707274e-03
1164556494.850220 -1.993974e-02
1164556494.850342 -1.369832e-02
1164556494.850464 -5.357611e-03
1164556494.850586 -6.547707e-03
1164556494.850708 3.609419e-03
1164556494.850830 8.673438e-03
1164556494.850952 2.568560e-02
1164556494.851074 2.256554e-02
1164556494.851196 -5.878075e-03
1164556494.851318 -3.747901e-02
1164556494.851440 -3.117335e-02
1164556494.851562 4.043390e-04
1164556494.851685 3.891610e-02
1164556494.851807 5.422640e-02
1164556494.851929 4.576429e-02
1164556494.852051 9.534220e-03
1164556494.852173 -3.215631e-02
1164556494.852295 -5.208356e-02
1164556494.852417 -5.620504e-02
1164556494.852539 -4.149213e-02
1164556494.852661 -2.503074e-02
1164556494.852783 4.937627e-03
1164556494.852905 3.697030e-02
1164556494.853027 4.892715e-02
1164556494.853149 4.385561e-02
1164556494.853271 1.410355e-02
1164556494.853394 4.367330e-03
1164556494.853516 2.451824e-03
1164556494.853638 1.254523e-02
1164556494.853760 7.093692e-03
1164556494.853882 -9.989220e-03
1164556494.854004 -3.345056e-02
1164556494.854126 -5.072324e-02
1164556494.854248 -4.360969e-02
1164556494.854370 -1.873744e-02
1164556494.854492 1.214141e-02
1164556494.854614 2.085398e-02
1164556494.854736 1.921198e-02
1164556494.854858 1.891611e-02
1164556494.854980 2.581051e-02
1164556494.855103 3.308684e-02
1164556494.855225 1.226959e-02
1164556494.855347 -3.814012e-03
1164556494.855469 -1.475438e-02
1164556494.855591 -8.356331e-03
1164556494.855713 -6.615234e-04
1164556494.855835 -8.456363e-04
1164556494.855957 -1.491814e-02
1164556494.856079 -2.992337e-02
1164556494.856201 -3.465658e-02
1164556494.856323 -1.252323e-02
1164556494.856445 5.051900e-03
1164556494.856567 1.625526e-02
1164556494.856689 1.486590e-02
1164556494.856812 8.857147e-03
1164556494.856934 2.627491e-02
1164556494.857056 3.677860e-02
1164556494.857178 2.481283e-02
1164556494.857300 -3.089051e-03
1164556494.857422 -2.007118e-02
1164556494.857544 -2.405329e-02
1164556494.857666 -2.793737e-02
1164556494.857788 -1.059287e-02
1164556494.857910 4.076794e-03
1164556494.858032 6.596306e-03
1164556494.858154 -6.731676e-03
1164556494.858276 -9.441551e-03
1164556494.858398 -1.101639e-02
1164556494.858521 -3.111798e-03
1164556494.858643 -4.134452e-03
1164556494.858765 6.228806e-04
1164556494.858887 2.314071e-02
1164556494.859009 4.746730e-02
1164556494.859131 3.936371e-02
1164556494.859253 4.802597e-03
1164556494.859375 -2.481400e-02
1164556494.859497 -3.119174e-02
1164556494.859619 -2.618163e-02
1164556494.859741 -7.442767e-03
1164556494.859863 1.152751e-02
1164556494.859985 1.288518e-02
1164556494.860107 2.491408e-03
1164556494.860229 -1.737428e-02
1164556494.860352 -3.851187e-02
1164556494.860474 -3.862840e-02
1164556494.860596 -1.133748e-02
1164556494.860718 3.231299e-02
1164556494.860840 5.102260e-02
1164556494.860962 6.159846e-02
1164556494.861084 5.075310e-02
1164556494.861206 1.604809e-02
1164556494.861328 -3.900616e-02
1164556494.861450 -5.507660e-02
1164556494.861572 -4.046077e-02
1164556494.861694 -1.453695e-02
1164556494.861816 7.144337e-03
1164556494.861938 1.293998e-02
1164556494.862061 5.525518e-03
1164556494.862183 -1.960153e-02
1164556494.862305 -3.001173e-02
1164556494.862427 -2.939170e-02
1164556494.862549 -4.484864e-03
1164556494.862671 4.010527e-02
1164556494.862793 6.993685e-02
1164556494.862915 7.864795e-02
1164556494.863037 3.946059e-02
1164556494.863159 -1.010172e-02
1164556494.863281 -6.363638e-02
1164556494.863403 -7.670863e-02
1164556494.863525 -5.843579e-02
1164556494.863647 -1.519497e-02
1164556494.863770 3.451253e-02
1164556494.863892 4.645488e-02
1164556494.864014 2.493444e-02
1164556494.864136 -7.360376e-03
1164556494.864258 -2.089610e-02
1164556494.864380 -3.488804e-02
1164556494.864502 -3.277389e-02
1164556494.864624 8.550437e-03
1164556494.864746 5.681405e-02
1164556494.864868 6.736580e-02
1164556494.864990 3.138502e-02
1164556494.865112 2.789144e-03
1164556494.865234 -3.263040e-02
1164556494.865356 -3.748324e-02
1164556494.865479 -2.512897e-02
1164556494.865601 -7.739970e-04
1164556494.865723 5.613316e-04
1164556494.865845 -1.178443e-02
1164556494.865967 -1.277239e-02
1164556494.866089 -3.011573e-02
1164556494.866211 -2.775290e-02
1164556494.866333 -3.554709e-03
1164556494.866455 2.834891e-02
1164556494.866577 4.303979e-02
1164556494.866699 5.030159e-02
1164556494.866821 6.694453e-02
1164556494.866943 3.691937e-02
1164556494.867065 -1.852799e-02
1164556494.867188 -6.080748e-02
1164556494.867310 -4.515340e-02
1164556494.867432 -3.108005e-02
1164556494.867554 -2.528057e-02
1164556494.867676 -1.430119e-02
1164556494.867798 -2.219762e-03
1164556494.867920 9.346415e-04
1164556494.868042 2.636685e-03
1164556494.868164 1.497767e-02
1164556494.868286 2.248425e-02
1164556494.868408 2.107712e-02
1164556494.868530 1.603822e-02
1164556494.868652 2.425619e-02
1164556494.868774 2.682772e-02
1164556494.868896 1.629952e-02
1164556494.869019 -1.644929e-03
1164556494.869141 -3.854028e-02
1164556494.869263 -4.544239e-02
1164556494.869385 -3.950817e-02
1164556494.869507 -5.482306e-03
1164556494.869629 -1.002833e-03
1164556494.869751 6.310528e-03
1164556494.869873 2.123254e-02
1164556494.869995 1.677643e-02
1164556494.870117 4.952159e-03
1164556494.870239 -2.059424e-02
1164556494.870361 -1.807906e-02
1164556494.870483 -1.209008e-02
1164556494.870605 5.624744e-03
1164556494.870728 3.653434e-02
1164556494.870850 6.418694e-02
1164556494.870972 7.043872e-02
1164556494.871094 2.354580e-02
1164556494.871216 -3.695798e-02
1164556494.871338 -7.513770e-02
1164556494.871460 -6.070603e-02
1164556494.871582 -5.894164e-02
1164556494.871704 -3.305739e-02
1164556494.871826 -4.833486e-03
1164556494.871948 2.920411e-02
1164556494.872070 3.034665e-02
1164556494.872192 1.311584e-02
1164556494.872314 2.355702e-02
1164556494.872437 1.526112e-02
1164556494.872559 3.305075e-02
1164556494.872681 5.846285e-02
1164556494.872803 7.651229e-02
1164556494.872925 3.875241e-02
1164556494.873047 -3.396964e-02
1164556494.873169 -8.470365e-02
1164556494.873291 -1.315639e-01
1164556494.873413 -1.135891e-01
1164556494.873535 -5.235875e-02
1164556494.873657 3.170739e-02
1164556494.873779 7.258256e-02
1164556494.873901 9.327009e-02
1164556494.874023 7.260458e-02
1164556494.874146 2.082317e-02
1164556494.874268 -2.771518e-02
1164556494.874390 -3.493005e-02
1164556494.874512 2.483318e-03
1164556494.874634 3.391563e-02
1164556494.874756 5.711951e-02
1164556494.874878 3.446527e-02
1164556494.875000 -1.734843e-02
1164556494.875122 -7.000855e-02
1164556494.875244 -1.023101e-01
1164556494.875366 -8.366648e-02
1164556494.875488 -4.572628e-02
1164556494.875610 1.391137e-02
1164556494.875732 5.122171e-02
1164556494.875854 8.824518e-02
1164556494.875977 6.965364e-02
1164556494.876099 1.671707e-02
1164556494.876221 -1.711397e-02
1164556494.876343 -3.262474e-03
1164556494.876465 1.961976e-02
1164556494.876587 1.919511e-02
1164556494.876709 3.587810e-02
1164556494.876831 1.839626e-02
1164556494.876953 -5.465807e-02
1164556494.877075 -9.358061e-02
1164556494.877197 -7.305558e-02
1164556494.877319 -4.947027e-02
1164556494.877441 -3.665614e-02
1164556494.877563 2.275866e-02
1164556494.877686 7.584592e-02
1164556494.877808 7.353608e-02
1164556494.877930 4.537622e-02
1164556494.878052 3.474840e-02
1164556494.878174 -7.353326e-03
1164556494.878296 -2.466758e-02
1164556494.878418 7.417165e-04
1164556494.878540 4.226249e-02
1164556494.878662 1.994669e-02
1164556494.878784 -2.740675e-02
1164556494.878906 -4.208472e-02
1164556494.879028 -7.929075e-02
1164556494.879150 -7.895688e-02
1164556494.879272 -2.230199e-02
1164556494.879395 4.109428e-02
1164556494.879517 4.606379e-02
1164556494.879639 9.826047e-03
1164556494.879761 2.989899e-02
1164556494.879883 3.697728e-02
1164556494.880005 1.575022e-02
1164556494.880127 -2.170830e-02
1164556494.880249 -1.193985e-02
1164556494.880371 2.504083e-02
1164556494.880493 4.948591e-02
1164556494.880615 4.343672e-02
1164556494.880737 9.153556e-03
1164556494.880859 -3.991004e-02
1164556494.880981 -8.658880e-02
1164556494.881104 -8.539393e-02
1164556494.881226 -3.281200e-02
1164556494.881348 4.803652e-03
1164556494.881470 2.353383e-03
1164556494.881592 -6.935818e-03
1164556494.881714 7.222624e-03
1164556494.881836 3.167085e-02
1164556494.881958 6.865185e-02
1164556494.882080 6.606602e-02
1164556494.882202 3.883677e-02
1164556494.882324 1.365522e-02
1164556494.882446 3.216034e-02
1164556494.882568 4.306398e-02
1164556494.882690 -1.113309e-02
1164556494.882812 -8.125076e-02
1164556494.882935 -1.070538e-01
1164556494.883057 -1.139966e-01
1164556494.883179 -7.996890e-02
1164556494.883301 -2.392298e-02
1164556494.883423 3.915373e-02
1164556494.883545 4.619924e-02
1164556494.883667 3.805302e-02
1164556494.883789 7.261034e-02
1164556494.883911 1.035034e-01
1164556494.884033 8.689434e-02
1164556494.884155 2.053760e-02
1164556494.884277 -1.599689e-02
1164556494.884399 -1.160347e-02
1164556494.884521 -3.794097e-03
1164556494.884644 6.313597e-03
1164556494.884766 -3.672906e-02
1164556494.884888 -1.059673e-01
1164556494.885010 -1.517108e-01
1164556494.885132 -1.183121e-01
1164556494.885254 -5.598496e-02
1164556494.885376 1.404599e-02
1164556494.885498 5.851093e-02
1164556494.885620 1.227388e-01
1164556494.885742 1.292953e-01
1164556494.885864 1.251312e-01
1164556494.885986 1.159098e-01
1164556494.886108 5.987736e-02
1164556494.886230 -9.945657e-03
1164556494.886353 -7.231781e-02
1164556494.886475 -4.640567e-02
1164556494.886597 -4.809609e-02
1164556494.886719 -7.573956e-02
1164556494.886841 -1.394085e-01
1164556494.886963 -1.952452e-01
1164556494.887085 -1.405677e-01
1164556494.887207 -5.887183e-02
1164556494.887329 8.343067e-02
1164556494.887451 1.490472e-01
1164556494.887573 2.203535e-01
1164556494.887695 2.112961e-01
1164556494.887817 1.280760e-01
1164556494.887939 4.595127e-02
1164556494.888062 -1.004178e-03
1164556494.888184 -2.413919e-02
1164556494.888306 -7.164361e-02
1164556494.888428 -6.733105e-02
1164556494.888550 -8.186741e-02
1164556494.888672 -1.132429e-01
1164556494.888794 -1.837559e-01
1164556494.888916 -2.212582e-01
1164556494.889038 -1.627809e-01
1164556494.889160 -4.797941e-02
1164556494.889282 1.198873e-01
1164556494.889404 1.899048e-01
1164556494.889526 2.507069e-01
1164556494.889648 2.242650e-01
1164556494.889771 2.147740e-01
1164556494.889893 1.394596e-01
1164556494.890015 8.043927e-02
1164556494.890137 6.787173e-02
1164556494.890259 3.737505e-02
1164556494.890381 -5.086783e-02
1164556494.890503 -2.518810e-01
1164556494.890625 -4.123054e-01
1164556494.890747 -5.560064e-01
1164556494.890869 -6.598636e-01
1164556494.890991 -5.891795e-01
1164556494.891113 -3.150719e-01
1164556494.891235 3.977480e-01
1164556494.891357 1.239350e+00
1164556494.891479 1.448504e+00
1164556494.891602 1.236746e+00
1164556494.891724 7.039974e-01
1164556494.891846 -5.684732e-02
1164556494.891968 -7.637857e-01
1164556494.892090 -1.242810e+00
1164556494.892212 -1.481674e+00
1164556494.892334 -1.332117e+00
1164556494.892456 -9.253889e-01
1164556494.892578 -3.297437e-01
1164556494.892700 3.118266e-01
1164556494.892822 1.043208e+00
1164556494.892944 1.532431e+00
1164556494.893066 1.672049e+00
1164556494.893188 1.461452e+00
1164556494.893311 8.787120e-01
1164556494.893433 -3.022447e-03
1164556494.893555 -9.240249e-01
1164556494.893677 -1.487479e+00
1164556494.893799 -1.803928e+00
1164556494.893921 -1.735273e+00
1164556494.894043 -1.261866e+00
1164556494.894165 -3.952074e-01
1164556494.894287 5.401918e-01
1164556494.894409 1.278304e+00
1164556494.894531 1.780003e+00
1164556494.894653 1.767314e+00
1164556494.894775 1.471596e+00
1164556494.894897 8.452570e-01
1164556494.895020 6.538887e-02
1164556494.895142 -7.965190e-01
1164556494.895264 -1.515647e+00
1164556494.895386 -1.920663e+00
1164556494.895508 -1.939105e+00
1164556494.895630 -1.305006e+00
1164556494.895752 -3.932110e-01
1164556494.895874 5.819972e-01
1164556494.895996 1.346655e+00
1164556494.896118 1.944152e+00
1164556494.896240 2.054488e+00
1164556494.896362 1.562070e+00
1164556494.896484 7.049483e-01
1164556494.896606 -4.265908e-01
1164556494.896729 -1.441978e+00
1164556494.896851 -2.074460e+00
1164556494.896973 -1.953865e+00
1164556494.897095 -1.415483e+00
1164556494.897217 -5.545417e-01
1164556494.897339 4.556011e-01
1164556494.897461 1.299339e+00
1164556494.897583 1.821348e+00
1164556494.897705 1.862242e+00
1164556494.897827 1.433022e+00
1164556494.897949 3.729141e-01
1164556494.898071 -7.244188e-01
1164556494.898193 -1.475355e+00
1164556494.898315 -1.691231e+00
1164556494.898438 -1.571088e+00
1164556494.898560 -1.042270e+00
1164556494.898682 -1.221097e-01
1164556494.898804 7.644709e-01
1164556494.898926 1.537270e+00
1164556494.899048 1.830960e+00
1164556494.899170 1.653322e+00
1164556494.899292 7.542327e-01
1164556494.899414 -4.598673e-01
1164556494.899536 -1.448535e+00
1164556494.899658 -1.897698e+00
1164556494.899780 -1.688674e+00
1164556494.899902 -1.159765e+00
1164556494.900024 -1.376876e-01
1164556494.900146 9.822827e-01
1164556494.900269 1.909820e+00
1164556494.900391 2.135624e+00
1164556494.900513 1.580461e+00
1164556494.900635 4.096455e-01
1164556494.900757 -1.005286e+00
1164556494.900879 -1.886744e+00
1164556494.901001 -2.074640e+00
1164556494.901123 -1.483660e+00
1164556494.901245 -4.557147e-01
1164556494.901367 7.539965e-01
1164556494.901489 1.574982e+00
1164556494.901611 1.850132e+00
1164556494.901733 1.572162e+00
1164556494.901855 5.759119e-01
1164556494.901978 -7.890755e-01
1164556494.902100 -1.844446e+00
1164556494.902222 -1.821439e+00
1164556494.902344 -1.125406e+00
1164556494.902466 -1.405340e-03
1164556494.902588 1.044138e+00
1164556494.902710 1.662229e+00
1164556494.902832 1.564037e+00
1164556494.902954 7.472101e-01
1164556494.903076 -2.913026e-01
1164556494.903198 -1.358803e+00
1164556494.903320 -1.751825e+00
1164556494.903442 -1.472756e+00
1164556494.903564 -3.524293e-01
1164556494.903687 1.132369e+00
1164556494.903809 2.038026e+00
1164556494.903931 1.722838e+00
1164556494.904053 2.752758e-01
1164556494.904175 -1.041738e+00
1164556494.904297 -1.778552e+00
1164556494.904419 -1.427068e+00
1164556494.904541 -1.898367e-01
1164556494.904663 1.196796e+00
1164556494.904785 1.684810e+00
1164556494.904907 9.374749e-01
1164556494.905029 -3.560313e-01
1164556494.905151 -1.557821e+00
1164556494.905273 -1.502840e+00
1164556494.905396 -7.380656e-02
1164556494.905518 1.460320e+00
1164556494.905640 1.405492e+00
1164556494.905762 -7.223212e-02
1164556494.905884 -1.376551e+00
1164556494.906006 -8.919429e-01
1164556494.906128 1.011982e+00
1164556494.906250 8.644480e-01
1164556494.906372 -6.216219e-01
1164556494.906494 9.477249e-03
1164556494.906616 -8.908656e-02
1164556494.906738 -1.460556e-04
1164556494.906860 -3.463926e-01
1164556494.906982 3.053802e-01
1164556494.907104 1.834321e-01
1164556494.907227 -5.112585e-01
1164556494.907349 6.864398e-01
1164556494.907471 -5.095514e-01
1164556494.907593 -5.715092e-02
1164556494.907715 -9.155734e-03
1164556494.907837 2.940479e-02
1164556494.907959 5.077246e-01
1164556494.908081 -3.286952e-01
1164556494.908203 3.159088e-01
1164556494.908325 -3.870544e-01
1164556494.908447 3.184952e-01
1164556494.908569 -1.778569e-02
1164556494.908691 -3.353160e-01
1164556494.908813 1.362505e-01
1164556494.908936 -2.836421e-01
1164556494.909058 1.559094e-01
1164556494.909180 9.945254e-02
1164556494.909302 -2.744653e-02
1164556494.909424 2.005788e-01
1164556494.909546 -3.954466e-01
1164556494.909668 -3.745645e-03
1164556494.909790 2.194693e-01
1164556494.909912 2.909472e-02
1164556494.910034 3.531469e-01
1164556494.910156 -2.662492e-01
1164556494.910278 -7.322300e-02
1164556494.910400 1.741105e-01
1164556494.910522 -1.852062e-01
1164556494.910645 8.756422e-02
1164556494.910767 -1.997574e-01
1164556494.910889 -1.483962e-01
1164556494.911011 1.555428e-01
1164556494.911133 -1.451537e-01
1164556494.911255 2.712174e-01
1164556494.911377 6.761876e-02
1164556494.911499 -2.279368e-01
1164556494.911621 1.219896e-01
1164556494.911743 -1.145056e-01
1164556494.911865 2.315544e-01
1164556494.911987 1.554367e-01
1164556494.912109 -1.343942e-01
1164556494.912231 4.504786e-02
1164556494.912354 -2.850534e-01
1164556494.912476 1.122018e-01
1164556494.912598 5.934973e-02
1164556494.912720 -2.606475e-01
1164556494.912842 6.847882e-02
1164556494.912964 -9.733133e-02
1164556494.913086 1.269270e-01
1164556494.913208 1.821053e-01
1164556494.913330 -4.231616e-02
1164556494.913452 1.411630e-01
1164556494.913574 -1.996361e-01
1164556494.913696 -1.313787e-01
1164556494.913818 1.725715e-01
1164556494.913940 -1.988787e-02
1164556494.914062 2.055959e-01
1164556494.914185 -1.080309e-01
1164556494.914307 -1.180603e-01
1164556494.914429 1.231938e-01
1164556494.914551 -2.185038e-01
1164556494.914673 4.871215e-02
1164556494.914795 -7.723925e-02
1164556494.914917 -6.410646e-02
1164556494.915039 1.652881e-01
1164556494.915161 4.609897e-05
1164556494.915283 1.852749e-01
1164556494.915405 7.081500e-03
1164556494.915527 -2.054478e-01
1164556494.915649 3.515779e-02
1164556494.915771 -6.842541e-02
1164556494.915894 5.289711e-02
1164556494.916016 2.070922e-01
1164556494.916138 -6.081554e-02
1164556494.916260 1.789612e-02
1164556494.916382 -1.685643e-01
1164556494.916504 -7.335081e-02
1164556494.916626 4.177304e-02
1164556494.916748 -1.730248e-01
1164556494.916870 1.728659e-01
1164556494.916992 5.796329e-02
1164556494.917114 5.544709e-02
1164556494.917236 1.100718e-01
1164556494.917358 -1.011333e-01
1164556494.917480 -7.333406e-03
1164556494.917603 -1.486916e-01
1164556494.917725 -5.045216e-02
1164556494.917847 1.734997e-01
1164556494.917969 2.698748e-02
1164556494.918091 9.197204e-02
1164556494.918213 8.814285e-03
1164556494.918335 -1.749363e-01
1164556494.918457 2.763502e-02
1164556494.918579 -1.187755e-01
1164556494.918701 -9.092318e-03
1164556494.918823 8.781409e-02
1164556494.918945 -3.084877e-02
1164556494.919067 1.662692e-01
1164556494.919189 -1.350787e-01
1164556494.919312 3.037725e-03
1164556494.919434 4.663659e-02
1164556494.919556 -1.343865e-01
1164556494.919678 1.455845e-01
1164556494.919800 4.357662e-02
1164556494.919922 9.965056e-02
1164556494.920044 3.606182e-02
1164556494.920166 -1.397865e-01
1164556494.920288 -4.442223e-02
1164556494.920410 -1.657147e-01
1164556494.920532 -6.210591e-02
1164556494.920654 7.781900e-02
1164556494.920776 -6.029691e-03
1164556494.920898 1.603496e-01
1164556494.921021 7.760119e-02
1164556494.921143 -3.636236e-02
1164556494.921265 -1.563847e-02
1164556494.921387 -1.190913e-01
1164556494.921509 9.189139e-02
1164556494.921631 7.740498e-04
1164556494.921753 2.288635e-02
1164556494.921875 1.080385e-01
1164556494.921997 -1.103160e-01
1164556494.922119 -1.318559e-02
1164556494.922241 -1.190779e-01
1164556494.922363 -4.583357e-02
1164556494.922485 5.280880e-02
1164556494.922607 -3.845598e-02
1164556494.922729 1.127564e-01
1164556494.922852 4.187138e-02
1164556494.922974 4.728547e-02
1164556494.923096 1.704995e-02
1164556494.923218 -1.267296e-01
1164556494.923340 -1.433755e-02
1164556494.923462 -1.034729e-02
1164556494.923584 4.473144e-02
1164556494.923706 9.472925e-02
1164556494.923828 -4.196777e-02
1164556494.923950 2.991115e-02
1164556494.924072 -6.509409e-02
1164556494.924194 -3.834696e-02
1164556494.924316 3.252965e-02
1164556494.924438 -9.002803e-02
1164556494.924561 5.804013e-02
1164556494.924683 -5.338722e-02
1164556494.924805 8.030188e-03
1164556494.924927 8.320169e-02
1164556494.925049 -2.031566e-02
1164556494.925171 7.842239e-02
1164556494.925293 -8.978746e-02
1164556494.925415 2.435130e-02
1164556494.925537 5.823495e-02
1164556494.925659 -2.966748e-03
1164556494.925781 7.666011e-02
1164556494.925903 -9.553307e-02
1164556494.926025 -4.372462e-02
1164556494.926147 -5.118906e-02
1164556494.926270 -4.127043e-02
1164556494.926392 3.856127e-02
1164556494.926514 -5.113356e-02
1164556494.926636 4.236678e-02
1164556494.926758 1.708186e-02
1164556494.926880 4.503686e-02
1164556494.927002 1.238441e-01
1164556494.927124 -1.406527e-02
1164556494.927246 -8.684629e-03
1164556494.927368 -9.768226e-02
1164556494.927490 -4.548196e-02
1164556494.927612 5.077364e-02
1164556494.927734 -2.902977e-02
1164556494.927856 8.302074e-02
1164556494.927979 -6.289372e-02
1164556494.928101 -3.754177e-02
1164556494.928223 2.612025e-02
1164556494.928345 -3.206765e-02
1164556494.928467 6.004189e-02
1164556494.928589 -8.536981e-02
1164556494.928711 3.548168e-02
1164556494.928833 4.459858e-02
1164556494.928955 -1.089935e-03
1164556494.929077 6.864478e-02
1164556494.929199 -6.891683e-02
1164556494.929321 1.117828e-02
1164556494.929443 -5.006987e-02
1164556494.929565 2.646769e-02
1164556494.929688 1.081547e-01
1164556494.929810 -6.257078e-03
1164556494.929932 -4.044594e-03
1164556494.930054 -1.335731e-01
1164556494.930176 -5.905466e-02
1164556494.930298 -2.075815e-02
1164556494.930420 -1.347462e-02
1164556494.930542 9.435561e-02
1164556494.930664 1.198534e-02
1164556494.930786 8.433353e-02
1164556494.930908 3.102175e-02
1164556494.931030 -6.813264e-03
1164556494.931152 -7.048851e-03
1164556494.931274 -1.032263e-01
1164556494.931396 2.968457e-02
1164556494.931519 -2.611946e-03
1164556494.931641 4.523577e-02
1164556494.931763 6.004574e-02
1164556494.931885 -6.153121e-02
1164556494.932007 -5.592652e-02
1164556494.932129 -1.497018e-01
1164556494.932251 -3.460062e-05
1164556494.932373 6.339703e-02
1164556494.932495 5.723395e-02
1164556494.932617 1.067080e-01
1164556494.932739 3.097794e-02
1164556494.932861 5.481562e-02
1164556494.932983 -5.557416e-02
1164556494.933105 -7.445554e-02
1164556494.933228 -3.750584e-02
1164556494.933350 -4.670100e-02
1164556494.933472 4.288331e-02
1164556494.933594 1.737940e-02
1164556494.933716 6.489031e-02
1164556494.933838 -6.864586e-03
1164556494.933960 -8.051751e-02
1164556494.934082 -4.310916e-02
1164556494.934204 -6.067381e-02
1164556494.934326 4.791870e-02
1164556494.934448 5.658966e-02
1164556494.934570 9.832595e-02
1164556494.934692 6.185340e-02
1164556494.934814 -5.183728e-02
1164556494.934937 -1.019806e-02
1164556494.935059 -8.687569e-02
1164556494.935181 -3.831954e-02
1164556494.935303 -1.605277e-02
1164556494.935425 3.822121e-02
1164556494.935547 8.947916e-02
1164556494.935669 -1.957026e-02
1164556494.935791 2.199232e-02
1164556494.935913 -5.218200e-02
1164556494.936035 -7.120393e-02
1164556494.936157 -3.557361e-02
1164556494.936279 -2.731882e-04
1164556494.936401 1.015569e-01
1164556494.936523 2.741677e-02
1164556494.936646 4.684232e-02
1164556494.936768 8.470866e-03
1164556494.936890 -4.961511e-02
1164556494.937012 -3.125218e-02
1164556494.937134 -4.885589e-02
1164556494.937256 1.994062e-02
1164556494.937378 1.549447e-02
1164556494.937500 3.334046e-02
1164556494.937622 3.286734e-02
1164556494.937744 -3.364328e-02
1164556494.937866 -1.671179e-02
1164556494.937988 -4.902762e-02
1164556494.938110 -1.697084e-02
1164556494.938232 2.995903e-03
1164556494.938354 2.489535e-03
1164556494.938477 4.296241e-02
1164556494.938599 2.019093e-02
1164556494.938721 4.430008e-02
1164556494.938843 2.452902e-03
1164556494.938965 -1.044040e-02
1164556494.939087 9.287324e-04
1164556494.939209 -3.528582e-02
1164556494.939331 1.317962e-02
1164556494.939453 -1.735272e-02
1164556494.939575 -1.326140e-03
1164556494.939697 -2.790048e-02
1164556494.939819 -3.923863e-02
1164556494.939941 9.593678e-03
1164556494.940063 -1.740854e-02
1164556494.940186 3.445268e-02
1164556494.940308 2.229382e-02
1164556494.940430 2.555582e-02
1164556494.940552 2.859378e-02
1164556494.940674 1.528915e-02
1164556494.940796 3.741402e-02
1164556494.940918 -3.923789e-02
1164556494.941040 -3.937424e-02
1164556494.941162 -3.574862e-02
1164556494.941284 -9.815431e-03
1164556494.941406 8.852447e-03
1164556494.941528 -9.768731e-04
1164556494.941650 2.293809e-02
1164556494.941772 -1.011241e-02
1164556494.941895 -1.189079e-02
1164556494.942017 -1.326238e-02
1164556494.942139 -1.174085e-02
1164556494.942261 1.370941e-02
1164556494.942383 1.572593e-02
1164556494.942505 3.927499e-02
1164556494.942627 4.052593e-02
1164556494.942749 3.162861e-02
1164556494.942871 3.574096e-03
1164556494.942993 -5.918001e-02
1164556494.943115 -6.172235e-02
1164556494.943237 -3.845448e-02
1164556494.943359 -1.360677e-03
1164556494.943481 3.782960e-02
1164556494.943604 2.389020e-02
1164556494.943726 1.629237e-02
1164556494.943848 -2.492047e-02
1164556494.943970 -2.661911e-02
1164556494.944092 -2.495862e-02
1164556494.944214 2.057912e-03
1164556494.944336 5.111970e-02
1164556494.944458 4.818405e-02
1164556494.944580 6.107052e-02
1164556494.944702 1.986863e-02
1164556494.944824 -7.804314e-03
1164556494.944946 -6.416992e-02
1164556494.945068 -1.047456e-01
1164556494.945190 -5.393718e-02
1164556494.945312 -2.137815e-03
1164556494.945435 5.989716e-02
1164556494.945557 3.694712e-02
1164556494.945679 3.039071e-02
1164556494.945801 7.849555e-03
1164556494.945923 -2.484842e-02
1164556494.946045 -8.969173e-03
1164556494.946167 3.271262e-03
1164556494.946289 3.886613e-02
1164556494.946411 2.639466e-02
1164556494.946533 9.461373e-03
1164556494.946655 -4.209372e-03
1164556494.946777 -4.435046e-02
1164556494.946899 -5.155537e-02
1164556494.947021 -4.637970e-02
1164556494.947144 -7.710063e-03
1164556494.947266 3.300636e-02
1164556494.947388 5.815184e-02
1164556494.947510 5.998459e-02
1164556494.947632 1.285110e-03
1164556494.947754 -4.168447e-02
1164556494.947876 -3.630583e-02
1164556494.947998 -3.145135e-02
1164556494.948120 -8.070653e-03
1164556494.948242 9.316176e-03
1164556494.948364 4.776288e-02
1164556494.948486 4.765265e-02
1164556494.948608 1.582051e-02
1164556494.948730 -6.452590e-04
1164556494.948853 -3.795233e-02
1164556494.948975 -3.494255e-02
1164556494.949097 -3.385531e-02
1164556494.949219 -1.231235e-02
1164556494.949341 1.832909e-02
1164556494.949463 7.026087e-03
1164556494.949585 1.308782e-02
1164556494.949707 -3.388394e-03
1164556494.949829 1.085906e-03
1164556494.949951 1.267965e-02
1164556494.950073 2.216827e-02
1164556494.950195 2.186410e-02
1164556494.950317 5.089862e-03
1164556494.950439 1.997684e-03
1164556494.950562 -1.842586e-02
1164556494.950684 -3.393366e-02
1164556494.950806 -3.169080e-02
1164556494.950928 -1.626394e-02
1164556494.951050 1.057608e-02
1164556494.951172 3.119741e-02
1164556494.951294 2.623341e-02
1164556494.951416 7.632429e-03
1164556494.951538 -1.520153e-04
1164556494.951660 -1.479731e-02
1164556494.951782 -1.968014e-02
1164556494.951904 -1.970115e-02
1164556494.952026 -4.858279e-04
1164556494.952148 6.571818e-03
1164556494.952271 1.066552e-02
1164556494.952393 2.731369e-02
1164556494.952515 2.758096e-02
1164556494.952637 2.377875e-02
1164556494.952759 9.439588e-04
1164556494.952881 -2.640865e-02
1164556494.953003 -3.851971e-02
1164556494.953125 -2.938564e-02
1164556494.953247 -1.681134e-02
1164556494.953369 -2.225595e-02
1164556494.953491 -1.355124e-02
1164556494.953613 1.734219e-02
1164556494.953735 4.704574e-02
1164556494.953857 3.952082e-02
1164556494.953979 2.810738e-02
1164556494.954102 9.908793e-03
1164556494.954224 -1.085090e-03
1164556494.954346 -6.548157e-03
1164556494.954468 -8.197177e-03
1164556494.954590 -1.071588e-02
1164556494.954712 -2.874556e-02
1164556494.954834 -4.231902e-02
1164556494.954956 -4.372690e-02
1164556494.955078 -1.683001e-02
1164556494.955200 2.242090e-02
1164556494.955322 3.916353e-02
1164556494.955444 3.515521e-02
1164556494.955566 3.500724e-02
1164556494.955688 3.839499e-02
1164556494.955811 1.360502e-02
1164556494.955933 -1.655397e-02
1164556494.956055 -4.292432e-02
1164556494.956177 -4.960406e-02
1164556494.956299 -2.947230e-02
1164556494.956421 8.361661e-03
1164556494.956543 3.065424e-02
1164556494.956665 2.521818e-02
1164556494.956787 -4.387468e-03
1164556494.956909 -2.130106e-02
1164556494.957031 -2.007431e-02
1164556494.957153 1.084167e-02
1164556494.957275 2.660687e-02
1164556494.957397 1.797112e-02
1164556494.957520 8.310175e-03
1164556494.957642 -6.175533e-03
1164556494.957764 -9.161549e-03
1164556494.957886 -1.905150e-02
1164556494.958008 -1.517064e-02
1164556494.958130 -2.101256e-03
1164556494.958252 7.522371e-03
1164556494.958374 2.383844e-02
1164556494.958496 1.847564e-02
1164556494.958618 7.325655e-03
1164556494.958740 -1.858359e-02
1164556494.958862 -3.597003e-02
1164556494.958984 -2.626272e-02
1164556494.959106 4.942574e-03
1164556494.959229 3.176193e-02
1164556494.959351 3.306907e-02
1164556494.959473 5.591912e-03
1164556494.959595 -1.261091e-02
1164556494.959717 -2.235948e-02
1164556494.959839 -1.273536e-02
1164556494.959961 -2.850735e-03
1164556494.960083 3.676255e-03
1164556494.960205 1.651002e-02
1164556494.960327 1.530056e-02
1164556494.960449 1.798760e-02
1164556494.960571 7.423437e-03
1164556494.960693 -7.977225e-03
1164556494.960815 -2.630417e-02
1164556494.960938 -3.444459e-02
1164556494.961060 -6.311250e-03
1164556494.961182 1.451292e-02
1164556494.961304 1.595750e-02
1164556494.961426 -1.018431e-02
1164556494.961548 -1.998036e-02
1164556494.961670 -1.058283e-02
1164556494.961792 1.506667e-02
1164556494.961914 4.017433e-02
1164556494.962036 4.729552e-02
1164556494.962158 2.716836e-02
1164556494.962280 -6.802731e-03
1164556494.962402 -2.434844e-02
1164556494.962524 -3.781270e-02
1164556494.962646 -3.817260e-02
1164556494.962769 -3.297203e-02
1164556494.962891 -2.500215e-02
1164556494.963013 -2.995036e-03
1164556494.963135 2.014362e-02
1164556494.963257 3.948214e-02
1164556494.963379 3.594621e-02
1164556494.963501 2.477291e-02
1164556494.963623 1.179890e-02
1164556494.963745 1.082246e-02
1164556494.963867 6.939069e-04
1164556494.963989 -1.002891e-02
1164556494.964111 -2.381603e-02
1164556494.964233 -2.170725e-02
1164556494.964355 -2.000338e-02
1164556494.964478 -3.100226e-02
1164556494.964600 -1.710437e-02
1164556494.964722 -2.150196e-03
1164556494.964844 1.780831e-02
1164556494.964966 1.766255e-02
1164556494.965088 2.521791e-02
1164556494.965210 3.314860e-02
1164556494.965332 1.891868e-02
1164556494.965454 1.088271e-02
1164556494.965576 -7.610301e-03
1164556494.965698 -4.647383e-03
1164556494.965820 -2.252897e-02
1164556494.965942 -2.214650e-02
1164556494.966064 -2.525749e-02
1164556494.966187 -2.757246e-02
1164556494.966309 -8.803851e-03
1164556494.966431 7.795259e-03
1164556494.966553 3.730958e-02
1164556494.966675 2.660199e-02
1164556494.966797 1.479394e-02
1164556494.966919 4.737707e-03
1164556494.967041 -5.338486e-03
1164556494.967163 -7.122264e-03
1164556494.967285 -1.246627e-02
1164556494.967407 -4.140517e-03
1164556494.967529 -8.866785e-03
1164556494.967651 -5.037279e-03
1164556494.967773 -2.342326e-03
1164556494.967896 3.973868e-03
1164556494.968018 4.311477e-03
1164556494.968140 1.176845e-02
1164556494.968262 1.452963e-02
1164556494.968384 8.725922e-03
1164556494.968506 -3.947357e-03
1164556494.968628 -2.436912e-02
1164556494.968750 -2.597838e-02
1164556494.968872 -1.676929e-02
1164556494.968994 1.349454e-04
1164556494.969116 1.399321e-02
1164556494.969238 2.203041e-02
1164556494.969360 2.648680e-02
1164556494.969482 1.679442e-02
1164556494.969604 1.380929e-02
1164556494.969727 -3.246758e-03
1164556494.969849 -2.482547e-02
1164556494.969971 -3.164474e-02
1164556494.970093 -1.912094e-02
1164556494.970215 -3.281891e-03
1164556494.970337 1.337069e-03
1164556494.970459 7.612298e-03
1164556494.970581 1.396855e-02
1164556494.970703 6.419507e-03
1164556494.970825 1.291604e-03
1164556494.970947 4.593159e-03
1164556494.971069 4.462472e-03
1164556494.971191 -5.376940e-04
1164556494.971313 1.937442e-03
1164556494.971436 1.100667e-02
1164556494.971558 1.082256e-02
1164556494.971680 -1.043542e-02
1164556494.971802 -2.129025e-02
1164556494.971924 -2.354117e-02
1164556494.972046 -9.347005e-03
1164556494.972168 7.993245e-03
1164556494.972290 1.698009e-02
1164556494.972412 1.525946e-02
1164556494.972534 2.714463e-03
1164556494.972656 -1.127434e-02
1164556494.972778 -8.582521e-03
1164556494.972900 2.285861e-03
1164556494.973022 1.543131e-02
1164556494.973145 1.314778e-02
1164556494.973267 -7.100047e-04
1164556494.973389 -1.002220e-02
1164556494.973511 -1.302780e-02
1164556494.973633 -8.361892e-03
1164556494.973755 5.404915e-04
1164556494.973877 -2.961378e-03
1164556494.973999 7.641462e-03
1164556494.974121 1.254364e-02
1164556494.974243 1.246968e-02
1164556494.974365 3.573255e-04
1164556494.974487 -1.596925e-02
1164556494.974609 -1.846086e-02
1164556494.974731 -1.767574e-02
1164556494.974854 -2.052167e-03
1164556494.974976 2.135158e-02
1164556494.975098 2.913280e-02
1164556494.975220 1.981744e-02
1164556494.975342 -3.765013e-03
1164556494.975464 -1.163006e-02
1164556494.975586 -1.659670e-02
1164556494.975708 -1.487042e-02
1164556494.975830 -9.889094e-03
1164556494.975952 3.761160e-03
1164556494.976074 9.614266e-03
1164556494.976196 8.900765e-03
1164556494.976318 7.000469e-03
1164556494.976440 3.211618e-03
1164556494.976562 -8.229726e-03
1164556494.976685 -8.551637e-03
1164556494.976807 -1.221672e-03
1164556494.976929 3.054919e-03
1164556494.977051 -4.504481e-04
1164556494.977173 -2.230681e-03
1164556494.977295 -1.903188e-03
1164556494.977417 -7.251884e-04
1164556494.977539 1.081992e-02
1164556494.977661 1.822966e-02
1164556494.977783 1.090797e-02
1164556494.977905 1.649162e-03
1164556494.978027 -1.071318e-02
1164556494.978149 -1.610492e-02
1164556494.978271 -2.549821e-02
1164556494.978394 -1.929745e-02
1164556494.978516 -1.047121e-02
1164556494.978638 5.642867e-03
1164556494.978760 1.772813e-02
1164556494.978882 2.260433e-02
1164556494.979004 2.796225e-02
1164556494.979126 2.054752e-02
1164556494.979248 6.267292e-03
1164556494.979370 -3.138657e-03
1164556494.979492 -1.229772e-02
1164556494.979614 -2.165387e-02
1164556494.979736 -3.532884e-02
1164556494.979858 -2.858471e-02
1164556494.979980 -1.179540e-02
1164556494.980103 7.470596e-03
1164556494.980225 2.698953e-02
1164556494.980347 3.074369e-02
1164556494.980469 2.227256e-02
1164556494.980591 1.163362e-02
1164556494.980713 -3.410054e-03
1164556494.980835 -4.389288e-03
1164556494.980957 -9.200383e-03
1164556494.981079 -1.183455e-02
1164556494.981201 -1.780099e-02
1164556494.981323 -1.120429e-02
1164556494.981445 -6.381067e-03
1164556494.981567 -3.428464e-03
1164556494.981689 5.949362e-03
1164556494.981812 1.548097e-02
1164556494.981934 1.668286e-02
1164556494.982056 1.624206e-02
1164556494.982178 1.284993e-02
1164556494.982300 -4.584162e-03
1164556494.982422 -2.237465e-02
1164556494.982544 -2.339845e-02
1164556494.982666 -1.512833e-02
1164556494.982788 -3.510801e-03
1164556494.982910 6.658744e-03
1164556494.983032 1.358256e-02
1164556494.983154 1.103946e-02
1164556494.983276 1.567757e-02
1164556494.983398 1.368825e-02
1164556494.983521 5.503462e-03
1164556494.983643 -9.340551e-03
1164556494.983765 -1.641267e-02
1164556494.983887 -1.368223e-02
1164556494.984009 -5.463627e-03
1164556494.984131 -3.825147e-03
1164556494.984253 -8.189384e-03
1164556494.984375 -1.388046e-02
1164556494.984497 -1.706113e-03
1164556494.984619 1.399967e-02
1164556494.984741 2.853195e-02
1164556494.984863 3.021233e-02
1164556494.984985 1.841211e-02
1164556494.985107 4.435704e-04
1164556494.985229 -1.918786e-02
1164556494.985352 -2.550040e-02
1164556494.985474 -2.261799e-02
1164556494.985596 -2.105781e-02
1164556494.985718 -9.483506e-03
1164556494.985840 -2.538845e-04
1164556494.985962 1.891159e-02
1164556494.986084 2.359439e-02
1164556494.986206 2.205176e-02
1164556494.986328 2.108668e-03
1164556494.986450 -8.811373e-03
1164556494.986572 -1.562324e-04
1164556494.986694 5.240485e-03
1164556494.986816 4.151253e-03
1164556494.986938 -9.363733e-03
1164556494.987061 -1.155190e-02
1164556494.987183 -1.070437e-02
1164556494.987305 -1.141883e-02
1164556494.987427 -3.802524e-03
1164556494.987549 -4.966273e-03
1164556494.987671 7.343881e-03
1164556494.987793 1.190191e-02
1164556494.987915 2.204877e-02
1164556494.988037 2.003711e-02
1164556494.988159 5.721943e-03
1164556494.988281 -6.991866e-03
1164556494.988403 -2.191314e-02
1164556494.988525 -2.435511e-02
1164556494.988647 -1.103362e-02
1164556494.988770 4.295696e-03
1164556494.988892 1.022068e-02
1164556494.989014 3.665407e-03
1164556494.989136 3.527322e-03
1164556494.989258 8.830696e-03
1164556494.989380 9.681280e-03
1164556494.989502 4.634876e-03
1164556494.989624 2.812719e-03
1164556494.989746 -1.274044e-03
