1164556494.758545 9.358297e-03
1164556494.758667 -2.356116e-02
1164556494.758789 -5.686844e-02
1164556494.758911 -7.486314e-02
1164556494.759033 -6.580955e-02
1164556494.759155 -3.655288e-02
1164556494.759277 -4.311258e-03
1164556494.759399 1.848085e-02
1164556494.759521 2.676830e-02
1164556494.759644 3.016092e-02
1164556494.759766 3.124733e-02
1164556494.759888 3.564141e-02
1164556494.760010 3.719349e-02
1164556494.760132 2.859023e-02
1164556494.760254 6.135324e-03
1164556494.760376 -2.038706e-02
1164556494.760498 -3.844885e-02
1164556494.760620 -4.480626e-02
1164556494.760742 -3.652290e-02
1164556494.760864 -2.033978e-02
1164556494.760986 -9.088734e-03
1164556494.761108 5.394007e-03
1164556494.761230 2.106022e-02
1164556494.761353 2.665375e-02
1164556494.761475 2.012795e-02
1164556494.761597 1.430351e-02
1164556494.761719 9.181415e-03
1164556494.761841 4.967917e-03
1164556494.761963 -3.856591e-03
1164556494.762085 -9.163889e-03
1164556494.762207 -1.074015e-02
1164556494.762329 -9.120834e-03
1164556494.762451 -1.163990e-03
1164556494.762573 9.533840e-03
1164556494.762695 6.992081e-03
1164556494.762817 -4.855853e-03
1164556494.762939 -1.076713e-02
1164556494.763062 -1.168854e-02
1164556494.763184 -7.855823e-03
1164556494.763306 1.631955e-03
1164556494.763428 2.731703e-03
1164556494.763550 -5.290571e-03
1164556494.763672 -1.271891e-02
1164556494.763794 -4.064281e-03
1164556494.763916 1.481927e-02
1164556494.764038 2.865811e-02
1164556494.764160 2.877662e-02
1164556494.764282 2.368966e-02
1164556494.764404 1.904032e-02
1164556494.764526 5.829810e-03
1164556494.764648 -1.813405e-02
1164556494.764771 -3.760734e-02
1164556494.764893 -5.001536e-02
1164556494.765015 -4.900447e-02
1164556494.765137 -3.246910e-02
1164556494.765259 -6.363096e-03
1164556494.765381 2.071627e-02
1164556494.765503 4.369650e-02
1164556494.765625 4.812865e-02
1164556494.765747 4.195060e-02
1164556494.765869 3.070337e-02
1164556494.765991 1.267785e-02
1164556494.766113 -4.215377e-03
1164556494.766235 -1.026556e-02
1164556494.766357 -1.510725e-02
1164556494.766479 -2.155183e-02
1164556494.766602 -3.610006e-02
1164556494.766724 -4.742195e-02
1164556494.766846 -4.526560e-02
1164556494.766968 -2.547468e-02
1164556494.767090 8.335024e-03
1164556494.767212 4.105097e-02
1164556494.767334 5.732572e-02
1164556494.767456 5.362160e-02
1164556494.767578 2.727447e-02
1164556494.767700 -1.568381e-03
1164556494.767822 -1.716002e-02
1164556494.767944 -1.348407e-02
1164556494.768066 -4.211210e-03
1164556494.768188 -8.550148e-04
1164556494.768311 -4.036404e-03
1164556494.768433 -7.771503e-03
1164556494.768555 -1.516868e-02
1164556494.768677 -2.344909e-02
1164556494.768799 -2.812024e-02
1164556494.768921 -2.431068e-02
1164556494.769043 -1.598147e-02
1164556494.769165 4.620046e-03
1164556494.769287 3.025424e-02
1164556494.769409 3.871170e-02
1164556494.769531 3.088239e-02
1164556494.769653 2.383016e-02
1164556494.769775 1.901510e-02
1164556494.769897 1.945320e-02
1164556494.770020 1.768492e-02
1164556494.770142 4.091006e-03
1164556494.770264 -1.885265e-02
1164556494.770386 -3.979406e-02
1164556494.770508 -5.359878e-02
1164556494.770630 -5.696497e-02
1164556494.770752 -5.096344e-02
1164556494.770874 -3.777144e-02
1164556494.770996 -1.070367e-02
1164556494.771118 3.072997e-02
1164556494.771240 6.642530e-02
1164556494.771362 8.753352e-02
1164556494.771484 8.621878e-02
1164556494.771606 6.058156e-02
1164556494.771729 2.174241e-02
1164556494.771851 -7.076445e-03
1164556494.771973 -3.294177e-02
1164556494.772095 -6.389489e-02
1164556494.772217 -9.181621e-02
1164556494.772339 -9.420952e-02
1164556494.772461 -6.891213e-02
1164556494.772583 -2.937374e-02
1164556494.772705 8.137820e-03
1164556494.772827 4.403004e-02
1164556494.772949 7.361663e-02
1164556494.773071 8.702849e-02
1164556494.773193 7.980132e-02
1164556494.773315 6.047987e-02
1164556494.773438 3.186465e-02
1164556494.773560 -9.539929e-04
1164556494.773682 -3.450214e-02
1164556494.773804 -5.960442e-02
1164556494.773926 -7.277296e-02
1164556494.774048 -7.432627e-02
1164556494.774170 -6.258676e-02
1164556494.774292 -3.845409e-02
1164556494.774414 -6.023105e-03
1164556494.774536 2.789762e-02
1164556494.774658 4.699970e-02
1164556494.774780 5.140704e-02
1164556494.774902 5.144015e-02
1164556494.775024 5.628538e-02
1164556494.775146 5.569863e-02
1164556494.775269 3.654358e-02
1164556494.775391 -9.634407e-04
1164556494.775513 -3.777603e-02
1164556494.775635 -6.007422e-02
1164556494.775757 -6.277824e-02
1164556494.775879 -5.863747e-02
1164556494.776001 -4.873353e-02
1164556494.776123 -2.770513e-02
1164556494.776245 5.313629e-03
1164556494.776367 3.589523e-02
1164556494.776489 4.997634e-02
1164556494.776611 4.080617e-02
1164556494.776733 2.695051e-02
1164556494.776855 1.994448e-02
1164556494.776978 2.296606e-02
1164556494.777100 2.384734e-02
1164556494.777222 1.060151e-02
1164556494.777344 -1.153225e-02
1164556494.777466 -2.900630e-02
1164556494.777588 -4.592951e-02
1164556494.777710 -4.758280e-02
1164556494.777832 -3.309332e-02
1164556494.777954 -1.396378e-02
1164556494.778076 -2.592142e-03
1164556494.778198 1.278617e-02
1164556494.778320 3.340049e-02
1164556494.778442 4.150534e-02
1164556494.778564 2.976923e-02
1164556494.778687 4.348104e-03
1164556494.778809 -1.401372e-02
1164556494.778931 -1.239787e-02
1164556494.779053 -3.891849e-03
1164556494.779175 6.144253e-03
1164556494.779297 1.118469e-02
1164556494.779419 1.239918e-02
1164556494.779541 1.196433e-03
1164556494.779663 -1.046227e-02
1164556494.779785 -1.772973e-02
1164556494.779907 -2.008054e-02
1164556494.780029 -1.546971e-02
1164556494.780151 -1.177904e-02
1164556494.780273 -8.617898e-03
1164556494.780396 -2.376893e-05
1164556494.780518 5.726882e-03
1164556494.780640 6.807279e-03
1164556494.780762 6.744065e-03
1164556494.780884 1.465284e-02
1164556494.781006 2.443417e-02
1164556494.781128 2.748323e-02
1164556494.781250 2.277821e-02
1164556494.781372 1.236514e-02
1164556494.781494 -2.799172e-03
1164556494.781616 -1.201692e-02
1164556494.781738 -1.878858e-02
1164556494.781860 -2.910167e-02
1164556494.781982 -3.800849e-02
1164556494.782104 -3.309440e-02
1164556494.782227 -2.513326e-02
1164556494.782349 -1.876103e-02
1164556494.782471 -4.344554e-03
1164556494.782593 1.465127e-02
1164556494.782715 3.478376e-02
1164556494.782837 5.249894e-02
1164556494.782959 6.186054e-02
1164556494.783081 6.156848e-02
1164556494.783203 4.314286e-02
1164556494.783325 9.411694e-04
1164556494.783447 -4.010917e-02
1164556494.783569 -6.398002e-02
1164556494.783691 -7.363931e-02
1164556494.783813 -6.657555e-02
1164556494.783936 -4.494036e-02
1164556494.784058 -1.680641e-02
1164556494.784180 8.867085e-03
1164556494.784302 3.150540e-02
1164556494.784424 4.125834e-02
1164556494.784546 4.099155e-02
1164556494.784668 4.247693e-02
1164556494.784790 4.801250e-02
1164556494.784912 4.484291e-02
1164556494.785034 2.751350e-02
1164556494.785156 -8.349725e-04
1164556494.785278 -2.936667e-02
1164556494.785400 -5.549736e-02
1164556494.785522 -6.568571e-02
1164556494.785645 -5.810946e-02
1164556494.785767 -3.951186e-02
1164556494.785889 -1.371376e-02
1164556494.786011 6.765456e-03
1164556494.786133 2.201679e-02
1164556494.786255 3.942822e-02
1164556494.786377 4.306380e-02
1164556494.786499 2.879794e-02
1164556494.786621 6.505528e-03
1164556494.786743 4.171075e-03
1164556494.786865 1.803545e-02
1164556494.786987 3.312039e-02
1164556494.787109 2.828506e-02
1164556494.787231 4.961839e-03
1164556494.787354 -1.914715e-02
1164556494.787476 -4.201393e-02
1164556494.787598 -5.818208e-02
1164556494.787720 -5.671687e-02
1164556494.787842 -4.597048e-02
1164556494.787964 -3.642366e-02
1164556494.788086 -2.235331e-02
1164556494.788208 1.246572e-02
1164556494.788330 4.852842e-02
1164556494.788452 7.374606e-02
1164556494.788574 7.880769e-02
1164556494.788696 6.857060e-02
1164556494.788818 5.374378e-02
1164556494.788940 3.492267e-02
1164556494.789062 -1.174337e-03
1164556494.789185 -4.863607e-02
1164556494.789307 -9.198112e-02
1164556494.789429 -1.049077e-01
1164556494.789551 -8.698573e-02
1164556494.789673 -5.526858e-02
1164556494.789795 -2.500698e-02
1164556494.789917 5.953214e-03
1164556494.790039 3.990379e-02
1164556494.790161 7.705146e-02
1164556494.790283 9.770913e-02
1164556494.790405 9.333782e-02
1164556494.790527 6.823871e-02
1164556494.790649 3.455490e-02
1164556494.790771 -3.771439e-03
1164556494.790894 -4.155509e-02
1164556494.791016 -7.144906e-02
1164556494.791138 -8.316004e-02
1164556494.791260 -7.977810e-02
1164556494.791382 -6.122186e-02
1164556494.791504 -3.527494e-02
1164556494.791626 -5.726569e-03
1164556494.791748 2.620524e-02
1164556494.791870 5.307701e-02
1164556494.791992 6.797698e-02
1164556494.792114 7.044416e-02
1164556494.792236 5.794929e-02
1164556494.792358 2.889478e-02
1164556494.792480 -1.250212e-02
1164556494.792603 -3.818888e-02
1164556494.792725 -3.359074e-02
1164556494.792847 -1.483024e-02
1164556494.792969 -8.481084e-03
1164556494.793091 -1.429117e-02
1164556494.793213 -1.910047e-02
1164556494.793335 -1.567187e-02
1164556494.793457 -1.797244e-02
1164556494.793579 -2.516053e-02
1164556494.793701 -2.418676e-02
1164556494.793823 -7.988055e-03
1164556494.793945 1.316744e-02
1164556494.794067 4.066243e-02
1164556494.794189 5.739081e-02
1164556494.794312 4.871687e-02
1164556494.794434 2.264951e-02
1164556494.794556 6.112959e-03
1164556494.794678 1.125208e-04
1164556494.794800 2.985261e-03
1164556494.794922 1.895582e-03
1164556494.795044 -1.358043e-02
1164556494.795166 -3.636265e-02
1164556494.795288 -5.386653e-02
1164556494.795410 -6.236749e-02
1164556494.795532 -5.770206e-02
1164556494.795654 -3.939296e-02
1164556494.795776 -9.269899e-03
1164556494.795898 3.503300e-02
1164556494.796021 8.267084e-02
1164556494.796143 9.726634e-02
1164556494.796265 7.804417e-02
1164556494.796387 4.339305e-02
1164556494.796509 4.609939e-03
1164556494.796631 -2.034641e-02
1164556494.796753 -2.265307e-02
1164556494.796875 -2.477778e-02
1164556494.796997 -4.003737e-02
1164556494.797119 -6.313698e-02
1164556494.797241 -7.367603e-02
1164556494.797363 -6.703318e-02
1164556494.797485 -4.181604e-02
1164556494.797607 -3.203507e-03
1164556494.797729 4.057124e-02
1164556494.797852 7.393242e-02
1164556494.797974 8.697534e-02
1164556494.798096 7.807336e-02
1164556494.798218 6.057786e-02
1164556494.798340 3.191353e-02
1164556494.798462 2.036195e-03
1164556494.798584 -2.719634e-02
1164556494.798706 -4.958091e-02
1164556494.798828 -5.833709e-02
1164556494.798950 -5.820703e-02
1164556494.799072 -5.509205e-02
1164556494.799194 -4.717447e-02
1164556494.799316 -3.432697e-02
1164556494.799438 -1.021024e-02
1164556494.799561 9.438318e-03
1164556494.799683 3.073824e-02
1164556494.799805 5.591293e-02
1164556494.799927 7.265149e-02
1164556494.800049 7.665020e-02
1164556494.800171 7.054126e-02
1164556494.800293 4.230413e-02
1164556494.800415 2.696900e-03
1164556494.800537 -3.831415e-02
1164556494.800659 -6.588092e-02
1164556494.800781 -6.988363e-02
1164556494.800903 -6.162937e-02
1164556494.801025 -6.546816e-02
1164556494.801147 -6.304451e-02
1164556494.801270 -3.708264e-02
1164556494.801392 6.342377e-03
1164556494.801514 4.656286e-02
1164556494.801636 7.050015e-02
1164556494.801758 7.910968e-02
1164556494.801880 7.737454e-02
1164556494.802002 6.380328e-02
1164556494.802124 4.343018e-02
1164556494.802246 1.671344e-02
1164556494.802368 -1.609602e-02
1164556494.802490 -5.926141e-02
1164556494.802612 -8.590975e-02
1164556494.802734 -8.611647e-02
1164556494.802856 -7.275143e-02
1164556494.802979 -4.507451e-02
1164556494.803101 -7.642108e-03
1164556494.803223 2.047970e-02
1164556494.803345 3.708035e-02
1164556494.803467 4.814623e-02
1164556494.803589 5.092250e-02
1164556494.803711 4.446320e-02
1164556494.803833 4.251482e-02
1164556494.803955 4.517853e-02
1164556494.804077 4.189006e-02
1164556494.804199 9.096660e-03
1164556494.804321 -3.530756e-02
1164556494.804443 -6.584977e-02
1164556494.804565 -7.221382e-02
1164556494.804688 -5.733775e-02
1164556494.804810 -2.453941e-02
1164556494.804932 -3.895274e-03
1164556494.805054 -1.667289e-03
1164556494.805176 -7.094313e-03
1164556494.805298 -1.061198e-02
1164556494.805420 6.213523e-04
1164556494.805542 2.844071e-02
1164556494.805664 5.986729e-02
1164556494.805786 7.836870e-02
1164556494.805908 7.515983e-02
1164556494.806030 5.512603e-02
1164556494.806152 1.499501e-02
1164556494.806274 -3.360920e-02
1164556494.806396 -7.737518e-02
1164556494.806519 -9.027455e-02
1164556494.806641 -7.148493e-02
1164556494.806763 -4.518256e-02
1164556494.806885 -2.787807e-02
1164556494.807007 -1.130785e-02
1164556494.807129 1.264673e-02
1164556494.807251 3.590475e-02
1164556494.807373 4.225381e-02
1164556494.807495 4.427232e-02
1164556494.807617 5.212832e-02
1164556494.807739 5.520247e-02
1164556494.807861 5.166044e-02
1164556494.807983 4.160530e-02
1164556494.808105 7.332627e-03
1164556494.808228 -3.728590e-02
1164556494.808350 -7.555706e-02
1164556494.808472 -9.289567e-02
1164556494.808594 -8.373535e-02
1164556494.808716 -5.452956e-02
1164556494.808838 -2.286066e-02
1164556494.808960 4.865585e-03
1164556494.809082 3.376387e-02
1164556494.809204 6.596244e-02
1164556494.809326 7.794074e-02
1164556494.809448 6.802773e-02
1164556494.809570 3.760145e-02
1164556494.809692 1.039294e-02
1164556494.809814 -3.220100e-03
1164556494.809937 -1.166607e-02
1164556494.810059 -2.013191e-02
1164556494.810181 -2.819144e-02
1164556494.810303 -3.868137e-02
1164556494.810425 -4.659757e-02
1164556494.810547 -4.056038e-02
1164556494.810669 -1.547229e-02
1164556494.810791 -2.348353e-03
1164556494.810913 1.786256e-03
1164556494.811035 6.323678e-03
1164556494.811157 1.676512e-02
1164556494.811279 2.622315e-02
1164556494.811401 2.131214e-02
1164556494.811523 1.278611e-02
1164556494.811646 2.493420e-02
1164556494.811768 4.926334e-02
1164556494.811890 6.123024e-02
1164556494.812012 4.310027e-02
1164556494.812134 -3.404092e-03
1164556494.812256 -6.351279e-02
1164556494.812378 -9.464117e-02
1164556494.812500 -9.253639e-02
1164556494.812622 -6.540218e-02
1164556494.812744 -2.986044e-02
1164556494.812866 2.526742e-03
1164556494.812988 2.624505e-02
1164556494.813110 5.282489e-02
1164556494.813232 6.774879e-02
1164556494.813354 5.843461e-02
1164556494.813477 4.015938e-02
1164556494.813599 3.039388e-02
1164556494.813721 2.655895e-02
1164556494.813843 2.053176e-02
1164556494.813965 6.692470e-04
1164556494.814087 -2.968802e-02
1164556494.814209 -6.361899e-02
1164556494.814331 -8.894208e-02
1164556494.814453 -9.305943e-02
1164556494.814575 -5.927512e-02
1164556494.814697 -5.472189e-03
1164556494.814819 3.728018e-02
1164556494.814941 5.306869e-02
1164556494.815063 5.637708e-02
1164556494.815186 5.517634e-02
1164556494.815308 4.712844e-02
1164556494.815430 3.301653e-02
1164556494.815552 2.355676e-02
1164556494.815674 1.005617e-02
1164556494.815796 -2.447905e-03
1164556494.815918 -2.406145e-02
1164556494.816040 -4.985101e-02
1164556494.816162 -6.875007e-02
1164556494.816284 -5.827229e-02
1164556494.816406 -2.936363e-02
1164556494.816528 3.284438e-04
1164556494.816650 2.024084e-02
1164556494.816772 2.841307e-02
1164556494.816895 1.979348e-02
1164556494.817017 3.466110e-03
1164556494.817139 -6.910898e-03
1164556494.817261 2.347655e-03
1164556494.817383 2.306078e-02
1164556494.817505 4.585149e-02
1164556494.817627 5.521002e-02
1164556494.817749 4.347092e-02
1164556494.817871 1.940871e-02
1164556494.817993 -7.487198e-03
1164556494.818115 -3.879085e-02
1164556494.818237 -6.045353e-02
1164556494.818359 -7.022818e-02
1164556494.818481 -7.183450e-02
1164556494.818604 -6.400966e-02
1164556494.818726 -3.850681e-02
1164556494.818848 -5.484601e-04
1164556494.818970 3.879933e-02
1164556494.819092 7.311231e-02
1164556494.819214 9.121859e-02
1164556494.819336 8.683722e-02
1164556494.819458 6.654795e-02
1164556494.819580 4.166898e-02
1164556494.819702 2.724941e-02
1164556494.819824 2.126772e-03
1164556494.819946 -4.763309e-02
1164556494.820068 -1.012004e-01
1164556494.820190 -1.234014e-01
1164556494.820312 -1.144575e-01
1164556494.820435 -8.557511e-02
1164556494.820557 -3.917050e-02
1164556494.820679 2.286128e-02
1164556494.820801 7.880649e-02
1164556494.820923 1.136698e-01
1164556494.821045 1.235978e-01
1164556494.821167 9.983519e-02
1164556494.821289 4.732578e-02
1164556494.821411 4.121405e-04
1164556494.821533 -1.840599e-02
1164556494.821655 -2.715110e-02
1164556494.821777 -3.841669e-02
1164556494.821899 -5.164583e-02
1164556494.822021 -6.856557e-02
1164556494.822144 -7.634560e-02
1164556494.822266 -6.662163e-02
1164556494.822388 -4.310702e-02
1164556494.822510 -1.956089e-02
1164556494.822632 3.506177e-03
1164556494.822754 3.241098e-02
1164556494.822876 7.065427e-02
1164556494.822998 1.037319e-01
1164556494.823120 1.154832e-01
1164556494.823242 9.231857e-02
1164556494.823364 4.456536e-02
1164556494.823486 -1.034720e-02
1164556494.823608 -4.297998e-02
1164556494.823730 -5.712876e-02
1164556494.823853 -7.171216e-02
1164556494.823975 -9.284421e-02
1164556494.824097 -1.062489e-01
1164556494.824219 -1.053511e-01
1164556494.824341 -6.450535e-02
1164556494.824463 -6.772869e-05
1164556494.824585 5.898959e-02
1164556494.824707 9.479341e-02
1164556494.824829 1.234391e-01
1164556494.824951 1.392173e-01
1164556494.825073 1.241560e-01
1164556494.825195 7.173732e-02
1164556494.825317 8.684269e-04
1164556494.825439 -6.349462e-02
1164556494.825562 -1.084052e-01
1164556494.825684 -1.221679e-01
1164556494.825806 -1.060076e-01
1164556494.825928 -7.742033e-02
1164556494.826050 -5.343966e-02
1164556494.826172 -2.925925e-02
1164556494.826294 1.845544e-03
1164556494.826416 4.148847e-02
1164556494.826538 8.381328e-02
1164556494.826660 1.008622e-01
1164556494.826782 8.905214e-02
1164556494.826904 7.025986e-02
1164556494.827026 6.303233e-02
1164556494.827148 4.234293e-02
1164556494.827271 -9.288003e-03
1164556494.827393 -6.642811e-02
1164556494.827515 -8.739208e-02
1164556494.827637 -7.737963e-02
1164556494.827759 -6.520910e-02
1164556494.827881 -6.588025e-02
1164556494.828003 -6.719570e-02
1164556494.828125 -5.577977e-02
1164556494.828247 -1.712073e-02
1164556494.828369 3.799017e-02
1164556494.828491 9.463859e-02
1164556494.828613 1.252153e-01
1164556494.828735 1.286783e-01
1164556494.828857 9.869481e-02
1164556494.828979 5.631145e-02
1164556494.829102 1.203992e-02
1164556494.829224 -4.063489e-02
1164556494.829346 -9.979980e-02
1164556494.829468 -1.362996e-01
1164556494.829590 -1.270918e-01
1164556494.829712 -8.097318e-02
1164556494.829834 -3.329662e-02
1164556494.829956 6.405011e-04
1164556494.830078 2.353032e-02
1164556494.830200 5.357333e-02
1164556494.830322 8.407135e-02
1164556494.830444 1.008829e-01
1164556494.830566 8.695854e-02
1164556494.830688 5.121786e-02
1164556494.830811 9.790704e-03
1164556494.830933 -2.147149e-02
1164556494.831055 -4.506221e-02
1164556494.831177 -5.486439e-02
1164556494.831299 -5.484451e-02
1164556494.831421 -4.433384e-02
1164556494.831543 -2.170549e-02
1164556494.831665 -4.033844e-03
1164556494.831787 -7.434964e-03
1164556494.831909 -1.081598e-02
1164556494.832031 -8.168157e-03
1164556494.832153 5.195097e-04
1164556494.832275 1.573100e-02
1164556494.832397 3.312903e-02
1164556494.832520 3.153749e-02
1164556494.832642 2.043232e-02
1164556494.832764 2.431013e-02
1164556494.832886 3.762456e-02
1164556494.833008 3.673666e-02
1164556494.833130 2.903837e-02
1164556494.833252 7.751914e-03
1164556494.833374 -2.366496e-02
1164556494.833496 -5.064829e-02
1164556494.833618 -6.033822e-02
1164556494.833740 -6.252225e-02
1164556494.833862 -6.396719e-02
1164556494.833984 -6.064462e-02
1164556494.834106 -4.089929e-02
1164556494.834229 -5.912948e-03
1164556494.834351 3.193943e-02
1164556494.834473 6.696083e-02
1164556494.834595 1.063272e-01
1164556494.834717 1.390348e-01
1164556494.834839 1.323212e-01
1164556494.834961 7.943957e-02
1164556494.835083 9.351488e-03
1164556494.835205 -7.339076e-02
1164556494.835327 -1.410503e-01
1164556494.835449 -1.646056e-01
1164556494.835571 -1.385797e-01
1164556494.835693 -8.925269e-02
1164556494.835815 -3.573384e-02
1164556494.835938 7.492150e-03
1164556494.836060 5.060934e-02
1164556494.836182 8.365877e-02
1164556494.836304 1.021397e-01
1164556494.836426 1.066537e-01
1164556494.836548 1.081675e-01
1164556494.836670 9.296856e-02
1164556494.836792 5.909269e-02
1164556494.836914 4.642054e-03
1164556494.837036 -6.390992e-02
1164556494.837158 -1.251193e-01
1164556494.837280 -1.455846e-01
1164556494.837402 -1.217778e-01
1164556494.837524 -8.080675e-02
1164556494.837646 -3.816274e-02
1164556494.837769 -1.240445e-04
1164556494.837891 1.739394e-02
1164556494.838013 4.150378e-02
1164556494.838135 8.355828e-02
1164556494.838257 1.177890e-01
1164556494.838379 1.183174e-01
1164556494.838501 9.883412e-02
1164556494.838623 7.251718e-02
1164556494.838745 2.861497e-02
1164556494.838867 -3.955645e-02
1164556494.838989 -1.048662e-01
1164556494.839111 -1.431477e-01
1164556494.839233 -1.443955e-01
1164556494.839355 -1.051586e-01
1164556494.839478 -3.314176e-02
1164556494.839600 2.918498e-02
1164556494.839722 4.557505e-02
1164556494.839844 2.865956e-02
1164556494.839966 2.468431e-02
1164556494.840088 5.151852e-02
1164556494.840210 8.703156e-02
1164556494.840332 9.975492e-02
1164556494.840454 8.312854e-02
1164556494.840576 4.133564e-02
1164556494.840698 1.185435e-03
1164556494.840820 -3.634694e-02
1164556494.840942 -6.535699e-02
1164556494.841064 -8.848889e-02
1164556494.841187 -9.619704e-02
1164556494.841309 -8.971735e-02
1164556494.841431 -6.939540e-02
1164556494.841553 -3.225920e-02
1164556494.841675 1.355571e-02
1164556494.841797 3.810871e-02
1164556494.841919 4.742842e-02
1164556494.842041 6.013829e-02
1164556494.842163 8.772807e-02
1164556494.842285 1.051403e-01
1164556494.842407 8.932549e-02
1164556494.842529 4.732638e-02
1164556494.842651 1.002170e-02
1164556494.842773 -2.912151e-02
1164556494.842896 -7.091178e-02
1164556494.843018 -9.880090e-02
1164556494.843140 -1.017304e-01
1164556494.843262 -9.549843e-02
1164556494.843384 -8.134449e-02
1164556494.843506 -4.340170e-02
1164556494.843628 3.449190e-03
1164556494.843750 2.072172e-02
1164556494.843872 2.882287e-02
1164556494.843994 6.712359e-02
1164556494.844116 1.220026e-01
1164556494.844238 1.525088e-01
1164556494.844360 1.424347e-01
1164556494.844482 9.460583e-02
1164556494.844604 2.178838e-02
1164556494.844727 -5.697616e-02
1164556494.844849 -1.158646e-01
1164556494.844971 -1.562303e-01
1164556494.845093 -1.789832e-01
1164556494.845215 -1.656087e-01
1164556494.845337 -1.134580e-01
1164556494.845459 -4.590532e-02
1164556494.845581 2.744172e-02
1164556494.845703 1.025853e-01
1164556494.845825 1.673200e-01
1164556494.845947 2.043261e-01
1164556494.846069 1.946176e-01
1164556494.846191 1.357669e-01
1164556494.846313 4.691883e-02
1164556494.846436 -3.880407e-02
1164556494.846558 -9.862867e-02
1164556494.846680 -1.292921e-01
1164556494.846802 -1.417992e-01
1164556494.846924 -1.584999e-01
1164556494.847046 -1.530175e-01
1164556494.847168 -1.012040e-01
1164556494.847290 -2.829430e-02
1164556494.847412 4.299501e-02
1164556494.847534 1.045138e-01
1164556494.847656 1.489950e-01
1164556494.847778 1.634608e-01
1164556494.847900 1.447942e-01
1164556494.848022 1.027768e-01
1164556494.848145 4.266240e-02
1164556494.848267 -2.133231e-02
1164556494.848389 -6.024959e-02
1164556494.848511 -6.925001e-02
1164556494.848633 -8.750641e-02
1164556494.848755 -1.088380e-01
1164556494.848877 -1.170311e-01
1164556494.848999 -1.013305e-01
1164556494.849121 -9.145390e-02
1164556494.849243 -6.463972e-02
1164556494.849365 9.512222e-03
1164556494.849487 9.982918e-02
1164556494.849609 1.583413e-01
1164556494.849731 1.758328e-01
1164556494.849854 1.756639e-01
1164556494.849976 1.335516e-01
1164556494.850098 4.388974e-02
1164556494.850220 -5.800172e-02
1164556494.850342 -1.186713e-01
1164556494.850464 -1.192415e-01
1164556494.850586 -1.027410e-01
1164556494.850708 -9.837585e-02
1164556494.850830 -1.200580e-01
1164556494.850952 -1.276930e-01
1164556494.851074 -7.840168e-02
1164556494.851196 1.978336e-02
1164556494.851318 1.272878e-01
1164556494.851440 1.913338e-01
1164556494.851562 1.812501e-01
1164556494.851685 1.198817e-01
1164556494.851807 4.945775e-02
1164556494.851929 -7.520252e-03
1164556494.852051 -4.162221e-02
1164556494.852173 -6.911958e-02
1164556494.852295 -8.631062e-02
1164556494.852417 -6.566002e-02
1164556494.852539 -1.795200e-02
1164556494.852661 -2.327068e-03
1164556494.852783 -4.884376e-02
1164556494.852905 -9.828386e-02
1164556494.853027 -9.657349e-02
1164556494.853149 -4.069060e-02
1164556494.853271 3.801733e-02
1164556494.853394 1.064631e-01
1164556494.853516 1.257888e-01
1164556494.853638 9.665655e-02
1164556494.853760 5.632435e-02
1164556494.853882 4.710369e-02
1164556494.854004 5.916938e-02
1164556494.854126 4.389327e-02
1164556494.854248 -2.436865e-03
1164556494.854370 -5.190441e-02
1164556494.854492 -9.295403e-02
1164556494.854614 -1.256066e-01
1164556494.854736 -1.642814e-01
1164556494.854858 -1.719613e-01
1164556494.854980 -1.163717e-01
1164556494.855103 -5.104770e-03
1164556494.855225 1.136487e-01
1164556494.855347 1.959582e-01
1164556494.855469 2.098297e-01
1164556494.855591 1.583645e-01
1164556494.855713 7.274529e-02
1164556494.855835 8.520469e-03
1164556494.855957 -8.780190e-03
1164556494.856079 -1.832766e-02
1164556494.856201 -5.851011e-02
1164556494.856323 -1.161215e-01
1164556494.856445 -1.383141e-01
1164556494.856567 -1.102651e-01
1164556494.856689 -7.493054e-02
1164556494.856812 -5.901470e-02
1164556494.856934 -4.168056e-02
1164556494.857056 -4.012896e-03
1164556494.857178 5.218893e-02
1164556494.857300 1.138708e-01
1164556494.857422 1.512288e-01
1164556494.857544 1.484198e-01
1164556494.857666 1.048647e-01
1164556494.857788 6.194496e-02
1164556494.857910 3.595251e-02
1164556494.858032 1.668390e-02
1164556494.858154 -4.046553e-02
1164556494.858276 -1.358078e-01
1164556494.858398 -1.962320e-01
1164556494.858521 -1.769288e-01
1164556494.858643 -1.277660e-01
1164556494.858765 -8.910062e-02
1164556494.858887 -4.024797e-02
1164556494.859009 2.799231e-02
1164556494.859131 9.460095e-02
1164556494.859253 1.599901e-01
1164556494.859375 2.152810e-01
1164556494.859497 2.304698e-01
1164556494.859619 1.782643e-01
1164556494.859741 6.905598e-02
1164556494.859863 -4.833946e-02
1164556494.859985 -1.206939e-01
1164556494.860107 -1.687618e-01
1164556494.860229 -2.130887e-01
1164556494.860352 -2.174291e-01
1164556494.860474 -1.405146e-01
1164556494.860596 -3.909197e-02
1164556494.860718 2.244336e-02
1164556494.860840 3.955195e-02
1164556494.860962 6.258079e-02
1164556494.861084 1.039035e-01
1164556494.861206 1.497448e-01
1164556494.861328 1.854946e-01
1164556494.861450 1.858986e-01
1164556494.861572 1.390460e-01
1164556494.861694 5.217589e-02
1164556494.861816 -6.743494e-02
1164556494.861938 -1.833194e-01
1164556494.862061 -2.307603e-01
1164556494.862183 -2.020957e-01
1164556494.862305 -1.400469e-01
1164556494.862427 -7.033396e-02
1164556494.862549 -1.535480e-03
1164556494.862671 4.825647e-02
1164556494.862793 4.804509e-02
1164556494.862915 4.037876e-02
1164556494.863037 7.085782e-02
1164556494.863159 1.330617e-01
1164556494.863281 1.906845e-01
1164556494.863403 1.978558e-01
1164556494.863525 1.340536e-01
1164556494.863647 2.611697e-02
1164556494.863770 -9.161660e-02
1164556494.863892 -1.963534e-01
1164556494.864014 -2.442573e-01
1164556494.864136 -2.108092e-01
1164556494.864258 -1.200905e-01
1164556494.864380 -1.941977e-02
1164556494.864502 4.281136e-02
1164556494.864624 5.218034e-02
1164556494.864746 2.537984e-02
1164556494.864868 1.907208e-02
1164556494.864990 5.341703e-02
1164556494.865112 1.203944e-01
1164556494.865234 1.972959e-01
1164556494.865356 2.301698e-01
1164556494.865479 1.612727e-01
1164556494.865601 1.138310e-02
1164556494.865723 -1.215182e-01
1164556494.865845 -1.995453e-01
1164556494.865967 -2.428928e-01
1164556494.866089 -2.321673e-01
1164556494.866211 -1.334647e-01
1164556494.866333 -8.629766e-03
1164556494.866455 4.936872e-02
1164556494.866577 4.140723e-02
1164556494.866699 8.868941e-03
1164556494.866821 1.689127e-02
1164556494.866943 8.692485e-02
1164556494.867065 1.850867e-01
1164556494.867188 2.404601e-01
1164556494.867310 2.205154e-01
1164556494.867432 1.366873e-01
1164556494.867554 -6.389101e-05
1164556494.867676 -1.487135e-01
1164556494.867798 -2.362391e-01
1164556494.867920 -2.445942e-01
1164556494.868042 -2.241565e-01
1164556494.868164 -1.921945e-01
1164556494.868286 -9.616076e-02
1164556494.868408 3.650162e-02
1164556494.868530 1.025638e-01
1164556494.868652 9.510997e-02
1164556494.868774 1.156745e-01
1164556494.868896 1.827435e-01
1164556494.869019 2.343589e-01
1164556494.869141 2.079870e-01
1164556494.869263 1.285616e-01
1164556494.869385 2.163953e-02
1164556494.869507 -9.787364e-02
1164556494.869629 -1.872877e-01
1164556494.869751 -2.201539e-01
1164556494.869873 -2.063253e-01
1164556494.869995 -1.797797e-01
1164556494.870117 -1.399169e-01
1164556494.870239 -6.761455e-02
1164556494.870361 3.278606e-02
1164556494.870483 1.209458e-01
1164556494.870605 1.448281e-01
1164556494.870728 1.267431e-01
1164556494.870850 1.269097e-01
1164556494.870972 1.672893e-01
1164556494.871094 1.745307e-01
1164556494.871216 1.205670e-01
1164556494.871338 3.970869e-02
1164556494.871460 -4.193394e-02
1164556494.871582 -1.286788e-01
1164556494.871704 -2.072927e-01
1164556494.871826 -2.458203e-01
1164556494.871948 -2.345481e-01
1164556494.872070 -1.812129e-01
1164556494.872192 -1.115076e-01
1164556494.872314 -8.932890e-04
1164556494.872437 1.416144e-01
1164556494.872559 2.329047e-01
1164556494.872681 2.151973e-01
1164556494.872803 1.504442e-01
1164556494.872925 1.444201e-01
1164556494.873047 1.607255e-01
1164556494.873169 1.317964e-01
1164556494.873291 5.277388e-02
1164556494.873413 -3.111073e-02
1164556494.873535 -1.455127e-01
1164556494.873657 -2.690778e-01
1164556494.873779 -3.286353e-01
1164556494.873901 -3.190433e-01
1164556494.874023 -2.509396e-01
1164556494.874146 -1.040500e-01
1164556494.874268 1.038120e-01
1164556494.874390 2.709950e-01
1164556494.874512 3.298962e-01
1164556494.874634 2.936798e-01
1164556494.874756 1.948513e-01
1164556494.874878 8.933752e-02
1164556494.875000 3.900576e-02
1164556494.875122 4.442363e-02
1164556494.875244 2.639532e-02
1164556494.875366 -3.694101e-02
1164556494.875488 -1.427728e-01
1164556494.875610 -2.621244e-01
1164556494.875732 -3.504890e-01
1164556494.875854 -3.506321e-01
1164556494.875977 -2.394774e-01
1164556494.876099 -4.145382e-02
1164556494.876221 1.682363e-01
1164556494.876343 3.052689e-01
1164556494.876465 3.285638e-01
1164556494.876587 2.538379e-01
1164556494.876709 1.540561e-01
1164556494.876831 1.024796e-01
1164556494.876953 9.306614e-02
1164556494.877075 8.812580e-02
1164556494.877197 3.660919e-02
1164556494.877319 -4.079680e-02
1164556494.877441 -1.507471e-01
1164556494.877563 -3.306569e-01
1164556494.877686 -4.866654e-01
1164556494.877808 -4.514066e-01
1164556494.877930 -2.696574e-01
1164556494.878052 -4.515893e-02
1164556494.878174 2.149293e-01
1164556494.878296 4.352322e-01
1164556494.878418 4.766614e-01
1164556494.878540 3.626796e-01
1164556494.878662 2.493136e-01
1164556494.878784 1.776301e-01
1164556494.878906 7.615437e-02
1164556494.879028 -4.676234e-02
1164556494.879150 -1.354019e-01
1164556494.879272 -2.299651e-01
1164556494.879395 -3.473960e-01
1164556494.879517 -4.057092e-01
1164556494.879639 -4.092381e-01
1164556494.879761 -3.364158e-01
1164556494.879883 -1.389705e-01
1164556494.880005 1.393571e-01
1164556494.880127 3.716230e-01
1164556494.880249 4.747405e-01
1164556494.880371 4.590187e-01
1164556494.880493 3.461411e-01
1164556494.880615 1.618386e-01
1164556494.880737 2.579834e-02
1164556494.880859 1.524724e-02
1164556494.880981 -1.726678e-02
1164556494.881104 -1.849293e-01
1164556494.881226 -3.553770e-01
1164556494.881348 -4.006231e-01
1164556494.881470 -3.521155e-01
1164556494.881592 -3.099580e-01
1164556494.881714 -2.392139e-01
1164556494.881836 -5.113705e-02
1164556494.881958 1.953136e-01
1164556494.882080 3.617506e-01
1164556494.882202 4.479725e-01
1164556494.882324 4.435496e-01
1164556494.882446 3.032532e-01
1164556494.882568 1.254435e-01
1164556494.882690 3.727022e-02
1164556494.882812 1.879823e-02
1164556494.882935 -3.648144e-02
1164556494.883057 -1.925921e-01
1164556494.883179 -3.748879e-01
1164556494.883301 -4.680138e-01
1164556494.883423 -4.207606e-01
1164556494.883545 -2.659047e-01
1164556494.883667 -1.196613e-01
1164556494.883789 -2.452689e-02
1164556494.883911 1.330805e-01
1164556494.884033 3.504556e-01
1164556494.884155 4.833412e-01
1164556494.884277 4.769276e-01
1164556494.884399 3.734480e-01
1164556494.884521 1.995524e-01
1164556494.884644 3.265897e-02
1164556494.884766 -7.355537e-02
1164556494.884888 -1.099268e-01
1164556494.885010 -1.915674e-01
1164556494.885132 -3.845181e-01
1164556494.885254 -5.177154e-01
1164556494.885376 -4.503598e-01
1164556494.885498 -2.818033e-01
1164556494.885620 -1.321527e-01
1164556494.885742 -6.227398e-03
1164556494.885864 1.343737e-01
1164556494.885986 3.109966e-01
1164556494.886108 4.835720e-01
1164556494.886230 6.011178e-01
1164556494.886353 5.485482e-01
1164556494.886475 2.973039e-01
1164556494.886597 4.270245e-02
1164556494.886719 -9.511894e-02
1164556494.886841 -1.758341e-01
1164556494.886963 -2.860438e-01
1164556494.887085 -4.016067e-01
1164556494.887207 -5.324689e-01
1164556494.887329 -5.989870e-01
1164556494.887451 -5.090742e-01
1164556494.887573 -2.917316e-01
1164556494.887695 -4.184638e-02
1164556494.887817 1.917840e-01
1164556494.887939 4.599642e-01
1164556494.888062 7.294810e-01
1164556494.888184 8.995420e-01
1164556494.888306 8.477034e-01
1164556494.888428 5.253517e-01
1164556494.888550 6.684601e-02
1164556494.888672 -2.851329e-01
1164556494.888794 -4.636548e-01
1164556494.888916 -6.075432e-01
1164556494.889038 -7.055122e-01
1164556494.889160 -7.474923e-01
1164556494.889282 -7.358030e-01
1164556494.889404 -6.237673e-01
1164556494.889526 -3.355095e-01
1164556494.889648 1.119902e-01
1164556494.889771 5.811183e-01
1164556494.889893 9.370784e-01
1164556494.890015 1.125031e+00
1164556494.890137 1.147479e+00
1164556494.890259 9.464258e-01
1164556494.890381 5.049832e-01
1164556494.890503 -8.861858e-02
1164556494.890625 -5.839441e-01
1164556494.890747 -8.102674e-01
1164556494.890869 -9.272490e-01
1164556494.890991 -1.047572e+00
1164556494.891113 -1.112879e+00
1164556494.891235 -9.989945e-01
1164556494.891357 -7.047898e-01
1164556494.891479 -2.297433e-01
1164556494.891602 3.877489e-01
1164556494.891724 1.099079e+00
1164556494.891846 1.697590e+00
1164556494.891968 1.906152e+00
1164556494.892090 1.734251e+00
1164556494.892212 1.268679e+00
1164556494.892334 5.442308e-01
1164556494.892456 -4.151537e-01
1164556494.892578 -1.408748e+00
1164556494.892700 -2.124745e+00
1164556494.892822 -2.497278e+00
1164556494.892944 -2.408794e+00
1164556494.893066 -1.680191e+00
1164556494.893188 -5.500379e-01
1164556494.893311 5.931301e-01
1164556494.893433 1.599632e+00
1164556494.893555 2.326609e+00
1164556494.893677 2.656425e+00
1164556494.893799 2.548229e+00
1164556494.893921 1.973627e+00
1164556494.894043 9.212152e-01
1164556494.894165 -4.136722e-01
1164556494.894287 -1.586490e+00
1164556494.894409 -2.382965e+00
1164556494.894531 -2.757361e+00
1164556494.894653 -2.648649e+00
1164556494.894775 -1.993732e+00
1164556494.894897 -1.062513e+00
1164556494.895020 -1.612214e-01
1164556494.895142 8.503637e-01
1164556494.895264 1.915067e+00
1164556494.895386 2.687344e+00
1164556494.895508 2.927758e+00
1164556494.895630 2.694657e+00
1164556494.895752 2.000661e+00
1164556494.895874 9.152259e-01
1164556494.895996 -4.516548e-01
1164556494.896118 -1.930438e+00
1164556494.896240 -3.051834e+00
1164556494.896362 -3.519208e+00
1164556494.896484 -3.257278e+00
1164556494.896606 -2.382819e+00
1164556494.896729 -1.024231e+00
1164556494.896851 4.779118e-01
1164556494.896973 1.717009e+00
1164556494.897095 2.675926e+00
1164556494.897217 3.393841e+00
1164556494.897339 3.555341e+00
1164556494.897461 2.852004e+00
1164556494.897583 1.636018e+00
1164556494.897705 1.994579e-01
1164556494.897827 -1.307172e+00
1164556494.897949 -2.615941e+00
1164556494.898071 -3.482233e+00
1164556494.898193 -3.827197e+00
1164556494.898315 -3.528282e+00
1164556494.898438 -2.393240e+00
1164556494.898560 -6.892911e-01
1164556494.898682 1.122360e+00
1164556494.898804 2.666485e+00
1164556494.898926 3.687180e+00
1164556494.899048 3.960069e+00
1164556494.899170 3.631975e+00
1164556494.899292 2.905312e+00
1164556494.899414 1.507560e+00
1164556494.899536 -5.089293e-01
1164556494.899658 -2.515036e+00
1164556494.899780 -3.824973e+00
1164556494.899902 -4.423635e+00
1164556494.900024 -4.393746e+00
1164556494.900146 -3.587035e+00
1164556494.900269 -1.994556e+00
1164556494.900391 1.263231e-01
1164556494.900513 2.376617e+00
1164556494.900635 4.443956e+00
1164556494.900757 5.700045e+00
1164556494.900879 5.538802e+00
1164556494.901001 3.913919e+00
1164556494.901123 1.548420e+00
1164556494.901245 -8.722835e-01
1164556494.901367 -3.240241e+00
1164556494.901489 -5.248456e+00
1164556494.901611 -6.199921e+00
1164556494.901733 -5.592944e+00
1164556494.901855 -3.610128e+00
1164556494.901978 -7.340718e-01
1164556494.902100 2.240361e+00
1164556494.902222 4.551258e+00
1164556494.902344 5.833073e+00
1164556494.902466 5.909464e+00
1164556494.902588 4.703525e+00
1164556494.902710 2.338577e+00
1164556494.902832 -6.453924e-01
1164556494.902954 -3.709837e+00
1164556494.903076 -5.975095e+00
1164556494.903198 -6.400810e+00
1164556494.903320 -4.758582e+00
1164556494.903442 -2.077302e+00
1164556494.903564 6.773460e-01
1164556494.903687 3.304290e+00
1164556494.903809 5.199527e+00
1164556494.903931 5.598218e+00
1164556494.904053 4.151350e+00
1164556494.904175 1.383424e+00
1164556494.904297 -1.681376e+00
1164556494.904419 -4.058750e+00
1164556494.904541 -4.992250e+00
1164556494.904663 -4.129550e+00
1164556494.904785 -1.739477e+00
1164556494.904907 9.999009e-01
1164556494.905029 3.088320e+00
1164556494.905151 4.194002e+00
1164556494.905273 4.189900e+00
1164556494.905396 2.500797e+00
1164556494.905518 -8.551386e-01
1164556494.905640 -4.141287e+00
1164556494.905762 -5.538214e+00
1164556494.905884 -4.505609e+00
1164556494.906006 -1.407170e+00
1164556494.906128 2.576766e+00
1164556494.906250 5.365753e+00
1164556494.906372 5.527633e+00
1164556494.906494 3.042112e+00
1164556494.906616 -1.090767e+00
1164556494.906738 -4.589761e+00
1164556494.906860 -4.900130e+00
1164556494.906982 -1.518965e+00
1164556494.907104 2.621882e+00
1164556494.907227 3.647490e+00
1164556494.907349 2.796125e-01
1164556494.907471 -3.379793e+00
1164556494.907593 -1.611711e+00
1164556494.907715 1.795114e+00
1164556494.907837 5.638100e-01
1164556494.907959 1.819156e-01
1164556494.908081 3.338883e-01
1164556494.908203 2.576799e-01
1164556494.908325 2.132537e-01
1164556494.908447 8.098076e-02
1164556494.908569 -9.178893e-03
1164556494.908691 2.353915e-01
1164556494.908813 1.956752e-01
1164556494.908936 -2.447955e-01
1164556494.909058 -6.771243e-01
1164556494.909180 -7.335931e-01
1164556494.909302 -4.284665e-01
1164556494.909424 1.651462e-01
1164556494.909546 4.688165e-01
1164556494.909668 6.074934e-02
1164556494.909790 -2.722523e-01
1164556494.909912 4.802883e-02
1164556494.910034 3.992014e-01
1164556494.910156 2.936965e-01
1164556494.910278 1.550827e-01
1164556494.910400 1.621387e-01
1164556494.910522 1.879115e-01
1164556494.910645 1.281430e-01
1164556494.910767 7.821123e-02
1164556494.910889 -2.394439e-02
1164556494.911011 -3.726203e-01
1164556494.911133 -7.057081e-01
1164556494.911255 -6.175993e-01
1164556494.911377 -7.015743e-02
1164556494.911499 3.460628e-01
1164556494.911621 2.021179e-01
1164556494.911743 -1.389507e-01
1164556494.911865 -5.597375e-02
1164556494.911987 3.242803e-01
1164556494.912109 3.762447e-01
1164556494.912231 2.757287e-01
1164556494.912354 1.996476e-01
1164556494.912476 1.037837e-01
1164556494.912598 1.447702e-02
1164556494.912720 4.154797e-02
1164556494.912842 2.964951e-03
1164556494.912964 -2.906695e-01
1164556494.913086 -5.813798e-01
1164556494.913208 -6.037892e-01
1164556494.913330 -2.931548e-01
1164556494.913452 1.145068e-01
1164556494.913574 3.150449e-01
1164556494.913696 1.472272e-01
1164556494.913818 -2.850897e-02
1164556494.913940 1.894703e-01
1164556494.914062 4.719505e-01
1164556494.914185 4.201896e-01
1164556494.914307 1.543932e-01
1164556494.914429 2.958636e-02
1164556494.914551 -3.389959e-02
1164556494.914673 -1.070308e-01
1164556494.914795 -1.746821e-01
1164556494.914917 -2.340853e-01
1164556494.915039 -3.893820e-01
1164556494.915161 -5.799635e-01
1164556494.915283 -4.336521e-01
1164556494.915405 5.261861e-02
1164556494.915527 4.308414e-01
1164556494.915649 3.578951e-01
1164556494.915771 1.790786e-01
1164556494.915894 2.161212e-01
1164556494.916016 2.860136e-01
1164556494.916138 2.369614e-01
1164556494.916260 1.376041e-01
1164556494.916382 6.632274e-02
1164556494.916504 -1.068822e-01
1164556494.916626 -1.947766e-01
1164556494.916748 -1.827431e-01
1164556494.916870 -2.629048e-01
1164556494.916992 -4.322779e-01
1164556494.917114 -4.696158e-01
1164556494.917236 -2.863016e-01
1164556494.917358 2.094895e-02
1164556494.917480 4.011361e-01
1164556494.917603 5.936890e-01
1164556494.917725 4.283702e-01
1164556494.917847 1.493503e-01
1164556494.917969 8.588611e-02
1164556494.918091 8.137250e-02
1164556494.918213 -4.350959e-02
1164556494.918335 -7.074851e-02
1164556494.918457 -5.562592e-02
1164556494.918579 -1.330135e-01
1164556494.918701 -2.563372e-01
1164556494.918823 -2.700478e-01
1164556494.918945 -2.747090e-01
1164556494.919067 -2.807859e-01
1164556494.919189 -1.641195e-01
1164556494.919312 1.223745e-01
1164556494.919434 4.152823e-01
1164556494.919556 4.805637e-01
1164556494.919678 3.335953e-01
1164556494.919800 7.205983e-02
1164556494.919922 -5.324936e-02
1164556494.920044 -4.688981e-02
1164556494.920166 -7.524894e-02
1164556494.920288 -5.552441e-02
1164556494.920410 4.489468e-02
1164556494.920532 1.447087e-02
1164556494.920654 -2.084404e-01
1164556494.920776 -3.040266e-01
1164556494.920898 -2.697305e-01
1164556494.921021 -2.093519e-01
1164556494.921143 -9.506721e-02
1164556494.921265 1.356955e-01
1164556494.921387 3.522857e-01
1164556494.921509 3.669200e-01
1164556494.921631 2.385949e-01
1164556494.921753 6.995167e-02
1164556494.921875 -4.146024e-02
1164556494.921997 -4.283896e-02
1164556494.922119 1.029794e-02
1164556494.922241 -1.202706e-02
1164556494.922363 -3.734681e-02
1164556494.922485 -1.406242e-02
1164556494.922607 -1.468791e-01
1164556494.922729 -3.418782e-01
1164556494.922852 -3.496424e-01
1164556494.922974 -1.424157e-01
1164556494.923096 8.004409e-02
1164556494.923218 2.274497e-01
1164556494.923340 2.951390e-01
1164556494.923462 2.842851e-01
1164556494.923584 1.477442e-01
1164556494.923706 -3.088906e-02
1164556494.923828 -6.014526e-02
1164556494.923950 8.677621e-03
1164556494.924072 5.455670e-02
1164556494.924194 2.133652e-02
1164556494.924316 -3.724150e-02
1164556494.924438 -5.458350e-02
1164556494.924561 -1.196799e-01
1164556494.924683 -2.523538e-01
1164556494.924805 -3.182790e-01
1164556494.924927 -1.835124e-01
1164556494.925049 3.589015e-02
1164556494.925171 2.174783e-01
1164556494.925293 2.622744e-01
1164556494.925415 1.982772e-01
1164556494.925537 1.207249e-01
1164556494.925659 7.102034e-02
1164556494.925781 6.373316e-02
1164556494.925903 6.646088e-02
1164556494.926025 5.260791e-02
1164556494.926147 -2.822727e-02
1164556494.926270 -1.471320e-01
1164556494.926392 -1.953045e-01
1164556494.926514 -1.555380e-01
1164556494.926636 -1.510985e-01
1164556494.926758 -2.077167e-01
1164556494.926880 -1.673984e-01
1164556494.927002 -1.964972e-02
1164556494.927124 1.804834e-01
1164556494.927246 3.141960e-01
1164556494.927368 2.996849e-01
1164556494.927490 1.723152e-01
1164556494.927612 7.137839e-02
1164556494.927734 3.890128e-02
1164556494.927856 1.044165e-02
1164556494.927979 -4.562948e-02
1164556494.928101 -1.322299e-01
1164556494.928223 -2.095733e-01
1164556494.928345 -2.265970e-01
1164556494.928467 -1.352940e-01
1164556494.928589 -2.424509e-02
1164556494.928711 -2.721237e-02
1164556494.928833 -5.807701e-02
1164556494.928955 -1.290813e-02
1164556494.929077 1.055990e-01
1164556494.929199 2.192427e-01
1164556494.929321 2.802546e-01
1164556494.929443 1.960656e-01
1164556494.929565 2.148380e-02
1164556494.929688 -7.785633e-02
1164556494.929810 -5.358721e-02
1164556494.929932 -2.056215e-02
1164556494.930054 -8.033276e-02
1164556494.930176 -1.414544e-01
1164556494.930298 -1.118798e-01
1164556494.930420 -7.186570e-02
1164556494.930542 -6.417889e-02
1164556494.930664 -5.600646e-02
1164556494.930786 -6.329406e-02
1164556494.930908 -7.001347e-02
1164556494.931030 1.826995e-03
1164556494.931152 1.697338e-01
1164556494.931274 3.262511e-01
1164556494.931396 2.864469e-01
1164556494.931519 1.021051e-01
1164556494.931641 -4.395337e-02
1164556494.931763 -9.132986e-02
1164556494.931885 -8.799831e-02
1164556494.932007 -7.420895e-02
1164556494.932129 -1.087424e-01
1164556494.932251 -1.564092e-01
1164556494.932373 -1.534325e-01
1164556494.932495 -1.175654e-01
1164556494.932617 -8.809081e-02
1164556494.932739 -4.206447e-02
1164556494.932861 5.320650e-02
1164556494.932983 1.786404e-01
1164556494.933105 2.571804e-01
1164556494.933228 2.840297e-01
1164556494.933350 2.437112e-01
1164556494.933472 5.458122e-02
1164556494.933594 -1.868637e-01
1164556494.933716 -2.521250e-01
1164556494.933838 -1.370941e-01
1164556494.933960 -2.289239e-02
1164556494.934082 -1.851898e-02
1164556494.934204 -5.333770e-02
1164556494.934326 -6.146845e-02
1164556494.934448 -8.023274e-02
1164556494.934570 -1.281697e-01
1164556494.934692 -8.139223e-02
1164556494.934814 5.659851e-02
1164556494.934937 1.706005e-01
1164556494.935059 2.338603e-01
1164556494.935181 2.560544e-01
1164556494.935303 1.889678e-01
1164556494.935425 2.754096e-02
1164556494.935547 -1.314329e-01
1164556494.935669 -1.908140e-01
1164556494.935791 -1.532545e-01
1164556494.935913 -7.363973e-02
1164556494.936035 6.347189e-03
1164556494.936157 7.888432e-03
1164556494.936279 -9.572940e-02
1164556494.936401 -1.489055e-01
1164556494.936523 -1.127939e-01
1164556494.936646 -5.062090e-02
1164556494.936768 4.717608e-02
1164556494.936890 2.046428e-01
1164556494.937012 3.087163e-01
1164556494.937134 2.603082e-01
1164556494.937256 1.307865e-01
1164556494.937378 1.173682e-02
1164556494.937500 -1.197125e-01
1164556494.937622 -2.295591e-01
1164556494.937744 -1.995488e-01
1164556494.937866 -8.095507e-02
1164556494.937988 -2.744808e-02
1164556494.938110 -3.670971e-02
1164556494.938232 -5.811559e-02
1164556494.938354 -7.155572e-02
1164556494.938477 -5.405032e-02
1164556494.938599 1.764255e-02
1164556494.938721 1.148753e-01
1164556494.938843 2.094662e-01
1164556494.938965 2.375931e-01
1164556494.939087 1.857454e-01
1164556494.939209 6.796197e-02
1164556494.939331 -6.781656e-02
1164556494.939453 -1.613855e-01
1164556494.939575 -1.787524e-01
1164556494.939697 -1.364731e-01
1164556494.939819 -8.220045e-02
1164556494.939941 -4.776141e-02
1164556494.940063 -2.044279e-02
1164556494.940186 5.075235e-03
1164556494.940308 1.558390e-02
1164556494.940430 1.358214e-02
1164556494.940552 3.309106e-02
1164556494.940674 5.378334e-02
1164556494.940796 8.555816e-02
1164556494.940918 1.249404e-01
1164556494.941040 1.299668e-01
1164556494.941162 6.411269e-02
1164556494.941284 -1.649892e-02
1164556494.941406 -6.661738e-02
1164556494.941528 -9.542417e-02
1164556494.941650 -1.015026e-01
1164556494.941772 -7.954717e-02
1164556494.941895 -6.929842e-02
1164556494.942017 -8.753457e-02
1164556494.942139 -5.545629e-02
1164556494.942261 2.816165e-02
1164556494.942383 6.297557e-02
1164556494.942505 3.877565e-02
1164556494.942627 2.975486e-02
1164556494.942749 7.890038e-02
1164556494.942871 1.143336e-01
1164556494.942993 1.103124e-01
1164556494.943115 7.676325e-02
1164556494.943237 3.507218e-02
1164556494.943359 -2.918483e-02
1164556494.943481 -9.683947e-02
1164556494.943604 -1.252353e-01
1164556494.943726 -1.132852e-01
1164556494.943848 -8.760118e-02
1164556494.943970 -7.982668e-02
1164556494.944092 -5.806983e-02
1164556494.944214 4.779963e-03
1164556494.944336 6.306185e-02
1164556494.944458 6.125398e-02
1164556494.944580 3.460791e-02
1164556494.944702 5.367249e-02
1164556494.944824 1.122492e-01
1164556494.944946 1.666070e-01
1164556494.945068 1.585861e-01
1164556494.945190 8.072685e-02
1164556494.945312 -4.438467e-02
1164556494.945435 -1.586938e-01
1164556494.945557 -2.255910e-01
1164556494.945679 -2.159889e-01
1164556494.945801 -1.371647e-01
1164556494.945923 -4.259505e-02
1164556494.946045 2.040589e-02
1164556494.946167 5.815952e-02
1164556494.946289 1.013335e-01
1164556494.946411 1.115435e-01
1164556494.946533 6.567848e-02
1164556494.946655 4.129529e-02
1164556494.946777 9.937627e-02
1164556494.946899 1.788273e-01
1164556494.947021 1.493675e-01
1164556494.947144 2.523243e-02
1164556494.947266 -1.127013e-01
1164556494.947388 -2.228325e-01
1164556494.947510 -2.787988e-01
1164556494.947632 -2.287024e-01
1164556494.947754 -9.403976e-02
1164556494.947876 3.890665e-02
1164556494.947998 1.075906e-01
1164556494.948120 1.275487e-01
1164556494.948242 1.191960e-01
1164556494.948364 9.017546e-02
1164556494.948486 6.125043e-02
1164556494.948608 4.950582e-02
1164556494.948730 6.026845e-02
1164556494.948853 8.602578e-02
1164556494.948975 8.081209e-02
1164556494.949097 -1.952093e-03
1164556494.949219 -1.400460e-01
1164556494.949341 -2.141539e-01
1164556494.949463 -1.963250e-01
1164556494.949585 -1.369538e-01
1164556494.949707 -6.133573e-02
1164556494.949829 3.068774e-02
1164556494.949951 9.832668e-02
1164556494.950073 1.088357e-01
1164556494.950195 9.221581e-02
1164556494.950317 8.064935e-02
1164556494.950439 7.746840e-02
1164556494.950562 7.891952e-02
1164556494.950684 8.507413e-02
1164556494.950806 7.527579e-02
1164556494.950928 2.372312e-02
1164556494.951050 -6.227069e-02
1164556494.951172 -1.619290e-01
1164556494.951294 -2.235354e-01
1164556494.951416 -2.109223e-01
1164556494.951538 -1.234067e-01
1164556494.951660 -1.435251e-02
1164556494.951782 7.781396e-02
1164556494.951904 1.416911e-01
1164556494.952026 1.666572e-01
1164556494.952148 1.506663e-01
1164556494.952271 1.020145e-01
1164556494.952393 4.042932e-02
1164556494.952515 3.259232e-03
1164556494.952637 -7.394408e-03
1164556494.952759 -3.599255e-02
1164556494.952881 -8.129892e-02
1164556494.953003 -1.006014e-01
1164556494.953125 -9.916403e-02
1164556494.953247 -8.452381e-02
1164556494.953369 -5.492084e-02
1164556494.953491 8.382752e-05
1164556494.953613 4.563469e-02
1164556494.953735 5.320087e-02
1164556494.953857 4.178858e-02
1164556494.953979 3.533999e-02
1164556494.954102 4.044888e-02
1164556494.954224 4.935507e-02
1164556494.954346 3.681220e-02
1164556494.954468 1.185578e-02
1164556494.954590 1.944582e-02
1164556494.954712 4.718477e-02
1164556494.954834 3.007864e-02
1164556494.954956 -3.783043e-02
1164556494.955078 -9.536875e-02
1164556494.955200 -9.759334e-02
1164556494.955322 -8.456872e-02
1164556494.955444 -7.686997e-02
1164556494.955566 -6.191726e-02
1164556494.955688 -2.140752e-02
1164556494.955811 3.205890e-02
1164556494.955933 9.416306e-02
1164556494.956055 1.424750e-01
1164556494.956177 1.578685e-01
1164556494.956299 1.144296e-01
1164556494.956421 1.996580e-02
1164556494.956543 -6.084005e-02
1164556494.956665 -6.898034e-02
1164556494.956787 -5.264523e-02
1164556494.956909 -6.678818e-02
1164556494.957031 -8.588063e-02
1164556494.957153 -6.983946e-02
1164556494.957275 -3.719354e-02
1164556494.957397 -1.314469e-02
1164556494.957520 -2.318235e-03
1164556494.957642 1.108090e-03
1164556494.957764 1.481354e-02
1164556494.957886 5.474937e-02
1164556494.958008 1.007189e-01
1164556494.958130 1.254704e-01
1164556494.958252 8.868735e-02
1164556494.958374 8.208018e-03
1164556494.958496 -5.945935e-02
1164556494.958618 -5.634996e-02
1164556494.958740 -1.385155e-02
1164556494.958862 -3.780386e-04
1164556494.958984 -3.243651e-02
1164556494.959106 -7.492234e-02
1164556494.959229 -1.012072e-01
1164556494.959351 -1.010586e-01
1164556494.959473 -7.284335e-02
1164556494.959595 -1.464576e-02
1164556494.959717 6.272042e-02
1164556494.959839 1.277640e-01
1164556494.959961 1.650199e-01
1164556494.960083 1.651768e-01
1164556494.960205 1.150252e-01
1164556494.960327 1.981690e-02
1164556494.960449 -8.194909e-02
1164556494.960571 -1.263093e-01
1164556494.960693 -1.041415e-01
1164556494.960815 -6.774401e-02
1164556494.960938 -6.674182e-02
1164556494.961060 -8.340507e-02
1164556494.961182 -8.133017e-02
1164556494.961304 -2.819558e-02
1164556494.961426 4.274291e-02
1164556494.961548 1.027666e-01
1164556494.961670 1.357982e-01
1164556494.961792 1.259411e-01
1164556494.961914 8.288430e-02
1164556494.962036 3.388789e-02
1164556494.962158 -9.158367e-03
1164556494.962280 -5.422323e-02
1164556494.962402 -1.015459e-01
1164556494.962524 -1.028185e-01
1164556494.962646 -4.168001e-02
1164556494.962769 2.338505e-02
1164556494.962891 2.533414e-02
1164556494.963013 -1.761852e-02
1164556494.963135 -5.614196e-02
1164556494.963257 -5.129704e-02
1164556494.963379 -5.935215e-03
1164556494.963501 5.319639e-02
1164556494.963623 8.157873e-02
1164556494.963745 6.401617e-02
1164556494.963867 3.002112e-02
1164556494.963989 6.494195e-03
1164556494.964111 8.144260e-03
1164556494.964233 1.995308e-02
1164556494.964355 1.218912e-02
1164556494.964478 -1.105595e-02
1164556494.964600 -2.648245e-02
1164556494.964722 -3.479037e-02
1164556494.964844 -4.364330e-02
1164556494.964966 -6.178293e-02
1164556494.965088 -7.830863e-02
1164556494.965210 -5.344745e-02
1164556494.965332 -3.905690e-03
1164556494.965454 3.980322e-02
1164556494.965576 5.772613e-02
1164556494.965698 7.319757e-02
1164556494.965820 8.734308e-02
1164556494.965942 6.594448e-02
1164556494.966064 2.636156e-02
1164556494.966187 4.612269e-03
1164556494.966309 3.366565e-03
1164556494.966431 -1.669568e-02
1164556494.966553 -4.615377e-02
1164556494.966675 -5.733365e-02
1164556494.966797 -6.337260e-02
1164556494.966919 -7.208527e-02
1164556494.967041 -7.903726e-02
1164556494.967163 -5.357296e-02
1164556494.967285 -1.366766e-02
1164556494.967407 3.349651e-02
1164556494.967529 7.379243e-02
1164556494.967651 9.441955e-02
1164556494.967773 9.293695e-02
1164556494.967896 9.117618e-02
1164556494.968018 9.112203e-02
1164556494.968140 6.729387e-02
1164556494.968262 1.783355e-03
1164556494.968384 -7.614662e-02
1164556494.968506 -1.271351e-01
1164556494.968628 -1.486413e-01
1164556494.968750 -1.363931e-01
1164556494.968872 -9.267421e-02
1164556494.968994 -4.150545e-02
1164556494.969116 1.218421e-02
1164556494.969238 5.938555e-02
1164556494.969360 9.607468e-02
1164556494.969482 1.177942e-01
1164556494.969604 1.236148e-01
1164556494.969727 1.161665e-01
1164556494.969849 9.506220e-02
1164556494.969971 4.974402e-02
1164556494.970093 -2.746096e-02
1164556494.970215 -1.086998e-01
1164556494.970337 -1.518161e-01
1164556494.970459 -1.532466e-01
1164556494.970581 -1.249822e-01
1164556494.970703 -7.870973e-02
1164556494.970825 -3.083135e-02
1164556494.970947 1.425770e-02
1164556494.971069 7.101795e-02
1164556494.971191 1.219098e-01
1164556494.971313 1.362944e-01
1164556494.971436 1.127121e-01
1164556494.971558 8.866084e-02
1164556494.971680 6.656954e-02
1164556494.971802 1.876355e-02
1164556494.971924 -4.635790e-02
1164556494.972046 -9.663613e-02
1164556494.972168 -1.323384e-01
1164556494.972290 -1.453966e-01
1164556494.972412 -1.160779e-01
1164556494.972534 -4.869821e-02
1164556494.972656 1.506621e-02
1164556494.972778 5.486577e-02
1164556494.972900 8.418629e-02
1164556494.973022 1.080384e-01
1164556494.973145 9.702102e-02
1164556494.973267 5.255223e-02
1164556494.973389 2.566524e-04
1164556494.973511 -2.375165e-02
1164556494.973633 -1.795678e-02
1164556494.973755 -1.034987e-03
1164556494.973877 3.234193e-03
1164556494.973999 -8.334476e-03
1164556494.974121 -4.429160e-02
1164556494.974243 -7.632056e-02
1164556494.974365 -7.386231e-02
1164556494.974487 -3.440814e-02
1164556494.974609 8.810585e-03
1164556494.974731 2.797352e-02
1164556494.974854 1.828157e-02
1164556494.974976 1.105563e-02
1164556494.975098 2.012779e-02
1164556494.975220 4.663669e-02
1164556494.975342 5.696318e-02
1164556494.975464 5.139881e-02
1164556494.975586 4.055423e-02
1164556494.975708 2.763425e-02
1164556494.975830 -1.966267e-03
1164556494.975952 -4.253716e-02
1164556494.976074 -7.610264e-02
1164556494.976196 -9.151778e-02
1164556494.976318 -8.622670e-02
1164556494.976440 -4.794692e-02
1164556494.976562 9.213139e-03
1164556494.976685 4.513009e-02
1164556494.976807 3.909794e-02
1164556494.976929 2.507676e-02
1164556494.977051 3.003404e-02
1164556494.977173 4.546497e-02
1164556494.977295 5.338676e-02
1164556494.977417 5.535746e-02
1164556494.977539 4.378879e-02
1164556494.977661 8.761056e-03
1164556494.977783 -3.563566e-02
1164556494.977905 -6.374479e-02
1164556494.978027 -8.640830e-02
1164556494.978149 -8.872409e-02
1164556494.978271 -5.959796e-02
1164556494.978394 -1.241781e-02
1164556494.978516 2.944839e-02
1164556494.978638 5.362453e-02
1164556494.978760 5.242360e-02
1164556494.978882 3.446297e-02
1164556494.979004 2.054149e-02
1164556494.979126 2.263362e-02
1164556494.979248 2.025366e-02
1164556494.979370 1.143957e-02
1164556494.979492 9.728540e-04
1164556494.979614 -2.317954e-03
1164556494.979736 -8.564167e-03
1164556494.979858 -1.414915e-02
1164556494.979980 -2.202557e-02
1164556494.980103 -2.308154e-02
1164556494.980225 -3.004926e-02
1164556494.980347 -4.136920e-02
1164556494.980469 -3.935227e-02
1164556494.980591 -1.850001e-02
1164556494.980713 -6.273797e-03
1164556494.980835 1.373115e-02
1164556494.980957 4.666941e-02
1164556494.981079 7.468288e-02
1164556494.981201 7.478310e-02
1164556494.981323 5.030432e-02
1164556494.981445 1.861957e-02
1164556494.981567 -5.157416e-03
1164556494.981689 -2.276420e-02
1164556494.981812 -3.962693e-02
1164556494.981934 -5.574515e-02
1164556494.982056 -6.621540e-02
1164556494.982178 -6.800767e-02
1164556494.982300 -4.737009e-02
1164556494.982422 -4.513312e-03
1164556494.982544 3.435841e-02
1164556494.982666 4.583714e-02
1164556494.982788 5.092079e-02
1164556494.982910 4.684997e-02
1164556494.983032 3.150863e-02
1164556494.983154 1.702922e-02
1164556494.983276 1.201676e-02
1164556494.983398 5.354783e-03
1164556494.983521 3.590299e-03
1164556494.983643 7.982854e-03
1164556494.983765 1.808592e-03
1164556494.983887 -2.876129e-02
1164556494.984009 -5.735834e-02
1164556494.984131 -7.048427e-02
1164556494.984253 -6.001927e-02
1164556494.984375 -3.155420e-02
1164556494.984497 -5.257615e-03
1164556494.984619 8.953340e-03
1164556494.984741 2.832826e-02
1164556494.984863 5.539399e-02
1164556494.984985 8.179487e-02
1164556494.985107 8.433539e-02
1164556494.985229 6.078938e-02
1164556494.985352 2.581780e-02
1164556494.985474 2.530443e-03
1164556494.985596 -1.879784e-02
1164556494.985718 -5.166917e-02
1164556494.985840 -9.791016e-02
1164556494.985962 -1.218075e-01
1164556494.986084 -1.034068e-01
1164556494.986206 -4.845175e-02
1164556494.986328 1.529439e-02
1164556494.986450 6.773178e-02
1164556494.986572 9.241209e-02
1164556494.986694 8.624186e-02
1164556494.986816 6.744041e-02
1164556494.986938 5.402200e-02
1164556494.987061 3.520174e-02
1164556494.987183 9.663273e-03
1164556494.987305 -2.927008e-02
1164556494.987427 -5.689751e-02
1164556494.987549 -6.087443e-02
1164556494.987671 -4.551886e-02
1164556494.987793 -4.421014e-02
1164556494.987915 -5.275086e-02
1164556494.988037 -3.935404e-02
1164556494.988159 6.732918e-03
1164556494.988281 4.576820e-02
1164556494.988403 5.162287e-02
1164556494.988525 3.463358e-02
1164556494.988647 2.046274e-02
1164556494.988770 1.342939e-02
1164556494.988892 1.410062e-02
1164556494.989014 1.778520e-02
1164556494.989136 2.219101e-02
1164556494.989258 1.902959e-02
1164556494.989380 1.546388e-02
1164556494.989502 3.739533e-03
1164556494.989624 -1.962519e-02
1164556494.989746 -4.787884e-02
1164556494.989868 -7.557163e-02
1164556494.989990 -9.114373e-02
1164556494.990112 -7.419721e-02
1164556494.990234 -1.976088e-02
1164556494.990356 3.917781e-02
1164556494.990479 6.873618e-02
1164556494.990601 6.890392e-02
1164556494.990723 6.645802e-02
1164556494.990845 6.924306e-02
1164556494.990967 6.079273e-02
1164556494.991089 3.785354e-02
1164556494.991211 1.199305e-03
1164556494.991333 -3.769615e-02
1164556494.991455 -6.777695e-02
1164556494.991577 -7.173155e-02
1164556494.991699 -7.365185e-02
1164556494.991821 -7.513075e-02
1164556494.991943 -6.904769e-02
1164556494.992065 -4.374255e-02
1164556494.992188 2.703571e-03
1164556494.992310 6.603509e-02
1164556494.992432 1.132355e-01
1164556494.992554 1.249699e-01
1164556494.992676 9.632656e-02
1164556494.992798 4.945071e-02
1164556494.992920 2.169763e-03
1164556494.993042 -3.278990e-02
1164556494.993164 -5.587744e-02
1164556494.993286 -6.694528e-02
1164556494.993408 -7.052976e-02
1164556494.993530 -6.392009e-02
1164556494.993652 -4.571773e-02
1164556494.993774 -2.278617e-02
1164556494.993896 -1.291796e-02
1164556494.994019 -1.434410e-03
1164556494.994141 2.563941e-02
1164556494.994263 5.383147e-02
1164556494.994385 7.232945e-02
1164556494.994507 7.776342e-02
1164556494.994629 6.157136e-02
1164556494.994751 2.777744e-02
1164556494.994873 8.247364e-04
1164556494.994995 -1.331594e-02
1164556494.995117 -3.558408e-02
1164556494.995239 -6.594761e-02
1164556494.995361 -7.846295e-02
1164556494.995483 -5.990725e-02
1164556494.995605 -3.153355e-02
1164556494.995728 -7.869960e-03
1164556494.995850 9.445658e-03
1164556494.995972 2.011561e-02
1164556494.996094 1.941324e-02
1164556494.996216 2.214542e-02
1164556494.996338 3.118980e-02
1164556494.996460 4.943127e-02
1164556494.996582 6.240254e-02
1164556494.996704 5.719586e-02
1164556494.996826 3.438398e-02
1164556494.996948 -2.354305e-03
1164556494.997070 -4.350178e-02
1164556494.997192 -6.859996e-02
1164556494.997314 -7.080346e-02
1164556494.997437 -6.130612e-02
1164556494.997559 -5.045573e-02
1164556494.997681 -3.369495e-02
1164556494.997803 -1.780954e-02
1164556494.997925 2.759027e-03
1164556494.998047 3.150509e-02
1164556494.998169 6.369744e-02
1164556494.998291 9.146802e-02
1164556494.998413 1.046974e-01
1164556494.998535 8.371102e-02
1164556494.998657 3.291291e-02
1164556494.998779 -2.807147e-02
1164556494.998901 -7.390758e-02
1164556494.999023 -9.956800e-02
1164556494.999146 -9.820941e-02
1164556494.999268 -6.670793e-02
1164556494.999390 -1.909321e-02
1164556494.999512 1.443483e-02
1164556494.999634 2.613845e-02
1164556494.999756 1.962702e-02
1164556494.999878 1.632820e-02
1164556495.000000 2.440412e-02
1164556495.000122 4.573860e-02
1164556495.000244 5.123244e-02
1164556495.000366 4.416871e-02
1164556495.000488 3.177313e-02
1164556495.000610 1.484298e-02
1164556495.000732 -1.369279e-02
1164556495.000854 -4.143528e-02
1164556495.000977 -5.691430e-02
1164556495.001099 -5.734560e-02
1164556495.001221 -4.910607e-02
1164556495.001343 -2.683840e-02
1164556495.001465 1.748612e-04
1164556495.001587 1.917236e-02
1164556495.001709 1.713439e-02
1164556495.001831 5.373810e-03
1164556495.001953 5.444112e-03
1164556495.002075 3.022716e-02
1164556495.002197 5.357545e-02
1164556495.002319 5.349548e-02
1164556495.002441 3.420643e-02
1164556495.002563 5.965672e-03
1164556495.002686 -1.898997e-02
1164556495.002808 -2.531908e-02
1164556495.002930 -2.683720e-02
1164556495.003052 -3.336600e-02
1164556495.003174 -4.034639e-02
1164556495.003296 -3.816444e-02
1164556495.003418 -3.091411e-02
1164556495.003540 -1.426295e-02
1164556495.003662 -8.729836e-03
1164556495.003784 -5.433896e-03
1164556495.003906 1.507067e-02
1164556495.004028 5.381326e-02
1164556495.004150 7.995026e-02
1164556495.004272 7.979982e-02
1164556495.004395 5.641857e-02
1164556495.004517 2.362388e-02
1164556495.004639 -8.525787e-03
1164556495.004761 -4.548478e-02
1164556495.004883 -7.911103e-02
1164556495.005005 -8.825708e-02
1164556495.005127 -8.208120e-02
1164556495.005249 -5.268071e-02
1164556495.005371 -7.022209e-03
1164556495.005493 3.641731e-02
1164556495.005615 5.195036e-02
1164556495.005737 4.375354e-02
1164556495.005859 3.440752e-02
1164556495.005981 3.485431e-02
1164556495.006104 4.119647e-02
1164556495.006226 4.162658e-02
1164556495.006348 2.701239e-02
1164556495.006470 1.140926e-02
1164556495.006592 -1.160363e-02
1164556495.006714 -3.656913e-02
1164556495.006836 -6.062463e-02
1164556495.006958 -7.564001e-02
1164556495.007080 -7.643585e-02
1164556495.007202 -5.368570e-02
1164556495.007324 -1.142734e-02
1164556495.007446 3.068285e-02
1164556495.007568 5.621858e-02
1164556495.007690 6.391913e-02
1164556495.007812 4.667094e-02
1164556495.007935 3.366214e-02
1164556495.008057 3.924279e-02
1164556495.008179 4.118011e-02
1164556495.008301 2.453002e-02
1164556495.008423 1.266888e-04
1164556495.008545 -2.701011e-02
1164556495.008667 -5.640029e-02
1164556495.008789 -8.650684e-02
1164556495.008911 -9.616347e-02
1164556495.009033 -6.961665e-02
1164556495.009155 -1.848177e-02
1164556495.009277 3.096586e-02
1164556495.009399 6.061659e-02
1164556495.009521 6.424830e-02
1164556495.009644 5.802677e-02
1164556495.009766 4.757336e-02
1164556495.009888 4.296125e-02
1164556495.010010 3.661181e-02
1164556495.010132 1.877746e-02
1164556495.010254 -1.554815e-02
1164556495.010376 -5.216115e-02
1164556495.010498 -7.339694e-02
1164556495.010620 -7.564536e-02
1164556495.010742 -5.568165e-02
1164556495.010864 -2.453081e-02
1164556495.010986 -2.077892e-03
1164556495.011108 2.291751e-02
1164556495.011230 4.730903e-02
1164556495.011353 5.492959e-02
1164556495.011475 4.314082e-02
1164556495.011597 3.077113e-02
1164556495.011719 1.819835e-02
1164556495.011841 6.418965e-03
1164556495.011963 -1.165517e-02
1164556495.012085 -2.370719e-02
1164556495.012207 -2.900675e-02
1164556495.012329 -2.803996e-02
1164556495.012451 -1.601643e-02
1164556495.012573 2.143592e-03
1164556495.012695 3.453640e-03
1164556495.012817 -7.428294e-03
1164556495.012939 -9.886517e-03
1164556495.013062 -6.345742e-03
1164556495.013184 2.132986e-03
1164556495.013306 1.651381e-02
1164556495.013428 1.715126e-02
1164556495.013550 3.162376e-03
1164556495.013672 -1.171030e-02
1164556495.013794 -5.322297e-03
1164556495.013916 1.511491e-02
1164556495.014038 2.941831e-02
1164556495.014160 2.646909e-02
1164556495.014282 1.854398e-02
1164556495.014404 1.372476e-02
1164556495.014526 -5.574201e-04
1164556495.014648 -2.795195e-02
1164556495.014771 -4.867256e-02
1164556495.014893 -6.038873e-02
1164556495.015015 -5.556412e-02
1164556495.015137 -3.203448e-02
1164556495.015259 2.048486e-03
1164556495.015381 3.554388e-02
1164556495.015503 6.254965e-02
1164556495.015625 6.443665e-02
1164556495.015747 5.248671e-02
1164556495.015869 3.465544e-02
1164556495.015991 8.993063e-03
1164556495.016113 -1.373806e-02
1164556495.016235 -2.068610e-02
1164556495.016357 -2.498840e-02
1164556495.016479 -3.064266e-02
1164556495.016602 -4.669184e-02
1164556495.016724 -5.874410e-02
1164556495.016846 -5.390064e-02
1164556495.016968 -2.726792e-02
1164556495.017090 1.634663e-02
1164556495.017212 5.755289e-02
1164556495.017334 7.688473e-02
1164556495.017456 7.017415e-02
1164556495.017578 3.427491e-02
1164556495.017700 -4.431261e-03
1164556495.017822 -2.557320e-02
1164556495.017944 -2.141242e-02
1164556495.018066 -9.493265e-03
1164556495.018188 -4.544064e-03
1164556495.018311 -7.267299e-03
1164556495.018433 -1.015544e-02
1164556495.018555 -1.758044e-02
1164556495.018677 -2.632661e-02
1164556495.018799 -3.116217e-02
1164556495.018921 -2.632125e-02
1164556495.019043 -1.689936e-02
1164556495.019165 7.232859e-03
1164556495.019287 3.745676e-02
1164556495.019409 4.617802e-02
1164556495.019531 3.495039e-02
1164556495.019653 2.539375e-02
1164556495.019775 1.936017e-02
1164556495.019897 2.074470e-02
1164556495.020020 2.022111e-02
1164556495.020142 5.654804e-03
1164556495.020264 -2.019791e-02
1164556495.020386 -4.377198e-02
1164556495.020508 -5.931529e-02
1164556495.020630 -6.335488e-02
1164556495.020752 -5.744631e-02
1164556495.020874 -4.424455e-02
1164556495.020996 -1.513371e-02
1164556495.021118 3.145519e-02
1164556495.021240 7.189233e-02
1164556495.021362 9.633622e-02
1164556495.021484 9.580926e-02
1164556495.021606 6.782209e-02
1164556495.021729 2.522917e-02
1164556495.021851 -4.710115e-03
1164556495.021973 -3.143438e-02
1164556495.022095 -6.560265e-02
1164556495.022217 -9.818481e-02
1164556495.022339 -1.024571e-01
1164556495.022461 -7.568753e-02
1164556495.022583 -3.335724e-02
1164556495.022705 5.868446e-03
1164556495.022827 4.346617e-02
1164556495.022949 7.490405e-02
1164556495.023071 8.931862e-02
1164556495.023193 8.187351e-02
1164556495.023315 6.266685e-02
1164556495.023438 3.446470e-02
1164556495.023560 2.066384e-03
1164556495.023682 -3.174875e-02
1164556495.023804 -5.722481e-02
1164556495.023926 -7.091019e-02
1164556495.024048 -7.347361e-02
1164556495.024170 -6.287982e-02
1164556495.024292 -3.972435e-02
1164556495.024414 -7.882802e-03
1164556495.024536 2.591554e-02
1164556495.024658 4.381377e-02
1164556495.024780 4.646974e-02
1164556495.024902 4.597893e-02
1164556495.025024 5.298894e-02
1164556495.025146 5.573797e-02
1164556495.025269 3.883381e-02
1164556495.025391 1.697336e-03
1164556495.025513 -3.509880e-02
1164556495.025635 -5.679360e-02
1164556495.025757 -5.821504e-02
1164556495.025879 -5.402262e-02
1164556495.026001 -4.529944e-02
1164556495.026123 -2.564921e-02
1164556495.026245 6.525850e-03
1164556495.026367 3.596677e-02
1164556495.026489 4.781517e-02
1164556495.026611 3.516410e-02
1164556495.026733 1.897779e-02
1164556495.026855 1.195784e-02
1164556495.026978 1.747453e-02
1164556495.027100 2.175783e-02
1164556495.027222 1.110391e-02
1164556495.027344 -9.204608e-03
1164556495.027466 -2.479829e-02
1164556495.027588 -4.083013e-02
1164556495.027710 -4.168963e-02
1164556495.027832 -2.658329e-02
1164556495.027954 -7.893827e-03
1164556495.028076 1.186981e-03
1164556495.028198 1.397038e-02
1164556495.028320 3.257207e-02
1164556495.028442 3.858186e-02
1164556495.028564 2.443918e-02
1164556495.028687 -3.342672e-03
1164556495.028809 -2.265690e-02
1164556495.028931 -1.973671e-02
1164556495.029053 -8.777228e-03
1164556495.029175 4.327159e-03
1164556495.029297 1.250271e-02
1164556495.029419 1.668948e-02
1164556495.029541 7.351116e-03
1164556495.029663 -3.144919e-03
1164556495.029785 -9.974527e-03
1164556495.029907 -1.287674e-02
1164556495.030029 -9.749760e-03
1164556495.030151 -8.627858e-03
1164556495.030273 -8.618196e-03
1164556495.030396 -2.875786e-03
1164556495.030518 3.919727e-04
1164556495.030640 -4.977998e-04
1164556495.030762 -1.777877e-03
1164556495.030884 6.091169e-03
1164556495.031006 1.694072e-02
1164556495.031128 2.205763e-02
1164556495.031250 2.037265e-02
1164556495.031372 1.359391e-02
1164556495.031494 2.142318e-03
1164556495.031616 -3.602402e-03
1164556495.031738 -7.921593e-03
1164556495.031860 -1.745720e-02
1164556495.031982 -2.744277e-02
1164556495.032104 -2.526358e-02
1164556495.032227 -2.140273e-02
1164556495.032349 -1.983659e-02
1164556495.032471 -1.021061e-02
1164556495.032593 4.461148e-03
1164556495.032715 2.134244e-02
1164556495.032837 3.756647e-02
1164556495.032959 4.769309e-02
1164556495.033081 5.067629e-02
1164556495.033203 3.790375e-02
1164556495.033325 2.931053e-03
1164556495.033447 -3.079770e-02
1164556495.033569 -4.886454e-02
1164556495.033691 -5.531333e-02
1164556495.033813 -4.822689e-02
1164556495.033936 -2.971776e-02
1164556495.034058 -7.225353e-03
1164556495.034180 1.129093e-02
1164556495.034302 2.638514e-02
1164556495.034424 2.955863e-02
1164556495.034546 2.456329e-02
1164556495.034668 2.351869e-02
1164556495.034790 2.897527e-02
1164556495.034912 2.873644e-02
1164556495.035034 1.732262e-02
1164556495.035156 -3.011953e-03
1164556495.035278 -2.290513e-02
1164556495.035400 -4.117242e-02
1164556495.035522 -4.613312e-02
1164556495.035645 -3.683278e-02
1164556495.035767 -2.002731e-02
1164556495.035889 8.569120e-04
1164556495.036011 1.462793e-02
1164556495.036133 2.221238e-02
1164556495.036255 3.168159e-02
1164556495.036377 2.914518e-02
1164556495.036499 1.155775e-02
1164556495.036621 -1.144957e-02
1164556495.036743 -1.356660e-02
1164556495.036865 1.652471e-03
1164556495.036987 2.026878e-02
1164556495.037109 2.231153e-02
1164556495.037231 8.245047e-03
1164556495.037354 -6.711086e-03
1164556495.037476 -2.184099e-02
1164556495.037598 -3.316058e-02
1164556495.037720 -3.131857e-02
1164556495.037842 -2.415803e-02
1164556495.037964 -2.100230e-02
1164556495.038086 -1.602835e-02
1164556495.038208 6.743262e-03
1164556495.038330 3.094452e-02
1164556495.038452 4.709929e-02
1164556495.038574 4.804199e-02
1164556495.038696 3.883812e-02
1164556495.038818 2.915508e-02
1164556495.038940 1.907759e-02
1164556495.039062 -4.296551e-03
1164556495.039185 -3.696836e-02
1164556495.039307 -6.676384e-02
1164556495.039429 -7.177204e-02
1164556495.039551 -5.267642e-02
1164556495.039673 -2.519339e-02
1164556495.039795 -2.884038e-03
1164556495.039917 1.684469e-02
1164556495.040039 3.719067e-02
1164556495.040161 5.989452e-02
1164556495.040283 6.937045e-02
1164556495.040405 5.964944e-02
1164556495.040527 3.532386e-02
1164556495.040649 7.208020e-03
1164556495.040771 -2.167084e-02
1164556495.040894 -4.750593e-02
1164556495.041016 -6.486958e-02
1164556495.041138 -6.598051e-02
1164556495.041260 -5.478672e-02
1164556495.041382 -3.242871e-02
1164556495.041504 -6.615358e-03
1164556495.041626 1.889720e-02
1164556495.041748 4.307998e-02
1164556495.041870 6.001120e-02
1164556495.041992 6.463556e-02
1164556495.042114 5.779415e-02
1164556495.042236 3.854607e-02
1164556495.042358 6.560270e-03
1164556495.042480 -3.395320e-02
1164556495.042603 -5.882734e-02
1164556495.042725 -5.523345e-02
1164556495.042847 -3.624172e-02
1164556495.042969 -2.415990e-02
1164556495.043091 -1.912662e-02
1164556495.043213 -1.107607e-02
1164556495.043335 4.633756e-03
1164556495.043457 1.484752e-02
1164556495.043579 1.877951e-02
1164556495.043701 2.582163e-02
1164556495.043823 4.094396e-02
1164556495.043945 5.543892e-02
1164556495.044067 7.101883e-02
