1164556494.796509 -3.867365e-02
1164556494.796631 -5.410378e-02
1164556494.796753 -5.978411e-02
1164556494.796875 -5.101181e-02
1164556494.796997 -3.633955e-02
1164556494.797119 -2.191993e-02
1164556494.797241 -7.302147e-03
1164556494.797363 5.253601e-03
1164556494.797485 1.732902e-02
1164556494.797607 2.947864e-02
1164556494.797729 3.538551e-02
1164556494.797852 4.369817e-02
1164556494.797974 4.873648e-02
1164556494.798096 4.774401e-02
1164556494.798218 3.971625e-02
1164556494.798340 2.657465e-02
1164556494.798462 -5.161724e-03
1164556494.798584 -4.377559e-02
1164556494.798706 -7.074411e-02
1164556494.798828 -8.237178e-02
1164556494.798950 -7.982098e-02
1164556494.799072 -5.688451e-02
1164556494.799194 -2.599797e-02
1164556494.799316 2.633815e-03
1164556494.799438 2.692815e-02
1164556494.799561 5.924370e-02
1164556494.799683 8.539876e-02
1164556494.799805 9.542589e-02
1164556494.799927 8.593116e-02
1164556494.800049 5.514336e-02
1164556494.800171 6.176141e-03
1164556494.800293 -4.022561e-02
1164556494.800415 -7.540862e-02
1164556494.800537 -8.820303e-02
1164556494.800659 -7.685400e-02
1164556494.800781 -5.276415e-02
1164556494.800903 -3.421043e-02
1164556494.801025 -1.838382e-02
1164556494.801147 3.212927e-03
1164556494.801270 3.041874e-02
1164556494.801392 5.078857e-02
1164556494.801514 5.551233e-02
1164556494.801636 5.302543e-02
1164556494.801758 5.159082e-02
1164556494.801880 4.166740e-02
1164556494.802002 2.385293e-02
1164556494.802124 -1.535226e-03
1164556494.802246 -2.397672e-02
1164556494.802368 -3.711461e-02
1164556494.802490 -4.046722e-02
1164556494.802612 -5.269696e-02
1164556494.802734 -6.194019e-02
1164556494.802856 -5.285124e-02
1164556494.802979 -3.185751e-02
1164556494.803101 -4.665126e-03
1164556494.803223 2.432701e-02
1164556494.803345 4.098028e-02
1164556494.803467 5.382559e-02
1164556494.803589 6.886798e-02
1164556494.803711 7.107501e-02
1164556494.803833 4.968054e-02
1164556494.803955 1.755168e-02
1164556494.804077 -1.560667e-02
1164556494.804199 -4.138040e-02
1164556494.804321 -5.468512e-02
1164556494.804443 -5.650740e-02
1164556494.804565 -4.789294e-02
1164556494.804688 -4.027365e-02
1164556494.804810 -3.044043e-02
1164556494.804932 -5.745816e-03
1164556494.805054 1.802769e-02
1164556494.805176 2.728075e-02
1164556494.805298 3.457364e-02
1164556494.805420 4.196912e-02
1164556494.805542 3.753265e-02
1164556494.805664 2.780704e-02
1164556494.805786 1.688369e-02
1164556494.805908 9.285459e-03
1164556494.806030 4.418708e-03
1164556494.806152 -3.283236e-03
1164556494.806274 -1.750468e-02
1164556494.806396 -2.938691e-02
1164556494.806519 -3.946392e-02
1164556494.806641 -4.359562e-02
1164556494.806763 -3.857908e-02
1164556494.806885 -1.819271e-02
1164556494.807007 1.450694e-03
1164556494.807129 9.983593e-03
1164556494.807251 1.267940e-02
1164556494.807373 2.158083e-02
1164556494.807495 3.278328e-02
1164556494.807617 4.082489e-02
1164556494.807739 3.959989e-02
1164556494.807861 3.045565e-02
1164556494.807983 1.274714e-02
1164556494.808105 1.193428e-03
1164556494.808228 -4.913384e-03
1164556494.808350 -1.448588e-02
1164556494.808472 -3.665201e-02
1164556494.808594 -5.043423e-02
1164556494.808716 -5.560331e-02
1164556494.808838 -5.195400e-02
1164556494.808960 -3.721388e-02
1164556494.809082 -1.725941e-02
1164556494.809204 1.026933e-02
1164556494.809326 4.845365e-02
1164556494.809448 8.202527e-02
1164556494.809570 9.070620e-02
1164556494.809692 6.519079e-02
1164556494.809814 2.599727e-02
1164556494.809937 -1.100989e-02
1164556494.810059 -2.517148e-02
1164556494.810181 -2.750164e-02
1164556494.810303 -3.531131e-02
1164556494.810425 -5.330909e-02
1164556494.810547 -6.306860e-02
1164556494.810669 -4.948437e-02
1164556494.810791 -2.359798e-02
1164556494.810913 -9.139296e-03
1164556494.811035 5.330739e-03
1164556494.811157 2.464690e-02
1164556494.811279 4.696768e-02
1164556494.811401 5.926522e-02
1164556494.811523 6.371472e-02
1164556494.811646 5.285913e-02
1164556494.811768 3.219898e-02
1164556494.811890 1.581162e-03
1164556494.812012 -2.697299e-02
1164556494.812134 -4.377957e-02
1164556494.812256 -4.458822e-02
1164556494.812378 -4.413688e-02
1164556494.812500 -3.814980e-02
1164556494.812622 -2.892376e-02
1164556494.812744 -2.535772e-02
1164556494.812866 -2.146152e-02
1164556494.812988 -7.545511e-03
1164556494.813110 1.394324e-02
1164556494.813232 4.221929e-02
1164556494.813354 6.171912e-02
1164556494.813477 6.987010e-02
1164556494.813599 5.938209e-02
1164556494.813721 3.808776e-02
1164556494.813843 1.310680e-02
1164556494.813965 -1.086520e-02
1164556494.814087 -4.293761e-02
1164556494.814209 -7.090347e-02
1164556494.814331 -7.800263e-02
1164556494.814453 -6.801535e-02
1164556494.814575 -4.703998e-02
1164556494.814697 -1.296193e-02
1164556494.814819 2.273071e-02
1164556494.814941 4.778099e-02
1164556494.815063 5.824415e-02
1164556494.815186 5.514373e-02
1164556494.815308 4.360836e-02
1164556494.815430 3.791960e-02
1164556494.815552 2.370005e-02
1164556494.815674 -8.745409e-03
1164556494.815796 -4.108742e-02
1164556494.815918 -5.051931e-02
1164556494.816040 -3.780584e-02
1164556494.816162 -1.700694e-02
1164556494.816284 2.631168e-03
1164556494.816406 1.331431e-02
1164556494.816528 1.460539e-03
1164556494.816650 -1.637515e-02
1164556494.816772 -2.067578e-02
1164556494.816895 -9.299520e-03
1164556494.817017 4.712010e-03
1164556494.817139 1.362450e-02
1164556494.817261 1.342284e-02
1164556494.817383 2.012006e-02
1164556494.817505 3.236619e-02
1164556494.817627 3.004634e-02
1164556494.817749 1.709322e-02
1164556494.817871 8.182417e-03
1164556494.817993 -5.952803e-04
1164556494.818115 -1.543034e-02
1164556494.818237 -3.181066e-02
1164556494.818359 -3.035578e-02
1164556494.818481 -2.246104e-02
1164556494.818604 -1.742514e-02
1164556494.818726 -2.444333e-02
1164556494.818848 -2.348987e-02
1164556494.818970 -6.685340e-03
1164556494.819092 8.406913e-03
1164556494.819214 2.283424e-02
1164556494.819336 4.025015e-02
1164556494.819458 4.351994e-02
1164556494.819580 3.357232e-02
1164556494.819702 1.676729e-02
1164556494.819824 1.538377e-02
1164556494.819946 1.591580e-02
1164556494.820068 2.800424e-03
1164556494.820190 -1.465960e-02
1164556494.820312 -3.293729e-02
1164556494.820435 -5.461796e-02
1164556494.820557 -6.432296e-02
1164556494.820679 -6.088052e-02
1164556494.820801 -3.654850e-02
1164556494.820923 3.597374e-03
1164556494.821045 3.892290e-02
1164556494.821167 4.682795e-02
1164556494.821289 5.033039e-02
1164556494.821411 5.314140e-02
1164556494.821533 5.205035e-02
1164556494.821655 3.916649e-02
1164556494.821777 1.946010e-02
1164556494.821899 -4.223010e-03
1164556494.822021 -2.295284e-02
1164556494.822144 -4.172751e-02
1164556494.822266 -5.818435e-02
1164556494.822388 -6.286156e-02
1164556494.822510 -5.528350e-02
1164556494.822632 -3.994144e-02
1164556494.822754 -1.799032e-02
1164556494.822876 2.811949e-03
1164556494.822998 3.244933e-02
1164556494.823120 5.955224e-02
1164556494.823242 7.352052e-02
1164556494.823364 6.864921e-02
1164556494.823486 4.315453e-02
1164556494.823608 1.316125e-02
1164556494.823730 -2.319878e-03
1164556494.823853 -1.041734e-02
1164556494.823975 -2.423156e-02
1164556494.824097 -4.447384e-02
1164556494.824219 -5.733636e-02
1164556494.824341 -5.995440e-02
1164556494.824463 -4.596789e-02
1164556494.824585 -2.696781e-02
1164556494.824707 -7.652257e-04
1164556494.824829 3.011919e-02
1164556494.824951 3.886931e-02
1164556494.825073 2.894255e-02
1164556494.825195 3.148427e-02
1164556494.825317 3.808274e-02
1164556494.825439 3.666629e-02
1164556494.825562 2.689748e-02
1164556494.825684 2.013913e-02
1164556494.825806 1.044599e-02
1164556494.825928 -4.132881e-03
1164556494.826050 -2.587762e-02
1164556494.826172 -4.818685e-02
1164556494.826294 -6.113258e-02
1164556494.826416 -6.281643e-02
1164556494.826538 -5.200734e-02
1164556494.826660 -2.813719e-02
1164556494.826782 -8.073610e-03
1164556494.826904 1.732498e-02
1164556494.827026 5.085691e-02
1164556494.827148 6.912486e-02
1164556494.827271 6.374820e-02
1164556494.827393 6.310256e-02
1164556494.827515 5.262336e-02
1164556494.827637 2.833116e-02
1164556494.827759 2.319202e-03
1164556494.827881 -3.026259e-02
1164556494.828003 -6.190968e-02
1164556494.828125 -7.188217e-02
1164556494.828247 -7.894808e-02
1164556494.828369 -7.445255e-02
1164556494.828491 -4.488571e-02
1164556494.828613 -7.316437e-03
1164556494.828735 1.939433e-02
1164556494.828857 4.117253e-02
1164556494.828979 6.360148e-02
1164556494.829102 8.047478e-02
1164556494.829224 6.542040e-02
1164556494.829346 4.659063e-02
1164556494.829468 3.101635e-02
1164556494.829590 7.588829e-03
1164556494.829712 -1.613438e-02
1164556494.829834 -3.662906e-02
1164556494.829956 -5.576988e-02
1164556494.830078 -6.526029e-02
1164556494.830200 -6.366258e-02
1164556494.830322 -5.157586e-02
1164556494.830444 -4.106190e-02
1164556494.830566 -1.737467e-02
1164556494.830688 2.441898e-02
1164556494.830811 5.497580e-02
1164556494.830933 6.475870e-02
1164556494.831055 6.473552e-02
1164556494.831177 5.006917e-02
1164556494.831299 2.711319e-02
1164556494.831421 1.094329e-02
1164556494.831543 1.068953e-02
1164556494.831665 8.317483e-03
1164556494.831787 -1.098517e-02
1164556494.831909 -4.259546e-02
1164556494.832031 -6.786625e-02
1164556494.832153 -6.899111e-02
1164556494.832275 -4.820254e-02
1164556494.832397 -3.448317e-02
1164556494.832520 -1.865754e-02
1164556494.832642 -1.677164e-05
1164556494.832764 2.162931e-02
1164556494.832886 4.079988e-02
1164556494.833008 6.318356e-02
1164556494.833130 7.355803e-02
1164556494.833252 7.141752e-02
1164556494.833374 5.330910e-02
1164556494.833496 2.629118e-02
1164556494.833618 -9.058759e-03
1164556494.833740 -4.150369e-02
1164556494.833862 -6.632647e-02
1164556494.833984 -7.898157e-02
1164556494.834106 -7.734096e-02
1164556494.834229 -6.209224e-02
1164556494.834351 -3.895302e-02
1164556494.834473 -8.192454e-03
1164556494.834595 2.296182e-02
1164556494.834717 4.742527e-02
1164556494.834839 5.995221e-02
1164556494.834961 7.336052e-02
1164556494.835083 7.083721e-02
1164556494.835205 5.020660e-02
1164556494.835327 1.965476e-02
1164556494.835449 2.226655e-04
1164556494.835571 -1.170544e-02
1164556494.835693 -2.271777e-02
1164556494.835815 -4.361035e-02
1164556494.835938 -6.591071e-02
1164556494.836060 -7.683246e-02
1164556494.836182 -6.686082e-02
1164556494.836304 -4.795993e-02
1164556494.836426 -1.786362e-02
1164556494.836548 1.662664e-02
1164556494.836670 4.602259e-02
1164556494.836792 7.317582e-02
1164556494.836914 9.014952e-02
1164556494.837036 8.894968e-02
1164556494.837158 5.885920e-02
1164556494.837280 1.333828e-02
1164556494.837402 -2.190727e-02
1164556494.837524 -4.489329e-02
1164556494.837646 -5.767755e-02
1164556494.837769 -6.171416e-02
1164556494.837891 -5.187054e-02
1164556494.838013 -3.942291e-02
1164556494.838135 -2.744225e-02
1164556494.838257 -8.232298e-03
1164556494.838379 1.088232e-02
1164556494.838501 1.689205e-02
1164556494.838623 2.092609e-02
1164556494.838745 3.032780e-02
1164556494.838867 3.599547e-02
1164556494.838989 3.637091e-02
1164556494.839111 4.219655e-02
1164556494.839233 3.891784e-02
1164556494.839355 2.754530e-02
1164556494.839478 2.204914e-03
1164556494.839600 -2.666805e-02
1164556494.839722 -4.070290e-02
1164556494.839844 -4.402503e-02
1164556494.839966 -5.390512e-02
1164556494.840088 -5.522766e-02
1164556494.840210 -4.584749e-02
1164556494.840332 -2.762708e-02
1164556494.840454 1.522200e-04
1164556494.840576 3.042992e-02
1164556494.840698 4.284381e-02
1164556494.840820 5.117791e-02
1164556494.840942 6.140010e-02
1164556494.841064 6.147678e-02
1164556494.841187 4.831923e-02
1164556494.841309 2.010377e-02
1164556494.841431 -1.282791e-02
1164556494.841553 -3.205053e-02
1164556494.841675 -4.549726e-02
1164556494.841797 -4.859398e-02
1164556494.841919 -4.297994e-02
1164556494.842041 -3.537931e-02
1164556494.842163 -4.409642e-02
1164556494.842285 -4.824933e-02
1164556494.842407 -2.729052e-02
1164556494.842529 8.082822e-03
1164556494.842651 4.318599e-02
1164556494.842773 7.324851e-02
1164556494.842896 7.858865e-02
1164556494.843018 6.371231e-02
1164556494.843140 4.594270e-02
1164556494.843262 3.420071e-02
1164556494.843384 1.543927e-02
1164556494.843506 -1.345090e-02
1164556494.843628 -4.674901e-02
1164556494.843750 -6.740521e-02
1164556494.843872 -8.025452e-02
1164556494.843994 -8.726332e-02
1164556494.844116 -7.541239e-02
1164556494.844238 -3.466758e-02
1164556494.844360 1.199940e-02
1164556494.844482 4.807142e-02
1164556494.844604 7.199380e-02
1164556494.844727 7.939546e-02
1164556494.844849 6.912011e-02
1164556494.844971 5.062560e-02
1164556494.845093 2.951376e-02
1164556494.845215 2.540698e-02
1164556494.845337 1.146128e-02
1164556494.845459 -1.469528e-02
1164556494.845581 -4.640199e-02
1164556494.845703 -7.090039e-02
1164556494.845825 -8.785528e-02
1164556494.845947 -8.366430e-02
1164556494.846069 -5.800593e-02
1164556494.846191 -2.076278e-02
1164556494.846313 1.245394e-02
1164556494.846436 4.433566e-02
1164556494.846558 6.283978e-02
1164556494.846680 6.901576e-02
1164556494.846802 6.952820e-02
1164556494.846924 6.299527e-02
1164556494.847046 3.603054e-02
1164556494.847168 9.196194e-03
1164556494.847290 -4.722981e-03
1164556494.847412 -1.129525e-02
1164556494.847534 -2.889268e-02
1164556494.847656 -5.753335e-02
1164556494.847778 -8.570290e-02
1164556494.847900 -9.431065e-02
1164556494.848022 -6.924133e-02
1164556494.848145 -1.695892e-02
1164556494.848267 3.264500e-02
1164556494.848389 5.351373e-02
1164556494.848511 4.342786e-02
1164556494.848633 3.612759e-02
1164556494.848755 4.905036e-02
1164556494.848877 6.563576e-02
1164556494.848999 6.089433e-02
1164556494.849121 4.052257e-02
1164556494.849243 1.467987e-02
1164556494.849365 -1.041005e-02
1164556494.849487 -3.979882e-02
1164556494.849609 -6.314369e-02
1164556494.849731 -8.559519e-02
1164556494.849854 -9.751030e-02
1164556494.849976 -7.875648e-02
1164556494.850098 -4.038928e-02
1164556494.850220 -1.053575e-03
1164556494.850342 3.570910e-02
1164556494.850464 6.051135e-02
1164556494.850586 8.037080e-02
1164556494.850708 9.874881e-02
1164556494.850830 9.359524e-02
1164556494.850952 6.931897e-02
1164556494.851074 2.944127e-02
1164556494.851196 -2.392031e-02
1164556494.851318 -6.731721e-02
1164556494.851440 -8.686710e-02
1164556494.851562 -8.045416e-02
1164556494.851685 -6.388115e-02
1164556494.851807 -4.591169e-02
1164556494.851929 -2.862324e-02
1164556494.852051 -8.633637e-03
1164556494.852173 1.112169e-02
1164556494.852295 2.794064e-02
1164556494.852417 4.077791e-02
1164556494.852539 5.362016e-02
1164556494.852661 5.651178e-02
1164556494.852783 5.309340e-02
1164556494.852905 4.070152e-02
1164556494.853027 2.450098e-02
1164556494.853149 1.541726e-02
1164556494.853271 -3.384954e-03
1164556494.853394 -3.441286e-02
1164556494.853516 -5.339297e-02
1164556494.853638 -6.023833e-02
1164556494.853760 -5.963664e-02
1164556494.853882 -5.147373e-02
1164556494.854004 -4.428001e-02
1164556494.854126 -3.858267e-02
1164556494.854248 -2.050407e-02
1164556494.854370 1.717456e-02
1164556494.854492 5.518532e-02
1164556494.854614 8.060226e-02
1164556494.854736 9.760985e-02
1164556494.854858 1.031923e-01
1164556494.854980 9.255720e-02
1164556494.855103 5.339257e-02
1164556494.855225 -1.047736e-02
1164556494.855347 -7.377574e-02
1164556494.855469 -1.156447e-01
1164556494.855591 -1.320830e-01
1164556494.855713 -1.216664e-01
1164556494.855835 -7.962062e-02
1164556494.855957 -2.738081e-02
1164556494.856079 1.216816e-02
1164556494.856201 4.913695e-02
1164556494.856323 8.155612e-02
1164556494.856445 9.418989e-02
1164556494.856567 8.321640e-02
1164556494.856689 7.440969e-02
1164556494.856812 6.970257e-02
1164556494.856934 4.259680e-02
1164556494.857056 -8.146459e-03
1164556494.857178 -5.477985e-02
1164556494.857300 -7.209000e-02
1164556494.857422 -7.048621e-02
1164556494.857544 -7.337734e-02
1164556494.857666 -7.401608e-02
1164556494.857788 -5.928032e-02
1164556494.857910 -3.044667e-02
1164556494.858032 -4.860655e-03
1164556494.858154 2.686047e-02
1164556494.858276 5.404543e-02
1164556494.858398 6.445387e-02
1164556494.858521 7.047800e-02
1164556494.858643 8.057963e-02
1164556494.858765 7.488524e-02
1164556494.858887 4.557779e-02
1164556494.859009 7.775343e-03
1164556494.859131 -2.187587e-02
1164556494.859253 -4.745036e-02
1164556494.859375 -7.132386e-02
1164556494.859497 -8.371351e-02
1164556494.859619 -8.315651e-02
1164556494.859741 -7.511440e-02
1164556494.859863 -4.880380e-02
1164556494.859985 -9.771135e-03
1164556494.860107 2.989193e-02
1164556494.860229 5.321466e-02
1164556494.860352 6.150890e-02
1164556494.860474 6.678915e-02
1164556494.860596 7.901006e-02
1164556494.860718 8.640540e-02
1164556494.860840 5.550917e-02
1164556494.860962 7.427742e-03
1164556494.861084 -2.017986e-02
1164556494.861206 -2.940621e-02
1164556494.861328 -4.290435e-02
1164556494.861450 -7.329959e-02
1164556494.861572 -9.616904e-02
1164556494.861694 -9.593188e-02
1164556494.861816 -7.833416e-02
1164556494.861938 -4.839456e-02
1164556494.862061 3.426301e-03
1164556494.862183 5.697619e-02
1164556494.862305 8.751215e-02
1164556494.862427 1.014496e-01
1164556494.862549 1.075756e-01
1164556494.862671 9.040804e-02
1164556494.862793 5.434274e-02
1164556494.862915 8.233454e-03
1164556494.863037 -2.437231e-02
1164556494.863159 -3.523323e-02
1164556494.863281 -4.237244e-02
1164556494.863403 -7.080152e-02
1164556494.863525 -9.421627e-02
1164556494.863647 -9.938137e-02
1164556494.863770 -8.893992e-02
1164556494.863892 -5.759532e-02
1164556494.864014 -2.505230e-02
1164556494.864136 1.331185e-02
1164556494.864258 6.697154e-02
1164556494.864380 1.116056e-01
1164556494.864502 1.404216e-01
1164556494.864624 1.498100e-01
1164556494.864746 1.292441e-01
1164556494.864868 6.779419e-02
1164556494.864990 -6.968815e-03
1164556494.865112 -6.817920e-02
1164556494.865234 -1.170653e-01
1164556494.865356 -1.599135e-01
1164556494.865479 -1.660084e-01
1164556494.865601 -1.343963e-01
1164556494.865723 -9.219148e-02
1164556494.865845 -4.057333e-02
1164556494.865967 2.782601e-02
1164556494.866089 1.040200e-01
1164556494.866211 1.637937e-01
1164556494.866333 1.772040e-01
1164556494.866455 1.412064e-01
1164556494.866577 8.565628e-02
1164556494.866699 3.753128e-02
1164556494.866821 -3.477359e-03
1164556494.866943 -4.861821e-02
1164556494.867065 -9.058790e-02
1164556494.867188 -1.115618e-01
1164556494.867310 -1.191794e-01
1164556494.867432 -1.173589e-01
1164556494.867554 -8.665935e-02
1164556494.867676 -5.477312e-02
1164556494.867798 -1.511021e-02
1164556494.867920 3.306351e-02
1164556494.868042 6.583227e-02
1164556494.868164 9.594846e-02
1164556494.868286 1.253353e-01
1164556494.868408 1.320153e-01
1164556494.868530 1.080451e-01
1164556494.868652 6.423840e-02
1164556494.868774 1.582656e-02
1164556494.868896 -3.229459e-02
1164556494.869019 -7.434324e-02
1164556494.869141 -1.051889e-01
1164556494.869263 -1.258595e-01
1164556494.869385 -1.258195e-01
1164556494.869507 -1.045825e-01
1164556494.869629 -6.844689e-02
1164556494.869751 -2.610949e-02
1164556494.869873 2.969572e-02
1164556494.869995 8.471319e-02
1164556494.870117 1.147137e-01
1164556494.870239 1.176021e-01
1164556494.870361 1.084952e-01
1164556494.870483 9.894532e-02
1164556494.870605 7.094395e-02
1164556494.870728 2.828665e-02
1164556494.870850 -9.675956e-03
1164556494.870972 -4.958020e-02
1164556494.871094 -9.041746e-02
1164556494.871216 -1.241241e-01
1164556494.871338 -1.478053e-01
1164556494.871460 -1.402481e-01
1164556494.871582 -9.378621e-02
1164556494.871704 -3.947576e-02
1164556494.871826 1.460676e-02
1164556494.871948 7.216354e-02
1164556494.872070 1.288106e-01
1164556494.872192 1.624900e-01
1164556494.872314 1.587678e-01
1164556494.872437 1.240036e-01
1164556494.872559 7.540205e-02
1164556494.872681 1.647179e-02
1164556494.872803 -4.269146e-02
1164556494.872925 -8.778439e-02
1164556494.873047 -1.186373e-01
1164556494.873169 -1.325493e-01
1164556494.873291 -1.266585e-01
1164556494.873413 -1.122065e-01
1164556494.873535 -8.676412e-02
1164556494.873657 -3.925575e-02
1164556494.873779 1.970447e-02
1164556494.873901 7.529952e-02
1164556494.874023 1.213081e-01
1164556494.874146 1.497355e-01
1164556494.874268 1.489580e-01
1164556494.874390 1.135436e-01
1164556494.874512 6.830159e-02
1164556494.874634 2.765013e-02
1164556494.874756 -1.288354e-02
1164556494.874878 -5.306444e-02
1164556494.875000 -9.259925e-02
1164556494.875122 -1.333154e-01
1164556494.875244 -1.646215e-01
1164556494.875366 -1.566831e-01
1164556494.875488 -1.115004e-01
1164556494.875610 -4.918888e-02
1164556494.875732 2.750217e-02
1164556494.875854 8.861258e-02
1164556494.875977 1.238497e-01
1164556494.876099 1.435544e-01
1164556494.876221 1.584570e-01
1164556494.876343 1.404164e-01
1164556494.876465 9.898253e-02
1164556494.876587 5.234237e-02
1164556494.876709 -2.286532e-03
1164556494.876831 -6.104015e-02
1164556494.876953 -1.214554e-01
1164556494.877075 -1.704218e-01
1164556494.877197 -1.968905e-01
1164556494.877319 -1.818670e-01
1164556494.877441 -1.164656e-01
1164556494.877563 -3.011835e-02
1164556494.877686 4.696306e-02
1164556494.877808 1.117255e-01
1164556494.877930 1.566579e-01
1164556494.878052 1.674460e-01
1164556494.878174 1.452591e-01
1164556494.878296 1.119327e-01
1164556494.878418 7.828684e-02
1164556494.878540 3.713297e-02
1164556494.878662 -7.312244e-03
1164556494.878784 -4.603890e-02
1164556494.878906 -9.757261e-02
1164556494.879028 -1.454596e-01
1164556494.879150 -1.742466e-01
1164556494.879272 -1.826147e-01
1164556494.879395 -1.409069e-01
1164556494.879517 -6.207210e-02
1164556494.879639 1.567243e-02
1164556494.879761 7.719924e-02
1164556494.879883 1.299791e-01
1164556494.880005 1.721028e-01
1164556494.880127 1.868430e-01
1164556494.880249 1.663658e-01
1164556494.880371 1.143069e-01
1164556494.880493 5.393100e-02
1164556494.880615 -3.760687e-04
1164556494.880737 -5.389935e-02
1164556494.880859 -1.028604e-01
1164556494.880981 -1.499459e-01
1164556494.881104 -1.878874e-01
1164556494.881226 -1.931067e-01
1164556494.881348 -1.695115e-01
1164556494.881470 -1.197533e-01
1164556494.881592 -3.672991e-02
1164556494.881714 5.700272e-02
1164556494.881836 1.425026e-01
1164556494.881958 2.141261e-01
1164556494.882080 2.481344e-01
1164556494.882202 2.334778e-01
1164556494.882324 1.784673e-01
1164556494.882446 9.627915e-02
1164556494.882568 6.334429e-03
1164556494.882690 -8.875422e-02
1164556494.882812 -1.786920e-01
1164556494.882935 -2.303713e-01
1164556494.883057 -2.457648e-01
1164556494.883179 -2.371448e-01
1164556494.883301 -1.885528e-01
1164556494.883423 -9.143522e-02
1164556494.883545 2.092556e-02
1164556494.883667 1.211308e-01
1164556494.883789 1.925174e-01
1164556494.883911 2.334975e-01
1164556494.884033 2.461099e-01
1164556494.884155 2.296686e-01
1164556494.884277 1.557414e-01
1164556494.884399 5.975988e-02
1164556494.884521 -1.474268e-02
1164556494.884644 -7.144097e-02
1164556494.884766 -1.481063e-01
1164556494.884888 -2.249175e-01
1164556494.885010 -2.698398e-01
1164556494.885132 -2.657618e-01
1164556494.885254 -2.130208e-01
1164556494.885376 -1.009258e-01
1164556494.885498 2.719735e-02
1164556494.885620 1.253808e-01
1164556494.885742 1.920572e-01
1164556494.885864 2.283527e-01
1164556494.885986 2.458086e-01
1164556494.886108 2.465701e-01
1164556494.886230 2.074633e-01
1164556494.886353 1.261787e-01
1164556494.886475 1.680207e-02
1164556494.886597 -9.245088e-02
1164556494.886719 -1.879058e-01
1164556494.886841 -2.556190e-01
1164556494.886963 -2.881374e-01
1164556494.887085 -2.779769e-01
1164556494.887207 -2.251765e-01
1164556494.887329 -1.334855e-01
1164556494.887451 -2.426055e-02
1164556494.887573 7.673054e-02
1164556494.887695 1.733789e-01
1164556494.887817 2.548772e-01
1164556494.887939 3.147272e-01
1164556494.888062 3.406684e-01
1164556494.888184 2.944378e-01
1164556494.888306 1.810067e-01
1164556494.888428 4.094593e-02
1164556494.888550 -9.172930e-02
1164556494.888672 -2.172272e-01
1164556494.888794 -3.220178e-01
1164556494.888916 -3.754281e-01
1164556494.889038 -3.651785e-01
1164556494.889160 -3.046462e-01
1164556494.889282 -2.018770e-01
1164556494.889404 -5.266320e-02
1164556494.889526 1.142929e-01
1164556494.889648 2.615898e-01
1164556494.889771 3.596988e-01
1164556494.889893 4.037098e-01
1164556494.890015 4.078219e-01
1164556494.890137 3.405608e-01
1164556494.890259 2.050745e-01
1164556494.890381 4.493602e-02
1164556494.890503 -1.217369e-01
1164556494.890625 -2.740508e-01
1164556494.890747 -3.949776e-01
1164556494.890869 -4.560868e-01
1164556494.890991 -4.424993e-01
1164556494.891113 -3.659730e-01
1164556494.891235 -2.261559e-01
1164556494.891357 -5.946353e-02
1164556494.891479 1.099876e-01
1164556494.891602 2.744395e-01
1164556494.891724 4.187627e-01
1164556494.891846 5.039467e-01
1164556494.891968 5.131809e-01
1164556494.892090 4.372220e-01
1164556494.892212 2.968382e-01
1164556494.892334 1.135791e-01
1164556494.892456 -8.205804e-02
1164556494.892578 -2.941522e-01
1164556494.892700 -4.871933e-01
1164556494.892822 -6.050301e-01
1164556494.892944 -6.394905e-01
1164556494.893066 -5.768793e-01
1164556494.893188 -4.157076e-01
1164556494.893311 -1.756979e-01
1164556494.893433 1.048438e-01
1164556494.893555 3.983458e-01
1164556494.893677 6.395023e-01
1164556494.893799 7.664240e-01
1164556494.893921 7.915511e-01
1164556494.894043 7.072926e-01
1164556494.894165 5.144509e-01
1164556494.894287 2.373946e-01
1164556494.894409 -1.023752e-01
1164556494.894531 -4.671530e-01
1164556494.894653 -8.029734e-01
1164556494.894775 -1.049252e+00
1164556494.894897 -1.145350e+00
1164556494.895020 -1.062809e+00
1164556494.895142 -7.966114e-01
1164556494.895264 -3.572785e-01
1164556494.895386 2.270133e-01
1164556494.895508 8.841028e-01
1164556494.895630 1.527315e+00
1164556494.895752 2.008750e+00
1164556494.895874 1.987184e+00
1164556494.895996 1.263211e+00
1164556494.896118 2.721745e-01
1164556494.896240 -6.593220e-01
1164556494.896362 -1.407332e+00
1164556494.896484 -1.861863e+00
1164556494.896606 -1.993207e+00
1164556494.896729 -1.790963e+00
1164556494.896851 -1.273997e+00
1164556494.896973 -5.446775e-01
1164556494.897095 2.793744e-01
1164556494.897217 1.069185e+00
1164556494.897339 1.692262e+00
1164556494.897461 2.029898e+00
1164556494.897583 2.046359e+00
1164556494.897705 1.712779e+00
1164556494.897827 1.077342e+00
1164556494.897949 2.271198e-01
1164556494.898071 -7.129915e-01
1164556494.898193 -1.581472e+00
1164556494.898315 -2.182145e+00
1164556494.898438 -2.395866e+00
1164556494.898560 -2.184104e+00
1164556494.898682 -1.580776e+00
1164556494.898804 -6.724518e-01
1164556494.898926 3.833832e-01
1164556494.899048 1.413224e+00
1164556494.899170 2.229315e+00
1164556494.899292 2.670621e+00
1164556494.899414 2.624197e+00
1164556494.899536 2.078521e+00
1164556494.899658 1.119362e+00
1164556494.899780 -6.858020e-02
1164556494.899902 -1.260974e+00
1164556494.900024 -2.226904e+00
1164556494.900146 -2.802163e+00
1164556494.900269 -2.870825e+00
1164556494.900391 -2.428639e+00
1164556494.900513 -1.536442e+00
1164556494.900635 -3.485159e-01
1164556494.900757 9.378124e-01
1164556494.900879 2.064438e+00
1164556494.901001 2.826376e+00
1164556494.901123 3.075728e+00
1164556494.901245 2.771377e+00
1164556494.901367 1.949920e+00
1164556494.901489 7.886105e-01
1164556494.901611 -5.264901e-01
1164556494.901733 -1.775772e+00
1164556494.901855 -2.744876e+00
1164556494.901978 -3.238155e+00
1164556494.902100 -3.156144e+00
1164556494.902222 -2.482728e+00
1164556494.902344 -1.336449e+00
1164556494.902466 9.737025e-02
1164556494.902588 1.555500e+00
1164556494.902710 2.791127e+00
1164556494.902832 3.546646e+00
1164556494.902954 3.643659e+00
1164556494.903076 3.010569e+00
1164556494.903198 1.762094e+00
1164556494.903320 1.195142e-01
1164556494.903442 -1.608998e+00
1164556494.903564 -3.096666e+00
1164556494.903687 -4.001623e+00
1164556494.903809 -4.104111e+00
1164556494.903931 -3.332109e+00
1164556494.904053 -1.830059e+00
1164556494.904175 1.193136e-01
1164556494.904297 2.098487e+00
1164556494.904419 3.684813e+00
1164556494.904541 4.488669e+00
1164556494.904663 4.302226e+00
1164556494.904785 3.114131e+00
1164556494.904907 1.187009e+00
1164556494.905029 -1.052482e+00
1164556494.905151 -3.050415e+00
1164556494.905273 -4.327074e+00
1164556494.905396 -4.545358e+00
1164556494.905518 -3.664849e+00
1164556494.905640 -1.894629e+00
1164556494.905762 3.162486e-01
1164556494.905884 2.432636e+00
1164556494.906006 3.881459e+00
1164556494.906128 4.313884e+00
1164556494.906250 3.596927e+00
1164556494.906372 1.945611e+00
1164556494.906494 -2.115169e-01
1164556494.906616 -2.259269e+00
1164556494.906738 -3.643732e+00
1164556494.906860 -3.932826e+00
1164556494.906982 -3.057689e+00
1164556494.907104 -1.248432e+00
1164556494.907227 9.358039e-01
1164556494.907349 2.837776e+00
1164556494.907471 3.794377e+00
1164556494.907593 3.493897e+00
1164556494.907715 1.943342e+00
1164556494.907837 -3.436916e-01
1164556494.907959 -2.616574e+00
1164556494.908081 -3.993984e+00
1164556494.908203 -3.920511e+00
1164556494.908325 -2.266886e+00
1164556494.908447 3.841969e-01
1164556494.908569 3.072389e+00
1164556494.908691 4.616341e+00
1164556494.908813 4.255155e+00
1164556494.908936 1.931788e+00
1164556494.909058 -1.373240e+00
1164556494.909180 -4.173748e+00
1164556494.909302 -4.903379e+00
1164556494.909424 -3.033118e+00
1164556494.909546 6.673278e-01
1164556494.909668 3.960704e+00
1164556494.909790 4.536558e+00
1164556494.909912 1.512264e+00
1164556494.910034 -2.950019e+00
1164556494.910156 -4.700640e+00
1164556494.910278 -1.032721e+00
1164556494.910400 3.854895e+00
1164556494.910522 2.638157e+00
1164556494.910645 -1.832775e+00
1164556494.910767 -4.008779e-01
1164556494.910889 5.808461e-01
1164556494.911011 -5.699258e-02
1164556494.911133 -1.914765e-01
1164556494.911255 -2.177086e-01
1164556494.911377 -2.586412e-01
1164556494.911499 -2.636013e-01
1164556494.911621 -1.936502e-01
1164556494.911743 -1.665857e-01
1164556494.911865 -4.735148e-02
1164556494.911987 1.359538e-02
1164556494.912109 1.177892e-01
1164556494.912231 1.580767e-01
1164556494.912354 2.371048e-01
1164556494.912476 2.551110e-01
1164556494.912598 2.758688e-01
1164556494.912720 2.082554e-01
1164556494.912842 1.198317e-01
1164556494.912964 -3.228725e-02
1164556494.913086 -1.490222e-01
1164556494.913208 -2.541675e-01
1164556494.913330 -2.834408e-01
1164556494.913452 -2.895601e-01
1164556494.913574 -2.223177e-01
1164556494.913696 -1.504791e-01
1164556494.913818 -3.555592e-02
1164556494.913940 6.059323e-02
1164556494.914062 1.600328e-01
1164556494.914185 2.151506e-01
1164556494.914307 2.567740e-01
1164556494.914429 2.332739e-01
1164556494.914551 1.979743e-01
1164556494.914673 1.157075e-01
1164556494.914795 3.099462e-02
1164556494.914917 -7.274493e-02
1164556494.915039 -1.380023e-01
1164556494.915161 -1.872324e-01
1164556494.915283 -1.879260e-01
1164556494.915405 -1.914315e-01
1164556494.915527 -1.714650e-01
1164556494.915649 -1.381151e-01
1164556494.915771 -6.251663e-02
1164556494.915894 1.234204e-02
1164556494.916016 1.095730e-01
1164556494.916138 1.737370e-01
1164556494.916260 2.238769e-01
1164556494.916382 2.216233e-01
1164556494.916504 1.975377e-01
1164556494.916626 1.291289e-01
1164556494.916748 4.916111e-02
1164556494.916870 -5.528368e-02
1164556494.916992 -1.351781e-01
1164556494.917114 -1.914186e-01
1164556494.917236 -1.922180e-01
1164556494.917358 -1.836459e-01
1164556494.917480 -1.526307e-01
1164556494.917603 -1.131739e-01
1164556494.917725 -3.486619e-02
1164556494.917847 4.245422e-02
1164556494.917969 1.131259e-01
1164556494.918091 1.504725e-01
1164556494.918213 1.821228e-01
1164556494.918335 1.756118e-01
1164556494.918457 1.457949e-01
1164556494.918579 8.373408e-02
1164556494.918701 2.827855e-02
1164556494.918823 -2.965725e-02
1164556494.918945 -7.013749e-02
1164556494.919067 -1.137942e-01
1164556494.919189 -1.462265e-01
1164556494.919312 -1.727996e-01
1164556494.919434 -1.605558e-01
1164556494.919556 -1.211107e-01
1164556494.919678 -5.205269e-02
1164556494.919800 8.833906e-03
1164556494.919922 7.866293e-02
1164556494.920044 1.279460e-01
1164556494.920166 1.533407e-01
1164556494.920288 1.587192e-01
1164556494.920410 1.601704e-01
1164556494.920532 1.295117e-01
1164556494.920654 7.855341e-02
1164556494.920776 3.407720e-04
1164556494.920898 -7.849363e-02
1164556494.921021 -1.543526e-01
1164556494.921143 -1.865990e-01
1164556494.921265 -1.823613e-01
1164556494.921387 -1.417523e-01
1164556494.921509 -9.420446e-02
1164556494.921631 -3.743009e-02
1164556494.921753 8.474186e-03
1164556494.921875 6.939767e-02
1164556494.921997 1.233385e-01
1164556494.922119 1.724992e-01
1164556494.922241 1.798476e-01
1164556494.922363 1.551052e-01
1164556494.922485 9.079754e-02
1164556494.922607 2.967898e-02
1164556494.922729 -2.710868e-02
1164556494.922852 -7.672311e-02
1164556494.922974 -1.358942e-01
1164556494.923096 -1.637145e-01
1164556494.923218 -1.627270e-01
1164556494.923340 -1.276765e-01
1164556494.923462 -7.284512e-02
1164556494.923584 1.269586e-03
1164556494.923706 5.097269e-02
1164556494.923828 8.326338e-02
1164556494.923950 9.646187e-02
1164556494.924072 9.743453e-02
1164556494.924194 9.644702e-02
1164556494.924316 1.013604e-01
1164556494.924438 7.582954e-02
1164556494.924561 4.374448e-02
1164556494.924683 1.088014e-02
1164556494.924805 -1.874778e-02
1164556494.924927 -6.518713e-02
1164556494.925049 -1.046000e-01
1164556494.925171 -1.402432e-01
1164556494.925293 -1.429436e-01
1164556494.925415 -1.150895e-01
1164556494.925537 -5.931483e-02
1164556494.925659 -1.664757e-03
1164556494.925781 5.680188e-02
1164556494.925903 8.636185e-02
1164556494.926025 1.037632e-01
1164556494.926147 1.149075e-01
1164556494.926270 1.257290e-01
1164556494.926392 1.132373e-01
1164556494.926514 8.671837e-02
1164556494.926636 3.199195e-02
1164556494.926758 -3.090207e-02
1164556494.926880 -9.754540e-02
1164556494.927002 -1.360740e-01
1164556494.927124 -1.541018e-01
1164556494.927246 -1.404481e-01
1164556494.927368 -1.192062e-01
1164556494.927490 -6.409836e-02
1164556494.927612 -2.075455e-04
1164556494.927734 4.895149e-02
1164556494.927856 9.105509e-02
1164556494.927979 1.371788e-01
1164556494.928101 1.514539e-01
1164556494.928223 1.486501e-01
1164556494.928345 1.080291e-01
1164556494.928467 4.967978e-02
1164556494.928589 -1.514522e-02
1164556494.928711 -5.718035e-02
1164556494.928833 -9.571553e-02
1164556494.928955 -1.264526e-01
1164556494.929077 -1.446249e-01
1164556494.929199 -1.365414e-01
1164556494.929321 -1.028176e-01
1164556494.929443 -4.267865e-02
1164556494.929565 1.378680e-02
1164556494.929688 6.378251e-02
1164556494.929810 1.031644e-01
1164556494.929932 1.349253e-01
1164556494.930054 1.346299e-01
1164556494.930176 1.175329e-01
1164556494.930298 7.819969e-02
1164556494.930420 2.726571e-02
1164556494.930542 -2.262325e-02
1164556494.930664 -5.878081e-02
1164556494.930786 -9.923039e-02
1164556494.930908 -1.163424e-01
1164556494.931030 -1.106646e-01
1164556494.931152 -7.267692e-02
1164556494.931274 -5.495971e-02
1164556494.931396 -3.923130e-02
1164556494.931519 -9.643131e-03
1164556494.931641 2.808100e-02
1164556494.931763 5.930418e-02
1164556494.931885 9.052997e-02
1164556494.932007 1.083325e-01
1164556494.932129 1.164892e-01
1164556494.932251 8.438578e-02
1164556494.932373 4.299994e-02
1164556494.932495 1.162711e-02
1164556494.932617 -5.258305e-03
1164556494.932739 -4.528591e-02
1164556494.932861 -9.586689e-02
1164556494.932983 -1.328458e-01
1164556494.933105 -1.354319e-01
1164556494.933228 -1.189613e-01
1164556494.933350 -7.806781e-02
1164556494.933472 -1.895558e-02
1164556494.933594 4.822950e-02
1164556494.933716 1.052244e-01
1164556494.933838 1.473191e-01
1164556494.933960 1.397585e-01
1164556494.934082 1.076680e-01
1164556494.934204 6.216592e-02
1164556494.934326 2.928991e-02
1164556494.934448 5.732676e-03
1164556494.934570 -1.960889e-02
1164556494.934692 -6.846548e-02
1164556494.934814 -1.216245e-01
1164556494.934937 -1.517106e-01
1164556494.935059 -1.346350e-01
1164556494.935181 -8.610652e-02
1164556494.935303 -2.499405e-02
1164556494.935425 2.509851e-02
1164556494.935547 6.084978e-02
1164556494.935669 8.380427e-02
1164556494.935791 1.085381e-01
1164556494.935913 1.125202e-01
1164556494.936035 1.110021e-01
1164556494.936157 8.561914e-02
1164556494.936279 2.855049e-02
1164556494.936401 -2.650912e-02
1164556494.936523 -5.446227e-02
1164556494.936646 -8.473830e-02
1164556494.936768 -1.220994e-01
1164556494.936890 -1.303664e-01
1164556494.937012 -8.861211e-02
1164556494.937134 -3.738709e-02
1164556494.937256 2.167293e-03
1164556494.937378 3.119702e-02
1164556494.937500 5.246329e-02
1164556494.937622 6.504701e-02
1164556494.937744 7.552553e-02
1164556494.937866 6.752561e-02
1164556494.937988 6.106507e-02
1164556494.938110 6.018130e-02
1164556494.938232 5.263247e-02
1164556494.938354 1.573241e-02
1164556494.938477 -2.025033e-02
1164556494.938599 -5.736355e-02
1164556494.938721 -9.372397e-02
1164556494.938843 -1.209622e-01
1164556494.938965 -1.123979e-01
1164556494.939087 -8.035744e-02
1164556494.939209 -2.445868e-02
1164556494.939331 2.489537e-02
1164556494.939453 6.820531e-02
1164556494.939575 9.241329e-02
1164556494.939697 9.597147e-02
1164556494.939819 8.182818e-02
1164556494.939941 6.525618e-02
1164556494.940063 2.696111e-02
1164556494.940186 -4.927866e-03
1164556494.940308 -2.193460e-02
1164556494.940430 -2.596376e-02
1164556494.940552 -3.181821e-02
1164556494.940674 -4.550405e-02
1164556494.940796 -7.706220e-02
1164556494.940918 -8.575762e-02
1164556494.941040 -6.653823e-02
1164556494.941162 -2.362218e-02
1164556494.941284 1.417045e-02
1164556494.941406 3.973347e-02
1164556494.941528 5.436429e-02
1164556494.941650 6.716077e-02
1164556494.941772 5.862401e-02
1164556494.941895 4.110679e-02
1164556494.942017 2.700548e-02
1164556494.942139 2.496849e-02
1164556494.942261 1.378965e-02
1164556494.942383 1.104873e-02
1164556494.942505 -8.300137e-03
1164556494.942627 -3.858474e-02
1164556494.942749 -6.241926e-02
1164556494.942871 -8.044482e-02
1164556494.942993 -8.703265e-02
1164556494.943115 -6.033770e-02
1164556494.943237 -2.273715e-02
1164556494.943359 1.012005e-02
1164556494.943481 3.072355e-02
1164556494.943604 5.756119e-02
1164556494.943726 7.735676e-02
1164556494.943848 8.178101e-02
1164556494.943970 7.021332e-02
1164556494.944092 5.982081e-02
1164556494.944214 3.699733e-02
1164556494.944336 1.074630e-02
1164556494.944458 -2.598421e-02
1164556494.944580 -6.928693e-02
1164556494.944702 -1.103061e-01
1164556494.944824 -1.180800e-01
1164556494.944946 -8.757448e-02
1164556494.945068 -4.220429e-02
1164556494.945190 -1.119738e-02
1164556494.945312 2.580574e-02
1164556494.945435 4.639428e-02
1164556494.945557 6.263955e-02
1164556494.945679 7.834837e-02
1164556494.945801 9.913810e-02
1164556494.945923 9.258685e-02
1164556494.946045 7.093144e-02
1164556494.946167 3.057915e-02
1164556494.946289 -2.386492e-02
1164556494.946411 -7.476287e-02
1164556494.946533 -1.037206e-01
1164556494.946655 -1.171686e-01
1164556494.946777 -1.064981e-01
1164556494.946899 -7.054245e-02
1164556494.947021 -1.930453e-02
1164556494.947144 2.033083e-02
1164556494.947266 5.691339e-02
1164556494.947388 8.117902e-02
1164556494.947510 8.970593e-02
1164556494.947632 7.295143e-02
1164556494.947754 5.032177e-02
1164556494.947876 2.732280e-02
1164556494.947998 4.573071e-03
1164556494.948120 -1.842614e-02
1164556494.948242 -2.758123e-02
1164556494.948364 -3.517345e-02
1164556494.948486 -3.610078e-02
1164556494.948608 -3.920858e-02
1164556494.948730 -4.750033e-02
1164556494.948853 -5.420900e-02
1164556494.948975 -3.779084e-02
1164556494.949097 -1.609453e-02
1164556494.949219 2.874027e-03
1164556494.949341 1.434854e-02
1164556494.949463 3.701508e-02
1164556494.949585 6.167767e-02
1164556494.949707 7.611443e-02
1164556494.949829 6.848184e-02
1164556494.949951 5.956397e-02
1164556494.950073 3.604755e-02
1164556494.950195 1.683087e-03
1164556494.950317 -3.950206e-02
1164556494.950439 -7.799196e-02
1164556494.950562 -9.647247e-02
1164556494.950684 -7.883648e-02
1164556494.950806 -5.797752e-02
1164556494.950928 -3.571454e-02
1164556494.951050 -4.753914e-03
1164556494.951172 2.848241e-02
1164556494.951294 4.796377e-02
1164556494.951416 5.602848e-02
1164556494.951538 5.875563e-02
1164556494.951660 6.155286e-02
1164556494.951782 4.700592e-02
1164556494.951904 2.832082e-02
1164556494.952026 6.784713e-03
1164556494.952148 -6.154888e-03
1164556494.952271 -1.975357e-02
1164556494.952393 -3.113313e-02
1164556494.952515 -5.181759e-02
1164556494.952637 -6.769748e-02
1164556494.952759 -6.629449e-02
1164556494.952881 -4.684336e-02
1164556494.953003 -2.755832e-02
1164556494.953125 -6.581422e-03
1164556494.953247 1.855387e-02
1164556494.953369 4.200261e-02
1164556494.953491 5.450890e-02
1164556494.953613 7.865419e-02
1164556494.953735 8.951113e-02
1164556494.953857 7.834617e-02
1164556494.953979 4.920924e-02
1164556494.954102 -1.114922e-02
1164556494.954224 -6.716856e-02
1164556494.954346 -8.169297e-02
1164556494.954468 -7.733858e-02
1164556494.954590 -6.774447e-02
1164556494.954712 -6.168655e-02
1164556494.954834 -4.285236e-02
1164556494.954956 -1.534978e-02
1164556494.955078 1.528852e-02
1164556494.955200 3.407031e-02
1164556494.955322 5.081923e-02
1164556494.955444 6.535244e-02
1164556494.955566 8.108738e-02
1164556494.955688 7.292619e-02
1164556494.955811 4.855811e-02
1164556494.955933 2.738315e-02
1164556494.956055 5.564431e-03
1164556494.956177 -4.322160e-02
1164556494.956299 -8.540016e-02
1164556494.956421 -1.053828e-01
1164556494.956543 -9.683486e-02
1164556494.956665 -7.072277e-02
1164556494.956787 -1.952338e-02
1164556494.956909 2.804603e-02
1164556494.957031 5.358766e-02
1164556494.957153 5.533510e-02
1164556494.957275 6.248572e-02
1164556494.957397 5.998998e-02
1164556494.957520 4.711687e-02
1164556494.957642 2.399928e-02
1164556494.957764 -3.891168e-03
1164556494.957886 -1.356782e-02
1164556494.958008 -8.202595e-03
1164556494.958130 -2.200302e-02
1164556494.958252 -3.451106e-02
1164556494.958374 -4.018668e-02
1164556494.958496 -3.029169e-02
1164556494.958618 -2.041919e-02
1164556494.958740 -1.645730e-02
1164556494.958862 -2.467136e-02
1164556494.958984 -1.963464e-02
1164556494.959106 -9.922859e-03
1164556494.959229 7.848156e-03
1164556494.959351 3.920508e-02
1164556494.959473 6.964379e-02
1164556494.959595 6.540559e-02
1164556494.959717 4.604465e-02
1164556494.959839 3.542528e-02
1164556494.959961 3.405888e-02
1164556494.960083 8.299116e-03
1164556494.960205 -3.958799e-02
1164556494.960327 -8.304256e-02
1164556494.960449 -8.842975e-02
1164556494.960571 -7.528656e-02
1164556494.960693 -5.879498e-02
1164556494.960815 -3.231411e-02
1164556494.960938 2.069124e-03
1164556494.961060 3.713154e-02
1164556494.961182 6.924751e-02
1164556494.961304 8.171472e-02
1164556494.961426 7.828852e-02
1164556494.961548 5.583030e-02
1164556494.961670 2.738533e-02
1164556494.961792 -6.182655e-03
1164556494.961914 -2.277847e-02
1164556494.962036 -3.220551e-02
1164556494.962158 -4.305328e-02
1164556494.962280 -5.041309e-02
1164556494.962402 -3.917842e-02
1164556494.962524 -2.682867e-02
1164556494.962646 -2.411332e-02
1164556494.962769 -2.871401e-02
1164556494.962891 -1.825366e-02
1164556494.963013 5.116356e-04
1164556494.963135 2.802085e-02
1164556494.963257 5.865969e-02
1164556494.963379 7.366258e-02
1164556494.963501 5.069918e-02
1164556494.963623 2.745246e-02
1164556494.963745 1.739409e-02
1164556494.963867 1.286278e-02
1164556494.963989 -7.863719e-03
1164556494.964111 -2.793408e-02
1164556494.964233 -3.571699e-02
1164556494.964355 -3.736026e-02
1164556494.964478 -5.197826e-02
1164556494.964600 -6.858011e-02
1164556494.964722 -6.125539e-02
1164556494.964844 -2.891515e-02
1164556494.964966 1.949913e-03
1164556494.965088 3.452603e-02
1164556494.965210 6.504768e-02
1164556494.965332 8.644810e-02
1164556494.965454 8.199339e-02
1164556494.965576 6.888911e-02
1164556494.965698 4.486746e-02
1164556494.965820 4.644632e-03
1164556494.965942 -3.909826e-02
1164556494.966064 -6.216972e-02
1164556494.966187 -6.719906e-02
1164556494.966309 -6.391444e-02
1164556494.966431 -6.260649e-02
1164556494.966553 -5.319447e-02
1164556494.966675 -3.271906e-02
1164556494.966797 1.558170e-03
1164556494.966919 2.567881e-02
1164556494.967041 4.198250e-02
1164556494.967163 5.643337e-02
1164556494.967285 6.899620e-02
1164556494.967407 7.199625e-02
1164556494.967529 6.674053e-02
1164556494.967651 4.149430e-02
1164556494.967773 2.769158e-04
1164556494.967896 -3.870079e-02
1164556494.968018 -5.784847e-02
1164556494.968140 -7.491621e-02
1164556494.968262 -7.747227e-02
1164556494.968384 -6.413367e-02
1164556494.968506 -4.534952e-02
1164556494.968628 -2.451020e-02
1164556494.968750 4.265068e-03
1164556494.968872 3.146295e-02
1164556494.968994 6.563076e-02
1164556494.969116 8.335217e-02
1164556494.969238 7.879202e-02
1164556494.969360 5.114115e-02
1164556494.969482 2.163132e-02
1164556494.969604 -1.873119e-03
1164556494.969727 -1.410919e-02
1164556494.969849 -2.632226e-02
1164556494.969971 -3.594781e-02
1164556494.970093 -4.964593e-02
1164556494.970215 -5.891051e-02
1164556494.970337 -6.183360e-02
1164556494.970459 -4.298626e-02
1164556494.970581 -1.875799e-02
1164556494.970703 3.024573e-03
1164556494.970825 3.031378e-02
1164556494.970947 5.644735e-02
1164556494.971069 7.039173e-02
1164556494.971191 6.966577e-02
1164556494.971313 3.854176e-02
1164556494.971436 7.093744e-03
1164556494.971558 -5.873205e-03
1164556494.971680 -2.163675e-03
1164556494.971802 2.177482e-03
1164556494.971924 -7.142177e-03
1164556494.972046 -4.868310e-02
1164556494.972168 -8.113682e-02
1164556494.972290 -7.914401e-02
1164556494.972412 -4.120888e-02
1164556494.972534 -6.169697e-03
1164556494.972656 1.819346e-02
1164556494.972778 3.208603e-02
1164556494.972900 4.473685e-02
1164556494.973022 4.912427e-02
1164556494.973145 5.037671e-02
1164556494.973267 3.937655e-02
1164556494.973389 2.319502e-02
1164556494.973511 4.637250e-03
1164556494.973633 -2.548614e-03
1164556494.973755 -2.308005e-03
1164556494.973877 -6.584991e-03
1164556494.973999 -3.219696e-02
1164556494.974121 -5.753319e-02
1164556494.974243 -6.903035e-02
1164556494.974365 -5.934528e-02
1164556494.974487 -4.133911e-02
1164556494.974609 -4.442920e-03
1164556494.974731 2.966631e-02
1164556494.974854 5.102115e-02
1164556494.974976 5.687032e-02
1164556494.975098 5.990111e-02
1164556494.975220 5.176762e-02
1164556494.975342 4.569450e-02
1164556494.975464 3.300091e-02
1164556494.975586 8.630796e-03
1164556494.975708 -3.037148e-02
1164556494.975830 -5.809823e-02
1164556494.975952 -7.380384e-02
1164556494.976074 -7.509847e-02
1164556494.976196 -6.270228e-02
1164556494.976318 -2.379943e-02
1164556494.976440 9.090360e-03
1164556494.976562 3.340626e-02
1164556494.976685 4.112101e-02
1164556494.976807 4.254015e-02
1164556494.976929 3.964536e-02
1164556494.977051 2.944220e-02
1164556494.977173 2.255007e-02
1164556494.977295 2.947815e-02
1164556494.977417 2.556882e-02
1164556494.977539 1.194849e-03
1164556494.977661 -3.073783e-02
1164556494.977783 -4.482855e-02
1164556494.977905 -4.347223e-02
1164556494.978027 -3.246275e-02
1164556494.978149 -2.763418e-02
1164556494.978271 -2.349165e-02
1164556494.978394 -2.051526e-02
1164556494.978516 -1.078991e-02
1164556494.978638 9.274500e-03
1164556494.978760 3.885454e-02
1164556494.978882 5.017442e-02
1164556494.979004 4.912325e-02
1164556494.979126 4.480471e-02
1164556494.979248 2.975042e-02
1164556494.979370 2.145091e-03
1164556494.979492 -1.358610e-02
1164556494.979614 -2.492136e-02
1164556494.979736 -3.478377e-02
1164556494.979858 -4.347263e-02
1164556494.979980 -3.304442e-02
1164556494.980103 -1.616244e-02
1164556494.980225 -4.318935e-04
1164556494.980347 2.352487e-03
1164556494.980469 -5.106255e-03
1164556494.980591 -4.426847e-03
1164556494.980713 5.169023e-03
1164556494.980835 1.154462e-02
1164556494.980957 2.373321e-02
1164556494.981079 2.814816e-02
1164556494.981201 2.971182e-02
1164556494.981323 3.522670e-02
1164556494.981445 3.690100e-02
1164556494.981567 1.384039e-02
1164556494.981689 -1.317807e-02
1164556494.981812 -3.700065e-02
1164556494.981934 -5.419899e-02
1164556494.982056 -5.956528e-02
1164556494.982178 -4.746407e-02
1164556494.982300 -2.698369e-02
1164556494.982422 3.390683e-03
1164556494.982544 1.839833e-02
1164556494.982666 2.533187e-02
1164556494.982788 3.513271e-02
1164556494.982910 4.133684e-02
1164556494.983032 3.569999e-02
1164556494.983154 2.941510e-02
1164556494.983276 1.881845e-02
1164556494.983398 1.325571e-03
1164556494.983521 -1.252264e-02
1164556494.983643 -1.422064e-02
1164556494.983765 -2.058262e-02
1164556494.983887 -3.197274e-02
1164556494.984009 -4.055772e-02
1164556494.984131 -3.065207e-02
1164556494.984253 -1.542862e-02
1164556494.984375 -1.944836e-03
1164556494.984497 5.875221e-03
1164556494.984619 8.016876e-03
1164556494.984741 9.936007e-03
1164556494.984863 1.695816e-02
1164556494.984985 3.037727e-02
1164556494.985107 3.978227e-02
1164556494.985229 2.863049e-02
1164556494.985352 1.588202e-02
1164556494.985474 3.923114e-03
1164556494.985596 9.936488e-05
1164556494.985718 -8.415581e-03
1164556494.985840 -1.957514e-02
1164556494.985962 -3.238002e-02
1164556494.986084 -3.326891e-02
1164556494.986206 -3.527776e-02
1164556494.986328 -3.558676e-02
1164556494.986450 -3.175272e-02
1164556494.986572 -1.041322e-02
1164556494.986694 9.611920e-03
1164556494.986816 3.024331e-02
1164556494.986938 4.485266e-02
1164556494.987061 5.354756e-02
1164556494.987183 5.269696e-02
1164556494.987305 4.787682e-02
1164556494.987427 3.590547e-02
1164556494.987549 1.710598e-02
1164556494.987671 -1.169624e-02
1164556494.987793 -4.642257e-02
1164556494.987915 -8.137276e-02
1164556494.988037 -9.435855e-02
1164556494.988159 -8.196297e-02
1164556494.988281 -4.309356e-02
1164556494.988403 1.194021e-03
1164556494.988525 3.877582e-02
1164556494.988647 4.932926e-02
1164556494.988770 5.262512e-02
1164556494.988892 6.265787e-02
1164556494.989014 7.426282e-02
1164556494.989136 6.084444e-02
1164556494.989258 3.378287e-02
1164556494.989380 -2.535263e-03
1164556494.989502 -3.456191e-02
1164556494.989624 -5.653092e-02
1164556494.989746 -7.041621e-02
1164556494.989868 -7.195132e-02
1164556494.989990 -5.693455e-02
1164556494.990112 -3.822492e-02
1164556494.990234 -1.808568e-02
1164556494.990356 9.056202e-03
1164556494.990479 4.297093e-02
1164556494.990601 5.754194e-02
1164556494.990723 5.598571e-02
1164556494.990845 5.560341e-02
1164556494.990967 4.892424e-02
1164556494.991089 2.966451e-02
1164556494.991211 1.083274e-02
1164556494.991333 -1.155121e-02
1164556494.991455 -2.993817e-02
1164556494.991577 -4.466360e-02
1164556494.991699 -5.065161e-02
1164556494.991821 -5.673888e-02
1164556494.991943 -5.691867e-02
1164556494.992065 -3.196871e-02
1164556494.992188 3.632918e-03
1164556494.992310 1.839163e-02
1164556494.992432 3.535012e-02
1164556494.992554 4.815846e-02
1164556494.992676 5.059249e-02
1164556494.992798 3.582432e-02
1164556494.992920 2.215025e-02
1164556494.993042 1.694566e-02
1164556494.993164 5.688084e-03
1164556494.993286 -1.136850e-02
1164556494.993408 -1.551222e-02
1164556494.993530 -2.361339e-02
1164556494.993652 -2.798732e-02
1164556494.993774 -2.948677e-02
1164556494.993896 -3.800305e-02
1164556494.994019 -3.547944e-02
1164556494.994141 -1.166456e-02
1164556494.994263 -3.045915e-04
1164556494.994385 8.494533e-03
1164556494.994507 2.223985e-02
1164556494.994629 3.080919e-02
1164556494.994751 3.019260e-02
1164556494.994873 3.208954e-02
1164556494.994995 2.865423e-02
1164556494.995117 2.539286e-02
1164556494.995239 2.356029e-02
1164556494.995361 1.422799e-02
1164556494.995483 -9.978722e-03
1164556494.995605 -4.026773e-02
1164556494.995728 -5.855964e-02
1164556494.995850 -4.963284e-02
1164556494.995972 -3.585537e-02
1164556494.996094 -2.825911e-02
1164556494.996216 -2.025947e-02
1164556494.996338 -2.373835e-03
1164556494.996460 6.652851e-03
1164556494.996582 1.946527e-02
1164556494.996704 4.825286e-02
1164556494.996826 7.208589e-02
1164556494.996948 7.340781e-02
1164556494.997070 5.681855e-02
1164556494.997192 2.637067e-02
1164556494.997314 3.105512e-04
1164556494.997437 -2.898540e-02
1164556494.997559 -6.143904e-02
1164556494.997681 -8.682986e-02
1164556494.997803 -8.947666e-02
1164556494.997925 -7.092892e-02
1164556494.998047 -3.458645e-02
1164556494.998169 7.266517e-03
1164556494.998291 4.033720e-02
1164556494.998413 5.989759e-02
1164556494.998535 6.985048e-02
1164556494.998657 6.107802e-02
1164556494.998779 4.750048e-02
1164556494.998901 3.021518e-02
1164556494.999023 1.820855e-02
1164556494.999146 6.086078e-03
1164556494.999268 -1.655211e-02
1164556494.999390 -4.548359e-02
1164556494.999512 -6.014113e-02
1164556494.999634 -5.676247e-02
1164556494.999756 -3.810274e-02
1164556494.999878 -2.693518e-02
1164556495.000000 -2.233691e-02
1164556495.000122 -1.490451e-02
1164556495.000244 1.895276e-03
1164556495.000366 1.287615e-02
1164556495.000488 3.465531e-02
1164556495.000610 6.178065e-02
1164556495.000732 8.198278e-02
1164556495.000854 8.068092e-02
1164556495.000977 5.604282e-02
1164556495.001099 1.072275e-02
1164556495.001221 -2.793082e-02
1164556495.001343 -5.701972e-02
1164556495.001465 -8.415592e-02
1164556495.001587 -9.365910e-02
1164556495.001709 -7.753515e-02
1164556495.001831 -5.254224e-02
1164556495.001953 -1.763188e-02
1164556495.002075 2.103764e-02
1164556495.002197 6.154289e-02
1164556495.002319 7.798619e-02
1164556495.002441 6.830388e-02
1164556495.002563 5.759884e-02
1164556495.002686 4.648943e-02
1164556495.002808 2.516790e-02
1164556495.002930 6.976855e-04
1164556495.003052 -2.380501e-02
1164556495.003174 -3.812944e-02
1164556495.003296 -5.638001e-02
1164556495.003418 -6.905434e-02
1164556495.003540 -5.897598e-02
1164556495.003662 -2.443085e-02
1164556495.003784 4.379862e-03
1164556495.003906 1.067278e-02
1164556495.004028 1.067322e-02
1164556495.004150 1.609483e-02
1164556495.004272 2.787413e-02
1164556495.004395 4.491197e-02
1164556495.004517 4.982936e-02
1164556495.004639 4.205830e-02
1164556495.004761 2.348074e-02
1164556495.004883 -2.039089e-03
1164556495.005005 -2.432788e-02
1164556495.005127 -2.689004e-02
1164556495.005249 -2.636845e-02
1164556495.005371 -3.361101e-02
1164556495.005493 -3.848955e-02
1164556495.005615 -2.786436e-02
1164556495.005737 -1.196371e-02
1164556495.005859 -2.594753e-03
1164556495.005981 2.855889e-03
1164556495.006104 1.063956e-02
1164556495.006226 1.333825e-02
1164556495.006348 2.021064e-02
1164556495.006470 2.876084e-02
1164556495.006592 3.711767e-02
1164556495.006714 4.213347e-02
1164556495.006836 3.637061e-02
1164556495.006958 8.392172e-03
1164556495.007080 -2.297482e-02
1164556495.007202 -3.984445e-02
1164556495.007324 -4.371292e-02
1164556495.007446 -4.074227e-02
1164556495.007568 -2.729011e-02
1164556495.007690 -1.526717e-02
1164556495.007812 -4.739365e-03
1164556495.007935 4.399266e-04
1164556495.008057 6.481486e-03
1164556495.008179 8.619827e-03
1164556495.008301 1.547926e-02
1164556495.008423 2.247781e-02
1164556495.008545 3.274535e-02
1164556495.008667 3.485134e-02
1164556495.008789 2.938213e-02
1164556495.008911 2.370189e-02
1164556495.009033 1.225907e-02
1164556495.009155 -1.135681e-02
1164556495.009277 -3.095912e-02
1164556495.009399 -4.696598e-02
1164556495.009521 -5.215066e-02
1164556495.009644 -4.456459e-02
1164556495.009766 -2.173010e-02
1164556495.009888 4.172686e-04
1164556495.010010 1.198401e-02
1164556495.010132 3.004266e-03
1164556495.010254 8.885275e-04
1164556495.010376 2.120142e-02
1164556495.010498 5.144618e-02
1164556495.010620 5.810671e-02
1164556495.010742 4.562761e-02
1164556495.010864 2.653792e-02
1164556495.010986 1.051528e-02
1164556495.011108 -3.765529e-03
1164556495.011230 -2.289506e-02
1164556495.011353 -4.726061e-02
1164556495.011475 -6.540450e-02
1164556495.011597 -7.079640e-02
1164556495.011719 -5.375875e-02
1164556495.011841 -3.093187e-02
1164556495.011963 -6.302977e-03
1164556495.012085 2.084915e-02
1164556495.012207 5.095362e-02
1164556495.012329 7.343753e-02
1164556495.012451 7.894767e-02
1164556495.012573 6.395880e-02
1164556495.012695 3.150913e-02
1164556495.012817 3.122222e-03
1164556495.012939 -8.869376e-03
