# WAT Version : 6.3.0.0 - GIT Revision : 96ad788623c4de9d20a6c6a8795c09baa7043d66 - Tag/Branch : cWB-6.3.0 
# trigger 1 in lag 0 for 
nevent:     1
ndim:       3
run:        1
name:       ../waveform/t_hplus_APR4_q09.txt
rho:        9.367728
netCC:      0.912591
netED:      0.003111
penalty:    1.010627
gnet:       0.598271
anet:       0.141970
inet:       0.000000
likelihood: 2.876823e+02
ecor:       3.456534e+02
ECOR:       1.773738e+02
factor:     1.000000
range:      0.000000
mchirp:     0.000000
norm:       6.222644
usize:      0
ifo:        L1 H1 V1 
eventID:    1 0 
rho:        9.367728 3.767819 
type:       1 1 
rate:       0 0 0 
volume:     221 49 0 
size:       50 50 0 
lag:        0.000000 0.000000 0.000000 
slag:       0.000000 0.000000 0.000000 
phi:        144.863007 145.365631 93.488297 144.863007 
theta:      26.927382 26.053856 63.072620 26.927382 
psi:        0.000000 135.073029 
iota:       0.000000 -0.092063 
bp:         -0.0754  0.3314 -0.1988 
inj_bp:     -0.5187  0.6073 -0.5383 
bx:          0.5154 -0.6045  0.5388 
inj_bx:     -0.0827  0.3368 -0.2111 
chirp:      0.000000 1.200000 0.099757 0.415052 0.895833 0.939088 
range:      0.000000 20.410601 
Deff:       0.000000 0.000000 0.000000 
mass:       0.000000 0.000000 
spin:       0.000000 0.000000 0.000000 0.000000 0.000000 0.000000 
eBBH:       0.000000 0.000000 0.000000 0.000000 
null:       1.559327e+00 3.678549e+00 1.186620e+01 
strain:     7.412281e-23 1.744195e-22 
hrss:       3.949183e-23 4.778133e-23 4.063903e-23 
inj_hrss:   4.533548e-23 5.307266e-23 4.704690e-23 
noise:      4.349500e-24 4.368453e-24 4.137205e-24 
segment:    1164556000.0000 1164556810.0000 1164556000.0000 1164556810.0000 1164556000.0000 1164556810.0000 
start:      1164556494.8750 1164556494.8750 1164556494.8750 
time:       1164556494.8990 1164556494.8908 1164556494.8957 
stop:       1164556494.9375 1164556494.9375 1164556494.9375 
inj_time:   1164556494.8949 1164556494.8868 1164556494.8917 
left:       494.875000 494.875000 494.875000 
right:      315.062500 315.062500 315.062500 
duration:   0.005175 0.062500 
frequency:  792.245300 744.881409 
low:        576.000000 
high:       1216.000000 
bandwidth:  110.690292 640.000000 
snr:        7.581583e+01 1.158751e+02 1.263538e+02 
xSNR:       7.818571e+01 1.149053e+02 1.084652e+02 
sSNR:       8.062967e+01 1.139435e+02 9.310915e+01 
iSNR:       78.305786 106.537140 98.872498 
oSNR:       80.629669 113.943527 93.109146 
ioSNR:      69.983864 95.126198 82.188980 
netcc:      0.912591 0.910226 0.961689 0.944782 
neted:      1.075310 48.248421 318.044739 836.580200 998.671753 
erA:         0.793  0.000  0.000  0.000  0.458  0.458  0.648  0.648  0.648  0.793 791.643 
sky_res:    0.458065
map_lenght: 18
#skyID  theta   DEC     step   phi     R.A    step  probability    cumulative
 10629   26.9   63.1    0.35  144.9   93.5    1.23  3.225130e-01  3.225130e-01
 11220   27.7   62.3    0.35  144.6   93.2    1.20  2.610016e-01  5.835146e-01
 10054   26.2   63.8    0.35  145.1   93.8    1.27  2.188377e-01  8.023523e-01
  9495   25.4   64.6    0.35  145.4   94.1    1.30  1.046710e-01  9.070232e-01
 11827   28.4   61.6    0.35  144.4   93.0    1.17  3.967481e-02  9.466981e-01
  4038   16.5   73.5    0.35  157.0  105.6    2.00  1.560447e-02  9.623025e-01
  3518   15.4   74.6    0.35  159.6  108.3    2.14  4.192626e-03  9.664952e-01
  3861   16.1   73.9    0.35  158.5  107.1    2.05  4.081830e-03  9.705770e-01
  8952   24.7   65.3    0.35  145.7   94.4    1.34  3.867995e-03  9.744450e-01
  8687   24.3   65.7    0.35  146.6   95.2    1.36  3.154573e-03  9.775996e-01
  9222   25.1   64.9    0.35  146.2   94.9    1.32  2.173873e-03  9.797734e-01
  4405   17.2   72.8    0.35  156.1  104.7    1.91  2.144044e-03  9.819175e-01
 25036   41.9   48.1    0.35  138.6   87.2    0.80  1.883686e-03  9.838012e-01
 27323   43.8   46.2    0.35  138.1   86.7    0.77  1.792429e-03  9.855936e-01
  3687   15.8   74.2    0.35  158.0  106.6    2.09  1.380322e-03  9.869739e-01
 24149   41.1   48.9    0.35  138.7   87.3    0.82  1.374685e-03  9.883486e-01
 26396   43.0   47.0    0.35  138.1   86.8    0.78  1.323695e-03  9.896723e-01
 10054   26.2   63.8    0.35  145.1   93.8    1.27  2.188377e-01  0.000000e+00
