1164556494.803833 1.807016e-03
1164556494.803955 5.052701e-03
1164556494.804077 8.498918e-03
1164556494.804199 4.889695e-03
1164556494.804321 8.055052e-04
1164556494.804443 -1.214315e-03
1164556494.804565 -6.820050e-03
1164556494.804688 -7.182259e-03
1164556494.804810 -6.982842e-03
1164556494.804932 -3.145848e-03
1164556494.805054 2.687291e-04
1164556494.805176 6.650883e-04
1164556494.805298 4.337595e-03
1164556494.805420 8.046784e-03
1164556494.805542 3.932502e-03
1164556494.805664 6.245824e-03
1164556494.805786 4.598290e-03
1164556494.805908 2.677502e-03
1164556494.806030 -6.261194e-03
1164556494.806152 -1.296055e-02
1164556494.806274 -8.179873e-03
1164556494.806396 -7.125314e-03
1164556494.806519 -7.189496e-05
1164556494.806641 5.150469e-03
1164556494.806763 6.611529e-03
1164556494.806885 1.161849e-02
1164556494.807007 6.493117e-03
1164556494.807129 3.265759e-03
1164556494.807251 -3.573489e-03
1164556494.807373 -9.394060e-03
1164556494.807495 -8.312872e-03
1164556494.807617 -9.602274e-03
1164556494.807739 -2.606902e-03
1164556494.807861 5.008278e-03
1164556494.807983 7.976729e-03
1164556494.808105 1.051863e-02
1164556494.808228 2.812705e-03
1164556494.808350 1.644291e-03
1164556494.808472 -9.348179e-04
1164556494.808594 -4.038773e-03
1164556494.808716 -3.438339e-03
1164556494.808838 -4.626276e-03
1164556494.808960 -2.307035e-03
1164556494.809082 6.616772e-04
1164556494.809204 -7.526826e-04
1164556494.809326 -8.511946e-04
1164556494.809448 -2.875890e-03
1164556494.809570 1.284363e-03
1164556494.809692 3.346787e-03
1164556494.809814 1.042395e-03
1164556494.809937 2.651516e-03
1164556494.810059 2.882821e-03
1164556494.810181 4.249172e-03
1164556494.810303 5.003734e-03
1164556494.810425 5.427961e-04
1164556494.810547 2.772791e-04
1164556494.810669 -3.582370e-03
1164556494.810791 -6.701371e-03
1164556494.810913 -7.848239e-03
1164556494.811035 -6.962883e-03
1164556494.811157 -6.006239e-03
1164556494.811279 -4.994729e-03
1164556494.811401 -3.045935e-04
1164556494.811523 5.793946e-03
1164556494.811646 1.065966e-02
1164556494.811768 1.741652e-02
1164556494.811890 1.791300e-02
1164556494.812012 8.561456e-03
1164556494.812134 -2.788189e-03
1164556494.812256 -1.270702e-02
1164556494.812378 -1.761455e-02
1164556494.812500 -1.500817e-02
1164556494.812622 -1.148406e-02
1164556494.812744 -5.165408e-03
1164556494.812866 -4.372530e-04
1164556494.812988 6.590069e-03
1164556494.813110 1.027054e-02
1164556494.813232 1.058169e-02
1164556494.813354 8.367203e-03
1164556494.813477 2.935031e-03
1164556494.813599 2.294575e-03
1164556494.813721 5.145139e-03
1164556494.813843 4.605761e-03
1164556494.813965 -6.181562e-04
1164556494.814087 -7.510755e-03
1164556494.814209 -1.179676e-02
1164556494.814331 -1.282141e-02
1164556494.814453 -9.463168e-03
1164556494.814575 -5.973575e-03
1164556494.814697 -4.438825e-04
1164556494.814819 3.874740e-03
1164556494.814941 1.080662e-02
1164556494.815063 1.372960e-02
1164556494.815186 1.127889e-02
1164556494.815308 6.421888e-03
1164556494.815430 -1.327202e-03
1164556494.815552 -3.493738e-03
1164556494.815674 -3.836839e-03
1164556494.815796 -2.378675e-03
1164556494.815918 -3.334567e-03
1164556494.816040 -7.127038e-03
1164556494.816162 -7.139474e-03
1164556494.816284 -1.002688e-02
1164556494.816406 -3.957250e-03
1164556494.816528 4.606421e-03
1164556494.816650 1.084576e-02
1164556494.816772 9.316749e-03
1164556494.816895 4.947247e-03
1164556494.817017 1.715050e-03
1164556494.817139 6.285745e-04
1164556494.817261 -4.354151e-04
1164556494.817383 -2.273671e-03
1164556494.817505 -4.263425e-03
1164556494.817627 -2.128203e-03
1164556494.817749 1.996584e-03
1164556494.817871 4.498428e-04
1164556494.817993 -1.807074e-03
1164556494.818115 -5.700944e-03
1164556494.818237 -4.655999e-03
1164556494.818359 -1.882899e-03
1164556494.818481 1.661951e-03
1164556494.818604 5.109553e-03
1164556494.818726 3.990701e-03
1164556494.818848 3.847403e-03
1164556494.818970 1.091854e-03
1164556494.819092 4.418702e-03
1164556494.819214 1.682616e-03
1164556494.819336 -5.147185e-04
1164556494.819458 -6.038878e-03
1164556494.819580 -9.543096e-03
1164556494.819702 -7.123383e-03
1164556494.819824 -5.264221e-04
1164556494.819946 6.328951e-03
1164556494.820068 4.014375e-03
1164556494.820190 4.567876e-03
1164556494.820312 6.861677e-03
1164556494.820435 7.984705e-03
1164556494.820557 2.596290e-03
1164556494.820679 -9.066091e-03
1164556494.820801 -1.393568e-02
1164556494.820923 -1.502905e-02
1164556494.821045 -6.705595e-03
1164556494.821167 -1.868790e-04
1164556494.821289 1.078300e-02
1164556494.821411 1.555116e-02
1164556494.821533 1.155596e-02
1164556494.821655 9.576377e-03
1164556494.821777 2.805884e-03
1164556494.821899 -2.160380e-04
1164556494.822021 -8.197855e-03
1164556494.822144 -1.303703e-02
1164556494.822266 -1.085587e-02
1164556494.822388 -1.072855e-02
1164556494.822510 -4.567657e-03
1164556494.822632 -1.280191e-03
1164556494.822754 7.054281e-03
1164556494.822876 8.982524e-03
1164556494.822998 1.044475e-02
1164556494.823120 9.967474e-03
1164556494.823242 2.294961e-03
1164556494.823364 -2.032148e-03
1164556494.823486 -3.754444e-03
1164556494.823608 -1.437475e-03
1164556494.823730 -3.585987e-04
1164556494.823853 2.709365e-04
1164556494.823975 1.378291e-03
1164556494.824097 -4.425684e-03
1164556494.824219 -7.092975e-03
1164556494.824341 -8.044128e-03
1164556494.824463 -8.667514e-03
1164556494.824585 -5.023066e-03
1164556494.824707 8.672147e-04
1164556494.824829 1.050705e-02
1164556494.824951 1.264126e-02
1164556494.825073 1.213197e-02
1164556494.825195 9.570283e-03
1164556494.825317 2.566852e-03
1164556494.825439 7.138161e-04
1164556494.825562 -6.158157e-03
1164556494.825684 -4.656125e-03
1164556494.825806 -6.657477e-03
1164556494.825928 -1.347632e-02
1164556494.826050 -1.432357e-02
1164556494.826172 -1.184060e-02
1164556494.826294 4.957810e-04
1164556494.826416 8.617328e-03
1164556494.826538 1.439640e-02
1164556494.826660 1.812399e-02
1164556494.826782 1.174574e-02
1164556494.826904 6.600501e-03
1164556494.827026 -1.712975e-03
1164556494.827148 -9.945348e-03
1164556494.827271 -1.434900e-02
1164556494.827393 -1.189893e-02
1164556494.827515 -1.435647e-03
1164556494.827637 5.367994e-03
1164556494.827759 6.442491e-03
1164556494.827881 3.709100e-03
1164556494.828003 -3.347184e-03
1164556494.828125 -5.722456e-03
1164556494.828247 -2.954958e-03
1164556494.828369 2.967233e-03
1164556494.828491 5.566791e-03
1164556494.828613 1.793515e-03
1164556494.828735 -1.781091e-03
1164556494.828857 7.951497e-04
1164556494.828979 -1.926880e-03
1164556494.829102 -2.713819e-03
1164556494.829224 -2.289212e-04
1164556494.829346 8.307541e-03
1164556494.829468 1.240755e-02
1164556494.829590 5.019344e-03
1164556494.829712 5.979927e-04
1164556494.829834 -9.628162e-03
1164556494.829956 -1.946363e-02
1164556494.830078 -1.911729e-02
1164556494.830200 -9.779292e-03
1164556494.830322 7.184851e-03
1164556494.830444 1.335942e-02
1164556494.830566 1.689644e-02
1164556494.830688 1.600946e-02
1164556494.830811 7.164479e-03
1164556494.830933 -3.456581e-03
1164556494.831055 -1.130626e-02
1164556494.831177 -1.474782e-02
1164556494.831299 -5.762834e-03
1164556494.831421 3.767925e-03
1164556494.831543 1.246629e-02
1164556494.831665 1.213984e-02
1164556494.831787 -1.711145e-03
1164556494.831909 -1.104426e-02
1164556494.832031 -1.706623e-02
1164556494.832153 -1.174975e-02
1164556494.832275 -1.498095e-03
1164556494.832397 5.962128e-03
1164556494.832520 1.196967e-02
1164556494.832642 4.613260e-03
1164556494.832764 5.278755e-03
1164556494.832886 8.599646e-03
1164556494.833008 7.873605e-03
1164556494.833130 4.214884e-03
1164556494.833252 -1.251717e-03
1164556494.833374 -3.702376e-03
1164556494.833496 -8.009486e-03
1164556494.833618 -1.222328e-02
1164556494.833740 -1.152458e-02
1164556494.833862 -9.643337e-03
1164556494.833984 -5.896230e-03
1164556494.834106 -7.471240e-04
1164556494.834229 7.958037e-03
1164556494.834351 1.681073e-02
1164556494.834473 1.335358e-02
1164556494.834595 8.323026e-03
1164556494.834717 7.523761e-03
1164556494.834839 6.393196e-04
1164556494.834961 -4.640695e-03
1164556494.835083 -7.919124e-03
1164556494.835205 -6.193129e-03
1164556494.835327 -9.642172e-03
1164556494.835449 -1.070327e-02
1164556494.835571 -4.192572e-03
1164556494.835693 -2.215641e-03
1164556494.835815 5.561903e-03
1164556494.835938 9.067726e-03
1164556494.836060 8.350532e-03
1164556494.836182 3.095467e-03
1164556494.836304 -2.892565e-03
1164556494.836426 1.307181e-04
1164556494.836548 1.343406e-04
1164556494.836670 2.770692e-03
1164556494.836792 1.991377e-03
1164556494.836914 3.422306e-03
1164556494.837036 -1.167283e-03
1164556494.837158 -6.965005e-03
1164556494.837280 -7.796391e-03
1164556494.837402 -6.136946e-03
1164556494.837524 1.033113e-03
1164556494.837646 3.734677e-03
1164556494.837769 7.111903e-03
1164556494.837891 4.933195e-03
1164556494.838013 2.921131e-03
1164556494.838135 -1.889907e-03
1164556494.838257 -7.917536e-03
1164556494.838379 -1.168694e-02
1164556494.838501 -1.074109e-02
1164556494.838623 2.891241e-03
1164556494.838745 1.316354e-02
1164556494.838867 1.872131e-02
1164556494.838989 7.734831e-03
1164556494.839111 3.176416e-03
1164556494.839233 9.817161e-04
1164556494.839355 -3.410103e-03
1164556494.839478 -3.490485e-03
1164556494.839600 -8.446975e-03
1164556494.839722 -1.169426e-02
1164556494.839844 -2.160799e-02
1164556494.839966 -1.559608e-02
1164556494.840088 -3.728167e-03
1164556494.840210 8.735967e-03
1164556494.840332 2.078159e-02
1164556494.840454 2.318516e-02
1164556494.840576 2.435635e-02
1164556494.840698 1.361375e-02
1164556494.840820 7.293756e-04
1164556494.840942 -1.711275e-02
1164556494.841064 -2.319171e-02
1164556494.841187 -1.387179e-02
1164556494.841309 -3.319841e-03
1164556494.841431 1.455178e-03
1164556494.841553 -2.672745e-03
1164556494.841675 -7.439833e-03
1164556494.841797 -8.670079e-03
1164556494.841919 -3.039380e-03
1164556494.842041 8.845571e-03
1164556494.842163 1.613304e-02
1164556494.842285 1.599933e-02
1164556494.842407 1.319685e-02
1164556494.842529 8.822407e-03
1164556494.842651 4.549045e-03
1164556494.842773 -3.571629e-03
1164556494.842896 -1.879802e-02
1164556494.843018 -2.354920e-02
1164556494.843140 -1.276445e-02
1164556494.843262 4.947208e-03
1164556494.843384 9.138562e-03
1164556494.843506 5.349385e-03
1164556494.843628 -2.571262e-03
1164556494.843750 -8.575147e-03
1164556494.843872 -6.448576e-03
1164556494.843994 1.943476e-03
1164556494.844116 1.165703e-02
1164556494.844238 1.113096e-02
1164556494.844360 9.480123e-03
1164556494.844482 4.740956e-03
1164556494.844604 4.454823e-03
1164556494.844727 6.143880e-03
1164556494.844849 -5.503295e-03
1164556494.844971 -1.202753e-02
1164556494.845093 -1.591020e-02
1164556494.845215 -6.962878e-03
1164556494.845337 -4.205989e-03
1164556494.845459 -4.329559e-03
1164556494.845581 -3.251061e-03
1164556494.845703 -6.025878e-03
1164556494.845825 3.044635e-03
1164556494.845947 1.287657e-02
1164556494.846069 2.068831e-02
1164556494.846191 1.856875e-02
1164556494.846313 7.104520e-03
1164556494.846436 -6.276989e-03
1164556494.846558 -1.278988e-02
1164556494.846680 -5.122882e-03
1164556494.846802 1.279851e-05
1164556494.846924 -5.347425e-03
1164556494.847046 -7.752533e-03
1164556494.847168 -3.361024e-03
1164556494.847290 -1.691400e-03
1164556494.847412 -4.239593e-03
1164556494.847534 -8.056405e-03
1164556494.847656 -4.039262e-03
1164556494.847778 -1.392703e-03
1164556494.847900 7.370441e-03
1164556494.848022 1.630973e-02
1164556494.848145 2.064225e-02
1164556494.848267 1.667652e-02
1164556494.848389 3.652958e-03
1164556494.848511 -4.291453e-03
1164556494.848633 -7.131040e-03
1164556494.848755 -7.616623e-03
1164556494.848877 -1.544794e-02
1164556494.848999 -2.158088e-02
1164556494.849121 -1.757597e-02
1164556494.849243 -4.757281e-03
1164556494.849365 5.585323e-03
1164556494.849487 1.271904e-02
1164556494.849609 1.702811e-02
1164556494.849731 1.191956e-02
1164556494.849854 7.809290e-03
1164556494.849976 3.714777e-03
1164556494.850098 2.592669e-03
1164556494.850220 -1.247383e-03
1164556494.850342 -5.287130e-03
1164556494.850464 -3.949598e-03
1164556494.850586 -7.316004e-04
1164556494.850708 3.199599e-03
1164556494.850830 -6.037728e-03
1164556494.850952 -1.864450e-02
1164556494.851074 -1.911205e-02
1164556494.851196 -5.308316e-03
1164556494.851318 1.088276e-02
1164556494.851440 1.904710e-02
1164556494.851562 1.805701e-02
1164556494.851685 4.762372e-03
1164556494.851807 -6.880751e-03
1164556494.851929 -1.253859e-02
1164556494.852051 -7.448179e-03
1164556494.852173 3.552117e-03
1164556494.852295 1.407612e-02
1164556494.852417 2.210410e-02
1164556494.852539 1.003880e-02
1164556494.852661 -5.421145e-03
1164556494.852783 -1.796308e-02
1164556494.852905 -2.542959e-02
1164556494.853027 -2.426896e-02
1164556494.853149 -1.657631e-02
1164556494.853271 8.331124e-03
1164556494.853394 2.268235e-02
1164556494.853516 1.949230e-02
1164556494.853638 1.313369e-02
1164556494.853760 3.081688e-04
1164556494.853882 -3.520623e-03
1164556494.854004 -5.155478e-03
1164556494.854126 1.540854e-03
1164556494.854248 1.028305e-02
1164556494.854370 1.040117e-02
1164556494.854492 9.215058e-03
1164556494.854614 -7.990363e-03
1164556494.854736 -2.438362e-02
1164556494.854858 -2.895289e-02
1164556494.854980 -2.206330e-02
1164556494.855103 -2.521564e-03
1164556494.855225 1.433264e-02
1164556494.855347 2.467144e-02
1164556494.855469 2.272933e-02
1164556494.855591 1.072345e-02
1164556494.855713 -4.578542e-03
1164556494.855835 -1.434014e-02
1164556494.855957 -8.412040e-03
1164556494.856079 8.299103e-03
1164556494.856201 1.192522e-02
1164556494.856323 1.244105e-02
1164556494.856445 9.550720e-03
1164556494.856567 -9.297443e-03
1164556494.856689 -2.711444e-02
1164556494.856812 -3.200739e-02
1164556494.856934 -1.252611e-02
1164556494.857056 1.692992e-04
1164556494.857178 1.206544e-02
1164556494.857300 2.165398e-02
1164556494.857422 1.466170e-02
1164556494.857544 5.335385e-03
1164556494.857666 -2.913816e-03
1164556494.857788 1.428254e-03
1164556494.857910 2.084413e-04
1164556494.858032 5.802044e-03
1164556494.858154 8.910238e-03
1164556494.858276 4.003597e-03
1164556494.858398 -5.450011e-03
1164556494.858521 -8.284295e-03
1164556494.858643 -1.101385e-02
1164556494.858765 -2.387723e-02
1164556494.858887 -1.847813e-02
1164556494.859009 -2.210963e-03
1164556494.859131 1.971563e-02
1164556494.859253 1.052868e-02
1164556494.859375 -3.122168e-04
1164556494.859497 1.394587e-03
1164556494.859619 3.977267e-03
1164556494.859741 1.035578e-02
1164556494.859863 1.285685e-02
1164556494.859985 2.433680e-02
1164556494.860107 1.356820e-02
1164556494.860229 -4.177886e-03
1164556494.860352 -1.939243e-02
1164556494.860474 -2.450855e-02
1164556494.860596 -2.682812e-02
1164556494.860718 -2.757698e-02
1164556494.860840 -1.501940e-02
1164556494.860962 -5.592492e-04
1164556494.861084 2.273350e-02
1164556494.861206 2.927810e-02
1164556494.861328 2.523846e-02
1164556494.861450 1.002660e-02
1164556494.861572 3.291032e-03
1164556494.861694 4.321895e-03
1164556494.861816 -2.215041e-03
1164556494.861938 -5.351558e-03
1164556494.862061 -9.509900e-03
1164556494.862183 -1.046540e-03
1164556494.862305 -7.540165e-04
1164556494.862427 -2.867933e-03
1164556494.862549 -8.637026e-03
1164556494.862671 -1.919824e-02
1164556494.862793 -2.738673e-02
1164556494.862915 -2.663880e-02
1164556494.863037 1.154991e-03
1164556494.863159 3.131770e-02
1164556494.863281 4.875140e-02
1164556494.863403 3.329354e-02
1164556494.863525 1.871850e-02
1164556494.863647 -5.237273e-04
1164556494.863770 -1.986801e-02
1164556494.863892 -2.652258e-02
1164556494.864014 -2.345173e-02
1164556494.864136 -9.157838e-05
1164556494.864258 3.817655e-03
1164556494.864380 1.023459e-02
1164556494.864502 3.873424e-03
1164556494.864624 -1.447995e-02
1164556494.864746 -2.887147e-02
1164556494.864868 -3.082645e-02
1164556494.864990 -3.377950e-03
1164556494.865112 1.919678e-02
1164556494.865234 4.453282e-02
1164556494.865356 5.347820e-02
1164556494.865479 2.995564e-02
1164556494.865601 -8.965916e-03
1164556494.865723 -2.935398e-02
1164556494.865845 -3.335116e-02
1164556494.865967 -2.608221e-02
1164556494.866089 -3.990526e-03
1164556494.866211 1.815473e-02
1164556494.866333 2.596194e-02
1164556494.866455 -1.781909e-04
1164556494.866577 -1.939808e-02
1164556494.866699 -3.708948e-02
1164556494.866821 -3.357775e-02
1164556494.866943 -8.500540e-03
1164556494.867065 1.733441e-02
1164556494.867188 4.743873e-02
1164556494.867310 4.550537e-02
1164556494.867432 3.146875e-02
1164556494.867554 8.349214e-03
1164556494.867676 -1.102478e-02
1164556494.867798 -2.471300e-02
1164556494.867920 -2.716493e-02
1164556494.868042 -2.382141e-03
1164556494.868164 1.047301e-02
1164556494.868286 -4.249760e-03
1164556494.868408 -2.757167e-02
1164556494.868530 -3.380814e-02
1164556494.868652 -4.051859e-02
1164556494.868774 -2.622630e-02
1164556494.868896 1.948585e-02
1164556494.869019 6.218493e-02
1164556494.869141 6.463765e-02
1164556494.869263 4.631254e-02
1164556494.869385 3.623106e-02
1164556494.869507 1.774149e-03
1164556494.869629 -3.614236e-02
1164556494.869751 -4.778449e-02
1164556494.869873 -3.769955e-02
1164556494.869995 -2.778402e-02
1164556494.870117 -1.476848e-02
1164556494.870239 3.712089e-03
1164556494.870361 -3.319460e-03
1164556494.870483 -2.081385e-02
1164556494.870605 -9.480843e-03
1164556494.870728 2.171784e-02
1164556494.870850 3.585728e-02
1164556494.870972 4.887975e-02
1164556494.871094 4.621503e-02
1164556494.871216 1.815343e-02
1164556494.871338 -1.928443e-02
1164556494.871460 -2.996144e-02
1164556494.871582 -1.533171e-02
1164556494.871704 -1.494917e-02
1164556494.871826 -2.424457e-02
1164556494.871948 -1.876464e-02
1164556494.872070 -2.468815e-03
1164556494.872192 2.733901e-03
1164556494.872314 -8.564941e-03
1164556494.872437 -1.327727e-02
1164556494.872559 -3.647665e-03
1164556494.872681 1.001383e-02
1164556494.872803 2.749877e-02
1164556494.872925 3.934185e-02
1164556494.873047 3.401866e-02
1164556494.873169 1.055079e-02
1164556494.873291 -1.407017e-02
1164556494.873413 -1.293159e-02
1164556494.873535 -7.791116e-03
1164556494.873657 -8.955534e-03
1164556494.873779 -1.233109e-02
1164556494.873901 -2.193362e-02
1164556494.874023 -2.089467e-02
1164556494.874146 -1.520971e-03
1164556494.874268 1.093476e-02
1164556494.874390 -2.148743e-03
1164556494.874512 -2.706303e-02
1164556494.874634 -1.911666e-02
1164556494.874756 1.115974e-02
1164556494.874878 2.999063e-02
1164556494.875000 4.602086e-02
1164556494.875122 4.626004e-02
1164556494.875244 2.831321e-02
1164556494.875366 8.080755e-04
1164556494.875488 -1.206051e-02
1164556494.875610 -5.705852e-03
1164556494.875732 -2.142304e-02
1164556494.875854 -4.645615e-02
1164556494.875977 -5.753430e-02
1164556494.876099 -3.512128e-02
1164556494.876221 -9.365292e-03
1164556494.876343 2.626473e-03
1164556494.876465 5.578847e-03
1164556494.876587 4.856051e-03
1164556494.876709 1.859613e-02
1164556494.876831 4.823530e-02
1164556494.876953 7.748779e-02
1164556494.877075 6.538250e-02
1164556494.877197 3.582054e-02
1164556494.877319 -4.169171e-03
1164556494.877441 -3.365417e-02
1164556494.877563 -5.557217e-02
1164556494.877686 -6.979227e-02
1164556494.877808 -5.619037e-02
1164556494.877930 -5.850666e-02
1164556494.878052 -3.368819e-02
1164556494.878174 -1.500955e-03
1164556494.878296 3.217573e-02
1164556494.878418 3.495770e-02
1164556494.878540 2.670793e-02
1164556494.878662 3.645672e-02
1164556494.878784 5.515101e-02
1164556494.878906 8.296235e-02
1164556494.879028 6.458939e-02
1164556494.879150 2.388944e-02
1164556494.879272 -3.143963e-02
1164556494.879395 -6.392029e-02
1164556494.879517 -8.341370e-02
1164556494.879639 -8.678501e-02
1164556494.879761 -5.451884e-02
1164556494.879883 -2.978460e-02
1164556494.880005 -3.613358e-03
1164556494.880127 -2.114039e-03
1164556494.880249 1.813486e-02
1164556494.880371 2.117394e-02
1164556494.880493 2.773827e-02
1164556494.880615 4.680290e-02
1164556494.880737 7.427811e-02
1164556494.880859 1.065034e-01
1164556494.880981 9.399430e-02
1164556494.881104 5.203659e-02
1164556494.881226 -2.210253e-02
1164556494.881348 -7.556037e-02
1164556494.881470 -1.053107e-01
1164556494.881592 -1.109149e-01
1164556494.881714 -1.120577e-01
1164556494.881836 -9.528974e-02
1164556494.881958 -5.552589e-02
1164556494.882080 -5.251818e-02
1164556494.882202 -3.280577e-02
1164556494.882324 4.872096e-04
1164556494.882446 1.049062e-01
1164556494.882568 1.912723e-01
1164556494.882690 2.629445e-01
1164556494.882812 3.238067e-01
1164556494.882935 3.186645e-01
1164556494.883057 2.146519e-01
1164556494.883179 -6.485176e-02
1164556494.883301 -5.215990e-01
1164556494.883423 -7.224125e-01
1164556494.883545 -6.743435e-01
1164556494.883667 -4.496177e-01
1164556494.883789 -8.578221e-02
1164556494.883911 2.911737e-01
1164556494.884033 5.636833e-01
1164556494.884155 7.241274e-01
1164556494.884277 7.058620e-01
1164556494.884399 5.350486e-01
1164556494.884521 2.506878e-01
1164556494.884644 -6.330303e-02
1164556494.884766 -4.246193e-01
1164556494.884888 -7.146182e-01
1164556494.885010 -8.292370e-01
1164556494.885132 -7.800020e-01
1164556494.885254 -5.304147e-01
1164556494.885376 -1.297018e-01
1164556494.885498 3.498446e-01
1164556494.885620 6.841772e-01
1164556494.885742 8.722910e-01
1164556494.885864 8.988408e-01
1164556494.885986 7.057293e-01
1164556494.886108 3.180569e-01
1164556494.886230 -1.662028e-01
1164556494.886353 -5.543257e-01
1164556494.886475 -8.390229e-01
1164556494.886597 -8.886159e-01
1164556494.886719 -7.717077e-01
1164556494.886841 -5.003450e-01
1164556494.886963 -1.319295e-01
1164556494.887085 2.781811e-01
1164556494.887207 6.623843e-01
1164556494.887329 8.953134e-01
1164556494.887451 9.886052e-01
1164556494.887573 7.561857e-01
1164556494.887695 3.258429e-01
1164556494.887817 -1.661610e-01
1164556494.887939 -5.783147e-01
1164556494.888062 -8.910224e-01
1164556494.888184 -1.043124e+00
1164556494.888306 -8.603526e-01
1164556494.888428 -4.870019e-01
1164556494.888550 5.978809e-02
1164556494.888672 5.990753e-01
1164556494.888794 9.902429e-01
1164556494.888916 1.022923e+00
1164556494.889038 7.890445e-01
1164556494.889160 3.976201e-01
1164556494.889282 -1.063898e-01
1164556494.889404 -5.497639e-01
1164556494.889526 -8.621108e-01
1164556494.889648 -9.341921e-01
1164556494.889771 -8.046561e-01
1164556494.889893 -3.470363e-01
1164556494.890015 2.237373e-01
1164556494.890137 6.577022e-01
1164556494.890259 8.497519e-01
1164556494.890381 8.127291e-01
1164556494.890503 6.240729e-01
1164556494.890625 1.818411e-01
1164556494.890747 -2.616608e-01
1164556494.890869 -6.783443e-01
1164556494.890991 -8.963103e-01
1164556494.891113 -8.759899e-01
1164556494.891235 -5.332923e-01
1164556494.891357 6.462622e-02
1164556494.891479 5.935571e-01
1164556494.891602 9.100109e-01
1164556494.891724 8.845554e-01
1164556494.891846 6.784326e-01
1164556494.891968 2.386768e-01
1164556494.892090 -3.296947e-01
1164556494.892212 -8.340470e-01
1164556494.892334 -1.069117e+00
1164556494.892456 -8.849826e-01
1164556494.892578 -4.006262e-01
1164556494.892700 3.104145e-01
1164556494.892822 8.289501e-01
1164556494.892944 1.029520e+00
1164556494.893066 8.340084e-01
1164556494.893188 3.801632e-01
1164556494.893311 -2.018273e-01
1164556494.893433 -6.799677e-01
1164556494.893555 -8.769750e-01
1164556494.893677 -8.372939e-01
1164556494.893799 -4.489013e-01
1164556494.893921 1.912437e-01
1164556494.894043 7.953923e-01
1164556494.894165 9.346932e-01
1164556494.894287 6.605387e-01
1164556494.894409 1.635470e-01
1164556494.894531 -3.920318e-01
1164556494.894653 -7.507135e-01
1164556494.894775 -8.209343e-01
1164556494.894897 -4.801409e-01
1164556494.895020 -4.506747e-03
1164556494.895142 5.496122e-01
1164556494.895264 8.371047e-01
1164556494.895386 7.863971e-01
1164556494.895508 3.557590e-01
1164556494.895630 -3.707119e-01
1164556494.895752 -9.239578e-01
1164556494.895874 -9.579078e-01
1164556494.895996 -3.450195e-01
1164556494.896118 3.653419e-01
1164556494.896240 8.106758e-01
1164556494.896362 8.112911e-01
1164556494.896484 2.793461e-01
1164556494.896606 -4.135099e-01
1164556494.896729 -8.367881e-01
1164556494.896851 -5.985886e-01
1164556494.896973 -2.599555e-02
1164556494.897095 6.367752e-01
1164556494.897217 8.173687e-01
1164556494.897339 2.797869e-01
1164556494.897461 -5.579989e-01
1164556494.897583 -7.753417e-01
1164556494.897705 -1.873238e-01
1164556494.897827 5.747774e-01
1164556494.897949 6.062926e-01
1164556494.898071 -2.609758e-01
1164556494.898193 -6.310364e-01
1164556494.898315 2.009543e-01
1164556494.898438 8.835941e-02
1164556494.898560 -1.561693e-02
1164556494.898682 2.310880e-02
1164556494.898804 1.171617e-01
1164556494.898926 2.480475e-02
1164556494.899048 -2.317269e-01
1164556494.899170 3.279263e-01
1164556494.899292 -2.459443e-01
1164556494.899414 5.803074e-02
1164556494.899536 1.879256e-01
1164556494.899658 -1.240891e-01
1164556494.899780 9.284184e-02
1164556494.899902 -3.329924e-01
1164556494.900024 1.221416e-01
1164556494.900146 -1.083500e-01
1164556494.900269 1.072715e-01
1164556494.900391 7.216170e-03
1164556494.900513 -1.181866e-01
1164556494.900635 2.541710e-01
1164556494.900757 -5.872889e-02
1164556494.900879 1.086954e-01
1164556494.901001 -1.466297e-02
1164556494.901123 -1.172563e-01
1164556494.901245 2.317771e-02
1164556494.901367 -1.175193e-01
1164556494.901489 1.136934e-01
1164556494.901611 1.066550e-01
1164556494.901733 -1.498769e-01
1164556494.901855 1.184520e-02
1164556494.901978 -1.622130e-01
1164556494.902100 5.445344e-02
1164556494.902222 1.363938e-01
1164556494.902344 -9.378680e-02
1164556494.902466 7.808892e-02
1164556494.902588 -2.732536e-03
1164556494.902710 2.413866e-02
1164556494.902832 1.191100e-01
1164556494.902954 -1.041825e-01
1164556494.903076 3.481386e-02
1164556494.903198 -7.942583e-02
1164556494.903320 -1.213494e-01
1164556494.903442 1.312391e-01
1164556494.903564 -2.041615e-02
1164556494.903687 5.247623e-02
1164556494.903809 -1.285899e-02
1164556494.903931 -1.259906e-01
1164556494.904053 7.059966e-02
1164556494.904175 -4.082247e-02
1164556494.904297 9.167094e-02
1164556494.904419 4.759679e-03
1164556494.904541 -1.056771e-01
1164556494.904663 1.281186e-01
1164556494.904785 6.137391e-04
1164556494.904907 2.067527e-02
1164556494.905029 -3.601533e-03
1164556494.905151 -1.198382e-01
1164556494.905273 3.075325e-02
1164556494.905396 -4.378613e-02
1164556494.905518 4.952565e-02
1164556494.905640 1.208963e-01
1164556494.905762 -8.535234e-02
1164556494.905884 -1.176167e-02
1164556494.906006 -8.030864e-02
1164556494.906128 -2.815991e-02
1164556494.906250 1.007528e-01
1164556494.906372 -7.900585e-02
1164556494.906494 8.372506e-02
1164556494.906616 2.742882e-02
1164556494.906738 5.283008e-03
1164556494.906860 7.814755e-02
1164556494.906982 -7.509917e-02
1164556494.907104 -1.425219e-02
1164556494.907227 -6.174861e-02
1164556494.907349 -5.439193e-02
1164556494.907471 1.107484e-01
1164556494.907593 8.763437e-03
1164556494.907715 -2.054295e-03
1164556494.907837 -4.676514e-04
1164556494.907959 -1.249090e-01
1164556494.908081 2.444929e-03
1164556494.908203 1.352724e-02
1164556494.908325 5.204712e-02
1164556494.908447 9.258357e-02
1164556494.908569 -3.508682e-02
1164556494.908691 9.566793e-02
1164556494.908813 -3.892983e-02
1164556494.908936 -7.170419e-02
1164556494.909058 -4.038810e-03
1164556494.909180 -7.830152e-02
1164556494.909302 2.773359e-02
1164556494.909424 1.465906e-03
1164556494.909546 3.792385e-02
1164556494.909668 5.739583e-02
1164556494.909790 -7.547521e-02
1164556494.909912 -2.268848e-02
1164556494.910034 -1.277239e-02
1164556494.910156 -1.810330e-02
1164556494.910278 9.754622e-02
1164556494.910400 1.512149e-02
1164556494.910522 2.081246e-02
1164556494.910645 3.267591e-02
1164556494.910767 -7.812294e-02
1164556494.910889 9.570929e-03
1164556494.911011 -8.382017e-02
1164556494.911133 1.412249e-02
1164556494.911255 4.791609e-02
1164556494.911377 -4.589804e-02
1164556494.911499 8.449828e-02
1164556494.911621 -2.466547e-02
1164556494.911743 -2.138388e-02
1164556494.911865 -1.048868e-02
1164556494.911987 -5.210722e-02
1164556494.912109 4.523700e-02
1164556494.912231 3.184315e-04
1164556494.912354 4.160349e-02
1164556494.912476 4.891983e-02
1164556494.912598 -3.665836e-02
1164556494.912720 1.156278e-02
1164556494.912842 -3.625504e-02
1164556494.912964 -4.908424e-02
1164556494.913086 3.075927e-02
1164556494.913208 -1.807635e-03
1164556494.913330 5.115979e-02
1164556494.913452 -2.906124e-02
1164556494.913574 -3.500718e-02
1164556494.913696 1.497898e-02
1164556494.913818 -6.258461e-02
1164556494.913940 3.477264e-02
1164556494.914062 1.899620e-02
1164556494.914185 3.201978e-02
1164556494.914307 5.024791e-02
1164556494.914429 -3.372367e-02
1164556494.914551 2.665291e-02
1164556494.914673 -3.173198e-02
1164556494.914795 -3.544907e-02
1164556494.914917 -1.232296e-02
1164556494.915039 -2.741375e-02
1164556494.915161 5.464697e-02
1164556494.915283 2.034216e-02
1164556494.915405 -4.891669e-03
1164556494.915527 -2.382999e-03
1164556494.915649 -5.901960e-02
1164556494.915771 5.085950e-03
1164556494.915894 -6.209126e-03
1164556494.916016 1.719560e-02
1164556494.916138 4.728187e-02
1164556494.916260 -1.871650e-02
1164556494.916382 4.210498e-02
1164556494.916504 -1.090149e-02
1164556494.916626 -2.125621e-03
1164556494.916748 1.658582e-02
1164556494.916870 -6.136002e-02
1164556494.916992 7.927330e-03
1164556494.917114 -3.560137e-02
1164556494.917236 2.393895e-02
1164556494.917358 2.647383e-02
1164556494.917480 -3.604862e-02
1164556494.917603 1.555589e-02
1164556494.917725 -3.402839e-02
1164556494.917847 2.499063e-02
1164556494.917969 3.174671e-02
1164556494.918091 5.286210e-04
1164556494.918213 2.792679e-02
1164556494.918335 -2.908665e-02
1164556494.918457 1.820803e-02
1164556494.918579 1.590357e-04
1164556494.918701 -1.665167e-02
1164556494.918823 3.699400e-03
1164556494.918945 -5.438097e-02
1164556494.919067 1.438817e-03
1164556494.919189 1.261911e-02
1164556494.919312 2.341300e-02
1164556494.919434 3.196632e-02
1164556494.919556 -4.792469e-02
1164556494.919678 4.740817e-03
1164556494.919800 -2.744513e-02
1164556494.919922 1.384974e-02
1164556494.920044 4.942050e-02
1164556494.920166 -1.523802e-02
1164556494.920288 2.397723e-02
1164556494.920410 -2.330100e-02
1164556494.920532 2.336127e-02
1164556494.920654 1.010984e-02
1164556494.920776 -4.287229e-02
1164556494.920898 3.155786e-03
1164556494.921021 -4.542754e-02
1164556494.921143 1.420276e-02
1164556494.921265 6.385753e-03
1164556494.921387 1.764419e-02
1164556494.921509 2.192680e-02
1164556494.921631 -4.738052e-02
1164556494.921753 -5.204700e-03
1164556494.921875 -6.276137e-03
1164556494.921997 4.204945e-02
1164556494.922119 4.209667e-02
1164556494.922241 5.358844e-03
1164556494.922363 2.501317e-02
1164556494.922485 -3.650053e-02
1164556494.922607 -1.625321e-02
1164556494.922729 -3.852353e-02
1164556494.922852 -3.673008e-02
1164556494.922974 3.334557e-03
1164556494.923096 -5.406410e-03
1164556494.923218 5.853797e-02
1164556494.923340 1.384159e-02
1164556494.923462 8.214901e-04
1164556494.923584 -4.037155e-03
1164556494.923706 -4.878687e-02
1164556494.923828 1.093730e-02
1164556494.923950 7.981761e-03
1164556494.924072 6.348684e-02
1164556494.924194 2.971046e-02
1164556494.924316 -3.015915e-02
1164556494.924438 -1.329136e-02
1164556494.924561 -5.313916e-02
1164556494.924683 -1.558852e-02
1164556494.924805 -2.223646e-02
1164556494.924927 9.462938e-03
1164556494.925049 4.745072e-02
1164556494.925171 9.844462e-03
1164556494.925293 2.815550e-02
1164556494.925415 -2.189306e-02
1164556494.925537 -2.183614e-02
1164556494.925659 -2.799836e-02
1164556494.925781 -1.643244e-02
1164556494.925903 4.795789e-02
1164556494.926025 3.430895e-02
1164556494.926147 4.404585e-02
1164556494.926270 -2.201805e-03
1164556494.926392 -3.593618e-02
1164556494.926514 -4.623061e-02
1164556494.926636 -5.822724e-02
1164556494.926758 1.010398e-02
1164556494.926880 6.973209e-03
1164556494.927002 3.294315e-02
1164556494.927124 3.963922e-02
1164556494.927246 1.463191e-02
1164556494.927368 -1.613632e-03
1164556494.927490 -4.735299e-02
1164556494.927612 -8.220358e-03
1164556494.927734 -9.365645e-03
1164556494.927856 5.789178e-03
1164556494.927979 4.370889e-02
1164556494.928101 2.731660e-02
1164556494.928223 2.218654e-02
1164556494.928345 -3.824678e-02
1164556494.928467 -2.672462e-02
1164556494.928589 -2.727477e-02
1164556494.928711 -3.171019e-02
1164556494.928833 9.184463e-03
1164556494.928955 9.785508e-03
1164556494.929077 2.987178e-02
1164556494.929199 1.054726e-02
1164556494.929321 6.002985e-03
1164556494.929443 9.337259e-03
1164556494.929565 -1.420815e-02
1164556494.929688 1.177263e-02
1164556494.929810 -8.317423e-04
1164556494.929932 3.376966e-03
1164556494.930054 -1.051067e-03
1164556494.930176 -1.525753e-02
1164556494.930298 9.816448e-04
1164556494.930420 -1.803918e-02
1164556494.930542 -8.727880e-03
1164556494.930664 -9.584255e-03
1164556494.930786 1.964058e-03
1164556494.930908 2.580412e-02
1164556494.931030 2.266647e-03
1164556494.931152 2.018008e-02
1164556494.931274 -3.897285e-03
1164556494.931396 -4.548615e-03
1164556494.931519 -2.909679e-03
1164556494.931641 -6.539392e-03
1164556494.931763 1.255180e-02
1164556494.931885 -1.430843e-02
1164556494.932007 2.100612e-03
1164556494.932129 -3.300971e-03
1164556494.932251 -4.419776e-03
1164556494.932373 1.140599e-02
1164556494.932495 -1.328964e-03
1164556494.932617 4.083866e-03
1164556494.932739 -2.254812e-02
1164556494.932861 -3.421028e-03
1164556494.932983 7.808574e-03
1164556494.933105 1.042006e-02
1164556494.933228 1.021264e-02
1164556494.933350 -5.804330e-03
1164556494.933472 1.579771e-03
1164556494.933594 -1.057961e-02
1164556494.933716 -2.458046e-03
1164556494.933838 7.417526e-03
1164556494.933960 5.161911e-03
1164556494.934082 1.225126e-02
1164556494.934204 8.420025e-04
1164556494.934326 2.722085e-03
1164556494.934448 -8.557729e-03
1164556494.934570 -1.948862e-02
1164556494.934692 -1.792212e-02
1164556494.934814 -1.504866e-02
1164556494.934937 1.266478e-02
1164556494.935059 2.428472e-02
1164556494.935181 1.333898e-02
1164556494.935303 5.179138e-03
1164556494.935425 -1.656984e-02
1164556494.935547 -3.258854e-03
1164556494.935669 1.000194e-03
1164556494.935791 1.107276e-02
1164556494.935913 1.666072e-02
1164556494.936035 9.105692e-03
1164556494.936157 5.323917e-03
1164556494.936279 -2.252063e-02
1164556494.936401 -2.468583e-02
1164556494.936523 -2.570815e-02
1164556494.936646 -1.839072e-02
1164556494.936768 -1.910829e-03
1164556494.936890 1.154765e-02
1164556494.937012 4.502030e-02
1164556494.937134 3.326194e-02
1164556494.937256 1.094713e-02
1164556494.937378 -1.648827e-02
1164556494.937500 -1.571780e-02
1164556494.937622 -8.800363e-03
1164556494.937744 -6.087027e-03
1164556494.937866 9.483353e-03
1164556494.937988 1.982253e-03
1164556494.938110 -3.248631e-03
1164556494.938232 -1.904111e-02
1164556494.938354 -1.927135e-02
1164556494.938477 -8.413241e-03
1164556494.938599 5.765181e-04
1164556494.938721 2.379463e-02
1164556494.938843 2.737947e-02
1164556494.938965 2.624206e-02
1164556494.939087 4.485405e-03
1164556494.939209 -1.242201e-02
1164556494.939331 -2.393511e-02
1164556494.939453 -3.034484e-02
1164556494.939575 -1.106961e-02
1164556494.939697 1.458374e-02
1164556494.939819 1.903987e-02
1164556494.939941 1.776182e-02
1164556494.940063 9.389428e-03
1164556494.940186 -1.252333e-03
1164556494.940308 -1.671877e-02
1164556494.940430 -2.593392e-02
1164556494.940552 -7.830870e-03
1164556494.940674 -1.709734e-03
1164556494.940796 9.570578e-03
1164556494.940918 1.485043e-02
1164556494.941040 1.010296e-02
1164556494.941162 1.022475e-02
1164556494.941284 -8.092135e-03
1164556494.941406 -3.301077e-03
1164556494.941528 -3.149711e-03
1164556494.941650 3.516227e-03
1164556494.941772 7.467661e-03
1164556494.941895 1.122058e-03
1164556494.942017 -6.640520e-03
1164556494.942139 -1.083081e-02
1164556494.942261 -9.734206e-03
1164556494.942383 -1.118927e-02
1164556494.942505 -2.594612e-03
1164556494.942627 8.116522e-03
1164556494.942749 1.314631e-02
1164556494.942871 1.095220e-02
1164556494.942993 3.229391e-03
1164556494.943115 -3.201916e-03
1164556494.943237 -2.787762e-03
1164556494.943359 7.970324e-03
1164556494.943481 5.798915e-03
1164556494.943604 1.525671e-03
1164556494.943726 -4.732273e-03
1164556494.943848 -9.894531e-03
1164556494.943970 -1.308734e-02
1164556494.944092 -8.659027e-03
1164556494.944214 3.848790e-04
1164556494.944336 4.301952e-03
1164556494.944458 1.727472e-03
1164556494.944580 1.173612e-03
1164556494.944702 1.218239e-03
1164556494.944824 5.596260e-03
1164556494.944946 9.586376e-03
1164556494.945068 5.359409e-03
1164556494.945190 -2.653997e-04
1164556494.945312 3.016042e-03
1164556494.945435 5.729499e-03
1164556494.945557 3.814318e-03
1164556494.945679 -1.133163e-02
1164556494.945801 -1.615850e-02
1164556494.945923 -1.329832e-02
1164556494.946045 -8.451122e-03
1164556494.946167 5.143249e-04
1164556494.946289 4.408116e-03
1164556494.946411 5.391880e-03
1164556494.946533 6.846208e-03
1164556494.946655 6.897974e-03
1164556494.946777 1.517853e-02
1164556494.946899 1.192148e-02
1164556494.947021 6.555120e-03
1164556494.947144 -7.460108e-03
1164556494.947266 -1.760018e-02
1164556494.947388 -1.113328e-02
1164556494.947510 -7.328291e-03
1164556494.947632 -8.144563e-03
1164556494.947754 -3.449757e-03
1164556494.947876 5.742135e-03
1164556494.947998 1.464719e-02
1164556494.948120 1.023455e-02
1164556494.948242 4.594858e-03
1164556494.948364 -4.002762e-03
1164556494.948486 -1.064255e-02
1164556494.948608 -1.002888e-02
1164556494.948730 1.238634e-03
1164556494.948853 1.206642e-02
1164556494.948975 1.655250e-02
1164556494.949097 8.695824e-04
1164556494.949219 -1.007481e-02
1164556494.949341 -9.753196e-03
1164556494.949463 -5.616777e-03
1164556494.949585 -2.403958e-03
1164556494.949707 -4.968679e-03
1164556494.949829 2.822041e-03
1164556494.949951 1.083746e-02
1164556494.950073 9.264078e-03
1164556494.950195 9.544077e-03
1164556494.950317 -3.375208e-03
1164556494.950439 -1.078818e-02
1164556494.950562 -1.731837e-02
1164556494.950684 -8.209212e-03
1164556494.950806 4.192516e-03
1164556494.950928 1.045647e-02
1164556494.951050 9.923609e-03
1164556494.951172 2.077060e-03
1164556494.951294 -1.921467e-03
1164556494.951416 6.176459e-03
1164556494.951538 1.049472e-02
1164556494.951660 4.011533e-03
1164556494.951782 -7.360788e-03
1164556494.951904 -1.235031e-02
1164556494.952026 -1.398410e-02
1164556494.952148 -1.271371e-02
1164556494.952271 -6.287095e-03
1164556494.952393 6.101806e-04
1164556494.952515 4.800090e-03
1164556494.952637 1.168962e-02
1164556494.952759 1.718753e-02
1164556494.952881 2.060595e-02
1164556494.953003 9.525439e-03
1164556494.953125 -6.081779e-03
1164556494.953247 -2.039516e-02
1164556494.953369 -1.087151e-02
1164556494.953491 -1.099366e-03
1164556494.953613 4.249699e-03
1164556494.953735 -2.546168e-04
1164556494.953857 -6.309814e-03
1164556494.953979 -9.441406e-03
1164556494.954102 -1.116830e-02
1164556494.954224 5.308060e-04
1164556494.954346 6.849161e-03
1164556494.954468 1.080328e-02
1164556494.954590 1.354962e-02
1164556494.954712 9.475546e-03
1164556494.954834 7.993533e-03
1164556494.954956 -1.738456e-03
1164556494.955078 -4.456083e-03
1164556494.955200 -7.768297e-03
1164556494.955322 -2.533675e-03
1164556494.955444 2.809465e-03
1164556494.955566 -3.533800e-03
1164556494.955688 -1.315062e-02
1164556494.955811 -1.706899e-02
1164556494.955933 -1.327017e-02
1164556494.956055 -3.457728e-04
1164556494.956177 1.008656e-02
1164556494.956299 1.749318e-02
1164556494.956421 1.950140e-02
1164556494.956543 1.593315e-02
1164556494.956665 1.153595e-02
1164556494.956787 2.545533e-03
1164556494.956909 -7.182190e-03
1164556494.957031 -1.375522e-02
1164556494.957153 -2.264853e-02
1164556494.957275 -1.681197e-02
1164556494.957397 -7.223182e-03
1164556494.957520 1.044868e-03
1164556494.957642 2.340639e-03
1164556494.957764 6.181393e-03
1164556494.957886 1.157860e-02
1164556494.958008 1.163136e-02
1164556494.958130 7.478832e-03
1164556494.958252 4.417523e-03
1164556494.958374 -2.329762e-03
1164556494.958496 -6.826491e-03
1164556494.958618 -1.922810e-03
1164556494.958740 -8.044004e-04
1164556494.958862 2.185865e-03
1164556494.958984 5.217445e-04
1164556494.959106 -2.015190e-03
1164556494.959229 -3.734637e-03
1164556494.959351 -1.360853e-02
1164556494.959473 -7.929246e-03
1164556494.959595 -5.148900e-03
1164556494.959717 8.289038e-03
1164556494.959839 1.146399e-02
1164556494.959961 9.978618e-03
1164556494.960083 8.595743e-03
1164556494.960205 -1.438270e-04
1164556494.960327 -1.434394e-03
1164556494.960449 -4.614773e-03
1164556494.960571 -1.868435e-03
1164556494.960693 -8.953852e-05
1164556494.960815 -8.651162e-04
1164556494.960938 7.214333e-04
1164556494.961060 -5.159756e-03
1164556494.961182 -9.023335e-03
1164556494.961304 -9.814211e-03
1164556494.961426 -2.643152e-03
1164556494.961548 3.577017e-03
1164556494.961670 1.389301e-02
1164556494.961792 1.766759e-02
1164556494.961914 1.720091e-02
1164556494.962036 -2.742422e-03
1164556494.962158 -1.869172e-02
1164556494.962280 -1.995002e-02
1164556494.962402 -1.561355e-02
1164556494.962524 -9.730035e-04
1164556494.962646 1.258639e-02
1164556494.962769 2.164706e-02
1164556494.962891 1.325856e-02
1164556494.963013 8.321357e-04
1164556494.963135 -1.300140e-03
1164556494.963257 -8.162656e-03
1164556494.963379 -9.222479e-03
1164556494.963501 -1.330763e-02
1164556494.963623 -9.326433e-03
1164556494.963745 -2.317075e-03
1164556494.963867 3.769072e-03
1164556494.963989 7.585587e-03
1164556494.964111 8.779854e-03
1164556494.964233 7.417627e-03
1164556494.964355 5.794219e-03
1164556494.964478 5.681995e-03
1164556494.964600 6.726832e-03
1164556494.964722 -1.231521e-04
1164556494.964844 -7.464923e-03
1164556494.964966 -1.393238e-02
1164556494.965088 -1.614548e-02
1164556494.965210 -1.041495e-02
1164556494.965332 8.007009e-04
1164556494.965454 7.432587e-03
1164556494.965576 9.619433e-03
1164556494.965698 7.888813e-03
1164556494.965820 8.816893e-03
1164556494.965942 1.101398e-03
1164556494.966064 -4.455662e-03
1164556494.966187 -6.348293e-03
1164556494.966309 -1.479893e-03
1164556494.966431 6.017896e-03
1164556494.966553 5.755623e-03
1164556494.966675 4.952735e-03
1164556494.966797 -2.606757e-04
1164556494.966919 -1.085799e-02
1164556494.967041 -1.533757e-02
1164556494.967163 -1.057665e-02
1164556494.967285 2.256502e-03
1164556494.967407 2.885356e-03
1164556494.967529 5.688695e-03
1164556494.967651 7.955325e-03
1164556494.967773 1.058431e-02
1164556494.967896 7.705911e-03
1164556494.968018 2.238116e-03
1164556494.968140 -1.200080e-03
1164556494.968262 -6.017374e-03
1164556494.968384 -7.389613e-03
1164556494.968506 -4.301192e-03
1164556494.968628 -4.534748e-03
1164556494.968750 -5.301600e-03
1164556494.968872 -4.557158e-03
1164556494.968994 9.890516e-04
1164556494.969116 7.985014e-03
1164556494.969238 1.084430e-02
1164556494.969360 7.148276e-03
1164556494.969482 1.846995e-03
1164556494.969604 -5.805425e-03
1164556494.969727 -5.353256e-03
1164556494.969849 -5.055567e-03
1164556494.969971 -8.156603e-04
1164556494.970093 -7.412080e-04
1164556494.970215 -1.032656e-03
1164556494.970337 4.064269e-03
1164556494.970459 3.861293e-03
1164556494.970581 6.712817e-04
1164556494.970703 -1.044094e-03
1164556494.970825 -8.464945e-05
1164556494.970947 8.640455e-04
1164556494.971069 -3.174078e-04
1164556494.971191 2.091121e-03
1164556494.971313 4.263953e-04
1164556494.971436 -3.361549e-03
1164556494.971558 -7.590231e-03
1164556494.971680 -4.876744e-03
1164556494.971802 -1.544011e-03
1164556494.971924 3.074075e-03
1164556494.972046 5.283491e-03
1164556494.972168 5.615811e-03
1164556494.972290 6.146358e-03
1164556494.972412 4.362242e-03
1164556494.972534 1.949729e-03
1164556494.972656 8.967610e-04
1164556494.972778 -4.288490e-03
1164556494.972900 -5.773580e-03
1164556494.973022 -9.321093e-03
1164556494.973145 -6.656256e-03
1164556494.973267 -7.478694e-03
1164556494.973389 -3.291245e-03
1164556494.973511 5.451894e-03
1164556494.973633 8.700848e-03
1164556494.973755 1.237899e-02
1164556494.973877 9.178467e-03
1164556494.973999 3.925412e-03
1164556494.974121 -7.475351e-04
1164556494.974243 -4.211079e-03
1164556494.974365 -1.027201e-03
1164556494.974487 -7.907327e-03
1164556494.974609 -8.192362e-03
1164556494.974731 -7.660484e-03
1164556494.974854 -5.749996e-03
1164556494.974976 4.272511e-04
1164556494.975098 5.283130e-03
1164556494.975220 1.030810e-02
1164556494.975342 7.877517e-03
1164556494.975464 1.781073e-03
1164556494.975586 4.927468e-03
1164556494.975708 3.647697e-04
1164556494.975830 -2.043663e-03
1164556494.975952 -1.170727e-02
1164556494.976074 -1.168772e-02
1164556494.976196 -1.631513e-03
1164556494.976318 4.987757e-03
1164556494.976440 1.200708e-02
1164556494.976562 6.635995e-03
1164556494.976685 8.739706e-04
1164556494.976807 -3.729210e-03
1164556494.976929 -7.789804e-03
1164556494.977051 -4.298209e-03
1164556494.977173 -2.928700e-03
1164556494.977295 3.046710e-03
1164556494.977417 3.476677e-03
1164556494.977539 4.748989e-03
1164556494.977661 -1.369974e-03
1164556494.977783 -1.012692e-02
