1164556494.723022 1.829207e-02
1164556494.723145 1.460753e-02
1164556494.723267 8.503101e-03
1164556494.723389 4.127885e-03
1164556494.723511 1.196417e-03
1164556494.723633 -3.152572e-03
1164556494.723755 -6.241377e-03
1164556494.723877 -7.285557e-03
1164556494.723999 -8.587627e-03
1164556494.724121 -7.202672e-03
1164556494.724243 -4.919664e-03
1164556494.724365 -2.273984e-03
1164556494.724487 8.212835e-04
1164556494.724609 4.040583e-03
1164556494.724731 5.941313e-03
1164556494.724854 5.917925e-03
1164556494.724976 6.252833e-03
1164556494.725098 5.105111e-03
1164556494.725220 3.119392e-03
1164556494.725342 2.608522e-03
1164556494.725464 -2.005715e-04
1164556494.725586 -3.890239e-03
1164556494.725708 -6.674162e-03
1164556494.725830 -7.534978e-03
1164556494.725952 -6.718822e-03
1164556494.726074 -4.974064e-03
1164556494.726196 -1.677736e-03
1164556494.726318 3.473104e-04
1164556494.726440 2.295792e-03
1164556494.726562 4.464743e-03
1164556494.726685 4.833868e-03
1164556494.726807 6.621409e-03
1164556494.726929 6.878732e-03
1164556494.727051 4.456460e-03
1164556494.727173 1.518092e-03
1164556494.727295 6.281762e-04
1164556494.727417 -7.807509e-04
1164556494.727539 -5.207267e-03
1164556494.727661 -8.727229e-03
1164556494.727783 -9.977810e-03
1164556494.727905 -7.627599e-03
1164556494.728027 -3.874528e-03
1164556494.728149 -1.236746e-03
1164556494.728271 2.208319e-03
1164556494.728394 5.710056e-03
1164556494.728516 8.309439e-03
1164556494.728638 8.543016e-03
1164556494.728760 7.990527e-03
1164556494.728882 7.617027e-03
1164556494.729004 5.255280e-03
1164556494.729126 3.784470e-04
1164556494.729248 -5.167561e-03
1164556494.729370 -8.883771e-03
1164556494.729492 -1.212634e-02
1164556494.729614 -1.353977e-02
1164556494.729736 -1.099177e-02
1164556494.729858 -5.356647e-03
1164556494.729980 2.810984e-03
1164556494.730103 9.843576e-03
1164556494.730225 1.265838e-02
1164556494.730347 1.063883e-02
1164556494.730469 8.389361e-03
1164556494.730591 6.527485e-03
1164556494.730713 2.890888e-03
1164556494.730835 -1.471546e-03
1164556494.730957 -4.507384e-03
1164556494.731079 -6.465141e-03
1164556494.731201 -7.558286e-03
1164556494.731323 -7.757544e-03
1164556494.731445 -7.564821e-03
1164556494.731567 -5.348590e-03
1164556494.731689 -2.226214e-03
1164556494.731812 -2.863392e-05
1164556494.731934 3.008324e-03
1164556494.732056 6.718267e-03
1164556494.732178 9.220451e-03
1164556494.732300 9.494720e-03
1164556494.732422 6.809836e-03
1164556494.732544 3.800647e-03
1164556494.732666 1.824295e-03
1164556494.732788 -8.696719e-04
1164556494.732910 -4.374767e-03
1164556494.733032 -7.524870e-03
1164556494.733154 -9.198930e-03
1164556494.733276 -1.000787e-02
1164556494.733398 -7.457171e-03
1164556494.733521 -3.685810e-03
1164556494.733643 -9.621990e-04
1164556494.733765 2.967674e-03
1164556494.733887 8.364037e-03
1164556494.734009 1.173741e-02
1164556494.734131 1.098441e-02
1164556494.734253 7.902039e-03
1164556494.734375 3.103030e-03
1164556494.734497 -1.955668e-03
1164556494.734619 -4.435401e-03
1164556494.734741 -5.954283e-03
1164556494.734863 -7.045652e-03
1164556494.734985 -6.620523e-03
1164556494.735107 -4.943012e-03
1164556494.735229 -3.667247e-03
1164556494.735352 -1.863959e-03
1164556494.735474 1.208039e-03
1164556494.735596 2.677036e-03
1164556494.735718 2.729567e-03
1164556494.735840 3.867770e-03
1164556494.735962 5.057693e-03
1164556494.736084 4.524356e-03
1164556494.736206 4.133434e-03
1164556494.736328 4.353692e-03
1164556494.736450 1.208983e-03
1164556494.736572 -2.187120e-03
1164556494.736694 -3.578380e-03
1164556494.736816 -5.086588e-03
1164556494.736938 -5.889809e-03
1164556494.737061 -4.266721e-03
1164556494.737183 -3.362905e-03
1164556494.737305 -3.745132e-03
1164556494.737427 -1.432770e-03
1164556494.737549 2.033479e-03
1164556494.737671 3.101818e-03
1164556494.737793 4.886167e-03
1164556494.737915 6.227330e-03
1164556494.738037 5.240462e-03
1164556494.738159 4.707495e-03
1164556494.738281 2.932760e-03
1164556494.738403 -1.853703e-03
1164556494.738525 -4.311321e-03
1164556494.738647 -3.108206e-03
1164556494.738770 -2.852580e-03
1164556494.738892 -3.784721e-03
1164556494.739014 -3.127094e-03
1164556494.739136 -2.262871e-03
1164556494.739258 -1.081982e-03
1164556494.739380 -3.412549e-04
1164556494.739502 -1.526095e-03
1164556494.739624 -1.211070e-03
1164556494.739746 1.577337e-03
1164556494.739868 4.046181e-03
1164556494.739990 5.504061e-03
1164556494.740112 6.279118e-03
1164556494.740234 6.096774e-03
1164556494.740356 3.989124e-03
1164556494.740479 3.445596e-04
1164556494.740601 -4.281169e-03
1164556494.740723 -6.490829e-03
1164556494.740845 -5.109423e-03
1164556494.740967 -4.256491e-03
1164556494.741089 -4.771088e-03
1164556494.741211 -3.932049e-03
1164556494.741333 -2.069075e-03
1164556494.741455 -1.952224e-04
1164556494.741577 3.804413e-04
1164556494.741699 7.013056e-04
1164556494.741821 3.751127e-03
1164556494.741943 8.294028e-03
1164556494.742065 1.003214e-02
1164556494.742188 8.320698e-03
1164556494.742310 6.857631e-03
1164556494.742432 3.339977e-03
1164556494.742554 -3.902561e-03
1164556494.742676 -1.025609e-02
1164556494.742798 -1.358046e-02
1164556494.742920 -1.237762e-02
1164556494.743042 -8.708762e-03
1164556494.743164 -5.377091e-03
1164556494.743286 -6.080068e-04
1164556494.743408 4.182102e-03
1164556494.743530 7.408571e-03
1164556494.743652 9.316599e-03
1164556494.743774 1.193522e-02
1164556494.743896 1.370222e-02
1164556494.744019 9.230941e-03
1164556494.744141 2.521064e-03
1164556494.744263 -4.341512e-03
1164556494.744385 -9.652809e-03
1164556494.744507 -1.195719e-02
1164556494.744629 -1.235101e-02
1164556494.744751 -1.039370e-02
1164556494.744873 -6.081716e-03
1164556494.744995 6.518589e-05
1164556494.745117 5.045391e-03
1164556494.745239 6.989403e-03
1164556494.745361 7.285359e-03
1164556494.745483 5.002227e-03
1164556494.745605 2.433365e-03
1164556494.745728 3.452420e-03
1164556494.745850 4.153171e-03
1164556494.745972 4.039972e-03
1164556494.746094 2.695840e-03
1164556494.746216 -2.616785e-04
1164556494.746338 -3.404322e-03
1164556494.746460 -6.834208e-03
1164556494.746582 -8.871411e-03
1164556494.746704 -8.880046e-03
1164556494.746826 -6.053380e-03
1164556494.746948 -2.523825e-03
1164556494.747070 6.997059e-04
1164556494.747192 4.532870e-03
1164556494.747314 7.030479e-03
1164556494.747437 6.578288e-03
1164556494.747559 4.523126e-03
1164556494.747681 2.932173e-03
1164556494.747803 3.672195e-03
1164556494.747925 3.521357e-03
1164556494.748047 1.044844e-03
1164556494.748169 -1.570752e-03
1164556494.748291 -2.545523e-03
1164556494.748413 -3.334385e-03
1164556494.748535 -5.652839e-03
1164556494.748657 -7.131310e-03
1164556494.748779 -5.590300e-03
1164556494.748901 -4.364236e-03
1164556494.749023 -4.032251e-03
1164556494.749146 -7.564535e-04
1164556494.749268 2.838306e-03
1164556494.749390 5.881608e-03
1164556494.749512 8.253212e-03
1164556494.749634 9.557985e-03
1164556494.749756 9.454255e-03
1164556494.749878 7.712305e-03
1164556494.750000 4.879126e-03
1164556494.750122 -1.911984e-03
1164556494.750244 -9.628361e-03
1164556494.750366 -1.194542e-02
1164556494.750488 -1.200488e-02
1164556494.750610 -1.235176e-02
1164556494.750732 -8.999230e-03
1164556494.750854 -1.329275e-03
1164556494.750977 5.554890e-03
1164556494.751099 9.638135e-03
1164556494.751221 1.133191e-02
1164556494.751343 9.204350e-03
1164556494.751465 6.111648e-03
1164556494.751587 3.807452e-03
1164556494.751709 5.027646e-04
1164556494.751831 -1.440721e-03
1164556494.751953 -2.121822e-04
1164556494.752075 -8.566801e-04
1164556494.752197 -4.927008e-03
1164556494.752319 -7.493867e-03
1164556494.752441 -8.056900e-03
1164556494.752563 -7.930355e-03
1164556494.752686 -6.396088e-03
1164556494.752808 -1.676440e-03
1164556494.752930 3.436937e-03
1164556494.753052 5.840512e-03
1164556494.753174 8.323040e-03
1164556494.753296 8.697805e-03
1164556494.753418 5.801522e-03
1164556494.753540 3.703470e-03
1164556494.753662 2.822089e-03
1164556494.753784 -4.417233e-05
1164556494.753906 -2.540045e-03
1164556494.754028 -2.189204e-03
1164556494.754150 -3.383724e-03
1164556494.754272 -6.045834e-03
1164556494.754395 -6.867710e-03
1164556494.754517 -6.318999e-03
1164556494.754639 -5.729269e-03
1164556494.754761 -3.023894e-03
1164556494.754883 1.382952e-03
1164556494.755005 3.844690e-03
1164556494.755127 5.422838e-03
1164556494.755249 7.649743e-03
1164556494.755371 7.242034e-03
1164556494.755493 5.343854e-03
1164556494.755615 5.231261e-03
1164556494.755737 4.303476e-03
1164556494.755859 6.336580e-04
1164556494.755981 -3.179839e-03
1164556494.756104 -5.611234e-03
1164556494.756226 -7.050059e-03
1164556494.756348 -9.004761e-03
1164556494.756470 -1.004556e-02
1164556494.756592 -9.970287e-03
1164556494.756714 -7.233938e-03
1164556494.756836 -3.915109e-04
1164556494.756958 6.558214e-03
1164556494.757080 1.272410e-02
1164556494.757202 1.784933e-02
1164556494.757324 1.597038e-02
1164556494.757446 7.660141e-03
1164556494.757568 3.084748e-04
1164556494.757690 -3.543666e-03
1164556494.757812 -6.182677e-03
1164556494.757935 -9.541626e-03
1164556494.758057 -1.090508e-02
1164556494.758179 -9.702619e-03
1164556494.758301 -7.601595e-03
1164556494.758423 -5.832363e-03
1164556494.758545 -3.697686e-03
1164556494.758667 1.525973e-03
1164556494.758789 7.662074e-03
1164556494.758911 1.111119e-02
1164556494.759033 1.268758e-02
1164556494.759155 1.045746e-02
1164556494.759277 4.852629e-03
1164556494.759399 6.295734e-05
1164556494.759521 -2.771201e-03
1164556494.759644 -3.906249e-03
1164556494.759766 -4.696842e-03
1164556494.759888 -6.493479e-03
1164556494.760010 -7.322108e-03
1164556494.760132 -5.293317e-03
1164556494.760254 -2.767662e-03
1164556494.760376 -1.449623e-03
1164556494.760498 -6.299657e-04
1164556494.760620 4.788638e-04
1164556494.760742 2.545317e-03
1164556494.760864 3.373737e-03
1164556494.760986 3.000402e-03
1164556494.761108 5.305184e-03
1164556494.761230 7.974086e-03
1164556494.761353 6.367589e-03
1164556494.761475 2.766335e-03
1164556494.761597 4.537048e-04
1164556494.761719 -7.135185e-04
1164556494.761841 -2.930934e-03
1164556494.761963 -5.661946e-03
1164556494.762085 -8.861985e-03
1164556494.762207 -1.123585e-02
1164556494.762329 -9.264225e-03
1164556494.762451 -5.418932e-03
1164556494.762573 -1.747831e-03
1164556494.762695 4.706995e-03
1164556494.762817 1.138108e-02
1164556494.762939 1.382526e-02
1164556494.763062 1.031697e-02
1164556494.763184 5.460131e-03
1164556494.763306 1.229508e-03
1164556494.763428 -2.060351e-03
1164556494.763550 -1.066246e-03
1164556494.763672 4.447840e-04
1164556494.763794 -1.425779e-03
1164556494.763916 -4.964418e-03
1164556494.764038 -8.490142e-03
1164556494.764160 -1.258232e-02
1164556494.764282 -1.326600e-02
1164556494.764404 -7.570481e-03
1164556494.764526 -1.708304e-03
1164556494.764648 3.396294e-03
1164556494.764771 1.202404e-02
1164556494.764893 1.753458e-02
1164556494.765015 1.573040e-02
1164556494.765137 1.135158e-02
1164556494.765259 6.885798e-03
1164556494.765381 1.055993e-03
1164556494.765503 -3.712030e-03
1164556494.765625 -7.159957e-03
1164556494.765747 -1.312950e-02
1164556494.765869 -1.773584e-02
1164556494.765991 -1.624073e-02
1164556494.766113 -1.085322e-02
1164556494.766235 -4.352912e-03
1164556494.766357 2.786369e-03
1164556494.766479 9.238046e-03
1164556494.766602 1.400736e-02
1164556494.766724 1.742164e-02
1164556494.766846 1.571236e-02
1164556494.766968 1.003736e-02
1164556494.767090 4.928136e-03
1164556494.767212 -1.260718e-03
1164556494.767334 -8.374204e-03
1164556494.767456 -1.431725e-02
1164556494.767578 -1.546788e-02
1164556494.767700 -1.226780e-02
1164556494.767822 -7.219151e-03
1164556494.767944 -1.777932e-03
1164556494.768066 2.387143e-03
1164556494.768188 6.758755e-03
1164556494.768311 8.741685e-03
1164556494.768433 7.331755e-03
1164556494.768555 5.009983e-03
1164556494.768677 3.267751e-03
1164556494.768799 3.394403e-04
1164556494.768921 -8.241721e-04
1164556494.769043 6.027162e-04
1164556494.769165 -3.675512e-04
1164556494.769287 -1.773124e-03
1164556494.769409 -2.955736e-04
1164556494.769531 3.858391e-04
1164556494.769653 7.910534e-04
1164556494.769775 2.921899e-05
1164556494.769897 -2.822427e-03
1164556494.770020 -7.374678e-03
1164556494.770142 -8.739423e-03
1164556494.770264 -8.033081e-03
1164556494.770386 -7.976252e-03
1164556494.770508 -1.784429e-03
1164556494.770630 7.612551e-03
1164556494.770752 1.412489e-02
1164556494.770874 1.665027e-02
1164556494.770996 1.544800e-02
1164556494.771118 1.017899e-02
1164556494.771240 3.074432e-03
1164556494.771362 -2.981010e-03
1164556494.771484 -9.802626e-03
1164556494.771606 -1.652370e-02
1164556494.771729 -1.797128e-02
1164556494.771851 -1.371440e-02
1164556494.771973 -9.014316e-03
1164556494.772095 -4.952615e-03
1164556494.772217 6.341362e-04
1164556494.772339 6.876148e-03
1164556494.772461 1.236548e-02
1164556494.772583 1.671844e-02
1164556494.772705 1.782837e-02
1164556494.772827 1.647926e-02
1164556494.772949 1.087829e-02
1164556494.773071 6.306581e-04
1164556494.773193 -1.115985e-02
1164556494.773315 -1.904321e-02
1164556494.773438 -1.848425e-02
1164556494.773560 -1.440098e-02
1164556494.773682 -9.485400e-03
1164556494.773804 -3.282249e-03
1164556494.773926 1.734864e-03
1164556494.774048 5.957343e-03
1164556494.774170 8.006347e-03
1164556494.774292 6.929735e-03
1164556494.774414 6.206121e-03
1164556494.774536 7.254987e-03
1164556494.774658 9.109135e-03
1164556494.774780 9.513715e-03
1164556494.774902 5.888387e-03
1164556494.775024 -9.400709e-04
1164556494.775146 -6.705893e-03
1164556494.775269 -9.760929e-03
1164556494.775391 -1.131568e-02
1164556494.775513 -1.100071e-02
1164556494.775635 -8.829887e-03
1164556494.775757 -5.201383e-03
1164556494.775879 -1.980189e-03
1164556494.776001 1.049660e-03
1164556494.776123 4.715342e-03
1164556494.776245 7.157586e-03
1164556494.776367 9.772101e-03
1164556494.776489 1.113719e-02
1164556494.776611 8.937437e-03
1164556494.776733 6.614236e-03
1164556494.776855 4.864859e-03
1164556494.776978 1.632541e-03
1164556494.777100 -4.624801e-03
1164556494.777222 -1.153242e-02
1164556494.777344 -1.394461e-02
1164556494.777466 -1.271081e-02
1164556494.777588 -8.512600e-03
1164556494.777710 -4.079573e-03
1164556494.777832 -1.736101e-03
1164556494.777954 1.905579e-03
1164556494.778076 6.545202e-03
1164556494.778198 7.978604e-03
1164556494.778320 8.009033e-03
1164556494.778442 9.645473e-03
1164556494.778564 1.093476e-02
1164556494.778687 8.726718e-03
1164556494.778809 3.846870e-03
1164556494.778931 -1.390386e-03
1164556494.779053 -6.427975e-03
1164556494.779175 -9.266237e-03
1164556494.779297 -1.059858e-02
1164556494.779419 -1.133474e-02
1164556494.779541 -1.160596e-02
1164556494.779663 -8.302910e-03
1164556494.779785 -3.098218e-03
1164556494.779907 6.329637e-04
1164556494.780029 4.505665e-03
1164556494.780151 9.103458e-03
1164556494.780273 1.398988e-02
1164556494.780396 1.565467e-02
1164556494.780518 1.415148e-02
1164556494.780640 1.016463e-02
1164556494.780762 4.283239e-03
1164556494.780884 -1.618184e-03
1164556494.781006 -9.643376e-03
1164556494.781128 -1.763601e-02
1164556494.781250 -2.020757e-02
1164556494.781372 -1.877198e-02
1164556494.781494 -1.370394e-02
1164556494.781616 -5.690987e-03
1164556494.781738 5.046568e-03
1164556494.781860 1.381054e-02
1164556494.781982 1.864256e-02
1164556494.782104 1.982975e-02
1164556494.782227 1.386905e-02
1164556494.782349 4.757233e-03
1164556494.782471 -3.062472e-03
1164556494.782593 -5.130321e-03
1164556494.782715 -2.631218e-03
1164556494.782837 -8.720933e-04
1164556494.782959 -4.400213e-03
1164556494.783081 -8.880316e-03
1164556494.783203 -9.490294e-03
1164556494.783325 -1.044162e-02
1164556494.783447 -1.056030e-02
1164556494.783569 -6.191288e-03
1164556494.783691 5.947412e-05
1164556494.783813 7.775038e-03
1164556494.783936 1.328845e-02
1164556494.784058 1.283435e-02
1164556494.784180 8.477088e-03
1164556494.784302 6.262701e-03
1164556494.784424 5.658378e-03
1164556494.784546 3.385891e-03
1164556494.784668 2.438685e-03
1164556494.784790 6.341860e-05
1164556494.784912 -6.744475e-03
1164556494.785034 -1.248163e-02
1164556494.785156 -1.424501e-02
1164556494.785278 -1.489241e-02
1164556494.785400 -1.264409e-02
1164556494.785522 -4.458497e-03
1164556494.785645 2.561850e-03
1164556494.785767 5.925463e-03
1164556494.785889 1.076705e-02
1164556494.786011 1.475741e-02
1164556494.786133 1.478509e-02
1164556494.786255 1.367189e-02
1164556494.786377 1.086995e-02
1164556494.786499 4.751314e-03
1164556494.786621 -1.714150e-03
1164556494.786743 -8.359853e-03
1164556494.786865 -1.601926e-02
1164556494.786987 -1.817143e-02
1164556494.787109 -1.567344e-02
1164556494.787231 -1.262116e-02
1164556494.787354 -8.655030e-03
1164556494.787476 -6.568912e-04
1164556494.787598 6.700048e-03
1164556494.787720 1.131651e-02
1164556494.787842 1.563844e-02
1164556494.787964 1.611612e-02
1164556494.788086 1.355082e-02
1164556494.788208 1.009624e-02
1164556494.788330 3.687111e-03
1164556494.788452 -1.103024e-03
1164556494.788574 -3.155322e-03
1164556494.788696 -5.591421e-03
1164556494.788818 -1.196291e-02
1164556494.788940 -1.962255e-02
1164556494.789062 -2.077205e-02
1164556494.789185 -1.474864e-02
1164556494.789307 -4.869206e-03
1164556494.789429 4.363693e-03
1164556494.789551 1.079721e-02
1164556494.789673 1.634075e-02
1164556494.789795 1.910202e-02
1164556494.789917 1.510019e-02
1164556494.790039 7.164178e-03
1164556494.790161 3.774976e-03
1164556494.790283 1.825572e-03
1164556494.790405 -2.453026e-03
1164556494.790527 -5.327723e-03
1164556494.790649 -8.197682e-03
1164556494.790771 -1.327190e-02
1164556494.790894 -1.515780e-02
1164556494.791016 -1.147877e-02
1164556494.791138 -6.159654e-03
1164556494.791260 -1.938272e-03
1164556494.791382 2.264671e-03
1164556494.791504 3.870744e-03
1164556494.791626 5.350180e-03
1164556494.791748 1.070229e-02
1164556494.791870 1.270795e-02
1164556494.791992 1.128853e-02
1164556494.792114 1.239473e-02
1164556494.792236 1.075123e-02
1164556494.792358 4.047399e-03
1164556494.792480 -3.421717e-03
1164556494.792603 -7.650709e-03
1164556494.792725 -1.204382e-02
1164556494.792847 -1.975198e-02
1164556494.792969 -2.440171e-02
1164556494.793091 -2.140598e-02
1164556494.793213 -1.268498e-02
1164556494.793335 -4.730553e-04
1164556494.793457 1.203049e-02
1164556494.793579 2.145057e-02
1164556494.793701 2.718080e-02
1164556494.793823 2.730918e-02
1164556494.793945 2.005800e-02
1164556494.794067 8.661182e-03
1164556494.794189 1.869396e-04
1164556494.794312 -7.435652e-03
1164556494.794434 -1.721145e-02
1164556494.794556 -2.054885e-02
1164556494.794678 -1.898375e-02
1164556494.794800 -1.987427e-02
1164556494.794922 -1.859548e-02
1164556494.795044 -1.171842e-02
1164556494.795166 -3.302137e-03
1164556494.795288 5.882562e-03
1164556494.795410 1.788036e-02
1164556494.795532 2.683459e-02
1164556494.795654 2.909798e-02
1164556494.795776 2.659193e-02
1164556494.795898 1.901442e-02
1164556494.796021 5.547299e-03
1164556494.796143 -9.496110e-03
1164556494.796265 -1.901331e-02
1164556494.796387 -2.476592e-02
1164556494.796509 -2.759013e-02
1164556494.796631 -2.483317e-02
1164556494.796753 -1.760776e-02
1164556494.796875 -9.004023e-03
1164556494.796997 2.304409e-03
1164556494.797119 1.279223e-02
1164556494.797241 1.937492e-02
1164556494.797363 2.349284e-02
1164556494.797485 2.375832e-02
1164556494.797607 1.887372e-02
1164556494.797729 1.099329e-02
1164556494.797852 3.630437e-03
1164556494.797974 -3.629230e-03
1164556494.798096 -1.237401e-02
1164556494.798218 -1.778697e-02
1164556494.798340 -1.840104e-02
1164556494.798462 -1.647543e-02
1164556494.798584 -1.425443e-02
1164556494.798706 -1.234677e-02
1164556494.798828 -7.589769e-03
1164556494.798950 1.908274e-04
1164556494.799072 8.362190e-03
1164556494.799194 1.445215e-02
1164556494.799316 1.893840e-02
1164556494.799438 2.389175e-02
1164556494.799561 2.459560e-02
1164556494.799683 1.732324e-02
1164556494.799805 5.001112e-03
1164556494.799927 -7.509880e-03
1164556494.800049 -1.828000e-02
1164556494.800171 -2.575202e-02
1164556494.800293 -2.739837e-02
1164556494.800415 -2.111180e-02
1164556494.800537 -1.085729e-02
1164556494.800659 -2.516632e-03
1164556494.800781 3.762706e-03
1164556494.800903 9.470511e-03
1164556494.801025 1.584111e-02
1164556494.801147 1.878368e-02
1164556494.801270 1.647583e-02
1164556494.801392 1.443273e-02
1164556494.801514 1.049222e-02
1164556494.801636 5.857735e-03
1164556494.801758 -3.236655e-05
1164556494.801880 -9.526559e-03
1164556494.802002 -1.735900e-02
1164556494.802124 -1.814693e-02
1164556494.802246 -1.559602e-02
1164556494.802368 -1.266154e-02
1164556494.802490 -7.003379e-03
1164556494.802612 4.403314e-04
1164556494.802734 2.616621e-03
1164556494.802856 3.840545e-03
1164556494.802979 8.421707e-03
1164556494.803101 1.401182e-02
1164556494.803223 1.502067e-02
1164556494.803345 1.280820e-02
1164556494.803467 1.002237e-02
1164556494.803589 6.541970e-03
1164556494.803711 1.189169e-03
1164556494.803833 -5.237245e-03
1164556494.803955 -1.346729e-02
1164556494.804077 -1.837332e-02
1164556494.804199 -1.516358e-02
1164556494.804321 -1.075458e-02
1164556494.804443 -5.233742e-03
1164556494.804565 1.206689e-04
1164556494.804688 7.865719e-04
1164556494.804810 -5.303894e-04
1164556494.804932 1.638080e-03
1164556494.805054 8.482406e-03
1164556494.805176 1.271431e-02
1164556494.805298 1.621420e-02
1164556494.805420 1.985678e-02
1164556494.805542 1.565590e-02
1164556494.805664 5.736801e-03
1164556494.805786 -3.200591e-03
1164556494.805908 -1.292270e-02
1164556494.806030 -2.006420e-02
1164556494.806152 -2.345408e-02
1164556494.806274 -2.217379e-02
1164556494.806396 -1.732311e-02
1164556494.806519 -7.465721e-03
1164556494.806641 3.623746e-03
1164556494.806763 9.878982e-03
1164556494.806885 1.556631e-02
1164556494.807007 2.031443e-02
1164556494.807129 2.043874e-02
1164556494.807251 1.689231e-02
1164556494.807373 1.193002e-02
1164556494.807495 9.363427e-03
1164556494.807617 2.992878e-03
1164556494.807739 -1.001163e-02
1164556494.807861 -1.938997e-02
1164556494.807983 -2.227414e-02
1164556494.808105 -2.276717e-02
1164556494.808228 -2.274355e-02
1164556494.808350 -1.617288e-02
1164556494.808472 -4.284047e-03
1164556494.808594 5.278264e-03
1164556494.808716 1.443503e-02
1164556494.808838 2.032740e-02
1164556494.808960 2.384639e-02
1164556494.809082 2.627398e-02
1164556494.809204 2.262715e-02
1164556494.809326 1.156048e-02
1164556494.809448 1.175780e-03
1164556494.809570 -5.197337e-03
1164556494.809692 -1.636203e-02
1164556494.809814 -2.892617e-02
1164556494.809937 -3.159503e-02
1164556494.810059 -2.806607e-02
1164556494.810181 -1.936700e-02
1164556494.810303 -5.561416e-03
1164556494.810425 7.509265e-03
1164556494.810547 1.816208e-02
1164556494.810669 2.790451e-02
1164556494.810791 3.021089e-02
1164556494.810913 2.232886e-02
1164556494.811035 1.241046e-02
1164556494.811157 5.884458e-03
1164556494.811279 -9.444305e-04
1164556494.811401 -8.307905e-03
1164556494.811523 -1.527062e-02
1164556494.811646 -1.747760e-02
1164556494.811768 -1.628383e-02
1164556494.811890 -1.606720e-02
1164556494.812012 -1.448619e-02
1164556494.812134 -9.722665e-03
1164556494.812256 -3.768986e-03
1164556494.812378 3.679259e-03
1164556494.812500 1.003198e-02
1164556494.812622 1.442304e-02
1164556494.812744 1.844555e-02
1164556494.812866 2.267014e-02
1164556494.812988 1.926297e-02
1164556494.813110 1.066881e-02
1164556494.813232 4.166373e-03
1164556494.813354 -3.035334e-03
1164556494.813477 -1.137848e-02
1164556494.813599 -1.540659e-02
1164556494.813721 -2.093302e-02
1164556494.813843 -2.782749e-02
1164556494.813965 -2.533409e-02
1164556494.814087 -1.431527e-02
1164556494.814209 -3.365270e-03
1164556494.814331 8.991198e-03
1164556494.814453 2.086459e-02
1164556494.814575 2.595239e-02
1164556494.814697 2.690911e-02
1164556494.814819 2.558520e-02
1164556494.814941 1.636998e-02
1164556494.815063 4.754982e-03
1164556494.815186 -4.661885e-03
1164556494.815308 -1.192706e-02
1164556494.815430 -1.642938e-02
1164556494.815552 -1.884699e-02
1164556494.815674 -2.225967e-02
1164556494.815796 -2.459670e-02
1164556494.815918 -2.020290e-02
1164556494.816040 -1.112541e-02
1164556494.816162 -1.073815e-03
1164556494.816284 1.196138e-02
1164556494.816406 2.390916e-02
1164556494.816528 3.165561e-02
1164556494.816650 3.211953e-02
1164556494.816772 2.781836e-02
1164556494.816895 1.634525e-02
1164556494.817017 9.786000e-04
1164556494.817139 -1.338814e-02
1164556494.817261 -2.363689e-02
1164556494.817383 -2.901442e-02
1164556494.817505 -2.788676e-02
1164556494.817627 -2.145439e-02
1164556494.817749 -1.641751e-02
1164556494.817871 -1.100659e-02
1164556494.817993 -1.770573e-03
1164556494.818115 9.741920e-03
1164556494.818237 2.379487e-02
1164556494.818359 3.345958e-02
1164556494.818481 3.105822e-02
1164556494.818604 2.269446e-02
1164556494.818726 1.416934e-02
1164556494.818848 3.942826e-03
1164556494.818970 -9.719305e-03
1164556494.819092 -2.154439e-02
1164556494.819214 -2.604193e-02
1164556494.819336 -2.627391e-02
1164556494.819458 -2.046136e-02
1164556494.819580 -1.466276e-02
1164556494.819702 -9.200467e-03
1164556494.819824 -3.361773e-04
1164556494.819946 1.023603e-02
1164556494.820068 1.710744e-02
1164556494.820190 2.238332e-02
1164556494.820312 2.602538e-02
1164556494.820435 2.132678e-02
1164556494.820557 1.227435e-02
1164556494.820679 2.192936e-03
1164556494.820801 -7.398918e-03
1164556494.820923 -1.217866e-02
1164556494.821045 -1.657246e-02
1164556494.821167 -2.006526e-02
1164556494.821289 -1.925059e-02
1164556494.821411 -1.206710e-02
1164556494.821533 -2.367806e-03
1164556494.821655 3.182342e-03
1164556494.821777 3.091681e-03
1164556494.821899 3.859939e-03
1164556494.822021 1.084278e-02
1164556494.822144 1.369664e-02
1164556494.822266 1.010562e-02
1164556494.822388 8.083227e-03
1164556494.822510 7.402052e-03
1164556494.822632 6.045428e-03
1164556494.822754 1.528841e-03
1164556494.822876 -1.447133e-03
1164556494.822998 -4.669784e-03
1164556494.823120 -7.864447e-03
1164556494.823242 -1.417923e-02
1164556494.823364 -1.876220e-02
1164556494.823486 -1.584067e-02
1164556494.823608 -7.977701e-03
1164556494.823730 -6.382923e-04
1164556494.823853 4.718838e-03
1164556494.823975 1.197467e-02
1164556494.824097 1.644328e-02
1164556494.824219 1.435066e-02
1164556494.824341 1.080090e-02
1164556494.824463 6.571053e-03
1164556494.824585 4.893536e-03
1164556494.824707 6.129284e-04
1164556494.824829 -2.904105e-03
1164556494.824951 -3.984699e-03
1164556494.825073 -8.294738e-03
1164556494.825195 -9.976987e-03
1164556494.825317 -8.671123e-03
1164556494.825439 -9.018692e-03
1164556494.825562 -1.063580e-02
1164556494.825684 -1.044192e-02
1164556494.825806 -6.350202e-03
1164556494.825928 -4.746853e-03
1164556494.826050 5.027574e-03
1164556494.826172 1.521472e-02
1164556494.826294 2.038914e-02
1164556494.826416 2.728225e-02
1164556494.826538 2.737031e-02
1164556494.826660 1.745215e-02
1164556494.826782 2.908244e-03
1164556494.826904 -1.059136e-02
1164556494.827026 -2.428985e-02
1164556494.827148 -3.622673e-02
1164556494.827271 -3.214550e-02
1164556494.827393 -2.228006e-02
1164556494.827515 -1.253434e-02
1164556494.827637 -8.274374e-04
1164556494.827759 8.385984e-03
1164556494.827881 1.682433e-02
1164556494.828003 2.579362e-02
1164556494.828125 3.008164e-02
1164556494.828247 2.558354e-02
1164556494.828369 1.817430e-02
1164556494.828491 1.257074e-02
1164556494.828613 8.135094e-05
1164556494.828735 -1.433267e-02
1164556494.828857 -2.359622e-02
1164556494.828979 -2.829709e-02
1164556494.829102 -2.906202e-02
1164556494.829224 -2.045571e-02
1164556494.829346 -9.606816e-03
1164556494.829468 -3.554646e-03
1164556494.829590 2.061970e-03
1164556494.829712 8.083826e-03
1164556494.829834 1.396353e-02
1164556494.829956 2.335366e-02
1164556494.830078 3.138886e-02
1164556494.830200 2.995246e-02
1164556494.830322 2.072992e-02
1164556494.830444 9.564568e-03
1164556494.830566 -5.435789e-03
1164556494.830688 -2.273746e-02
1164556494.830811 -3.481525e-02
1164556494.830933 -3.541240e-02
1164556494.831055 -2.835600e-02
1164556494.831177 -1.757071e-02
1164556494.831299 -5.871729e-03
1164556494.831421 6.729341e-03
1164556494.831543 1.675416e-02
1164556494.831665 1.948416e-02
1164556494.831787 1.937328e-02
1164556494.831909 2.417817e-02
1164556494.832031 2.619425e-02
1164556494.832153 1.768204e-02
1164556494.832275 4.964469e-03
1164556494.832397 -4.677313e-03
1164556494.832520 -1.445591e-02
1164556494.832642 -2.485037e-02
1164556494.832764 -2.921144e-02
1164556494.832886 -2.399681e-02
1164556494.833008 -1.497803e-02
1164556494.833130 -1.276342e-03
1164556494.833252 8.020602e-03
1164556494.833374 1.047345e-02
1164556494.833496 9.149463e-03
1164556494.833618 3.493974e-03
1164556494.833740 3.542146e-04
1164556494.833862 8.619856e-03
1164556494.833984 2.075128e-02
1164556494.834106 2.445631e-02
1164556494.834229 1.845543e-02
1164556494.834351 8.563565e-03
1164556494.834473 -6.349796e-03
1164556494.834595 -1.804502e-02
1164556494.834717 -2.436980e-02
1164556494.834839 -2.887917e-02
1164556494.834961 -2.612241e-02
1164556494.835083 -1.542151e-02
1164556494.835205 -7.058002e-03
1164556494.835327 1.177563e-03
1164556494.835449 1.381005e-02
1164556494.835571 2.196915e-02
1164556494.835693 2.095972e-02
1164556494.835815 2.182061e-02
1164556494.835938 2.156809e-02
1164556494.836060 1.479473e-02
1164556494.836182 6.935892e-03
1164556494.836304 -3.603059e-03
1164556494.836426 -1.265549e-02
1164556494.836548 -1.695721e-02
1164556494.836670 -2.282102e-02
1164556494.836792 -2.364334e-02
1164556494.836914 -1.853725e-02
1164556494.837036 -1.164245e-02
1164556494.837158 -1.006220e-02
1164556494.837280 -2.604374e-03
1164556494.837402 1.053714e-02
1164556494.837524 1.898128e-02
1164556494.837646 2.501256e-02
1164556494.837769 2.716906e-02
1164556494.837891 2.324139e-02
1164556494.838013 1.713086e-02
1164556494.838135 9.461885e-03
1164556494.838257 -2.380714e-03
1164556494.838379 -1.492943e-02
1164556494.838501 -2.041627e-02
1164556494.838623 -2.566975e-02
1164556494.838745 -3.123776e-02
1164556494.838867 -3.081968e-02
1164556494.838989 -2.102480e-02
1164556494.839111 -5.968105e-03
1164556494.839233 1.194947e-02
1164556494.839355 2.483445e-02
1164556494.839478 3.144531e-02
1164556494.839600 3.188880e-02
1164556494.839722 2.885416e-02
1164556494.839844 1.917821e-02
1164556494.839966 3.135610e-03
1164556494.840088 -8.318915e-03
1164556494.840210 -1.372454e-02
1164556494.840332 -1.485814e-02
1164556494.840454 -1.519280e-02
1164556494.840576 -1.851874e-02
1164556494.840698 -2.315063e-02
1164556494.840820 -2.672958e-02
1164556494.840942 -1.791751e-02
1164556494.841064 -4.824726e-03
1164556494.841187 7.846107e-03
1164556494.841309 2.353552e-02
1164556494.841431 3.319227e-02
1164556494.841553 2.878110e-02
1164556494.841675 2.138287e-02
1164556494.841797 1.842093e-02
1164556494.841919 1.006955e-02
1164556494.842041 -3.309405e-03
1164556494.842163 -9.364836e-03
1164556494.842285 -1.358136e-02
1164556494.842407 -2.178852e-02
1164556494.842529 -2.933911e-02
1164556494.842651 -3.165040e-02
1164556494.842773 -2.695886e-02
1164556494.842896 -1.071768e-02
1164556494.843018 8.142024e-03
1164556494.843140 1.707552e-02
1164556494.843262 1.999884e-02
1164556494.843384 2.221378e-02
1164556494.843506 1.974260e-02
1164556494.843628 1.783980e-02
1164556494.843750 2.130978e-02
1164556494.843872 2.214993e-02
1164556494.843994 1.000265e-02
1164556494.844116 -3.887203e-03
1164556494.844238 -1.223067e-02
1164556494.844360 -2.435653e-02
1164556494.844482 -3.993954e-02
1164556494.844604 -4.706323e-02
1164556494.844727 -4.198712e-02
1164556494.844849 -2.442441e-02
1164556494.844971 3.073845e-03
1164556494.845093 2.595513e-02
1164556494.845215 3.582884e-02
1164556494.845337 4.471792e-02
1164556494.845459 4.296607e-02
1164556494.845581 3.118451e-02
1164556494.845703 2.230534e-02
1164556494.845825 1.743588e-02
1164556494.845947 -6.550004e-04
1164556494.846069 -2.763503e-02
1164556494.846191 -3.964850e-02
1164556494.846313 -4.440554e-02
1164556494.846436 -4.745293e-02
1164556494.846558 -4.141759e-02
1164556494.846680 -2.944691e-02
1164556494.846802 -6.972601e-03
1164556494.846924 2.067794e-02
1164556494.847046 4.359591e-02
1164556494.847168 5.136777e-02
1164556494.847290 5.076865e-02
1164556494.847412 4.322281e-02
1164556494.847534 2.265245e-02
1164556494.847656 2.895200e-03
1164556494.847778 -5.132846e-03
1164556494.847900 -1.847589e-02
1164556494.848022 -3.739770e-02
1164556494.848145 -4.840281e-02
1164556494.848267 -4.231486e-02
1164556494.848389 -3.062664e-02
1164556494.848511 -1.842665e-02
1164556494.848633 -8.759724e-03
1164556494.848755 3.818689e-03
1164556494.848877 2.338322e-02
1164556494.848999 3.674646e-02
1164556494.849121 3.802897e-02
1164556494.849243 3.803851e-02
1164556494.849365 3.744712e-02
1164556494.849487 2.526351e-02
1164556494.849609 4.912625e-03
1164556494.849731 -7.512994e-03
1164556494.849854 -1.868382e-02
1164556494.849976 -3.470705e-02
1164556494.850098 -4.977694e-02
1164556494.850220 -4.983512e-02
1164556494.850342 -3.530646e-02
1164556494.850464 -1.693279e-02
1164556494.850586 -2.827760e-03
1164556494.850708 1.066604e-02
1164556494.850830 2.750409e-02
1164556494.850952 4.435414e-02
1164556494.851074 4.872200e-02
1164556494.851196 4.329591e-02
1164556494.851318 3.366246e-02
1164556494.851440 1.798632e-02
1164556494.851562 -7.149580e-03
1164556494.851685 -2.539977e-02
1164556494.851807 -3.235018e-02
1164556494.851929 -3.857976e-02
1164556494.852051 -4.380849e-02
1164556494.852173 -3.523962e-02
1164556494.852295 -1.950395e-02
1164556494.852417 -6.458006e-03
1164556494.852539 1.155485e-03
1164556494.852661 6.391767e-03
1164556494.852783 1.607960e-02
1164556494.852905 3.492792e-02
1164556494.853027 4.988389e-02
1164556494.853149 5.070463e-02
1164556494.853271 4.111175e-02
1164556494.853394 2.400400e-02
1164556494.853516 -6.844311e-03
1164556494.853638 -3.596775e-02
1164556494.853760 -5.048924e-02
1164556494.853882 -4.928434e-02
1164556494.854004 -3.889432e-02
1164556494.854126 -2.701707e-02
1164556494.854248 -1.714670e-02
1164556494.854370 -7.974255e-03
1164556494.854492 4.296870e-03
1164556494.854614 1.751562e-02
1164556494.854736 2.553326e-02
1164556494.854858 3.850881e-02
1164556494.854980 5.257961e-02
1164556494.855103 5.479055e-02
1164556494.855225 3.287847e-02
1164556494.855347 3.175973e-03
1164556494.855469 -1.904799e-02
1164556494.855591 -3.850814e-02
1164556494.855713 -5.112888e-02
1164556494.855835 -4.822300e-02
1164556494.855957 -3.366207e-02
1164556494.856079 -1.687788e-02
1164556494.856201 -4.679479e-03
1164556494.856323 1.179032e-03
1164556494.856445 4.159167e-04
1164556494.856567 7.867719e-03
1164556494.856689 2.473419e-02
1164556494.856812 3.687752e-02
1164556494.856934 4.325715e-02
1164556494.857056 5.136748e-02
1164556494.857178 4.113022e-02
1164556494.857300 1.047956e-02
1164556494.857422 -1.997618e-02
1164556494.857544 -3.906008e-02
1164556494.857666 -4.966202e-02
1164556494.857788 -4.640773e-02
1164556494.857910 -3.397308e-02
1164556494.858032 -2.582029e-02
1164556494.858154 -1.563710e-02
1164556494.858276 -3.842797e-03
1164556494.858398 -1.250788e-03
1164556494.858521 6.527354e-03
1164556494.858643 3.422398e-02
1164556494.858765 5.919586e-02
1164556494.858887 5.964139e-02
1164556494.859009 5.460284e-02
1164556494.859131 3.758740e-02
1164556494.859253 1.840071e-03
1164556494.859375 -3.370767e-02
1164556494.859497 -4.751152e-02
1164556494.859619 -5.451061e-02
1164556494.859741 -5.378333e-02
1164556494.859863 -4.060487e-02
1164556494.859985 -2.868611e-02
1164556494.860107 -1.623765e-02
1164556494.860229 5.978494e-03
1164556494.860352 2.148573e-02
1164556494.860474 2.098244e-02
1164556494.860596 3.285264e-02
1164556494.860718 6.044213e-02
1164556494.860840 6.406525e-02
1164556494.860962 4.290791e-02
1164556494.861084 2.074731e-02
1164556494.861206 -1.062070e-03
1164556494.861328 -2.934947e-02
1164556494.861450 -4.740395e-02
1164556494.861572 -5.535959e-02
1164556494.861694 -5.245898e-02
1164556494.861816 -4.228403e-02
1164556494.861938 -3.582001e-02
1164556494.862061 -2.714410e-02
1164556494.862183 -1.771106e-03
1164556494.862305 3.044736e-02
1164556494.862427 4.439527e-02
1164556494.862549 4.823944e-02
1164556494.862671 6.228625e-02
1164556494.862793 6.802502e-02
1164556494.862915 4.819074e-02
1164556494.863037 1.287109e-02
1164556494.863159 -1.548613e-02
1164556494.863281 -3.682632e-02
1164556494.863403 -5.351418e-02
1164556494.863525 -6.272560e-02
1164556494.863647 -6.005051e-02
1164556494.863770 -5.163901e-02
1164556494.863892 -3.219854e-02
1164556494.864014 -1.144135e-02
1164556494.864136 8.544206e-03
1164556494.864258 3.277226e-02
1164556494.864380 5.049443e-02
1164556494.864502 5.480059e-02
1164556494.864624 5.263792e-02
1164556494.864746 6.019618e-02
1164556494.864868 6.435861e-02
1164556494.864990 3.811353e-02
1164556494.865112 -4.092599e-03
1164556494.865234 -4.712111e-02
1164556494.865356 -7.665345e-02
1164556494.865479 -9.869252e-02
1164556494.865601 -9.767663e-02
1164556494.865723 -6.860908e-02
1164556494.865845 -2.642115e-02
1164556494.865967 1.317835e-02
1164556494.866089 4.539453e-02
1164556494.866211 6.466658e-02
1164556494.866333 7.028762e-02
1164556494.866455 6.612597e-02
1164556494.866577 5.509447e-02
1164556494.866699 4.435540e-02
1164556494.866821 3.911645e-02
1164556494.866943 2.377198e-02
1164556494.867065 -1.145966e-02
1164556494.867188 -5.469012e-02
1164556494.867310 -9.212605e-02
1164556494.867432 -1.139281e-01
1164556494.867554 -1.000883e-01
1164556494.867676 -6.540438e-02
1164556494.867798 -1.756078e-02
1164556494.867920 3.602615e-02
1164556494.868042 7.590527e-02
1164556494.868164 8.204365e-02
1164556494.868286 7.216728e-02
1164556494.868408 6.119547e-02
1164556494.868530 4.846251e-02
1164556494.868652 4.162465e-02
1164556494.868774 3.365845e-02
1164556494.868896 9.231483e-03
1164556494.869019 -2.691083e-02
1164556494.869141 -6.483794e-02
1164556494.869263 -9.745805e-02
1164556494.869385 -1.207622e-01
1164556494.869507 -1.045849e-01
1164556494.869629 -5.935589e-02
1164556494.869751 -3.496880e-03
1164556494.869873 4.956609e-02
1164556494.869995 8.536013e-02
1164556494.870117 8.996878e-02
1164556494.870239 8.261570e-02
1164556494.870361 7.068338e-02
1164556494.870483 5.146210e-02
1164556494.870605 3.808120e-02
1164556494.870728 3.311354e-02
1164556494.870850 -7.881942e-04
1164556494.870972 -5.470461e-02
1164556494.871094 -9.044483e-02
1164556494.871216 -1.088779e-01
1164556494.871338 -1.219922e-01
1164556494.871460 -1.038907e-01
1164556494.871582 -4.789320e-02
1164556494.871704 1.418267e-02
1164556494.871826 5.760238e-02
1164556494.871948 9.502980e-02
1164556494.872070 1.058764e-01
1164556494.872192 8.998125e-02
1164556494.872314 7.292642e-02
1164556494.872437 6.181139e-02
1164556494.872559 4.251083e-02
1164556494.872681 2.317665e-02
1164556494.872803 -9.044359e-03
1164556494.872925 -7.033568e-02
1164556494.873047 -1.268454e-01
1164556494.873169 -1.356282e-01
1164556494.873291 -1.187297e-01
1164556494.873413 -9.486751e-02
1164556494.873535 -5.275192e-02
1164556494.873657 1.279108e-02
1164556494.873779 6.993547e-02
1164556494.873901 1.125546e-01
1164556494.874023 1.321558e-01
1164556494.874146 1.264138e-01
1164556494.874268 1.083217e-01
1164556494.874390 8.664551e-02
1164556494.874512 3.864090e-02
1164556494.874634 -1.815078e-02
1164556494.874756 -6.115819e-02
1164556494.874878 -1.121160e-01
1164556494.875000 -1.686308e-01
1164556494.875122 -1.714987e-01
1164556494.875244 -1.220770e-01
1164556494.875366 -6.380054e-02
1164556494.875488 -1.642421e-02
1164556494.875610 4.583309e-02
1164556494.875732 1.068721e-01
1164556494.875854 1.472699e-01
1164556494.875977 1.607172e-01
1164556494.876099 1.476895e-01
1164556494.876221 9.243554e-02
1164556494.876343 3.774983e-02
1164556494.876465 -4.853568e-03
1164556494.876587 -4.872280e-02
1164556494.876709 -9.242975e-02
1164556494.876831 -1.102670e-01
1164556494.876953 -1.369589e-01
1164556494.877075 -1.433160e-01
1164556494.877197 -1.095932e-01
1164556494.877319 -3.658579e-02
1164556494.877441 -5.426477e-02
1164556494.877563 -4.997663e-02
1164556494.877686 6.106579e-02
1164556494.877808 1.573459e-01
1164556494.877930 2.310650e-01
1164556494.878052 2.410673e-01
1164556494.878174 1.946060e-01
1164556494.878296 1.046326e-01
1164556494.878418 1.669496e-02
1164556494.878540 -7.111425e-02
1164556494.878662 -1.522048e-01
1164556494.878784 -2.131604e-01
1164556494.878906 -2.523651e-01
1164556494.879028 -2.668893e-01
1164556494.879150 -2.245849e-01
1164556494.879272 -1.260439e-01
1164556494.879395 -1.944126e-03
1164556494.879517 1.316834e-01
1164556494.879639 2.553030e-01
1164556494.879761 3.340463e-01
1164556494.879883 3.609203e-01
1164556494.880005 3.354952e-01
1164556494.880127 2.335605e-01
1164556494.880249 4.762902e-02
1164556494.880371 -1.554943e-01
1164556494.880493 -3.229887e-01
1164556494.880615 -4.380202e-01
1164556494.880737 -4.445220e-01
1164556494.880859 -3.409737e-01
1164556494.880981 -1.948671e-01
1164556494.881104 -3.241188e-02
1164556494.881226 1.297261e-01
1164556494.881348 2.656276e-01
1164556494.881470 3.696097e-01
1164556494.881592 4.186300e-01
1164556494.881714 3.735118e-01
1164556494.881836 2.566221e-01
1164556494.881958 1.163220e-01
1164556494.882080 -4.281681e-02
1164556494.882202 -2.062416e-01
1164556494.882324 -3.357834e-01
1164556494.882446 -3.936088e-01
1164556494.882568 -3.698393e-01
1164556494.882690 -2.991023e-01
1164556494.882812 -2.035499e-01
1164556494.882935 -8.465147e-02
1164556494.883057 6.618614e-02
1164556494.883179 2.332925e-01
1164556494.883301 3.588752e-01
1164556494.883423 4.255375e-01
1164556494.883545 4.382587e-01
1164556494.883667 3.696635e-01
1164556494.883789 1.856761e-01
1164556494.883911 -3.925982e-02
1164556494.884033 -2.205578e-01
1164556494.884155 -3.569212e-01
1164556494.884277 -4.491996e-01
1164556494.884399 -4.607183e-01
1164556494.884521 -3.691469e-01
1164556494.884644 -2.173146e-01
1164556494.884766 -6.032352e-02
1164556494.884888 9.124833e-02
1164556494.885010 2.400631e-01
1164556494.885132 3.782410e-01
1164556494.885254 4.596126e-01
1164556494.885376 4.478683e-01
1164556494.885498 3.677602e-01
1164556494.885620 2.447783e-01
1164556494.885742 3.869690e-02
1164556494.885864 -2.132832e-01
1164556494.885986 -3.972972e-01
1164556494.886108 -4.780456e-01
1164556494.886230 -4.919064e-01
1164556494.886353 -4.250757e-01
1164556494.886475 -2.780281e-01
1164556494.886597 -1.040864e-01
1164556494.886719 7.259834e-02
1164556494.886841 2.411601e-01
1164556494.886963 3.810780e-01
1164556494.887085 4.749452e-01
1164556494.887207 5.207104e-01
1164556494.887329 4.724588e-01
1164556494.887451 3.030151e-01
1164556494.887573 1.055686e-01
1164556494.887695 -1.088344e-01
1164556494.887817 -3.697366e-01
1164556494.887939 -5.970151e-01
1164556494.888062 -6.560414e-01
1164556494.888184 -5.864661e-01
1164556494.888306 -4.445177e-01
1164556494.888428 -2.039329e-01
1164556494.888550 7.991375e-02
1164556494.888672 3.330841e-01
1164556494.888794 5.322135e-01
1164556494.888916 6.744104e-01
1164556494.889038 7.154041e-01
1164556494.889160 6.267228e-01
1164556494.889282 4.109408e-01
1164556494.889404 6.232798e-02
1164556494.889526 -3.090924e-01
1164556494.889648 -5.846264e-01
1164556494.889771 -7.797524e-01
1164556494.889893 -8.989630e-01
1164556494.890015 -7.973679e-01
1164556494.890137 -4.849717e-01
1164556494.890259 -1.076928e-01
1164556494.890381 2.947563e-01
1164556494.890503 6.942557e-01
1164556494.890625 9.170959e-01
1164556494.890747 9.141036e-01
1164556494.890869 7.947292e-01
1164556494.890991 5.500184e-01
1164556494.891113 1.612018e-01
1164556494.891235 -2.626990e-01
1164556494.891357 -6.447143e-01
1164556494.891479 -9.520290e-01
1164556494.891602 -1.046491e+00
1164556494.891724 -8.666044e-01
1164556494.891846 -5.934216e-01
1164556494.891968 -2.349334e-01
1164556494.892090 2.642210e-01
1164556494.892212 7.468915e-01
1164556494.892334 1.015245e+00
1164556494.892456 1.111144e+00
1164556494.892578 1.021574e+00
1164556494.892700 6.243533e-01
1164556494.892822 5.353034e-02
1164556494.892944 -4.507797e-01
1164556494.893066 -8.342492e-01
1164556494.893188 -1.092319e+00
1164556494.893311 -1.131107e+00
1164556494.893433 -9.078214e-01
1164556494.893555 -4.815264e-01
1164556494.893677 1.142823e-01
1164556494.893799 6.728742e-01
1164556494.893921 9.905983e-01
1164556494.894043 1.100856e+00
1164556494.894165 1.037441e+00
1164556494.894287 6.649166e-01
1164556494.894409 9.177251e-02
1164556494.894531 -4.247178e-01
1164556494.894653 -8.416216e-01
1164556494.894775 -1.143645e+00
1164556494.894897 -1.088248e+00
1164556494.895020 -6.290059e-01
1164556494.895142 -2.966645e-02
1164556494.895264 5.086708e-01
1164556494.895386 8.817692e-01
1164556494.895508 9.680595e-01
1164556494.895630 7.715713e-01
1164556494.895752 3.953247e-01
1164556494.895874 -1.525850e-01
1164556494.895996 -7.305216e-01
1164556494.896118 -9.350915e-01
1164556494.896240 -7.679638e-01
1164556494.896362 -4.277215e-01
1164556494.896484 7.556096e-02
1164556494.896606 6.584069e-01
1164556494.896729 9.395103e-01
1164556494.896851 7.946160e-01
1164556494.896973 4.486939e-01
1164556494.897095 -1.972617e-02
1164556494.897217 -5.796621e-01
1164556494.897339 -9.984561e-01
1164556494.897461 -1.054786e+00
1164556494.897583 -6.509016e-01
1164556494.897705 7.989045e-02
1164556494.897827 8.130989e-01
1164556494.897949 1.109801e+00
1164556494.898071 9.408024e-01
1164556494.898193 4.355486e-01
1164556494.898315 -3.133779e-01
1164556494.898438 -9.525182e-01
1164556494.898560 -9.226774e-01
1164556494.898682 -2.815780e-01
1164556494.898804 4.428155e-01
1164556494.898926 7.486864e-01
1164556494.899048 3.786852e-01
1164556494.899170 -4.826099e-01
1164556494.899292 -7.750829e-01
1164556494.899414 -1.463335e-02
1164556494.899536 5.078660e-01
1164556494.899658 -1.364311e-02
1164556494.899780 2.373256e-02
1164556494.899902 1.241889e-01
1164556494.900024 3.904654e-02
1164556494.900146 2.206254e-01
1164556494.900269 -2.669353e-01
1164556494.900391 -1.309827e-01
1164556494.900513 4.455854e-01
1164556494.900635 2.548191e-01
1164556494.900757 -4.957601e-01
1164556494.900879 -4.369547e-01
1164556494.901001 1.861149e-01
1164556494.901123 -4.620167e-02
1164556494.901245 -5.870710e-02
1164556494.901367 2.015864e-01
1164556494.901489 -1.709001e-01
1164556494.901611 -2.988181e-02
1164556494.901733 2.747340e-01
1164556494.901855 4.422619e-02
1164556494.901978 -1.243679e-01
1164556494.902100 1.765164e-01
1164556494.902222 1.404127e-01
1164556494.902344 -1.207741e-01
1164556494.902466 1.188640e-01
1164556494.902588 -5.223323e-02
1164556494.902710 -2.561942e-01
1164556494.902832 2.221756e-02
1164556494.902954 -1.811118e-04
1164556494.903076 -2.177886e-01
1164556494.903198 -6.828534e-02
1164556494.903320 2.187798e-01
1164556494.903442 1.183417e-02
1164556494.903564 -1.451233e-01
1164556494.903687 1.154284e-01
1164556494.903809 1.692945e-01
1164556494.903931 -2.958241e-03
1164556494.904053 5.315540e-02
1164556494.904175 1.428156e-01
1164556494.904297 -1.129431e-02
1164556494.904419 -7.098062e-02
1164556494.904541 2.306081e-02
1164556494.904663 -1.180350e-01
1164556494.904785 -1.891162e-01
1164556494.904907 -4.997831e-02
1164556494.905029 -5.484186e-02
1164556494.905151 -8.371250e-02
1164556494.905273 8.676245e-02
1164556494.905396 1.453704e-01
1164556494.905518 -6.515953e-03
1164556494.905640 8.630802e-03
1164556494.905762 1.465738e-01
1164556494.905884 9.604287e-02
1164556494.906006 1.759889e-02
1164556494.906128 1.298099e-02
1164556494.906250 -1.889452e-02
1164556494.906372 -5.864952e-02
1164556494.906494 -5.852195e-02
1164556494.906616 -7.732790e-02
1164556494.906738 -1.020328e-01
1164556494.906860 -8.885296e-02
1164556494.906982 -5.568963e-02
1164556494.907104 1.044500e-02
1164556494.907227 8.380809e-02
1164556494.907349 1.131705e-01
1164556494.907471 9.735764e-02
1164556494.907593 2.339898e-02
1164556494.907715 4.836061e-04
1164556494.907837 5.609703e-02
1164556494.907959 4.552651e-02
1164556494.908081 -4.452429e-02
1164556494.908203 -3.819645e-02
1164556494.908325 -5.515927e-03
1164556494.908447 -6.890598e-02
1164556494.908569 -9.006231e-02
1164556494.908691 -3.328148e-02
1164556494.908813 -4.158853e-02
1164556494.908936 -6.518924e-02
1164556494.909058 2.820857e-02
1164556494.909180 9.767204e-02
1164556494.909302 7.419448e-02
1164556494.909424 8.145803e-02
1164556494.909546 4.389420e-02
1164556494.909668 -4.244488e-02
1164556494.909790 -2.234083e-02
1164556494.909912 4.679235e-02
1164556494.910034 4.428393e-04
1164556494.910156 -3.386418e-02
1164556494.910278 6.330010e-03
1164556494.910400 -3.387436e-02
1164556494.910522 -9.613261e-02
1164556494.910645 -5.945692e-02
1164556494.910767 -1.531420e-02
1164556494.910889 -2.281716e-02
1164556494.911011 1.743816e-02
1164556494.911133 8.258096e-02
1164556494.911255 7.971794e-02
1164556494.911377 5.457790e-02
1164556494.911499 3.618905e-02
1164556494.911621 -2.969559e-02
1164556494.911743 -5.463389e-02
1164556494.911865 1.074393e-02
1164556494.911987 1.639477e-02
1164556494.912109 -3.437362e-02
1164556494.912231 -1.486275e-02
1164556494.912354 2.826193e-03
1164556494.912476 -5.532555e-02
1164556494.912598 -5.657515e-02
1164556494.912720 3.005685e-02
1164556494.912842 4.430657e-02
1164556494.912964 2.470848e-02
1164556494.913086 2.941361e-02
1164556494.913208 4.538583e-03
1164556494.913330 -8.242662e-02
1164556494.913452 -5.440262e-02
1164556494.913574 1.321280e-02
1164556494.913696 6.861966e-02
1164556494.913818 1.082521e-01
1164556494.913940 3.650098e-02
1164556494.914062 1.648936e-02
1164556494.914185 1.579124e-02
1164556494.914307 -5.263896e-02
1164556494.914429 -1.025031e-01
1164556494.914551 -7.288256e-02
1164556494.914673 -6.487490e-02
1164556494.914795 -3.771674e-02
1164556494.914917 4.444536e-02
1164556494.915039 6.344028e-02
1164556494.915161 1.368575e-02
1164556494.915283 4.567106e-02
1164556494.915405 7.164894e-02
1164556494.915527 7.817315e-03
1164556494.915649 -1.478927e-02
1164556494.915771 3.997362e-02
1164556494.915894 2.261571e-02
1164556494.916016 -3.207085e-02
1164556494.916138 -3.178852e-02
1164556494.916260 -2.951288e-02
1164556494.916382 -6.516440e-02
1164556494.916504 -5.355535e-02
1164556494.916626 -2.263796e-02
1164556494.916748 -1.357789e-02
1164556494.916870 2.792033e-02
1164556494.916992 6.943967e-02
1164556494.917114 2.623261e-02
1164556494.917236 -5.732944e-03
1164556494.917358 3.807204e-02
1164556494.917480 3.916684e-02
1164556494.917603 -6.865091e-03
1164556494.917725 1.788305e-02
1164556494.917847 3.687321e-02
1164556494.917969 -1.622372e-02
1164556494.918091 -5.085913e-02
1164556494.918213 -2.984882e-02
1164556494.918335 -4.412309e-02
1164556494.918457 -6.408210e-02
1164556494.918579 -3.047491e-02
1164556494.918701 -4.828150e-03
1164556494.918823 3.620976e-03
1164556494.918945 5.253601e-02
1164556494.919067 7.376887e-02
1164556494.919189 3.001532e-02
1164556494.919312 1.215499e-02
1164556494.919434 3.825619e-02
1164556494.919556 1.844149e-02
1164556494.919678 -1.491646e-02
1164556494.919800 -7.364641e-03
1164556494.919922 -1.333361e-02
1164556494.920044 -4.743743e-02
1164556494.920166 -3.980461e-02
1164556494.920288 -2.011156e-02
1164556494.920410 -3.228767e-02
1164556494.920532 -3.322480e-02
1164556494.920654 -1.829463e-03
1164556494.920776 7.217269e-03
1164556494.920898 2.316660e-02
1164556494.921021 6.663006e-02
1164556494.921143 5.928887e-02
1164556494.921265 1.317534e-02
1164556494.921387 1.570993e-02
1164556494.921509 2.385329e-02
1164556494.921631 -4.129437e-03
1164556494.921753 -1.625514e-02
1164556494.921875 -1.357011e-02
1164556494.921997 -4.533112e-02
1164556494.922119 -5.785734e-02
1164556494.922241 -3.020642e-02
1164556494.922363 -2.280914e-02
1164556494.922485 -3.245097e-02
1164556494.922607 -3.403690e-04
1164556494.922729 3.384045e-02
1164556494.922852 3.189843e-02
1164556494.922974 4.898576e-02
1164556494.923096 7.839670e-02
1164556494.923218 4.579046e-02
1164556494.923340 -7.808376e-03
1164556494.923462 -1.739329e-02
1164556494.923584 -1.472587e-02
1164556494.923706 -2.880179e-02
1164556494.923828 -2.532039e-02
1164556494.923950 -2.509057e-02
1164556494.924072 -3.675126e-02
1164556494.924194 -3.251805e-02
1164556494.924316 -1.967441e-02
1164556494.924438 -2.014693e-02
1164556494.924561 -3.813967e-03
1164556494.924683 3.709307e-02
1164556494.924805 5.538899e-02
1164556494.924927 5.141494e-02
1164556494.925049 5.345644e-02
1164556494.925171 3.517966e-02
1164556494.925293 -1.148554e-02
1164556494.925415 -3.732107e-02
1164556494.925537 -2.805644e-02
1164556494.925659 -1.587800e-02
1164556494.925781 -4.848310e-03
1164556494.925903 -1.150959e-02
1164556494.926025 -3.498031e-02
1164556494.926147 -4.526299e-02
1164556494.926270 -2.952690e-02
1164556494.926392 -1.621361e-02
1164556494.926514 6.849805e-04
1164556494.926636 3.982706e-02
1164556494.926758 7.274493e-02
1164556494.926880 6.464061e-02
1164556494.927002 3.684182e-02
1164556494.927124 1.686803e-02
1164556494.927246 -5.776535e-03
1164556494.927368 -3.471391e-02
1164556494.927490 -3.879341e-02
1164556494.927612 -2.329290e-02
1164556494.927734 -1.135876e-02
1164556494.927856 -1.506123e-02
1164556494.927979 -2.964359e-02
1164556494.928101 -4.158274e-02
1164556494.928223 -2.916957e-02
1164556494.928345 -2.604513e-03
1164556494.928467 2.745915e-02
1164556494.928589 5.512206e-02
1164556494.928711 6.669636e-02
1164556494.928833 5.645959e-02
1164556494.928955 3.033364e-02
1164556494.929077 -5.490748e-03
1164556494.929199 -3.400636e-02
1164556494.929321 -4.030646e-02
1164556494.929443 -3.054792e-02
1164556494.929565 -2.293204e-02
1164556494.929688 -9.619972e-03
1164556494.929810 -2.304705e-04
1164556494.929932 -1.006521e-02
1164556494.930054 -3.007249e-02
1164556494.930176 -2.450966e-02
1164556494.930298 4.069142e-04
1164556494.930420 2.144013e-02
1164556494.930542 3.863055e-02
1164556494.930664 5.756182e-02
1164556494.930786 5.210442e-02
1164556494.930908 2.380562e-02
1164556494.931030 -3.430600e-03
1164556494.931152 -2.395017e-02
1164556494.931274 -3.521944e-02
1164556494.931396 -3.472346e-02
1164556494.931519 -2.732474e-02
1164556494.931641 -2.185002e-02
1164556494.931763 -1.474297e-02
1164556494.931885 -2.117543e-03
1164556494.932007 1.887433e-04
1164556494.932129 2.604576e-03
1164556494.932251 9.360328e-03
1164556494.932373 1.677849e-02
1164556494.932495 2.343061e-02
1164556494.932617 3.329838e-02
1164556494.932739 2.957957e-02
1164556494.932861 1.110326e-02
1164556494.932983 2.804612e-03
1164556494.933105 -3.910933e-03
1164556494.933228 -2.234600e-02
1164556494.933350 -2.911324e-02
1164556494.933472 -1.969362e-02
1164556494.933594 -2.218931e-02
1164556494.933716 -3.042251e-02
1164556494.933838 -1.437179e-02
1164556494.933960 1.913180e-03
1164556494.934082 9.065033e-03
1164556494.934204 2.257831e-02
1164556494.934326 2.959912e-02
1164556494.934448 1.665973e-02
1164556494.934570 1.815054e-02
1164556494.934692 2.993495e-02
1164556494.934814 1.684493e-02
1164556494.934937 -6.414016e-03
1164556494.935059 -9.390485e-03
1164556494.935181 -1.743691e-02
1164556494.935303 -3.653702e-02
1164556494.935425 -3.483071e-02
1164556494.935547 -1.857321e-02
1164556494.935669 -7.115211e-03
1164556494.935791 2.311867e-04
1164556494.935913 9.707438e-03
1164556494.936035 1.733722e-02
1164556494.936157 1.548492e-02
1164556494.936279 1.450898e-02
1164556494.936401 6.714470e-03
1164556494.936523 5.714930e-03
1164556494.936646 2.038405e-02
1164556494.936768 2.493826e-02
1164556494.936890 3.857792e-03
1164556494.937012 -1.716781e-02
1164556494.937134 -1.780916e-02
1164556494.937256 -2.145571e-02
1164556494.937378 -2.875376e-02
1164556494.937500 -1.540893e-02
1164556494.937622 1.854269e-03
1164556494.937744 4.561260e-03
1164556494.937866 1.179983e-03
1164556494.937988 -5.469108e-04
1164556494.938110 -2.160941e-04
1164556494.938232 6.379446e-03
1164556494.938354 1.346929e-02
1164556494.938477 1.600801e-02
1164556494.938599 2.174136e-02
1164556494.938721 3.469616e-02
1164556494.938843 2.338283e-02
1164556494.938965 -1.342685e-02
1164556494.939087 -3.406375e-02
1164556494.939209 -2.932571e-02
1164556494.939331 -2.696148e-02
1164556494.939453 -2.602323e-02
1164556494.939575 -7.003847e-03
1164556494.939697 1.020023e-02
1164556494.939819 6.208334e-03
1164556494.939941 -6.319310e-04
1164556494.940063 -5.251871e-04
1164556494.940186 6.105143e-03
1164556494.940308 1.888186e-02
1164556494.940430 3.304816e-02
1164556494.940552 3.009774e-02
1164556494.940674 2.219849e-02
1164556494.940796 1.301592e-02
1164556494.940918 -1.135102e-02
1164556494.941040 -3.832683e-02
1164556494.941162 -3.896471e-02
1164556494.941284 -2.683771e-02
1164556494.941406 -2.140388e-02
1164556494.941528 -1.061131e-02
1164556494.941650 2.949497e-03
1164556494.941772 4.927613e-03
1164556494.941895 5.895533e-03
1164556494.942017 1.295019e-02
1164556494.942139 1.951006e-02
1164556494.942261 2.710372e-02
1164556494.942383 3.637285e-02
1164556494.942505 3.090437e-02
1164556494.942627 1.158851e-02
1164556494.942749 -6.050736e-03
1164556494.942871 -2.366217e-02
1164556494.942993 -4.631768e-02
1164556494.943115 -5.089452e-02
1164556494.943237 -3.229584e-02
1164556494.943359 -9.981133e-03
1164556494.943481 6.298667e-03
1164556494.943604 1.855475e-02
1164556494.943726 2.325750e-02
1164556494.943848 2.338885e-02
1164556494.943970 1.887932e-02
1164556494.944092 1.092941e-02
1164556494.944214 6.823592e-03
1164556494.944336 1.257670e-02
1164556494.944458 1.056209e-02
1164556494.944580 -2.982863e-03
1164556494.944702 -1.313757e-02
1164556494.944824 -1.804944e-02
1164556494.944946 -2.092894e-02
1164556494.945068 -1.591722e-02
1164556494.945190 -1.055591e-02
1164556494.945312 -8.825899e-03
1164556494.945435 -3.723910e-03
1164556494.945557 2.465601e-03
1164556494.945679 1.316410e-03
1164556494.945801 5.374602e-03
1164556494.945923 2.051271e-02
1164556494.946045 2.604168e-02
1164556494.946167 1.584346e-02
1164556494.946289 1.072562e-02
1164556494.946411 8.165997e-03
1164556494.946533 1.813407e-03
1164556494.946655 -7.068523e-03
1164556494.946777 -1.512094e-02
1164556494.946899 -2.260896e-02
1164556494.947021 -2.156059e-02
1164556494.947144 -1.285876e-02
1164556494.947266 -1.269633e-02
1164556494.947388 -1.363029e-02
1164556494.947510 -1.788512e-03
1164556494.947632 1.111263e-02
1164556494.947754 1.857907e-02
1164556494.947876 2.252516e-02
1164556494.947998 2.694934e-02
1164556494.948120 2.146775e-02
1164556494.948242 9.304153e-03
1164556494.948364 -3.784810e-04
1164556494.948486 -5.002145e-03
1164556494.948608 -1.000786e-02
1164556494.948730 -1.695851e-02
1164556494.948853 -2.261158e-02
1164556494.948975 -2.347507e-02
1164556494.949097 -1.685704e-02
1164556494.949219 -6.550363e-03
1164556494.949341 -4.198051e-03
1164556494.949463 1.010377e-03
1164556494.949585 1.637801e-02
1164556494.949707 2.522797e-02
1164556494.949829 1.946809e-02
1164556494.949951 1.800748e-02
1164556494.950073 1.726532e-02
1164556494.950195 3.594733e-03
1164556494.950317 -8.508039e-03
1164556494.950439 -3.809572e-03
1164556494.950562 -4.000131e-04
1164556494.950684 -1.024396e-02
1164556494.950806 -2.165224e-02
1164556494.950928 -2.751451e-02
1164556494.951050 -2.447399e-02
1164556494.951172 -1.165710e-02
1164556494.951294 -1.882673e-04
1164556494.951416 8.314276e-03
1164556494.951538 2.086665e-02
1164556494.951660 3.258360e-02
1164556494.951782 2.706060e-02
1164556494.951904 1.440053e-02
1164556494.952026 7.554914e-03
1164556494.952148 -1.283434e-03
1164556494.952271 -1.655626e-02
1164556494.952393 -1.675820e-02
1164556494.952515 -4.436838e-03
1164556494.952637 -2.990393e-03
1164556494.952759 -1.130947e-02
1164556494.952881 -1.474332e-02
1164556494.953003 -1.610797e-02
1164556494.953125 -1.205434e-02
1164556494.953247 6.958892e-04
1164556494.953369 9.624299e-03
1164556494.953491 1.013846e-02
1164556494.953613 1.642026e-02
1164556494.953735 2.252824e-02
1164556494.953857 1.363993e-02
1164556494.953979 8.710219e-03
1164556494.954102 9.902668e-03
1164556494.954224 -2.242456e-03
1164556494.954346 -1.361164e-02
1164556494.954468 -1.080148e-02
1164556494.954590 -5.899644e-03
1164556494.954712 -1.660595e-02
1164556494.954834 -2.255337e-02
1164556494.954956 -1.699833e-02
1164556494.955078 -8.907877e-03
1164556494.955200 6.234513e-03
1164556494.955322 1.705860e-02
1164556494.955444 1.531269e-02
1164556494.955566 1.182818e-02
1164556494.955688 1.156429e-02
1164556494.955811 6.594739e-03
1164556494.955933 2.200369e-03
1164556494.956055 1.087768e-02
1164556494.956177 1.298770e-02
1164556494.956299 3.120776e-03
1164556494.956421 -3.124109e-03
1164556494.956543 -1.012341e-02
1164556494.956665 -2.418948e-02
1164556494.956787 -3.283666e-02
1164556494.956909 -2.646742e-02
1164556494.957031 -1.486974e-02
1164556494.957153 -1.672344e-03
1164556494.957275 1.208279e-02
1164556494.957397 1.719915e-02
1164556494.957520 2.128314e-02
1164556494.957642 2.833161e-02
1164556494.957764 2.882038e-02
1164556494.957886 2.173751e-02
1164556494.958008 1.334892e-02
1164556494.958130 1.765334e-03
1164556494.958252 -1.645723e-02
1164556494.958374 -3.122089e-02
1164556494.958496 -3.323193e-02
1164556494.958618 -3.161401e-02
1164556494.958740 -2.734840e-02
1164556494.958862 -1.650169e-02
1164556494.958984 1.083820e-04
1164556494.959106 1.512382e-02
1164556494.959229 2.664322e-02
1164556494.959351 2.933685e-02
1164556494.959473 2.663717e-02
1164556494.959595 2.554013e-02
1164556494.959717 1.902000e-02
1164556494.959839 7.051686e-03
1164556494.959961 -3.472640e-03
1164556494.960083 -1.076580e-02
1164556494.960205 -2.054620e-02
1164556494.960327 -2.929457e-02
1164556494.960449 -2.882424e-02
1164556494.960571 -2.687645e-02
1164556494.960693 -1.845022e-02
1164556494.960815 -6.486991e-03
1164556494.960938 3.095745e-03
1164556494.961060 1.155810e-02
1164556494.961182 2.434401e-02
1164556494.961304 3.663474e-02
1164556494.961426 3.908918e-02
1164556494.961548 3.225305e-02
1164556494.961670 1.786990e-02
1164556494.961792 -1.718604e-03
1164556494.961914 -1.950408e-02
1164556494.962036 -3.397897e-02
1164556494.962158 -4.037890e-02
1164556494.962280 -3.565069e-02
1164556494.962402 -2.243311e-02
1164556494.962524 -8.634933e-03
1164556494.962646 2.808659e-03
1164556494.962769 1.223187e-02
1164556494.962891 1.936554e-02
1164556494.963013 2.280130e-02
1164556494.963135 2.339640e-02
1164556494.963257 2.104572e-02
1164556494.963379 2.011993e-02
1164556494.963501 1.551726e-02
1164556494.963623 3.601317e-03
1164556494.963745 -1.164045e-02
1164556494.963867 -2.730329e-02
1164556494.963989 -3.309444e-02
1164556494.964111 -2.569752e-02
1164556494.964233 -1.544106e-02
1164556494.964355 -3.697583e-03
1164556494.964478 6.229182e-03
1164556494.964600 7.824542e-03
1164556494.964722 2.660690e-03
1164556494.964844 5.861321e-03
1164556494.964966 1.371320e-02
1164556494.965088 1.469915e-02
1164556494.965210 1.631028e-02
1164556494.965332 1.917629e-02
1164556494.965454 1.399993e-02
1164556494.965576 3.303489e-03
1164556494.965698 -8.225307e-03
1164556494.965820 -1.915574e-02
1164556494.965942 -2.707643e-02
1164556494.966064 -2.464559e-02
1164556494.966187 -1.876578e-02
1164556494.966309 -9.003278e-03
1164556494.966431 5.132994e-03
1164556494.966553 1.119489e-02
1164556494.966675 1.065949e-02
1164556494.966797 1.338947e-02
1164556494.966919 1.443965e-02
1164556494.967041 1.312800e-02
1164556494.967163 9.421714e-03
1164556494.967285 5.819839e-03
1164556494.967407 2.055005e-03
1164556494.967529 -2.845598e-03
1164556494.967651 -7.755928e-03
1164556494.967773 -1.273000e-02
1164556494.967896 -1.239246e-02
1164556494.968018 -8.374491e-03
1164556494.968140 -5.582902e-03
1164556494.968262 -3.094704e-03
1164556494.968384 -3.092962e-03
1164556494.968506 -3.917584e-03
1164556494.968628 -5.576464e-03
1164556494.968750 -4.142210e-03
1164556494.968872 6.263728e-03
1164556494.968994 2.016060e-02
1164556494.969116 2.376812e-02
1164556494.969238 1.849366e-02
1164556494.969360 1.504071e-02
1164556494.969482 8.377585e-03
1164556494.969604 -5.992247e-03
1164556494.969727 -1.844019e-02
1164556494.969849 -2.307387e-02
1164556494.969971 -2.349377e-02
1164556494.970093 -2.062953e-02
1164556494.970215 -1.227134e-02
1164556494.970337 -3.228153e-03
1164556494.970459 2.348120e-03
1164556494.970581 8.535499e-03
1164556494.970703 1.602735e-02
1164556494.970825 1.961386e-02
1164556494.970947 2.174472e-02
1164556494.971069 1.989889e-02
1164556494.971191 1.112855e-02
1164556494.971313 1.794232e-03
1164556494.971436 -4.289002e-03
1164556494.971558 -1.157982e-02
1164556494.971680 -1.875179e-02
1164556494.971802 -1.997368e-02
1164556494.971924 -1.796563e-02
1164556494.972046 -1.712729e-02
1164556494.972168 -1.096114e-02
1164556494.972290 -2.397225e-03
1164556494.972412 4.283330e-03
1164556494.972534 1.404507e-02
1164556494.972656 2.285258e-02
1164556494.972778 2.232592e-02
1164556494.972900 2.032413e-02
1164556494.973022 1.760932e-02
1164556494.973145 6.591142e-03
1164556494.973267 -7.828105e-03
1164556494.973389 -1.453568e-02
1164556494.973511 -1.523047e-02
1164556494.973633 -1.851683e-02
1164556494.973755 -1.792599e-02
1164556494.973877 -1.271050e-02
1164556494.973999 -1.012059e-02
1164556494.974121 -3.020939e-03
1164556494.974243 3.956049e-03
1164556494.974365 9.349891e-03
1164556494.974487 1.385964e-02
1164556494.974609 1.744146e-02
1164556494.974731 1.693986e-02
1164556494.974854 1.155505e-02
1164556494.974976 8.028579e-03
1164556494.975098 2.039914e-03
1164556494.975220 -4.482509e-03
1164556494.975342 -5.258961e-03
1164556494.975464 -9.837399e-03
1164556494.975586 -1.540159e-02
1164556494.975708 -1.790988e-02
1164556494.975830 -1.558109e-02
1164556494.975952 -1.006043e-02
1164556494.976074 -3.628532e-03
1164556494.976196 5.455708e-03
1164556494.976318 9.870208e-03
1164556494.976440 1.260645e-02
1164556494.976562 1.502421e-02
1164556494.976685 1.248306e-02
1164556494.976807 1.339472e-02
1164556494.976929 1.115344e-02
1164556494.977051 3.675486e-03
1164556494.977173 -3.943597e-03
1164556494.977295 -5.613301e-03
1164556494.977417 -7.180946e-03
1164556494.977539 -1.507034e-02
1164556494.977661 -2.047085e-02
1164556494.977783 -2.085580e-02
1164556494.977905 -1.346690e-02
1164556494.978027 -3.519143e-03
1164556494.978149 2.735887e-03
1164556494.978271 9.910265e-03
1164556494.978394 1.674046e-02
1164556494.978516 2.111645e-02
1164556494.978638 1.937989e-02
1164556494.978760 1.596445e-02
1164556494.978882 1.396606e-02
1164556494.979004 8.034578e-03
1164556494.979126 -3.062327e-03
1164556494.979248 -1.492647e-02
1164556494.979370 -2.214079e-02
1164556494.979492 -2.815050e-02
1164556494.979614 -2.997974e-02
1164556494.979736 -2.306945e-02
1164556494.979858 -9.940718e-03
1164556494.979980 8.458805e-03
1164556494.980103 2.403218e-02
1164556494.980225 2.988082e-02
1164556494.980347 2.476131e-02
1164556494.980469 1.925734e-02
1164556494.980591 1.466874e-02
1164556494.980713 6.013175e-03
1164556494.980835 -4.069718e-03
1164556494.980957 -1.097559e-02
1164556494.981079 -1.535309e-02
1164556494.981201 -1.768589e-02
1164556494.981323 -1.799080e-02
1164556494.981445 -1.737472e-02
1164556494.981567 -1.207264e-02
1164556494.981689 -4.810675e-03
1164556494.981812 7.479684e-05
1164556494.981934 6.745694e-03
1164556494.982056 1.495096e-02
1164556494.982178 2.045122e-02
1164556494.982300 2.106921e-02
1164556494.982422 1.530836e-02
1164556494.982544 8.863788e-03
1164556494.982666 4.630046e-03
1164556494.982788 -1.289817e-03
1164556494.982910 -8.925263e-03
1164556494.983032 -1.570524e-02
1164556494.983154 -1.954133e-02
1164556494.983276 -2.173675e-02
1164556494.983398 -1.670349e-02
1164556494.983521 -8.923981e-03
1164556494.983643 -3.307689e-03
1164556494.983765 5.006642e-03
1164556494.983887 1.657824e-02
1164556494.984009 2.383901e-02
1164556494.984131 2.263926e-02
1164556494.984253 1.701532e-02
1164556494.984375 7.794056e-03
1164556494.984497 -2.340921e-03
1164556494.984619 -7.214375e-03
1164556494.984741 -1.039641e-02
1164556494.984863 -1.315805e-02
1164556494.984985 -1.292974e-02
1164556494.985107 -1.021093e-02
1164556494.985229 -8.548282e-03
1164556494.985352 -5.771120e-03
1164556494.985474 1.720378e-04
1164556494.985596 3.271246e-03
1164556494.985718 3.805786e-03
1164556494.985840 6.922223e-03
1164556494.985962 1.010124e-02
1164556494.986084 9.583480e-03
1164556494.986206 9.406040e-03
1164556494.986328 1.042803e-02
1164556494.986450 4.280162e-03
1164556494.986572 -2.532988e-03
1164556494.986694 -5.376142e-03
1164556494.986816 -8.952726e-03
1164556494.986938 -1.141066e-02
1164556494.987061 -8.848393e-03
1164556494.987183 -7.761105e-03
1164556494.987305 -9.282967e-03
1164556494.987427 -4.853158e-03
1164556494.987549 2.237447e-03
1164556494.987671 4.545922e-03
1164556494.987793 8.636971e-03
1164556494.987915 1.202929e-02
1164556494.988037 1.062654e-02
1164556494.988159 1.012526e-02
1164556494.988281 7.359387e-03
1164556494.988403 -1.642865e-03
1164556494.988525 -6.678454e-03
1164556494.988647 -4.699366e-03
1164556494.988770 -4.663766e-03
1164556494.988892 -7.178996e-03
1164556494.989014 -6.555684e-03
1164556494.989136 -5.351221e-03
1164556494.989258 -3.480291e-03
1164556494.989380 -2.145309e-03
1164556494.989502 -4.057587e-03
1164556494.989624 -3.031225e-03
1164556494.989746 2.533998e-03
1164556494.989868 7.473420e-03
1164556494.989990 1.046383e-02
1164556494.990112 1.211294e-02
1164556494.990234 1.192621e-02
1164556494.990356 8.158962e-03
1164556494.990479 1.580405e-03
1164556494.990601 -6.914538e-03
1164556494.990723 -1.107050e-02
1164556494.990845 -8.625109e-03
1164556494.990967 -7.298332e-03
1164556494.991089 -8.697715e-03
1164556494.991211 -7.604227e-03
1164556494.991333 -4.525638e-03
1164556494.991455 -1.305782e-03
1164556494.991577 -3.170498e-04
1164556494.991699 1.124807e-04
1164556494.991821 5.436617e-03
1164556494.991943 1.374441e-02
1164556494.992065 1.722265e-02
1164556494.992188 1.468322e-02
1164556494.992310 1.288561e-02
1164556494.992432 7.469402e-03
1164556494.992554 -4.860219e-03
1164556494.992676 -1.587458e-02
1164556494.992798 -2.183196e-02
1164556494.992920 -2.022348e-02
1164556494.993042 -1.468373e-02
1164556494.993164 -9.957338e-03
1164556494.993286 -2.620199e-03
1164556494.993408 4.924389e-03
1164556494.993530 1.018989e-02
1164556494.993652 1.361472e-02
1164556494.993774 1.851247e-02
1164556494.993896 2.226727e-02
1164556494.994019 1.574095e-02
1164556494.994141 5.612099e-03
1164556494.994263 -5.112029e-03
1164556494.994385 -1.352211e-02
1164556494.994507 -1.734579e-02
1164556494.994629 -1.853054e-02
1164556494.994751 -1.598692e-02
1164556494.994873 -9.766149e-03
1164556494.994995 -6.983930e-04
1164556494.995117 6.479688e-03
1164556494.995239 9.172186e-03
1164556494.995361 9.606043e-03
1164556494.995483 6.034454e-03
1164556494.995605 2.388189e-03
1164556494.995728 4.861761e-03
1164556494.995850 6.713626e-03
1164556494.995972 7.309481e-03
1164556494.996094 5.872202e-03
1164556494.996216 1.546176e-03
1164556494.996338 -3.314101e-03
1164556494.996460 -8.977132e-03
1164556494.996582 -1.263683e-02
1164556494.996704 -1.330914e-02
1164556494.996826 -9.585291e-03
1164556494.996948 -4.865731e-03
1164556494.997070 -4.406532e-04
1164556494.997192 5.217092e-03
1164556494.997314 9.073412e-03
1164556494.997437 8.560822e-03
1164556494.997559 5.808377e-03
1164556494.997681 3.864931e-03
1164556494.997803 5.728342e-03
1164556494.997925 6.206805e-03
1164556494.998047 2.808971e-03
1164556494.998169 -9.583171e-04
1164556494.998291 -2.194893e-03
1164556494.998413 -3.351221e-03
1164556494.998535 -7.304701e-03
1164556494.998657 -9.995913e-03
1164556494.998779 -8.007623e-03
1164556494.998901 -6.832120e-03
1164556494.999023 -7.195159e-03
1164556494.999146 -2.781546e-03
1164556494.999268 2.279784e-03
1164556494.999390 6.690712e-03
1164556494.999512 1.056373e-02
1164556494.999634 1.307055e-02
1164556494.999756 1.353540e-02
1164556494.999878 1.186357e-02
1164556495.000000 8.788711e-03
1164556495.000122 -7.270001e-04
1164556495.000244 -1.197247e-02
1164556495.000366 -1.521361e-02
1164556495.000488 -1.561426e-02
1164556495.000610 -1.709305e-02
1164556495.000732 -1.310725e-02
1164556495.000854 -2.730535e-03
1164556495.000977 6.342219e-03
1164556495.001099 1.165893e-02
1164556495.001221 1.397253e-02
1164556495.001343 1.091684e-02
1164556495.001465 7.099991e-03
1164556495.001587 4.871347e-03
1164556495.001709 9.593376e-04
1164556495.001831 -1.003935e-03
1164556495.001953 1.727493e-03
1164556495.002075 1.260006e-03
1164556495.002197 -4.780194e-03
1164556495.002319 -8.749042e-03
1164556495.002441 -1.002758e-02
1164556495.002563 -1.081425e-02
1164556495.002686 -9.601311e-03
1164556495.002808 -3.533232e-03
1164556495.002930 3.070293e-03
1164556495.003052 5.920022e-03
1164556495.003174 9.575534e-03
1164556495.003296 1.057662e-02
1164556495.003418 6.999514e-03
1164556495.003540 4.900850e-03
1164556495.003662 4.584139e-03
1164556495.003784 1.024909e-03
1164556495.003906 -2.162348e-03
1164556495.004028 -1.215883e-03
1164556495.004150 -2.885942e-03
1164556495.004272 -7.046939e-03
1164556495.004395 -8.432544e-03
1164556495.004517 -7.994558e-03
1164556495.004639 -7.924845e-03
1164556495.004761 -4.827618e-03
1164556495.004883 8.300384e-04
1164556495.005005 3.659546e-03
1164556495.005127 5.450444e-03
1164556495.005249 8.623290e-03
1164556495.005371 8.282718e-03
1164556495.005493 6.143958e-03
1164556495.005615 6.893476e-03
1164556495.005737 6.510117e-03
1164556495.005859 2.071837e-03
1164556495.005981 -2.486219e-03
1164556495.006104 -5.260106e-03
1164556495.006226 -7.210744e-03
1164556495.006348 -1.019978e-02
1164556495.006470 -1.211763e-02
1164556495.006592 -1.292325e-02
1164556495.006714 -1.050336e-02
1164556495.006836 -2.350585e-03
1164556495.006958 6.239664e-03
1164556495.007080 1.403643e-02
1164556495.007202 2.106701e-02
1164556495.007324 1.936994e-02
1164556495.007446 9.235144e-03
1164556495.007568 4.815127e-04
1164556495.007690 -3.379684e-03
1164556495.007812 -5.815035e-03
1164556495.007935 -9.765242e-03
1164556495.008057 -1.148022e-02
1164556495.008179 -1.019565e-02
1164556495.008301 -8.344144e-03
1164556495.008423 -7.248639e-03
1164556495.008545 -5.538750e-03
1164556495.008667 3.569835e-04
1164556495.008789 7.536045e-03
1164556495.008911 1.167155e-02
1164556495.009033 1.387064e-02
1164556495.009155 1.148035e-02
1164556495.009277 5.101951e-03
1164556495.009399 1.161111e-04
1164556495.009521 -2.583968e-03
1164556495.009644 -3.348059e-03
1164556495.009766 -3.781223e-03
1164556495.009888 -5.939231e-03
1164556495.010010 -7.323339e-03
1164556495.010132 -5.236985e-03
1164556495.010254 -2.670697e-03
1164556495.010376 -1.905723e-03
1164556495.010498 -1.576945e-03
1164556495.010620 -6.230814e-04
1164556495.010742 1.591252e-03
1164556495.010864 2.381856e-03
1164556495.010986 1.951491e-03
1164556495.011108 5.069054e-03
1164556495.011230 8.831410e-03
1164556495.011353 7.519680e-03
1164556495.011475 3.827920e-03
1164556495.011597 1.540279e-03
1164556495.011719 6.186507e-04
1164556495.011841 -1.642473e-03
1164556495.011963 -4.860967e-03
1164556495.012085 -9.106077e-03
1164556495.012207 -1.253184e-02
1164556495.012329 -1.074295e-02
1164556495.012451 -6.841904e-03
1164556495.012573 -3.185087e-03
1164556495.012695 4.079398e-03
1164556495.012817 1.177813e-02
1164556495.012939 1.448916e-02
1164556495.013062 1.041974e-02
1164556495.013184 5.160393e-03
1164556495.013306 8.302333e-04
1164556495.013428 -2.277375e-03
1164556495.013550 -1.324400e-04
1164556495.013672 2.393470e-03
1164556495.013794 4.928488e-04
1164556495.013916 -3.562636e-03
1164556495.014038 -7.805030e-03
1164556495.014160 -1.327892e-02
1164556495.014282 -1.505492e-02
1164556495.014404 -9.116404e-03
1164556495.014526 -3.111275e-03
1164556495.014648 1.864592e-03
1164556495.014771 1.137086e-02
1164556495.014893 1.768048e-02
1164556495.015015 1.573416e-02
1164556495.015137 1.137711e-02
1164556495.015259 7.447958e-03
1164556495.015381 1.932440e-03
1164556495.015503 -2.439357e-03
1164556495.015625 -5.357255e-03
1164556495.015747 -1.177542e-02
1164556495.015869 -1.728736e-02
1164556495.015991 -1.628380e-02
1164556495.016113 -1.126889e-02
1164556495.016235 -5.274446e-03
1164556495.016357 1.536135e-03
1164556495.016479 7.947683e-03
1164556495.016602 1.282647e-02
1164556495.016724 1.668725e-02
1164556495.016846 1.529938e-02
1164556495.016968 9.709182e-03
1164556495.017090 5.098538e-03
1164556495.017212 -4.751787e-04
1164556495.017334 -7.336272e-03
1164556495.017456 -1.348975e-02
1164556495.017578 -1.461297e-02
1164556495.017700 -1.121454e-02
1164556495.017822 -6.289157e-03
1164556495.017944 -1.204814e-03
1164556495.018066 2.495379e-03
1164556495.018188 6.560649e-03
1164556495.018311 8.063080e-03
1164556495.018433 6.120684e-03
1164556495.018555 3.552259e-03
1164556495.018677 1.760826e-03
1164556495.018799 -1.085430e-03
1164556495.018921 -1.625179e-03
1164556495.019043 6.636007e-04
1164556495.019165 1.072769e-04
1164556495.019287 -8.779688e-04
1164556495.019409 1.159432e-03
1164556495.019531 1.874261e-03
1164556495.019653 2.285252e-03
1164556495.019775 1.544490e-03
1164556495.019897 -1.821018e-03
1164556495.020020 -7.286536e-03
1164556495.020142 -9.175948e-03
1164556495.020264 -8.963905e-03
1164556495.020386 -9.695041e-03
1164556495.020508 -3.620445e-03
1164556495.020630 6.055644e-03
1164556495.020752 1.270615e-02
1164556495.020874 1.558510e-02
1164556495.020996 1.507071e-02
1164556495.021118 1.046607e-02
1164556495.021240 4.006943e-03
1164556495.021362 -1.219988e-03
1164556495.021484 -7.675036e-03
1164556495.021606 -1.461952e-02
1164556495.021729 -1.623884e-02
1164556495.021851 -1.224632e-02
1164556495.021973 -8.377782e-03
1164556495.022095 -5.359322e-03
1164556495.022217 -6.029661e-04
1164556495.022339 4.864127e-03
1164556495.022461 9.737702e-03
1164556495.022583 1.406885e-02
1164556495.022705 1.557703e-02
1164556495.022827 1.501401e-02
1164556495.022949 1.061973e-02
1164556495.023071 1.633835e-03
1164556495.023193 -9.267465e-03
1164556495.023315 -1.650056e-02
1164556495.023438 -1.554103e-02
1164556495.023560 -1.174114e-02
1164556495.023682 -7.580792e-03
1164556495.023804 -2.290205e-03
1164556495.023926 1.620440e-03
1164556495.024048 4.672900e-03
1164556495.024170 5.846677e-03
1164556495.024292 4.345573e-03
1164556495.024414 3.613618e-03
1164556495.024536 4.899213e-03
1164556495.024658 7.298448e-03
1164556495.024780 8.546492e-03
1164556495.024902 5.924522e-03
1164556495.025024 1.632320e-04
1164556495.025146 -4.632555e-03
1164556495.025269 -7.047062e-03
1164556495.025391 -8.461835e-03
1164556495.025513 -8.485843e-03
1164556495.025635 -6.993384e-03
1164556495.025757 -4.328238e-03
1164556495.025879 -2.190578e-03
1164556495.026001 -1.284909e-04
1164556495.026123 2.723865e-03
1164556495.026245 4.552331e-03
1164556495.026367 6.977738e-03
1164556495.026489 8.573469e-03
1164556495.026611 6.921587e-03
1164556495.026733 5.376222e-03
1164556495.026855 4.673410e-03
1164556495.026978 2.595178e-03
1164556495.027100 -2.496690e-03
1164556495.027222 -8.438174e-03
1164556495.027344 -1.052810e-02
1164556495.027466 -9.609859e-03
1164556495.027588 -6.183539e-03
1164556495.027710 -2.931623e-03
1164556495.027832 -1.926717e-03
1164556495.027954 4.370312e-04
1164556495.028076 3.990204e-03
1164556495.028198 4.760245e-03
1164556495.028320 4.652510e-03
1164556495.028442 6.666089e-03
1164556495.028564 8.569520e-03
1164556495.028687 7.342121e-03
1164556495.028809 3.912185e-03
1164556495.028931 1.048080e-04
1164556495.029053 -3.747865e-03
1164556495.029175 -5.787196e-03
1164556495.029297 -6.854526e-03
1164556495.029419 -7.951810e-03
1164556495.029541 -8.933904e-03
1164556495.029663 -6.785669e-03
1164556495.029785 -3.164562e-03
1164556495.029907 -1.057216e-03
1164556495.030029 1.535302e-03
1164556495.030151 5.224746e-03
1164556495.030273 9.590007e-03
1164556495.030396 1.152959e-02
1164556495.030518 1.105484e-02
1164556495.030640 8.561333e-03
1164556495.030762 4.542211e-03
1164556495.030884 5.306070e-04
1164556495.031006 -5.637468e-03
1164556495.031128 -1.233391e-02
1164556495.031250 -1.470481e-02
1164556495.031372 -1.411005e-02
1164556495.031494 -1.079043e-02
1164556495.031616 -5.140557e-03
1164556495.031738 2.968672e-03
1164556495.031860 9.623200e-03
1164556495.031982 1.317033e-02
1164556495.032104 1.418090e-02
1164556495.032227 9.508687e-03
1164556495.032349 2.466605e-03
1164556495.032471 -3.301817e-03
1164556495.032593 -4.028831e-03
1164556495.032715 -9.089343e-04
1164556495.032837 1.294765e-03
1164556495.032959 -1.291343e-03
1164556495.033081 -4.955523e-03
1164556495.033203 -5.657258e-03
1164556495.033325 -7.081368e-03
1164556495.033447 -8.094266e-03
1164556495.033569 -5.440790e-03
1164556495.033691 -1.193636e-03
1164556495.033813 4.500007e-03
1164556495.033936 8.626977e-03
1164556495.034058 8.051184e-03
1164556495.034180 4.678061e-03
1164556495.034302 3.503438e-03
1164556495.034424 3.837522e-03
1164556495.034546 2.852074e-03
1164556495.034668 3.135903e-03
1164556495.034790 2.067314e-03
1164556495.034912 -2.976119e-03
1164556495.035034 -7.398968e-03
1164556495.035156 -8.998992e-03
1164556495.035278 -1.023276e-02
1164556495.035400 -9.354196e-03
1164556495.035522 -3.621544e-03
1164556495.035645 8.857544e-04
1164556495.035767 2.384302e-03
1164556495.035889 5.638320e-03
1164556495.036011 8.749539e-03
1164556495.036133 9.101878e-03
1164556495.036255 9.032494e-03
1164556495.036377 7.921999e-03
1164556495.036499 4.201293e-03
1164556495.036621 2.408290e-04
1164556495.036743 -4.005868e-03
1164556495.036865 -9.564815e-03
1164556495.036987 -1.120990e-02
1164556495.037109 -9.541407e-03
1164556495.037231 -8.032677e-03
1164556495.037354 -6.263667e-03
1164556495.037476 -1.259427e-03
1164556495.037598 3.381652e-03
1164556495.037720 5.993827e-03
1164556495.037842 8.865547e-03
1164556495.037964 9.297737e-03
1164556495.038086 7.844386e-03
1164556495.038208 6.160909e-03
1164556495.038330 2.463079e-03
1164556495.038452 5.869835e-05
1164556495.038574 -3.544848e-04
1164556495.038696 -1.306505e-03
1164556495.038818 -5.734046e-03
1164556495.038940 -1.177823e-02
1164556495.039062 -1.329993e-02
1164556495.039185 -9.712727e-03
1164556495.039307 -3.403330e-03
1164556495.039429 2.267243e-03
1164556495.039551 5.877554e-03
1164556495.039673 9.231562e-03
1164556495.039795 1.099032e-02
1164556495.039917 8.043942e-03
1164556495.040039 2.703713e-03
1164556495.040161 1.387254e-03
1164556495.040283 1.333202e-03
1164556495.040405 -5.741548e-04
1164556495.040527 -1.521225e-03
1164556495.040649 -2.841948e-03
1164556495.040771 -6.357784e-03
1164556495.040894 -7.993035e-03
1164556495.041016 -5.919907e-03
1164556495.041138 -3.152794e-03
1164556495.041260 -1.394059e-03
1164556495.041382 4.314364e-04
1164556495.041504 3.925989e-04
1164556495.041626 5.659262e-04
1164556495.041748 4.224904e-03
1164556495.041870 5.803838e-03
1164556495.041992 5.341535e-03
1164556495.042114 7.394203e-03
1164556495.042236 7.727674e-03
1164556495.042358 4.277459e-03
1164556495.042480 2.295628e-04
1164556495.042603 -1.758196e-03
1164556495.042725 -4.510618e-03
1164556495.042847 -1.027211e-02
1164556495.042969 -1.437255e-02
1164556495.043091 -1.365738e-02
1164556495.043213 -9.229148e-03
1164556495.043335 -2.201547e-03
1164556495.043457 5.222752e-03
1164556495.043579 1.078968e-02
1164556495.043701 1.454141e-02
1164556495.043823 1.517050e-02
1164556495.043945 1.120235e-02
1164556495.044067 4.815228e-03
1164556495.044189 9.455948e-04
1164556495.044312 -2.560131e-03
1164556495.044434 -8.105231e-03
1164556495.044556 -9.630911e-03
1164556495.044678 -8.424624e-03
1164556495.044800 -9.888938e-03
1164556495.044922 -1.038851e-02
1164556495.045044 -7.336677e-03
1164556495.045166 -3.488915e-03
1164556495.045288 1.024941e-03
1164556495.045410 8.056398e-03
1164556495.045532 1.353996e-02
1164556495.045654 1.508652e-02
1164556495.045776 1.427283e-02
1164556495.045898 1.071267e-02
1164556495.046021 3.459959e-03
1164556495.046143 -4.762948e-03
1164556495.046265 -9.317780e-03
1164556495.046387 -1.197826e-02
1164556495.046509 -1.356250e-02
1164556495.046631 -1.212034e-02
1164556495.046753 -8.363457e-03
1164556495.046875 -4.268224e-03
1164556495.046997 1.299422e-03
1164556495.047119 6.408213e-03
1164556495.047241 9.146562e-03
1164556495.047363 1.084894e-02
1164556495.047485 1.087014e-02
1164556495.047607 8.181036e-03
1164556495.047729 4.027580e-03
1164556495.047852 8.828120e-04
1164556495.047974 -1.832064e-03
1164556495.048096 -5.790753e-03
1164556495.048218 -7.882757e-03
1164556495.048340 -7.272577e-03
1164556495.048462 -5.853983e-03
1164556495.048584 -5.036378e-03
1164556495.048706 -4.957962e-03
1164556495.048828 -3.490003e-03
1164556495.048950 -4.821588e-04
1164556495.049072 2.878770e-03
1164556495.049194 5.310977e-03
1164556495.049316 7.216154e-03
1164556495.049438 1.021342e-02
1164556495.049561 1.143599e-02
1164556495.049683 8.161954e-03
1164556495.049805 1.988454e-03
1164556495.049927 -3.874017e-03
1164556495.050049 -8.600749e-03
1164556495.050171 -1.190622e-02
1164556495.050293 -1.221922e-02
1164556495.050415 -8.280204e-03
1164556495.050537 -2.702052e-03
1164556495.050659 9.760318e-04
1164556495.050781 3.036269e-03
1164556495.050903 4.589092e-03
1164556495.051025 6.770559e-03
1164556495.051147 7.353379e-03
1164556495.051270 5.312422e-03
1164556495.051392 4.162171e-03
1164556495.051514 2.576225e-03
1164556495.051636 1.200288e-03
1164556495.051758 -5.732200e-04
1164556495.051880 -4.498770e-03
1164556495.052002 -7.535451e-03
1164556495.052124 -6.760256e-03
1164556495.052246 -4.652731e-03
1164556495.052368 -3.055859e-03
1164556495.052490 -4.923479e-04
1164556495.052612 2.592602e-03
1164556495.052734 2.162326e-03
1164556495.052856 1.054427e-03
1164556495.052979 2.043781e-03
1164556495.053101 4.110397e-03
1164556495.053223 4.201866e-03
1164556495.053345 3.031521e-03
1164556495.053467 2.202978e-03
1164556495.053589 1.462818e-03
1164556495.053711 2.410192e-05
1164556495.053833 -1.946949e-03
1164556495.053955 -5.153623e-03
1164556495.054077 -6.704215e-03
1164556495.054199 -4.064485e-03
1164556495.054321 -1.544359e-03
1164556495.054443 9.972088e-04
1164556495.054565 2.911880e-03
1164556495.054688 1.564659e-03
1164556495.054810 -1.235094e-03
1164556495.054932 -1.846222e-03
1164556495.055054 6.225192e-04
1164556495.055176 2.084282e-03
1164556495.055298 3.971762e-03
1164556495.055420 6.873539e-03
1164556495.055542 5.780359e-03
1164556495.055664 1.905031e-03
1164556495.055786 -9.156277e-04
1164556495.055908 -4.236214e-03
1164556495.056030 -6.607884e-03
1164556495.056152 -7.486846e-03
1164556495.056274 -6.566095e-03
1164556495.056396 -4.690085e-03
1164556495.056519 -8.356648e-04
1164556495.056641 3.284224e-03
1164556495.056763 4.344269e-03
1164556495.056885 5.146758e-03
1164556495.057007 5.996444e-03
1164556495.057129 5.130130e-03
1164556495.057251 3.077931e-03
1164556495.057373 1.209975e-03
1164556495.057495 1.621671e-03
1164556495.057617 4.704180e-04
1164556495.057739 -4.179508e-03
1164556495.057861 -6.816015e-03
1164556495.057983 -6.354376e-03
1164556495.058105 -5.554929e-03
1164556495.058228 -5.567548e-03
1164556495.058350 -3.020842e-03
1164556495.058472 1.424624e-03
1164556495.058594 3.971048e-03
1164556495.058716 6.118794e-03
1164556495.058838 6.608013e-03
1164556495.058960 6.420096e-03
1164556495.059082 6.783675e-03
1164556495.059204 4.936658e-03
1164556495.059326 7.584677e-05
1164556495.059448 -3.361558e-03
1164556495.059570 -3.855178e-03
1164556495.059692 -6.866860e-03
1164556495.059814 -1.082844e-02
1164556495.059937 -9.918572e-03
1164556495.060059 -6.863863e-03
1164556495.060181 -2.431017e-03
1164556495.060303 3.693491e-03
1164556495.060425 8.405420e-03
1164556495.060547 1.099400e-02
1164556495.060669 1.290876e-02
1164556495.060791 1.124067e-02
1164556495.060913 4.635209e-03
1164556495.061035 -2.062659e-03
1164556495.061157 -5.678364e-03
1164556495.061279 -8.386659e-03
1164556495.061401 -1.045604e-02
1164556495.061523 -1.127276e-02
1164556495.061646 -9.000255e-03
1164556495.061768 -4.908255e-03
1164556495.061890 -1.526817e-03
1164556495.062012 2.029297e-03
