1164556494.727295 -6.944575e-03
1164556494.727417 -6.066947e-03
1164556494.727539 -3.470333e-03
1164556494.727661 -2.770973e-04
1164556494.727783 9.692729e-04
1164556494.727905 1.488466e-03
1164556494.728027 7.745327e-04
1164556494.728149 -1.073369e-04
1164556494.728271 -5.424750e-04
1164556494.728394 -2.821796e-04
1164556494.728516 1.108912e-03
1164556494.728638 2.329866e-03
1164556494.728760 2.268895e-03
1164556494.728882 1.062425e-03
1164556494.729004 -7.028693e-04
1164556494.729126 -1.707650e-03
1164556494.729248 -2.596728e-03
1164556494.729370 -2.443539e-03
1164556494.729492 -2.360073e-03
1164556494.729614 -1.732547e-03
1164556494.729736 -1.434915e-04
1164556494.729858 1.149820e-03
1164556494.729980 2.057022e-03
1164556494.730103 3.656901e-03
1164556494.730225 4.445253e-03
1164556494.730347 2.882024e-03
1164556494.730469 1.031443e-03
1164556494.730591 1.370833e-04
1164556494.730713 -2.461563e-03
1164556494.730835 -3.987652e-03
1164556494.730957 -4.046776e-03
1164556494.731079 -3.850068e-03
1164556494.731201 -2.284187e-03
1164556494.731323 -2.255337e-04
1164556494.731445 2.513861e-04
1164556494.731567 4.763465e-04
1164556494.731689 2.967244e-03
1164556494.731812 4.589684e-03
1164556494.731934 3.550604e-03
1164556494.732056 3.098766e-03
1164556494.732178 1.916134e-03
1164556494.732300 -7.678580e-04
1164556494.732422 -2.056003e-03
1164556494.732544 -1.354105e-03
1164556494.732666 -1.682063e-03
1164556494.732788 -1.827810e-03
1164556494.732910 -1.854516e-03
1164556494.733032 -2.712790e-03
1164556494.733154 -3.165870e-03
1164556494.733276 -2.847838e-03
1164556494.733398 -2.202507e-03
1164556494.733521 1.021493e-04
1164556494.733643 3.330002e-03
1164556494.733765 5.819111e-03
1164556494.733887 6.855441e-03
1164556494.734009 6.790502e-03
1164556494.734131 3.817644e-03
1164556494.734253 4.337381e-04
1164556494.734375 -1.107065e-03
1164556494.734497 -3.555878e-03
1164556494.734619 -6.557371e-03
1164556494.734741 -7.566156e-03
1164556494.734863 -7.452621e-03
1164556494.734985 -5.705204e-03
1164556494.735107 -2.021361e-03
1164556494.735229 1.598240e-03
1164556494.735352 3.474767e-03
1164556494.735474 6.419839e-03
1164556494.735596 9.213476e-03
1164556494.735718 8.962674e-03
1164556494.735840 6.418772e-03
1164556494.735962 2.644310e-03
1164556494.736084 -2.500283e-03
1164556494.736206 -6.210365e-03
1164556494.736328 -7.031416e-03
1164556494.736450 -6.802634e-03
1164556494.736572 -5.618804e-03
1164556494.736694 -2.955519e-03
1164556494.736816 -1.334087e-03
1164556494.736938 -7.383614e-04
1164556494.737061 8.558158e-04
1164556494.737183 4.116250e-03
1164556494.737305 4.572577e-03
1164556494.737427 3.465844e-03
1164556494.737549 3.608678e-03
1164556494.737671 4.215238e-03
1164556494.737793 3.455164e-03
1164556494.737915 1.050051e-03
1164556494.738037 -1.643891e-03
1164556494.738159 -3.322938e-03
1164556494.738281 -2.545826e-03
1164556494.738403 -1.411032e-03
1164556494.738525 -3.412445e-03
1164556494.738647 -4.829829e-03
1164556494.738770 -3.865093e-03
1164556494.738892 -3.078302e-03
1164556494.739014 -3.145702e-03
1164556494.739136 -9.677743e-04
1164556494.739258 2.828080e-03
1164556494.739380 5.754273e-03
1164556494.739502 7.758466e-03
1164556494.739624 8.598026e-03
1164556494.739746 7.877991e-03
1164556494.739868 5.161715e-03
1164556494.739990 5.591371e-04
1164556494.740112 -5.064590e-03
1164556494.740234 -9.001343e-03
1164556494.740356 -8.889000e-03
1164556494.740479 -7.286988e-03
1164556494.740601 -6.911935e-03
1164556494.740723 -6.118245e-03
1164556494.740845 -2.276757e-03
1164556494.740967 2.125316e-03
1164556494.741089 5.662009e-03
1164556494.741211 8.280852e-03
1164556494.741333 9.763012e-03
1164556494.741455 8.769848e-03
1164556494.741577 7.461642e-03
1164556494.741699 4.996136e-03
1164556494.741821 8.379149e-04
1164556494.741943 -4.018627e-03
1164556494.742065 -8.751143e-03
1164556494.742188 -1.205817e-02
1164556494.742310 -1.194233e-02
1164556494.742432 -8.327420e-03
1164556494.742554 -2.850377e-03
1164556494.742676 1.519421e-03
1164556494.742798 4.349153e-03
1164556494.742920 5.916919e-03
1164556494.743042 6.674030e-03
1164556494.743164 6.774264e-03
1164556494.743286 6.527155e-03
1164556494.743408 5.752231e-03
1164556494.743530 3.261430e-03
1164556494.743652 5.739421e-04
1164556494.743774 -9.291944e-04
1164556494.743896 -3.933169e-03
1164556494.744019 -7.384999e-03
1164556494.744141 -8.448476e-03
1164556494.744263 -7.893880e-03
1164556494.744385 -6.203595e-03
1164556494.744507 -2.715760e-03
1164556494.744629 6.773270e-04
1164556494.744751 2.585623e-03
1164556494.744873 4.745841e-03
1164556494.744995 7.191557e-03
1164556494.745117 7.439115e-03
1164556494.745239 6.489522e-03
1164556494.745361 4.225560e-03
1164556494.745483 1.500321e-03
1164556494.745605 3.614861e-05
1164556494.745728 -7.080816e-04
1164556494.745850 -2.663723e-03
1164556494.745972 -4.635741e-03
1164556494.746094 -5.913419e-03
1164556494.746216 -7.356496e-03
1164556494.746338 -9.063565e-03
1164556494.746460 -7.313810e-03
1164556494.746582 -2.470466e-03
1164556494.746704 2.524064e-03
1164556494.746826 6.928515e-03
1164556494.746948 9.478320e-03
1164556494.747070 9.772044e-03
1164556494.747192 8.742976e-03
1164556494.747314 6.573873e-03
1164556494.747437 3.695305e-03
1164556494.747559 2.949333e-04
1164556494.747681 -2.624074e-03
1164556494.747803 -6.764840e-03
1164556494.747925 -1.041542e-02
1164556494.748047 -1.155072e-02
1164556494.748169 -1.151125e-02
1164556494.748291 -8.599547e-03
1164556494.748413 -1.390147e-03
1164556494.748535 5.664933e-03
1164556494.748657 9.654115e-03
1164556494.748779 1.096464e-02
1164556494.748901 1.063485e-02
1164556494.749023 7.062676e-03
1164556494.749146 3.054166e-03
1164556494.749268 4.281344e-04
1164556494.749390 -1.198701e-03
1164556494.749512 -1.760021e-03
1164556494.749634 -2.162209e-03
1164556494.749756 -5.173687e-03
1164556494.749878 -8.526086e-03
1164556494.750000 -9.545791e-03
1164556494.750122 -7.557508e-03
1164556494.750244 -4.907939e-03
1164556494.750366 -7.990591e-04
1164556494.750488 4.188781e-03
1164556494.750610 7.806691e-03
1164556494.750732 9.832159e-03
1164556494.750854 9.263904e-03
1164556494.750977 6.259145e-03
1164556494.751099 3.325192e-03
1164556494.751221 8.845823e-04
1164556494.751343 -1.643986e-03
1164556494.751465 -4.068249e-03
1164556494.751587 -3.898717e-03
1164556494.751709 -3.816359e-03
1164556494.751831 -6.362517e-03
1164556494.751953 -8.153027e-03
1164556494.752075 -6.628592e-03
1164556494.752197 -3.022352e-03
1164556494.752319 1.022141e-03
1164556494.752441 4.456445e-03
1164556494.752563 5.264296e-03
1164556494.752686 4.643580e-03
1164556494.752808 5.854641e-03
1164556494.752930 5.789443e-03
1164556494.753052 4.805905e-03
1164556494.753174 4.318172e-03
1164556494.753296 2.731831e-03
1164556494.753418 -9.867319e-04
1164556494.753540 -3.128653e-03
1164556494.753662 -5.394228e-03
1164556494.753784 -9.694395e-03
1164556494.753906 -1.143106e-02
1164556494.754028 -8.917360e-03
1164556494.754150 -5.058861e-03
1164556494.754272 -4.340807e-04
1164556494.754395 4.402060e-03
1164556494.754517 7.691344e-03
1164556494.754639 1.047505e-02
1164556494.754761 1.166011e-02
1164556494.754883 8.654122e-03
1164556494.755005 5.088642e-03
1164556494.755127 1.125114e-03
1164556494.755249 -2.743113e-03
1164556494.755371 -5.810144e-03
1164556494.755493 -6.712086e-03
1164556494.755615 -6.214883e-03
1164556494.755737 -6.830793e-03
1164556494.755859 -7.497689e-03
1164556494.755981 -7.869200e-03
1164556494.756104 -5.078662e-03
1164556494.756226 3.120157e-04
1164556494.756348 3.669909e-03
1164556494.756470 8.175437e-03
1164556494.756592 1.159761e-02
1164556494.756714 1.237186e-02
1164556494.756836 1.048528e-02
1164556494.756958 6.139407e-03
1164556494.757080 7.047655e-04
1164556494.757202 -5.100928e-03
1164556494.757324 -8.245464e-03
1164556494.757446 -9.858809e-03
1164556494.757568 -9.617447e-03
1164556494.757690 -6.982349e-03
1164556494.757812 -7.030590e-03
1164556494.757935 -6.401176e-03
1164556494.758057 -2.707140e-03
1164556494.758179 2.000326e-03
1164556494.758301 7.493997e-03
1164556494.758423 1.198789e-02
1164556494.758545 1.409014e-02
1164556494.758667 1.315519e-02
1164556494.758789 9.162878e-03
1164556494.758911 1.340335e-03
1164556494.759033 -7.025476e-03
1164556494.759155 -9.838009e-03
1164556494.759277 -9.407015e-03
1164556494.759399 -8.950740e-03
1164556494.759521 -8.400494e-03
1164556494.759644 -6.254074e-03
1164556494.759766 -4.175400e-03
1164556494.759888 -1.445765e-03
1164556494.760010 2.977699e-03
1164556494.760132 7.334073e-03
1164556494.760254 1.055781e-02
1164556494.760376 1.055866e-02
1164556494.760498 7.509218e-03
1164556494.760620 3.052514e-03
1164556494.760742 -1.461289e-04
1164556494.760864 -1.677962e-03
1164556494.760986 -4.255974e-03
1164556494.761108 -5.119105e-03
1164556494.761230 -4.837068e-03
1164556494.761353 -4.692722e-03
1164556494.761475 -4.204519e-03
1164556494.761597 -3.186791e-03
1164556494.761719 -2.284853e-03
1164556494.761841 -4.660603e-04
1164556494.761963 1.721885e-03
1164556494.762085 2.112352e-03
1164556494.762207 1.624776e-03
1164556494.762329 2.780966e-03
1164556494.762451 4.097357e-03
1164556494.762573 5.035505e-03
1164556494.762695 6.009364e-03
1164556494.762817 5.382765e-03
1164556494.762939 2.353054e-03
1164556494.763062 -1.472270e-03
1164556494.763184 -3.793734e-03
1164556494.763306 -4.710391e-03
1164556494.763428 -6.048825e-03
1164556494.763550 -6.669316e-03
1164556494.763672 -7.911795e-03
1164556494.763794 -8.558752e-03
1164556494.763916 -5.963527e-03
1164556494.764038 -5.527239e-05
1164556494.764160 5.413480e-03
1164556494.764282 8.934637e-03
1164556494.764404 1.329812e-02
1164556494.764526 1.541764e-02
1164556494.764648 1.190365e-02
1164556494.764771 6.823645e-03
1164556494.764893 -4.148881e-04
1164556494.765015 -7.913328e-03
1164556494.765137 -1.278988e-02
1164556494.765259 -1.539487e-02
1164556494.765381 -1.520583e-02
1164556494.765503 -1.014038e-02
1164556494.765625 -3.870660e-03
1164556494.765747 4.762280e-04
1164556494.765869 4.948080e-03
1164556494.765991 8.778801e-03
1164556494.766113 1.023557e-02
1164556494.766235 1.115301e-02
1164556494.766357 1.113782e-02
1164556494.766479 1.042931e-02
1164556494.766602 6.257062e-03
1164556494.766724 -9.207685e-04
1164556494.766846 -8.008652e-03
1164556494.766968 -1.310682e-02
1164556494.767090 -1.442758e-02
1164556494.767212 -1.217738e-02
1164556494.767334 -5.977040e-03
1164556494.767456 7.378793e-04
1164556494.767578 2.842296e-03
1164556494.767700 3.595823e-03
1164556494.767822 2.614422e-03
1164556494.767944 2.015181e-03
1164556494.768066 4.642230e-03
1164556494.768188 6.966609e-03
1164556494.768311 7.173189e-03
1164556494.768433 6.685270e-03
1164556494.768555 6.223580e-03
1164556494.768677 3.233498e-03
1164556494.768799 -1.862941e-03
1164556494.768921 -5.320558e-03
1164556494.769043 -9.157558e-03
1164556494.769165 -1.125300e-02
1164556494.769287 -9.469802e-03
1164556494.769409 -7.103787e-03
1164556494.769531 -4.875186e-03
1164556494.769653 -2.487460e-03
1164556494.769775 2.683848e-04
1164556494.769897 4.505027e-03
1164556494.770020 9.346223e-03
1164556494.770142 1.299753e-02
1164556494.770264 1.426064e-02
1164556494.770386 1.324246e-02
1164556494.770508 9.019474e-03
1164556494.770630 2.665569e-03
1164556494.770752 -4.173494e-03
1164556494.770874 -1.221608e-02
1164556494.770996 -1.840415e-02
1164556494.771118 -1.900533e-02
1164556494.771240 -1.676019e-02
1164556494.771362 -1.059509e-02
1164556494.771484 -1.620808e-03
1164556494.771606 5.741592e-03
1164556494.771729 1.052744e-02
1164556494.771851 1.599011e-02
1164556494.771973 1.927690e-02
1164556494.772095 1.775574e-02
1164556494.772217 1.325200e-02
1164556494.772339 5.196712e-03
1164556494.772461 -4.355419e-03
1164556494.772583 -1.013640e-02
1164556494.772705 -1.428351e-02
1164556494.772827 -1.819924e-02
1164556494.772949 -1.704181e-02
1164556494.773071 -1.113794e-02
1164556494.773193 -6.156137e-03
1164556494.773315 -1.456132e-03
1164556494.773438 5.288933e-03
1164556494.773560 1.169746e-02
1164556494.773682 1.504482e-02
1164556494.773804 1.519496e-02
1164556494.773926 1.294978e-02
1164556494.774048 8.860939e-03
1164556494.774170 3.918834e-03
1164556494.774292 -2.289380e-03
1164556494.774414 -8.047255e-03
1164556494.774536 -1.026553e-02
1164556494.774658 -1.145153e-02
1164556494.774780 -1.234618e-02
1164556494.774902 -1.245366e-02
1164556494.775024 -9.097964e-03
1164556494.775146 -1.927975e-03
1164556494.775269 5.471274e-03
1164556494.775391 1.018320e-02
1164556494.775513 1.176766e-02
1164556494.775635 1.102917e-02
1164556494.775757 9.841894e-03
1164556494.775879 6.467375e-03
1164556494.776001 1.515187e-03
1164556494.776123 -2.767595e-03
1164556494.776245 -4.554832e-03
1164556494.776367 -4.284673e-03
1164556494.776489 -4.227835e-03
1164556494.776611 -5.919226e-03
1164556494.776733 -7.696462e-03
1164556494.776855 -7.895763e-03
1164556494.776978 -5.761601e-03
1164556494.777100 -1.778607e-03
1164556494.777222 2.708157e-03
1164556494.777344 6.460242e-03
1164556494.777466 8.810422e-03
1164556494.777588 7.620154e-03
1164556494.777710 4.949813e-03
1164556494.777832 2.159152e-03
1164556494.777954 9.040715e-04
1164556494.778076 5.575344e-04
1164556494.778198 -1.029214e-03
1164556494.778320 -1.711285e-03
1164556494.778442 -8.685270e-04
1164556494.778564 4.384032e-04
1164556494.778687 -2.703608e-03
1164556494.778809 -7.930675e-03
1164556494.778931 -8.325867e-03
1164556494.779053 -7.422381e-03
1164556494.779175 -5.050734e-03
1164556494.779297 -8.959745e-04
1164556494.779419 4.512866e-03
1164556494.779541 7.874054e-03
1164556494.779663 9.218078e-03
1164556494.779785 9.677834e-03
1164556494.779907 6.825558e-03
1164556494.780029 6.137692e-03
1164556494.780151 4.556215e-03
1164556494.780273 -1.314530e-03
1164556494.780396 -5.030868e-03
1164556494.780518 -7.009411e-03
1164556494.780640 -9.136711e-03
1164556494.780762 -1.181918e-02
1164556494.780884 -1.110985e-02
1164556494.781006 -7.771553e-03
1164556494.781128 -3.873479e-03
1164556494.781250 2.692139e-03
1164556494.781372 7.299485e-03
1164556494.781494 9.952460e-03
1164556494.781616 1.318779e-02
1164556494.781738 1.393072e-02
1164556494.781860 1.140083e-02
1164556494.781982 6.413015e-03
1164556494.782104 1.777355e-03
1164556494.782227 -4.010163e-03
1164556494.782349 -1.023125e-02
1164556494.782471 -1.406427e-02
1164556494.782593 -1.714934e-02
1164556494.782715 -1.554605e-02
1164556494.782837 -1.016739e-02
1164556494.782959 -4.597163e-03
1164556494.783081 3.334533e-03
1164556494.783203 1.264249e-02
1164556494.783325 1.717041e-02
1164556494.783447 1.596388e-02
1164556494.783569 1.328817e-02
1164556494.783691 8.463364e-03
1164556494.783813 2.278110e-03
1164556494.783936 -2.620806e-03
1164556494.784058 -6.726269e-03
1164556494.784180 -9.921977e-03
1164556494.784302 -9.461892e-03
1164556494.784424 -9.335196e-03
1164556494.784546 -1.087758e-02
1164556494.784668 -8.979116e-03
1164556494.784790 -4.110823e-03
1164556494.784912 4.287947e-04
1164556494.785034 6.225679e-03
1164556494.785156 1.079095e-02
1164556494.785278 1.166306e-02
1164556494.785400 1.012450e-02
1164556494.785522 7.961465e-03
1164556494.785645 3.523769e-03
1164556494.785767 -6.321304e-04
1164556494.785889 -9.532153e-04
1164556494.786011 -2.727531e-03
1164556494.786133 -5.349973e-03
1164556494.786255 -4.607969e-03
1164556494.786377 -4.410828e-03
1164556494.786499 -5.540389e-03
1164556494.786621 -8.908435e-03
1164556494.786743 -1.083157e-02
1164556494.786865 -9.118376e-03
1164556494.786987 -1.923028e-03
1164556494.787109 6.899675e-03
1164556494.787231 1.066124e-02
1164556494.787354 1.458247e-02
1164556494.787476 1.663634e-02
1164556494.787598 1.317282e-02
1164556494.787720 8.309624e-03
1164556494.787842 3.302146e-03
1164556494.787964 -2.530387e-03
1164556494.788086 -1.118094e-02
1164556494.788208 -1.655346e-02
1164556494.788330 -1.927149e-02
1164556494.788452 -1.778210e-02
1164556494.788574 -1.135176e-02
1164556494.788696 -6.497238e-03
1164556494.788818 8.951820e-04
1164556494.788940 1.139099e-02
1164556494.789062 1.881603e-02
1164556494.789185 2.097259e-02
1164556494.789307 1.768843e-02
1164556494.789429 1.263517e-02
1164556494.789551 5.674368e-03
1164556494.789673 -8.029215e-04
1164556494.789795 -7.587539e-03
1164556494.789917 -1.498047e-02
1164556494.790039 -1.841171e-02
1164556494.790161 -1.738721e-02
1164556494.790283 -1.341558e-02
1164556494.790405 -7.448135e-03
1164556494.790527 -5.716575e-04
1164556494.790649 6.337752e-03
1164556494.790771 1.167655e-02
1164556494.790894 1.394669e-02
1164556494.791016 1.236970e-02
1164556494.791138 1.002399e-02
1164556494.791260 7.691457e-03
1164556494.791382 4.161711e-03
1164556494.791504 -1.136297e-03
1164556494.791626 -6.194887e-03
1164556494.791748 -8.060543e-03
1164556494.791870 -8.941588e-03
1164556494.791992 -8.811720e-03
1164556494.792114 -6.189574e-03
1164556494.792236 -3.083525e-03
1164556494.792358 -5.420423e-04
1164556494.792480 -4.515909e-04
1164556494.792603 -2.026721e-03
1164556494.792725 -2.583301e-03
1164556494.792847 1.689835e-03
1164556494.792969 7.813909e-03
1164556494.793091 9.846346e-03
1164556494.793213 9.579855e-03
1164556494.793335 1.060792e-02
1164556494.793457 9.016428e-03
1164556494.793579 2.946940e-03
1164556494.793701 -4.129213e-03
1164556494.793823 -8.972136e-03
1164556494.793945 -1.227306e-02
1164556494.794067 -1.205224e-02
1164556494.794189 -9.829429e-03
1164556494.794312 -7.895517e-03
1164556494.794434 -5.184053e-03
1164556494.794556 -2.306996e-03
1164556494.794678 1.522802e-04
1164556494.794800 5.493036e-03
1164556494.794922 1.313081e-02
1164556494.795044 1.680492e-02
1164556494.795166 1.698473e-02
1164556494.795288 1.464643e-02
1164556494.795410 7.439380e-03
1164556494.795532 -2.071143e-03
1164556494.795654 -9.971025e-03
1164556494.795776 -1.684867e-02
1164556494.795898 -2.008806e-02
1164556494.796021 -1.564415e-02
1164556494.796143 -9.493694e-03
1164556494.796265 -4.579370e-03
1164556494.796387 7.681689e-04
1164556494.796509 3.018251e-03
1164556494.796631 4.938888e-03
1164556494.796753 1.042807e-02
1164556494.796875 1.533493e-02
1164556494.796997 1.759275e-02
1164556494.797119 1.668379e-02
1164556494.797241 1.070685e-02
1164556494.797363 -2.057924e-04
1164556494.797485 -8.657365e-03
1164556494.797607 -1.436374e-02
1164556494.797729 -1.882517e-02
1164556494.797852 -1.702021e-02
1164556494.797974 -1.195182e-02
1164556494.798096 -8.870340e-03
1164556494.798218 -3.622839e-03
1164556494.798340 3.047561e-03
1164556494.798462 8.361542e-03
1164556494.798584 1.173609e-02
1164556494.798706 1.347028e-02
1164556494.798828 1.423525e-02
1164556494.798950 1.317492e-02
1164556494.799072 1.078022e-02
1164556494.799194 4.820710e-03
1164556494.799316 -3.457177e-03
1164556494.799438 -8.358333e-03
1164556494.799561 -1.330436e-02
1164556494.799683 -1.739719e-02
1164556494.799805 -1.742603e-02
1164556494.799927 -1.400414e-02
1164556494.800049 -7.418010e-03
1164556494.800171 3.232013e-04
1164556494.800293 7.135656e-03
1164556494.800415 1.254166e-02
1164556494.800537 1.447800e-02
1164556494.800659 1.371357e-02
1164556494.800781 1.275758e-02
1164556494.800903 1.190187e-02
1164556494.801025 7.034379e-03
1164556494.801147 -7.890431e-04
1164556494.801270 -8.401304e-03
1164556494.801392 -1.391407e-02
1164556494.801514 -1.440802e-02
1164556494.801636 -1.325199e-02
1164556494.801758 -1.263103e-02
1164556494.801880 -8.985655e-03
1164556494.802002 -2.407190e-03
1164556494.802124 3.199362e-03
1164556494.802246 6.976516e-03
1164556494.802368 1.330042e-02
1164556494.802490 1.566925e-02
1164556494.802612 1.200099e-02
1164556494.802734 8.336869e-03
1164556494.802856 3.423308e-03
1164556494.802979 -4.875469e-04
1164556494.803101 -2.628859e-03
1164556494.803223 -4.404257e-03
1164556494.803345 -6.282157e-03
1164556494.803467 -8.578610e-03
1164556494.803589 -1.077034e-02
1164556494.803711 -1.255730e-02
1164556494.803833 -1.039554e-02
1164556494.803955 -5.882837e-03
1164556494.804077 2.130781e-03
1164556494.804199 1.034172e-02
1164556494.804321 1.249126e-02
1164556494.804443 1.100640e-02
1164556494.804565 8.934217e-03
1164556494.804688 6.951338e-03
1164556494.804810 6.245712e-03
1164556494.804932 5.786960e-03
1164556494.805054 3.737228e-03
1164556494.805176 -1.824578e-03
1164556494.805298 -1.007739e-02
1164556494.805420 -1.697899e-02
1164556494.805542 -1.967013e-02
1164556494.805664 -1.609675e-02
1164556494.805786 -8.638458e-03
1164556494.805908 -3.657244e-04
1164556494.806030 8.450513e-03
1164556494.806152 1.435139e-02
1164556494.806274 1.663602e-02
1164556494.806396 1.316668e-02
1164556494.806519 7.651738e-03
1164556494.806641 5.907385e-03
1164556494.806763 3.873004e-03
1164556494.806885 -2.367126e-04
1164556494.807007 -4.590219e-03
1164556494.807129 -7.903841e-03
1164556494.807251 -9.854646e-03
1164556494.807373 -1.127395e-02
1164556494.807495 -1.155123e-02
1164556494.807617 -1.142266e-02
1164556494.807739 -7.219844e-03
1164556494.807861 9.704933e-04
1164556494.807983 7.365778e-03
1164556494.808105 1.117261e-02
1164556494.808228 1.551261e-02
1164556494.808350 1.530350e-02
1164556494.808472 8.564372e-03
1164556494.808594 3.211583e-03
1164556494.808716 4.444162e-04
1164556494.808838 -3.842197e-03
1164556494.808960 -8.134946e-03
1164556494.809082 -9.516859e-03
1164556494.809204 -9.021997e-03
1164556494.809326 -8.176900e-03
1164556494.809448 -3.611898e-03
1164556494.809570 -2.004349e-03
1164556494.809692 -3.443225e-03
1164556494.809814 -1.904746e-04
1164556494.809937 2.997147e-03
1164556494.810059 4.268708e-03
1164556494.810181 6.523935e-03
1164556494.810303 9.144432e-03
1164556494.810425 7.572643e-03
1164556494.810547 4.012217e-03
1164556494.810669 5.060401e-03
1164556494.810791 3.259070e-03
1164556494.810913 5.541813e-04
1164556494.811035 -1.654930e-03
1164556494.811157 -6.565404e-03
1164556494.811279 -8.734677e-03
1164556494.811401 -1.130164e-02
1164556494.811523 -1.513696e-02
1164556494.811646 -1.580275e-02
1164556494.811768 -8.648372e-03
1164556494.811890 4.424654e-03
1164556494.812012 1.440075e-02
1164556494.812134 2.066486e-02
1164556494.812256 1.974725e-02
1164556494.812378 1.460427e-02
1164556494.812500 7.193498e-03
1164556494.812622 -1.030259e-03
1164556494.812744 -4.829473e-03
1164556494.812866 -7.905354e-03
1164556494.812988 -1.136804e-02
1164556494.813110 -1.192093e-02
1164556494.813232 -1.058956e-02
1164556494.813354 -1.020953e-02
1164556494.813477 -8.810153e-03
1164556494.813599 -4.145597e-03
1164556494.813721 5.566391e-04
1164556494.813843 7.288680e-03
1164556494.813965 1.432625e-02
1164556494.814087 1.652733e-02
1164556494.814209 1.555561e-02
1164556494.814331 1.146841e-02
1164556494.814453 2.272289e-03
1164556494.814575 -6.277949e-03
1164556494.814697 -7.791303e-03
1164556494.814819 -6.432774e-03
1164556494.814941 -7.125837e-03
1164556494.815063 -8.046326e-03
1164556494.815186 -8.198670e-03
1164556494.815308 -7.476267e-03
1164556494.815430 -5.807989e-03
1164556494.815552 -3.084719e-03
1164556494.815674 1.141580e-04
1164556494.815796 6.399734e-03
1164556494.815918 1.101306e-02
1164556494.816040 1.045423e-02
1164556494.816162 7.499000e-03
1164556494.816284 5.091835e-03
1164556494.816406 4.432143e-03
1164556494.816528 3.571708e-03
1164556494.816650 3.166387e-03
1164556494.816772 1.298677e-03
1164556494.816895 -2.266479e-03
1164556494.817017 -6.880258e-03
1164556494.817139 -1.371177e-02
1164556494.817261 -1.872640e-02
1164556494.817383 -1.758282e-02
1164556494.817505 -1.102449e-02
1164556494.817627 -2.774482e-03
1164556494.817749 5.045546e-03
1164556494.817871 1.388628e-02
1164556494.817993 1.997909e-02
1164556494.818115 2.131797e-02
1164556494.818237 1.993163e-02
1164556494.818359 1.442423e-02
1164556494.818481 5.779642e-03
1164556494.818604 -3.582311e-03
1164556494.818726 -1.288562e-02
1164556494.818848 -2.076357e-02
1164556494.818970 -2.397012e-02
1164556494.819092 -2.064707e-02
1164556494.819214 -1.613588e-02
1164556494.819336 -9.706112e-03
1164556494.819458 -3.969121e-04
1164556494.819580 6.612138e-03
1164556494.819702 1.515434e-02
1164556494.819824 2.514753e-02
1164556494.819946 2.851568e-02
1164556494.820068 2.236475e-02
1164556494.820190 1.266162e-02
1164556494.820312 2.860731e-03
1164556494.820435 -9.145568e-03
1164556494.820557 -1.867770e-02
1164556494.820679 -2.326827e-02
1164556494.820801 -2.246008e-02
1164556494.820923 -1.580965e-02
1164556494.821045 -7.654336e-03
1164556494.821167 -2.437162e-03
1164556494.821289 1.197759e-03
1164556494.821411 4.728959e-03
1164556494.821533 8.016677e-03
1164556494.821655 1.111392e-02
1164556494.821777 1.606083e-02
1164556494.821899 1.857139e-02
1164556494.822021 1.490082e-02
1164556494.822144 9.556786e-03
1164556494.822266 3.276242e-03
1164556494.822388 -4.515065e-03
1164556494.822510 -1.124743e-02
1164556494.822632 -1.558797e-02
1164556494.822754 -1.968197e-02
1164556494.822876 -2.154609e-02
1164556494.822998 -1.689403e-02
1164556494.823120 -8.006468e-03
1164556494.823242 6.168766e-04
1164556494.823364 8.667765e-03
1164556494.823486 1.294439e-02
1164556494.823608 1.553046e-02
1164556494.823730 1.956942e-02
1164556494.823853 2.152274e-02
1164556494.823975 1.883689e-02
1164556494.824097 1.159514e-02
1164556494.824219 -8.885215e-04
1164556494.824341 -1.304845e-02
1164556494.824463 -2.037195e-02
1164556494.824585 -2.355959e-02
1164556494.824707 -2.459878e-02
1164556494.824829 -2.137823e-02
1164556494.824951 -1.160048e-02
1164556494.825073 1.372545e-04
1164556494.825195 1.092025e-02
1164556494.825317 1.649199e-02
1164556494.825439 1.891139e-02
1164556494.825562 1.923031e-02
1164556494.825684 1.611030e-02
1164556494.825806 1.130531e-02
1164556494.825928 7.811122e-03
1164556494.826050 3.879270e-03
1164556494.826172 -3.794804e-03
1164556494.826294 -1.269219e-02
1164556494.826416 -1.913090e-02
1164556494.826538 -1.994232e-02
1164556494.826660 -1.709445e-02
1164556494.826782 -1.414951e-02
1164556494.826904 -1.097365e-02
1164556494.827026 -3.020757e-03
1164556494.827148 8.752426e-03
1164556494.827271 1.603840e-02
1164556494.827393 1.691124e-02
1164556494.827515 1.696622e-02
1164556494.827637 1.907658e-02
1164556494.827759 1.940475e-02
1164556494.827881 1.316438e-02
1164556494.828003 2.183705e-03
1164556494.828125 -1.031638e-02
1164556494.828247 -2.022834e-02
1164556494.828369 -2.668392e-02
1164556494.828491 -2.806782e-02
1164556494.828613 -2.295039e-02
1164556494.828735 -1.114294e-02
1164556494.828857 1.050176e-03
1164556494.828979 9.421609e-03
1164556494.829102 1.835906e-02
1164556494.829224 2.483238e-02
1164556494.829346 2.441865e-02
1164556494.829468 1.673106e-02
1164556494.829590 7.282440e-03
1164556494.829712 9.556976e-04
1164556494.829834 -3.512305e-03
1164556494.829956 -7.907345e-03
1164556494.830078 -1.429989e-02
1164556494.830200 -1.779964e-02
1164556494.830322 -1.588536e-02
1164556494.830444 -1.104251e-02
1164556494.830566 -4.840973e-03
1164556494.830688 -6.427990e-05
1164556494.830811 4.132313e-03
1164556494.830933 7.577763e-03
1164556494.831055 8.165392e-03
1164556494.831177 7.054366e-03
1164556494.831299 6.058246e-03
1164556494.831421 6.205220e-03
1164556494.831543 7.402543e-03
1164556494.831665 7.595156e-03
1164556494.831787 5.643719e-03
1164556494.831909 2.282427e-03
1164556494.832031 -2.882543e-03
1164556494.832153 -8.329962e-03
1164556494.832275 -1.079021e-02
1164556494.832397 -1.129925e-02
1164556494.832520 -1.172862e-02
1164556494.832642 -1.111835e-02
1164556494.832764 -8.460481e-03
1164556494.832886 -5.696220e-03
1164556494.833008 1.601479e-04
1164556494.833130 9.787817e-03
1164556494.833252 1.431272e-02
1164556494.833374 1.607883e-02
1164556494.833496 1.928805e-02
1164556494.833618 1.684277e-02
1164556494.833740 1.108424e-02
1164556494.833862 7.052062e-03
1164556494.833984 -4.265804e-04
1164556494.834106 -1.412330e-02
1164556494.834229 -2.281477e-02
1164556494.834351 -2.631713e-02
1164556494.834473 -3.018012e-02
1164556494.834595 -2.569511e-02
1164556494.834717 -9.876456e-03
1164556494.834839 6.278784e-03
1164556494.834961 1.927034e-02
1164556494.835083 3.064775e-02
1164556494.835205 3.189234e-02
1164556494.835327 2.510108e-02
1164556494.835449 1.721735e-02
1164556494.835571 6.076808e-03
1164556494.835693 -3.860266e-03
1164556494.835815 -7.753764e-03
1164556494.835938 -1.364461e-02
1164556494.836060 -2.274987e-02
1164556494.836182 -2.583823e-02
1164556494.836304 -2.289525e-02
1164556494.836426 -2.033599e-02
1164556494.836548 -1.269009e-02
1164556494.836670 1.716863e-03
1164556494.836792 1.458243e-02
1164556494.836914 2.385964e-02
1164556494.837036 2.785573e-02
1164556494.837158 2.549297e-02
1164556494.837280 1.828265e-02
1164556494.837402 1.156885e-02
1164556494.837524 4.792955e-03
1164556494.837646 -2.552211e-03
1164556494.837769 -9.635450e-03
1164556494.837891 -1.958081e-02
1164556494.838013 -2.685409e-02
1164556494.838135 -2.868776e-02
1164556494.838257 -2.513814e-02
1164556494.838379 -1.426703e-02
1164556494.838501 -1.935824e-03
1164556494.838623 1.005520e-02
1164556494.838745 2.178358e-02
1164556494.838867 2.964932e-02
1164556494.838989 2.704480e-02
1164556494.839111 1.796356e-02
1164556494.839233 1.037064e-02
1164556494.839355 1.932248e-03
1164556494.839478 -5.148241e-03
1164556494.839600 -5.217730e-03
1164556494.839722 -5.947397e-03
1164556494.839844 -1.332230e-02
1164556494.839966 -2.225291e-02
1164556494.840088 -2.442605e-02
1164556494.840210 -2.028419e-02
1164556494.840332 -1.138025e-02
1164556494.840454 1.980596e-04
1164556494.840576 7.683722e-03
1164556494.840698 1.488277e-02
1164556494.840820 2.150940e-02
1164556494.840942 2.278202e-02
1164556494.841064 1.987481e-02
1164556494.841187 1.663745e-02
1164556494.841309 1.193929e-02
1164556494.841431 -6.422848e-05
1164556494.841553 -1.001121e-02
1164556494.841675 -1.351952e-02
1164556494.841797 -1.770609e-02
1164556494.841919 -2.170330e-02
1164556494.842041 -2.326652e-02
1164556494.842163 -2.046652e-02
1164556494.842285 -1.236087e-02
1164556494.842407 -1.269175e-03
1164556494.842529 8.123125e-03
1164556494.842651 1.469015e-02
1164556494.842773 2.286446e-02
1164556494.842896 2.717095e-02
1164556494.843018 2.446964e-02
1164556494.843140 1.831883e-02
1164556494.843262 1.225688e-02
1164556494.843384 3.192667e-03
1164556494.843506 -7.897479e-03
1164556494.843628 -1.604140e-02
1164556494.843750 -2.248342e-02
1164556494.843872 -3.023595e-02
1164556494.843994 -3.519190e-02
1164556494.844116 -3.046028e-02
1164556494.844238 -1.449821e-02
1164556494.844360 2.833083e-03
1164556494.844482 1.699914e-02
1164556494.844604 3.007188e-02
1164556494.844727 3.884540e-02
1164556494.844849 3.842694e-02
1164556494.844971 3.031091e-02
1164556494.845093 1.759186e-02
1164556494.845215 2.674587e-03
1164556494.845337 -1.319962e-02
1164556494.845459 -2.573828e-02
1164556494.845581 -3.420839e-02
1164556494.845703 -3.758656e-02
1164556494.845825 -3.275175e-02
1164556494.845947 -1.985413e-02
1164556494.846069 -6.349949e-03
1164556494.846191 5.719520e-03
1164556494.846313 1.628339e-02
1164556494.846436 2.291460e-02
1164556494.846558 2.618795e-02
1164556494.846680 2.917723e-02
1164556494.846802 2.965890e-02
1164556494.846924 2.099114e-02
1164556494.847046 7.605153e-03
1164556494.847168 -4.457303e-03
1164556494.847290 -1.842116e-02
1164556494.847412 -2.641166e-02
1164556494.847534 -2.835924e-02
1164556494.847656 -2.834392e-02
1164556494.847778 -2.307617e-02
1164556494.847900 -1.190635e-02
1164556494.848022 -3.369152e-03
1164556494.848145 4.813061e-04
1164556494.848267 9.183378e-03
1164556494.848389 1.948181e-02
1164556494.848511 2.549128e-02
1164556494.848633 2.992369e-02
1164556494.848755 3.182932e-02
1164556494.848877 2.433015e-02
1164556494.848999 1.255124e-02
1164556494.849121 -1.143785e-03
1164556494.849243 -2.148192e-02
1164556494.849365 -3.718002e-02
1164556494.849487 -3.996590e-02
1164556494.849609 -3.243263e-02
1164556494.849731 -2.574455e-02
1164556494.849854 -1.374166e-02
1164556494.849976 4.706596e-03
1164556494.850098 1.906918e-02
1164556494.850220 2.325385e-02
1164556494.850342 2.134786e-02
1164556494.850464 2.513426e-02
1164556494.850586 2.990932e-02
1164556494.850708 2.906526e-02
1164556494.850830 1.751319e-02
1164556494.850952 -3.774750e-03
1164556494.851074 -2.081773e-02
1164556494.851196 -3.209574e-02
1164556494.851318 -3.340708e-02
1164556494.851440 -2.620292e-02
1164556494.851562 -1.547734e-02
1164556494.851685 -5.649189e-03
1164556494.851807 -2.368312e-03
1164556494.851929 4.440168e-04
1164556494.852051 7.136258e-03
1164556494.852173 1.191697e-02
1164556494.852295 1.378397e-02
1164556494.852417 1.753951e-02
1164556494.852539 2.538962e-02
1164556494.852661 2.899039e-02
1164556494.852783 2.354964e-02
1164556494.852905 9.294202e-03
1164556494.853027 -1.170820e-02
1164556494.853149 -2.712290e-02
1164556494.853271 -3.061481e-02
1164556494.853394 -2.990330e-02
1164556494.853516 -2.680383e-02
1164556494.853638 -1.762737e-02
1164556494.853760 -1.037045e-02
1164556494.853882 -8.402319e-03
1164556494.854004 3.581459e-03
1164556494.854126 2.169842e-02
1164556494.854248 3.199773e-02
1164556494.854370 3.591156e-02
1164556494.854492 3.748424e-02
1164556494.854614 3.328659e-02
1164556494.854736 1.614639e-02
1164556494.854858 -6.368841e-03
1164556494.854980 -2.697342e-02
1164556494.855103 -4.090104e-02
1164556494.855225 -3.997070e-02
1164556494.855347 -3.082310e-02
1164556494.855469 -1.959516e-02
1164556494.855591 -7.894621e-03
1164556494.855713 1.312505e-03
1164556494.855835 3.891439e-03
1164556494.855957 8.628817e-03
1164556494.856079 2.210806e-02
1164556494.856201 3.272871e-02
1164556494.856323 2.950772e-02
1164556494.856445 2.215385e-02
1164556494.856567 1.872300e-02
1164556494.856689 1.380725e-02
1164556494.856812 2.374822e-03
1164556494.856934 -1.212661e-02
1164556494.857056 -2.761171e-02
1164556494.857178 -3.773227e-02
1164556494.857300 -3.759926e-02
1164556494.857422 -3.271892e-02
1164556494.857544 -2.360887e-02
1164556494.857666 -9.822307e-03
1164556494.857788 4.438710e-03
1164556494.857910 1.651276e-02
1164556494.858032 3.205543e-02
1164556494.858154 4.750860e-02
1164556494.858276 4.620796e-02
1164556494.858398 3.360352e-02
1164556494.858521 2.032009e-02
1164556494.858643 6.447554e-03
1164556494.858765 -1.102828e-02
1164556494.858887 -2.924603e-02
1164556494.859009 -4.360151e-02
1164556494.859131 -5.004144e-02
1164556494.859253 -4.565226e-02
1164556494.859375 -3.434726e-02
1164556494.859497 -1.598424e-02
1164556494.859619 1.188148e-02
1164556494.859741 3.147934e-02
1164556494.859863 3.588390e-02
1164556494.859985 3.909617e-02
1164556494.860107 4.280150e-02
1164556494.860229 3.430593e-02
1164556494.860352 1.641959e-02
1164556494.860474 3.048127e-03
1164556494.860596 -5.200836e-03
1164556494.860718 -1.254252e-02
1164556494.860840 -2.512401e-02
1164556494.860962 -4.297977e-02
1164556494.861084 -4.897772e-02
1164556494.861206 -4.069228e-02
1164556494.861328 -2.697991e-02
1164556494.861450 -1.030209e-02
1164556494.861572 1.548665e-02
1164556494.861694 3.888385e-02
1164556494.861816 4.575258e-02
1164556494.861938 4.013789e-02
1164556494.862061 3.072718e-02
1164556494.862183 2.017007e-02
1164556494.862305 1.228835e-02
1164556494.862427 5.141083e-03
1164556494.862549 -6.347946e-03
1164556494.862671 -1.676227e-02
1164556494.862793 -2.443363e-02
1164556494.862915 -3.765822e-02
1164556494.863037 -5.148556e-02
1164556494.863159 -4.806245e-02
1164556494.863281 -2.276168e-02
1164556494.863403 2.119621e-03
1164556494.863525 2.169845e-02
1164556494.863647 3.932440e-02
1164556494.863770 4.686540e-02
1164556494.863892 3.957877e-02
1164556494.864014 2.742495e-02
1164556494.864136 1.559728e-02
1164556494.864258 4.881303e-03
1164556494.864380 2.375736e-03
1164556494.864502 7.490143e-04
1164556494.864624 -1.198534e-02
1164556494.864746 -2.898297e-02
1164556494.864868 -4.134780e-02
1164556494.864990 -5.069507e-02
1164556494.865112 -5.173387e-02
1164556494.865234 -2.896698e-02
1164556494.865356 4.430022e-03
1164556494.865479 3.100204e-02
1164556494.865601 4.552718e-02
1164556494.865723 4.864774e-02
1164556494.865845 4.042842e-02
1164556494.865967 2.871681e-02
1164556494.866089 1.662193e-02
1164556494.866211 3.291927e-03
1164556494.866333 -1.490269e-03
1164556494.866455 9.279571e-04
1164556494.866577 -8.522683e-03
1164556494.866699 -3.569707e-02
1164556494.866821 -5.531492e-02
1164556494.866943 -5.546322e-02
1164556494.867065 -4.842659e-02
1164556494.867188 -2.870008e-02
1164556494.867310 4.811858e-03
1164556494.867432 3.655095e-02
1164556494.867554 5.201756e-02
1164556494.867676 5.614869e-02
1164556494.867798 4.943270e-02
1164556494.867920 3.489441e-02
1164556494.868042 2.400442e-02
1164556494.868164 8.929535e-03
1164556494.868286 -1.373677e-02
1164556494.868408 -2.617236e-02
1164556494.868530 -2.852661e-02
1164556494.868652 -4.066913e-02
1164556494.868774 -5.850413e-02
1164556494.868896 -5.537046e-02
1164556494.869019 -3.065033e-02
1164556494.869141 -6.343994e-03
1164556494.869263 1.488140e-02
1164556494.869385 3.729446e-02
1164556494.869507 4.991342e-02
1164556494.869629 5.284818e-02
1164556494.869751 4.513955e-02
1164556494.869873 3.366709e-02
1164556494.869995 2.098513e-02
1164556494.870117 7.436935e-03
1164556494.870239 -1.126013e-02
1164556494.870361 -3.199550e-02
1164556494.870483 -3.829181e-02
1164556494.870605 -3.928284e-02
1164556494.870728 -4.981644e-02
1164556494.870850 -5.607047e-02
1164556494.870972 -3.918340e-02
1164556494.871094 -1.118937e-02
1164556494.871216 1.171477e-02
1164556494.871338 3.774065e-02
1164556494.871460 5.924665e-02
1164556494.871582 6.750728e-02
1164556494.871704 6.284534e-02
1164556494.871826 4.736175e-02
1164556494.871948 2.138878e-02
1164556494.872070 -2.540487e-03
1164556494.872192 -2.502691e-02
1164556494.872314 -4.820235e-02
1164556494.872437 -6.031479e-02
1164556494.872559 -5.426012e-02
1164556494.872681 -4.476158e-02
1164556494.872803 -4.612700e-02
1164556494.872925 -3.845863e-02
1164556494.873047 -9.296856e-03
1164556494.873169 2.735499e-02
1164556494.873291 5.380808e-02
1164556494.873413 7.047090e-02
1164556494.873535 8.111417e-02
1164556494.873657 7.237186e-02
1164556494.873779 4.611000e-02
1164556494.873901 6.618034e-03
1164556494.874023 -2.835752e-02
1164556494.874146 -5.165214e-02
1164556494.874268 -6.334968e-02
1164556494.874390 -6.061216e-02
1164556494.874512 -4.886215e-02
1164556494.874634 -3.626538e-02
1164556494.874756 -2.922799e-02
1164556494.874878 -2.095934e-02
1164556494.875000 -3.813857e-03
1164556494.875122 2.086046e-02
1164556494.875244 5.141680e-02
1164556494.875366 7.808510e-02
1164556494.875488 8.618828e-02
1164556494.875610 7.176386e-02
1164556494.875732 4.352590e-02
1164556494.875854 1.997120e-03
1164556494.875977 -3.821282e-02
1164556494.876099 -6.036931e-02
1164556494.876221 -6.402704e-02
1164556494.876343 -5.901867e-02
1164556494.876465 -4.738556e-02
1164556494.876587 -4.077671e-02
1164556494.876709 -4.062727e-02
1164556494.876831 -2.884715e-02
1164556494.876953 -2.441409e-03
1164556494.877075 3.066526e-02
1164556494.877197 6.434394e-02
1164556494.877319 9.558988e-02
1164556494.877441 1.095196e-01
1164556494.877563 8.753672e-02
1164556494.877686 4.433022e-02
1164556494.877808 -6.956643e-03
1164556494.877930 -5.581418e-02
1164556494.878052 -8.608714e-02
1164556494.878174 -8.902454e-02
1164556494.878296 -8.231177e-02
1164556494.878418 -6.547194e-02
1164556494.878540 -3.927307e-02
1164556494.878662 -2.244240e-02
1164556494.878784 -9.158271e-03
1164556494.878906 2.733980e-02
1164556494.879028 6.820272e-02
1164556494.879150 8.651833e-02
1164556494.879272 9.555555e-02
1164556494.879395 9.897693e-02
1164556494.879517 7.190943e-02
1164556494.879639 1.786982e-02
1164556494.879761 -2.916155e-02
1164556494.879883 -6.548332e-02
1164556494.880005 -9.745161e-02
1164556494.880127 -9.559729e-02
1164556494.880249 -7.511572e-02
1164556494.880371 -5.667484e-02
1164556494.880493 -3.579671e-02
1164556494.880615 -1.323036e-02
1164556494.880737 1.226286e-03
1164556494.880859 2.947546e-02
1164556494.880981 7.929759e-02
1164556494.881104 1.102337e-01
1164556494.881226 1.033774e-01
1164556494.881348 8.183415e-02
1164556494.881470 5.853275e-02
1164556494.881592 1.937241e-02
1164556494.881714 -3.584818e-02
1164556494.881836 -7.755833e-02
1164556494.881958 -1.006551e-01
1164556494.882080 -1.015150e-01
1164556494.882202 -8.432761e-02
1164556494.882324 -6.457055e-02
1164556494.882446 -4.736724e-02
1164556494.882568 -1.362800e-02
1164556494.882690 1.971677e-02
1164556494.882812 4.612396e-02
1164556494.882935 9.044077e-02
1164556494.883057 1.348559e-01
1164556494.883179 1.283617e-01
1164556494.883301 8.472819e-02
1164556494.883423 4.410664e-02
1164556494.883545 7.259757e-03
1164556494.883667 -4.633114e-02
1164556494.883789 -9.185353e-02
1164556494.883911 -1.159787e-01
1164556494.884033 -1.246029e-01
1164556494.884155 -1.109101e-01
1164556494.884277 -6.728705e-02
1164556494.884399 -2.925308e-02
1164556494.884521 1.807624e-03
1164556494.884644 4.072457e-02
1164556494.884766 7.683582e-02
1164556494.884888 9.576099e-02
1164556494.885010 1.184151e-01
1164556494.885132 1.149406e-01
1164556494.885254 7.760482e-02
1164556494.885376 3.182771e-02
1164556494.885498 6.926098e-02
1164556494.885620 3.720721e-02
1164556494.885742 -6.614341e-02
1164556494.885864 -1.509276e-01
1164556494.885986 -2.032504e-01
1164556494.886108 -2.059561e-01
1164556494.886230 -1.594936e-01
1164556494.886353 -8.314627e-02
1164556494.886475 -9.628409e-03
1164556494.886597 6.737752e-02
1164556494.886719 1.388950e-01
1164556494.886841 1.970261e-01
1164556494.886963 2.342481e-01
1164556494.887085 2.428391e-01
1164556494.887207 1.936720e-01
1164556494.887329 9.587442e-02
1164556494.887451 -2.082178e-02
1164556494.887573 -1.453070e-01
1164556494.887695 -2.508573e-01
1164556494.887817 -3.143405e-01
1164556494.887939 -3.294188e-01
1164556494.888062 -2.879737e-01
1164556494.888184 -1.718742e-01
1164556494.888306 8.478338e-03
1164556494.888428 1.857779e-01
1164556494.888550 3.237694e-01
1164556494.888672 4.022786e-01
1164556494.888794 3.759628e-01
1164556494.888916 2.651430e-01
1164556494.889038 1.298045e-01
1164556494.889160 -1.069706e-02
1164556494.889282 -1.450504e-01
1164556494.889404 -2.598729e-01
1164556494.889526 -3.448527e-01
1164556494.889648 -3.688273e-01
1164556494.889771 -3.081865e-01
1164556494.889893 -1.939736e-01
1164556494.890015 -6.554731e-02
1164556494.890137 7.978946e-02
1164556494.890259 2.262125e-01
1164556494.890381 3.220434e-01
1164556494.890503 3.406270e-01
1164556494.890625 3.025674e-01
1164556494.890747 2.358912e-01
1164556494.890869 1.464769e-01
1164556494.890991 3.938126e-02
1164556494.891113 -9.454547e-02
1164556494.891235 -2.342143e-01
1164556494.891357 -3.281506e-01
1164556494.891479 -3.734883e-01
1164556494.891602 -3.762956e-01
1164556494.891724 -2.910519e-01
1164556494.891846 -1.099632e-01
1164556494.891968 7.483423e-02
1164556494.892090 2.222293e-01
1164556494.892212 3.386131e-01
1164556494.892334 4.030479e-01
1164556494.892456 3.872339e-01
1164556494.892578 2.913656e-01
1164556494.892700 1.598402e-01
1164556494.892822 2.513447e-02
1164556494.892944 -1.080152e-01
1164556494.893066 -2.421370e-01
1164556494.893188 -3.623989e-01
1164556494.893311 -4.181033e-01
1164556494.893433 -3.848384e-01
1164556494.893555 -3.000684e-01
1164556494.893677 -1.752310e-01
1164556494.893799 2.662093e-02
1164556494.893921 2.444919e-01
1164556494.894043 3.806489e-01
1164556494.894165 4.292435e-01
1164556494.894287 4.241395e-01
1164556494.894409 3.449850e-01
1164556494.894531 2.066314e-01
1164556494.894653 5.217135e-02
1164556494.894775 -1.084140e-01
1164556494.894897 -2.556515e-01
1164556494.895020 -3.668464e-01
1164556494.895142 -4.379703e-01
1164556494.895264 -4.633491e-01
1164556494.895386 -3.836174e-01
1164556494.895508 -2.093331e-01
1164556494.895630 -3.176265e-02
1164556494.895752 1.640362e-01
1164556494.895874 3.934622e-01
1164556494.895996 5.559209e-01
1164556494.896118 5.636444e-01
1164556494.896240 4.838006e-01
1164556494.896362 3.337033e-01
1164556494.896484 1.006939e-01
1164556494.896606 -1.439102e-01
1164556494.896729 -3.506535e-01
1164556494.896851 -5.169535e-01
1164556494.896973 -6.184476e-01
1164556494.897095 -6.054270e-01
1164556494.897217 -4.860207e-01
1164556494.897339 -2.634009e-01
1164556494.897461 5.347805e-02
1164556494.897583 3.511961e-01
1164556494.897705 5.585627e-01
1164556494.897827 7.106618e-01
1164556494.897949 7.646451e-01
1164556494.898071 6.103964e-01
1164556494.898193 3.209642e-01
1164556494.898315 -5.064203e-04
1164556494.898438 -3.533193e-01
1164556494.898560 -6.683883e-01
1164556494.898682 -7.994257e-01
1164556494.898804 -7.649928e-01
1164556494.898926 -6.408498e-01
1164556494.899048 -3.952128e-01
1164556494.899170 -3.859435e-02
1164556494.899292 3.250687e-01
1164556494.899414 6.420865e-01
1164556494.899536 8.682104e-01
1164556494.899658 8.736807e-01
1164556494.899780 6.824500e-01
1164556494.899902 4.383715e-01
1164556494.900024 9.711788e-02
1164556494.900146 -3.509147e-01
1164556494.900269 -7.283148e-01
1164556494.900391 -9.085428e-01
1164556494.900513 -9.569679e-01
1164556494.900635 -8.146270e-01
1164556494.900757 -4.110999e-01
1164556494.900879 8.362921e-02
1164556494.901001 4.898004e-01
1164556494.901123 7.898046e-01
1164556494.901245 9.673070e-01
1164556494.901367 9.385099e-01
1164556494.901489 7.026284e-01
1164556494.901611 2.946541e-01
1164556494.901733 -2.356866e-01
1164556494.901855 -6.742804e-01
1164556494.901978 -8.916074e-01
1164556494.902100 -9.521782e-01
1164556494.902222 -8.401784e-01
1164556494.902344 -4.541684e-01
1164556494.902466 4.549292e-02
1164556494.902588 4.669864e-01
1164556494.902710 8.105715e-01
1164556494.902832 1.009302e+00
1164556494.902954 8.570030e-01
1164556494.903076 4.096860e-01
1164556494.903198 -9.866659e-02
1164556494.903320 -5.348809e-01
1164556494.903442 -8.018468e-01
1164556494.903564 -8.077639e-01
1164556494.903687 -5.938086e-01
1164556494.903809 -2.340808e-01
1164556494.903931 2.723283e-01
1164556494.904053 7.105380e-01
1164556494.904175 7.830241e-01
1164556494.904297 5.907311e-01
1164556494.904419 2.636719e-01
1164556494.904541 -2.047299e-01
1164556494.904663 -6.656167e-01
1164556494.904785 -7.951028e-01
1164556494.904907 -6.038532e-01
1164556494.905029 -2.805960e-01
1164556494.905151 1.493760e-01
1164556494.905273 6.184508e-01
1164556494.905396 9.078076e-01
1164556494.905518 8.432696e-01
1164556494.905640 3.965440e-01
1164556494.905762 -2.693432e-01
1164556494.905884 -8.249383e-01
1164556494.906006 -9.552344e-01
1164556494.906128 -7.157549e-01
1164556494.906250 -2.013308e-01
1164556494.906372 4.691238e-01
1164556494.906494 8.976415e-01
1164556494.906616 6.886682e-01
1164556494.906738 5.924694e-02
1164556494.906860 -5.101519e-01
1164556494.906982 -6.298687e-01
1164556494.907104 -1.471848e-01
1164556494.907227 5.629381e-01
1164556494.907349 5.475747e-01
1164556494.907471 -2.017269e-01
1164556494.907593 -3.613799e-01
1164556494.907715 9.052783e-02
1164556494.907837 -9.387620e-02
1164556494.907959 -3.566518e-02
1164556494.908081 -9.098785e-02
1164556494.908203 -1.020047e-01
1164556494.908325 2.969527e-01
1164556494.908447 -4.851357e-02
1164556494.908569 -4.247445e-01
1164556494.908691 -5.453306e-02
1164556494.908813 5.101160e-01
1164556494.908936 1.985297e-01
1164556494.909058 -1.803502e-01
1164556494.909180 1.137852e-01
1164556494.909302 -5.127736e-02
1164556494.909424 -1.069408e-01
1164556494.909546 1.945822e-01
1164556494.909668 -7.035806e-02
1164556494.909790 -2.086023e-01
1164556494.909912 4.026428e-02
1164556494.910034 5.984257e-02
1164556494.910156 -2.079157e-01
1164556494.910278 -3.452724e-02
1164556494.910400 6.728643e-02
1164556494.910522 -1.249848e-01
1164556494.910645 1.342328e-01
1164556494.910767 1.683218e-01
1164556494.910889 -5.676095e-02
1164556494.911011 5.913119e-02
1164556494.911133 1.942285e-01
1164556494.911255 -2.592799e-02
1164556494.911377 -1.833099e-01
1164556494.911499 6.203098e-02
1164556494.911621 8.027549e-02
1164556494.911743 -1.447765e-01
1164556494.911865 -9.593802e-02
1164556494.911987 2.462409e-02
1164556494.912109 -7.202135e-02
1164556494.912231 -9.755935e-02
1164556494.912354 4.529567e-02
1164556494.912476 2.465678e-02
1164556494.912598 -2.380270e-02
1164556494.912720 1.266438e-01
1164556494.912842 1.244636e-01
1164556494.912964 2.069673e-02
1164556494.913086 6.455300e-02
1164556494.913208 5.016000e-02
1164556494.913330 -9.551792e-02
1164556494.913452 -7.432958e-02
1164556494.913574 4.495846e-02
1164556494.913696 -3.466327e-02
1164556494.913818 -1.324089e-01
1164556494.913940 -6.381564e-02
1164556494.914062 -2.157818e-02
1164556494.914185 -2.341745e-02
1164556494.914307 1.263007e-02
1164556494.914429 4.620291e-02
1164556494.914551 4.593556e-02
1164556494.914673 6.375089e-02
1164556494.914795 8.101645e-02
1164556494.914917 7.567184e-02
1164556494.915039 5.283534e-02
1164556494.915161 -3.695044e-03
1164556494.915283 -5.990140e-02
1164556494.915405 -8.440542e-02
1164556494.915527 -6.396846e-02
1164556494.915649 -9.390198e-03
1164556494.915771 -2.695791e-02
1164556494.915894 -8.153198e-02
1164556494.916016 -4.194716e-02
1164556494.916138 3.091418e-02
1164556494.916260 8.179613e-03
1164556494.916382 1.425673e-02
1164556494.916504 8.656011e-02
1164556494.916626 8.503745e-02
1164556494.916748 4.183940e-02
1164556494.916870 6.411929e-02
1164556494.916992 5.443036e-02
1164556494.917114 -4.271217e-02
1164556494.917236 -8.073325e-02
1164556494.917358 -7.252581e-02
1164556494.917480 -9.171520e-02
1164556494.917603 -3.975495e-02
1164556494.917725 2.963183e-02
1164556494.917847 -5.939445e-03
1164556494.917969 -3.754002e-02
1164556494.918091 2.484457e-02
1164556494.918213 3.618748e-02
1164556494.918335 1.018767e-02
1164556494.918457 5.567461e-02
1164556494.918579 8.405732e-02
1164556494.918701 3.483774e-02
1164556494.918823 1.327364e-02
1164556494.918945 1.664281e-02
1164556494.919067 -3.984269e-02
1164556494.919189 -8.741490e-02
1164556494.919312 -6.564484e-02
1164556494.919434 -4.585224e-02
1164556494.919556 -2.396165e-02
1164556494.919678 4.057875e-02
1164556494.919800 4.253033e-02
1164556494.919922 -1.343829e-02
1164556494.920044 4.552566e-03
1164556494.920166 3.343809e-02
1164556494.920288 -4.603757e-04
1164556494.920410 4.851178e-03
1164556494.920532 5.872169e-02
1164556494.920654 2.679488e-02
1164556494.920776 -4.067030e-02
1164556494.920898 -3.176100e-02
1164556494.921021 -2.016908e-02
1164556494.921143 -2.753260e-02
1164556494.921265 1.521059e-02
1164556494.921387 8.190324e-02
1164556494.921509 3.445057e-02
1164556494.921631 -1.430034e-02
1164556494.921753 -7.989121e-02
1164556494.921875 -8.896068e-02
1164556494.921997 -2.393416e-02
1164556494.922119 -2.062502e-02
1164556494.922241 -5.329965e-03
1164556494.922363 6.258992e-02
1164556494.922485 8.765282e-02
1164556494.922607 6.046141e-02
1164556494.922729 5.508494e-02
1164556494.922852 1.472376e-02
1164556494.922974 -5.275838e-02
1164556494.923096 -3.880409e-02
1164556494.923218 -3.162520e-03
1164556494.923340 -4.371369e-02
1164556494.923462 -4.499482e-02
1164556494.923584 8.608759e-03
1164556494.923706 -8.778351e-03
1164556494.923828 -5.653776e-02
1164556494.923950 -2.270583e-02
1164556494.924072 1.864651e-02
1164556494.924194 1.958421e-02
1164556494.924316 4.342866e-02
1164556494.924438 7.739333e-02
1164556494.924561 5.394782e-02
1164556494.924683 3.237960e-02
1164556494.924805 1.672930e-02
1164556494.924927 -3.885896e-02
1164556494.925049 -6.355127e-02
1164556494.925171 -1.792668e-02
1164556494.925293 -1.391416e-02
1164556494.925415 -5.603760e-02
1164556494.925537 -3.585816e-02
1164556494.925659 1.325758e-03
1164556494.925781 -2.107933e-02
1164556494.925903 -1.622957e-02
1164556494.926025 3.775925e-02
1164556494.926147 5.405019e-02
1164556494.926270 3.561819e-02
1164556494.926392 5.138943e-02
1164556494.926514 5.021355e-02
1164556494.926636 1.258426e-02
1164556494.926758 -9.624722e-04
1164556494.926880 -1.476572e-02
1164556494.927002 -6.503100e-02
1164556494.927124 -6.632442e-02
1164556494.927246 -1.789680e-02
1164556494.927368 -1.797543e-02
1164556494.927490 -3.506373e-02
1164556494.927612 -1.031749e-03
1164556494.927734 1.850020e-02
1164556494.927856 6.266461e-03
1164556494.927979 2.582097e-02
1164556494.928101 5.145244e-02
1164556494.928223 3.068140e-02
1164556494.928345 1.961904e-02
1164556494.928467 3.016841e-02
1164556494.928589 1.423911e-02
1164556494.928711 -1.024358e-02
1164556494.928833 -9.640409e-03
1164556494.928955 -3.402207e-02
1164556494.929077 -6.539944e-02
1164556494.929199 -4.013306e-02
1164556494.929321 -5.589785e-03
1164556494.929443 -1.191592e-02
1164556494.929565 -6.579612e-03
1164556494.929688 1.640501e-02
1164556494.929810 1.117674e-02
1164556494.929932 1.076678e-02
1164556494.930054 4.078589e-02
1164556494.930176 3.786231e-02
1164556494.930298 1.815706e-02
1164556494.930420 2.753924e-02
1164556494.930542 3.186734e-02
1164556494.930664 -4.317042e-03
1164556494.930786 -3.021014e-02
1164556494.930908 -3.133488e-02
1164556494.931030 -5.605401e-02
1164556494.931152 -6.912740e-02
1164556494.931274 -2.525210e-02
1164556494.931396 1.091641e-02
1164556494.931519 1.165857e-02
1164556494.931641 1.516930e-02
1164556494.931763 2.499271e-02
1164556494.931885 2.280422e-02
1164556494.932007 3.272678e-02
1164556494.932129 4.164225e-02
1164556494.932251 2.786061e-02
1164556494.932373 1.334686e-02
1164556494.932495 8.479821e-03
1164556494.932617 -1.600340e-02
1164556494.932739 -4.642771e-02
1164556494.932861 -5.008375e-02
1164556494.932983 -3.959164e-02
1164556494.933105 -3.580539e-02
1164556494.933228 -1.411851e-02
1164556494.933350 2.305183e-02
1164556494.933472 3.085390e-02
1164556494.933594 1.591944e-02
1164556494.933716 7.570437e-03
1164556494.933838 4.169925e-03
1164556494.933960 1.634514e-02
1164556494.934082 3.475529e-02
1164556494.934204 3.504234e-02
1164556494.934326 1.676978e-02
1164556494.934448 8.731644e-03
1164556494.934570 -7.796714e-03
1164556494.934692 -4.215685e-02
1164556494.934814 -5.899621e-02
1164556494.934937 -4.208383e-02
1164556494.935059 -2.046946e-02
1164556494.935181 -1.071203e-02
1164556494.935303 7.030150e-03
1164556494.935425 2.772110e-02
1164556494.935547 2.503340e-02
1164556494.935669 1.078331e-02
1164556494.935791 7.058601e-03
1164556494.935913 1.750719e-02
1164556494.936035 3.021349e-02
1164556494.936157 3.736167e-02
1164556494.936279 2.500324e-02
1164556494.936401 1.554546e-03
1164556494.936523 -2.595599e-02
1164556494.936646 -4.694329e-02
1164556494.936768 -5.478380e-02
1164556494.936890 -4.835122e-02
1164556494.937012 -2.491618e-02
1164556494.937134 4.551503e-03
1164556494.937256 2.285441e-02
1164556494.937378 2.819424e-02
1164556494.937500 2.578606e-02
1164556494.937622 2.098487e-02
1164556494.937744 1.311134e-02
1164556494.937866 1.121745e-02
1164556494.937988 1.982717e-02
1164556494.938110 2.799237e-02
1164556494.938232 1.223721e-02
1164556494.938354 -1.321329e-02
1164556494.938477 -2.814454e-02
1164556494.938599 -3.945729e-02
1164556494.938721 -4.853589e-02
1164556494.938843 -3.435213e-02
1164556494.938965 -9.238967e-03
1164556494.939087 1.053378e-02
1164556494.939209 2.216001e-02
1164556494.939331 2.477864e-02
1164556494.939453 1.950484e-02
1164556494.939575 1.471549e-02
1164556494.939697 1.461693e-02
1164556494.939819 1.241541e-02
1164556494.939941 1.091345e-02
1164556494.940063 1.296939e-02
1164556494.940186 3.922848e-03
1164556494.940308 -7.982961e-03
1164556494.940430 -1.623497e-02
1164556494.940552 -2.583036e-02
1164556494.940674 -3.653164e-02
1164556494.940796 -2.848935e-02
1164556494.940918 -1.252662e-02
1164556494.941040 -4.960689e-03
1164556494.941162 7.583819e-03
1164556494.941284 2.305590e-02
1164556494.941406 2.319913e-02
1164556494.941528 1.791388e-02
1164556494.941650 2.293502e-02
1164556494.941772 2.353243e-02
1164556494.941895 1.059417e-02
1164556494.942017 2.695477e-03
1164556494.942139 -1.536014e-03
1164556494.942261 -1.291305e-02
1164556494.942383 -1.962179e-02
1164556494.942505 -1.663258e-02
1164556494.942627 -2.909556e-02
1164556494.942749 -3.522186e-02
1164556494.942871 -1.585946e-02
1164556494.942993 1.379676e-03
1164556494.943115 1.735697e-03
1164556494.943237 1.443932e-02
1164556494.943359 3.471944e-02
1164556494.943481 3.035553e-02
1164556494.943604 1.946405e-02
1164556494.943726 1.928691e-02
1164556494.943848 1.491768e-02
1164556494.943970 3.147067e-03
1164556494.944092 -6.461809e-03
1164556494.944214 -1.431135e-02
1164556494.944336 -2.357495e-02
1164556494.944458 -2.329037e-02
1164556494.944580 -2.730279e-02
1164556494.944702 -3.912200e-02
1164556494.944824 -3.138562e-02
1164556494.944946 1.026322e-03
1164556494.945068 2.261689e-02
1164556494.945190 3.125693e-02
1164556494.945312 4.377642e-02
1164556494.945435 4.457943e-02
1164556494.945557 2.087877e-02
1164556494.945679 1.817105e-03
1164556494.945801 -3.380305e-03
1164556494.945923 -1.050843e-02
1164556494.946045 -1.552400e-02
1164556494.946167 -1.378693e-02
1164556494.946289 -1.793420e-02
1164556494.946411 -2.426892e-02
1164556494.946533 -2.374880e-02
1164556494.946655 -2.576236e-02
1164556494.946777 -2.813497e-02
1164556494.946899 -4.261519e-04
1164556494.947021 3.587397e-02
1164556494.947144 4.474354e-02
1164556494.947266 3.885505e-02
1164556494.947388 3.459759e-02
1164556494.947510 1.809051e-02
1164556494.947632 -8.894824e-03
1164556494.947754 -2.046672e-02
1164556494.947876 -1.461047e-02
1164556494.947998 -1.141572e-02
1164556494.948120 -1.028474e-02
1164556494.948242 -1.325560e-02
1164556494.948364 -2.026335e-02
1164556494.948486 -2.286553e-02
1164556494.948608 -1.869216e-02
1164556494.948730 -1.356213e-02
1164556494.948853 -7.344504e-05
1164556494.948975 2.744470e-02
1164556494.949097 4.621693e-02
1164556494.949219 3.583926e-02
1164556494.949341 2.088069e-02
1164556494.949463 1.249207e-02
1164556494.949585 -7.676102e-04
1164556494.949707 -1.378909e-02
1164556494.949829 -1.566362e-02
1164556494.949951 -1.410706e-02
1164556494.950073 -1.602486e-02
1164556494.950195 -1.764950e-02
1164556494.950317 -2.173679e-02
1164556494.950439 -2.625079e-02
1164556494.950562 -1.629615e-02
1164556494.950684 1.244296e-03
1164556494.950806 1.589369e-02
1164556494.950928 2.910813e-02
1164556494.951050 4.270802e-02
1164556494.951172 3.999261e-02
1164556494.951294 1.990284e-02
1164556494.951416 -5.354141e-04
1164556494.951538 -1.295693e-02
1164556494.951660 -2.106245e-02
1164556494.951782 -2.476771e-02
1164556494.951904 -2.214861e-02
1164556494.952026 -1.552088e-02
1164556494.952148 -9.224396e-03
1164556494.952271 -4.758675e-03
1164556494.952393 -5.035529e-03
1164556494.952515 -1.018371e-03
1164556494.952637 8.294552e-03
1164556494.952759 1.560383e-02
1164556494.952881 1.692191e-02
1164556494.953003 1.610617e-02
1164556494.953125 1.250968e-02
1164556494.953247 8.714375e-03
1164556494.953369 3.124973e-03
1164556494.953491 -3.478975e-03
1164556494.953613 -5.330332e-03
1164556494.953735 -2.969348e-03
1164556494.953857 -6.939533e-03
1164556494.953979 -1.730097e-02
1164556494.954102 -1.909668e-02
1164556494.954224 -1.136268e-02
1164556494.954346 -1.052445e-02
1164556494.954468 -1.041199e-02
1164556494.954590 -1.775417e-03
1164556494.954712 1.171349e-02
1164556494.954834 2.243817e-02
1164556494.954956 2.714413e-02
1164556494.955078 2.082005e-02
1164556494.955200 1.346245e-02
1164556494.955322 1.130233e-02
1164556494.955444 4.146292e-03
1164556494.955566 -1.353944e-02
1164556494.955688 -2.472818e-02
1164556494.955811 -2.393005e-02
1164556494.955933 -2.138864e-02
1164556494.956055 -1.830854e-02
1164556494.956177 -5.070749e-03
1164556494.956299 8.472386e-03
1164556494.956421 1.070285e-02
1164556494.956543 6.629103e-03
1164556494.956665 6.506089e-03
1164556494.956787 9.104560e-03
1164556494.956909 1.389728e-02
1164556494.957031 1.486470e-02
1164556494.957153 7.759575e-03
1164556494.957275 3.543843e-03
1164556494.957397 6.490106e-03
1164556494.957520 7.605729e-04
1164556494.957642 -1.401174e-02
1164556494.957764 -1.912827e-02
1164556494.957886 -1.645282e-02
1164556494.958008 -1.889129e-02
1164556494.958130 -1.159364e-02
1164556494.958252 1.463433e-03
1164556494.958374 2.479285e-03
1164556494.958496 -3.322914e-03
1164556494.958618 1.907340e-03
1164556494.958740 1.214898e-02
1164556494.958862 2.043874e-02
1164556494.958984 3.010236e-02
1164556494.959106 2.913042e-02
1164556494.959229 1.399562e-02
1164556494.959351 3.182366e-04
1164556494.959473 -1.424372e-02
1164556494.959595 -3.162817e-02
1164556494.959717 -3.647903e-02
1164556494.959839 -2.669794e-02
1164556494.959961 -1.738081e-02
1164556494.960083 -7.863328e-03
1164556494.960205 8.650577e-03
1164556494.960327 1.998318e-02
1164556494.960449 1.616471e-02
1164556494.960571 1.334903e-02
1164556494.960693 1.676993e-02
1164556494.960815 1.996195e-02
1164556494.960938 1.842612e-02
1164556494.961060 1.165780e-02
1164556494.961182 -5.361560e-03
1164556494.961304 -2.002329e-02
1164556494.961426 -2.398166e-02
1164556494.961548 -2.273400e-02
1164556494.961670 -1.877765e-02
1164556494.961792 -9.575053e-03
1164556494.961914 1.815091e-03
1164556494.962036 6.131925e-03
1164556494.962158 7.240438e-03
1164556494.962280 1.177124e-02
1164556494.962402 8.698894e-03
1164556494.962524 1.350458e-03
1164556494.962646 2.012615e-03
1164556494.962769 1.165365e-02
1164556494.962891 1.645909e-02
1164556494.963013 1.173485e-02
1164556494.963135 1.895227e-03
1164556494.963257 -9.128193e-03
1164556494.963379 -1.579912e-02
1164556494.963501 -1.511037e-02
1164556494.963623 -1.134591e-02
1164556494.963745 -7.603063e-03
1164556494.963867 -4.760704e-03
1164556494.963989 -5.492642e-03
1164556494.964111 -6.668612e-03
1164556494.964233 -2.564261e-04
1164556494.964355 8.339628e-03
1164556494.964478 1.319733e-02
1164556494.964600 1.544491e-02
1164556494.964722 1.735492e-02
1164556494.964844 1.697656e-02
1164556494.964966 1.137856e-02
1164556494.965088 -5.435022e-04
1164556494.965210 -9.541848e-03
1164556494.965332 -1.507754e-02
1164556494.965454 -1.695016e-02
1164556494.965576 -1.778948e-02
1164556494.965698 -1.590176e-02
1164556494.965820 -8.441016e-03
1164556494.965942 -2.035866e-03
1164556494.966064 1.511466e-03
1164556494.966187 2.061489e-03
1164556494.966309 7.298065e-03
1164556494.966431 1.724368e-02
1164556494.966553 1.880969e-02
1164556494.966675 1.624287e-02
1164556494.966797 1.423251e-02
1164556494.966919 1.454224e-02
1164556494.967041 4.356549e-03
1164556494.967163 -1.031765e-02
1164556494.967285 -1.896059e-02
1164556494.967407 -2.301124e-02
1164556494.967529 -2.305910e-02
1164556494.967651 -2.199054e-02
1164556494.967773 -1.749991e-02
1164556494.967896 -8.688354e-03
1164556494.968018 3.566321e-03
1164556494.968140 1.926757e-02
1164556494.968262 2.849358e-02
1164556494.968384 3.032941e-02
1164556494.968506 2.638518e-02
1164556494.968628 1.727170e-02
1164556494.968750 6.000047e-03
1164556494.968872 -5.090436e-03
1164556494.968994 -1.523396e-02
1164556494.969116 -2.096404e-02
1164556494.969238 -2.380799e-02
1164556494.969360 -2.482725e-02
1164556494.969482 -2.252656e-02
1164556494.969604 -1.447133e-02
1164556494.969727 -3.474134e-03
1164556494.969849 9.177529e-03
1164556494.969971 2.180893e-02
1164556494.970093 2.855494e-02
1164556494.970215 2.613457e-02
1164556494.970337 2.047908e-02
1164556494.970459 1.167280e-02
1164556494.970581 2.895590e-03
1164556494.970703 -4.873799e-03
1164556494.970825 -1.340419e-02
1164556494.970947 -2.039298e-02
1164556494.971069 -2.087861e-02
1164556494.971191 -1.917993e-02
1164556494.971313 -1.656387e-02
1164556494.971436 -9.795205e-03
1164556494.971558 -3.566847e-04
1164556494.971680 8.112069e-03
1164556494.971802 1.783408e-02
1164556494.971924 2.323741e-02
1164556494.972046 1.964937e-02
1164556494.972168 1.262178e-02
1164556494.972290 7.645070e-03
1164556494.972412 -1.935173e-03
1164556494.972534 -1.136906e-02
1164556494.972656 -1.159321e-02
1164556494.972778 -8.579460e-03
1164556494.972900 -9.156082e-03
1164556494.973022 -5.634291e-03
1164556494.973145 4.848201e-04
1164556494.973267 8.203034e-04
1164556494.973389 -5.222508e-03
1164556494.973511 -7.520167e-03
1164556494.973633 -5.567856e-03
1164556494.973755 -7.224137e-04
1164556494.973877 7.288321e-03
1164556494.973999 1.508461e-02
1164556494.974121 1.549226e-02
1164556494.974243 1.160232e-02
1164556494.974365 5.089967e-03
1164556494.974487 -2.134001e-03
1164556494.974609 -3.140898e-03
1164556494.974731 5.169989e-04
1164556494.974854 -3.975128e-03
1164556494.974976 -1.165677e-02
1164556494.975098 -1.398722e-02
1164556494.975220 -1.192132e-02
1164556494.975342 -1.173838e-02
1164556494.975464 -7.070726e-03
1164556494.975586 2.381970e-03
1164556494.975708 8.822778e-03
1164556494.975830 1.439382e-02
1164556494.975952 1.800665e-02
1164556494.976074 1.408408e-02
1164556494.976196 7.072404e-03
1164556494.976318 2.183586e-03
1164556494.976440 -1.849041e-03
1164556494.976562 -6.428335e-03
1164556494.976685 -4.909143e-03
1164556494.976807 -3.881031e-03
1164556494.976929 -9.632295e-03
1164556494.977051 -1.479714e-02
1164556494.977173 -1.286495e-02
1164556494.977295 -8.169140e-03
1164556494.977417 -2.983754e-03
1164556494.977539 5.799211e-03
1164556494.977661 1.458142e-02
1164556494.977783 1.609622e-02
1164556494.977905 1.442435e-02
1164556494.978027 8.590213e-03
1164556494.978149 1.874479e-03
1164556494.978271 -3.418652e-03
1164556494.978394 -6.013363e-03
1164556494.978516 -4.697166e-03
1164556494.978638 -2.759378e-03
1164556494.978760 -2.827793e-03
1164556494.978882 -4.612949e-03
1164556494.979004 -7.081373e-03
1164556494.979126 -6.693383e-03
1164556494.979248 -5.782161e-03
1164556494.979370 -2.586972e-03
1164556494.979492 -3.561326e-04
1164556494.979614 2.436314e-03
1164556494.979736 6.463343e-03
1164556494.979858 8.338274e-03
1164556494.979980 8.706164e-03
1164556494.980103 1.082938e-02
1164556494.980225 1.055329e-02
1164556494.980347 4.463824e-03
1164556494.980469 -1.490527e-03
1164556494.980591 -4.340255e-03
1164556494.980713 -1.131709e-02
1164556494.980835 -1.434177e-02
1164556494.980957 -1.287508e-02
1164556494.981079 -1.092800e-02
1164556494.981201 -5.259082e-03
1164556494.981323 1.766235e-03
1164556494.981445 3.887256e-03
1164556494.981567 4.656671e-03
1164556494.981689 1.108914e-02
1164556494.981812 1.467278e-02
1164556494.981934 1.066406e-02
1164556494.982056 8.437076e-03
1164556494.982178 4.597722e-03
1164556494.982300 -3.272431e-03
1164556494.982422 -7.424977e-03
1164556494.982544 -6.025217e-03
1164556494.982666 -6.976531e-03
1164556494.982788 -7.040695e-03
1164556494.982910 -6.137866e-03
1164556494.983032 -7.185505e-03
1164556494.983154 -7.374163e-03
1164556494.983276 -5.577143e-03
1164556494.983398 -3.378870e-03
1164556494.983521 2.342783e-03
1164556494.983643 9.914371e-03
1164556494.983765 1.538563e-02
1164556494.983887 1.708244e-02
1164556494.984009 1.630749e-02
1164556494.984131 8.839470e-03
1164556494.984253 4.038866e-04
1164556494.984375 -3.521141e-03
1164556494.984497 -9.385596e-03
1164556494.984619 -1.643086e-02
1164556494.984741 -1.854518e-02
1164556494.984863 -1.797837e-02
1164556494.984985 -1.356199e-02
1164556494.985107 -4.792189e-03
1164556494.985229 3.714779e-03
1164556494.985352 8.144738e-03
1164556494.985474 1.510233e-02
1164556494.985596 2.153070e-02
1164556494.985718 2.091112e-02
1164556494.985840 1.519576e-02
1164556494.985962 6.759539e-03
1164556494.986084 -5.037081e-03
1164556494.986206 -1.349074e-02
1164556494.986328 -1.534343e-02
1164556494.986450 -1.519344e-02
1164556494.986572 -1.306632e-02
1164556494.986694 -7.120955e-03
1164556494.986816 -3.650589e-03
1164556494.986938 -2.738211e-03
1164556494.987061 7.988694e-04
1164556494.987183 8.599836e-03
1164556494.987305 9.926438e-03
1164556494.987427 7.599049e-03
1164556494.987549 8.135758e-03
1164556494.987671 9.588353e-03
1164556494.987793 7.888824e-03
1164556494.987915 2.889208e-03
1164556494.988037 -2.824969e-03
1164556494.988159 -6.549940e-03
1164556494.988281 -4.813241e-03
1164556494.988403 -2.305626e-03
1164556494.988525 -7.158474e-03
1164556494.988647 -1.055920e-02
1164556494.988770 -8.364368e-03
1164556494.988892 -6.826150e-03
1164556494.989014 -7.561412e-03
1164556494.989136 -3.172424e-03
1164556494.989258 4.909965e-03
1164556494.989380 1.103228e-02
1164556494.989502 1.548702e-02
1164556494.989624 1.764073e-02
1164556494.989746 1.646471e-02
1164556494.989868 1.141911e-02
1164556494.989990 2.477772e-03
1164556494.990112 -8.956327e-03
1164556494.990234 -1.711660e-02
1164556494.990356 -1.668353e-02
1164556494.990479 -1.358297e-02
1164556494.990601 -1.361980e-02
1164556494.990723 -1.292166e-02
1164556494.990845 -5.749597e-03
1164556494.990967 2.518913e-03
1164556494.991089 9.172154e-03
1164556494.991211 1.454888e-02
1164556494.991333 1.803126e-02
1164556494.991455 1.650501e-02
1164556494.991577 1.480316e-02
1164556494.991699 1.086712e-02
1164556494.991821 3.273782e-03
1164556494.991943 -5.854965e-03
1164556494.992065 -1.482959e-02
1164556494.992188 -2.160016e-02
1164556494.992310 -2.214266e-02
1164556494.992432 -1.569819e-02
1164556494.992554 -5.599713e-03
1164556494.992676 1.927950e-03
1164556494.992798 6.618375e-03
1164556494.992920 9.233807e-03
1164556494.993042 1.049410e-02
1164556494.993164 1.083537e-02
1164556494.993286 1.115124e-02
1164556494.993408 1.067775e-02
1164556494.993530 6.675944e-03
1164556494.993652 2.315174e-03
1164556494.993774 3.752061e-04
1164556494.993896 -5.091333e-03
1164556494.994019 -1.193224e-02
1164556494.994141 -1.416763e-02
1164556494.994263 -1.365754e-02
1164556494.994385 -1.143879e-02
1164556494.994507 -5.498919e-03
1164556494.994629 1.792941e-04
1164556494.994751 2.824563e-03
1164556494.994873 6.510234e-03
1164556494.994995 1.132347e-02
1164556494.995117 1.204354e-02
1164556494.995239 1.090593e-02
1164556494.995361 7.600160e-03
1164556494.995483 3.145045e-03
1164556494.995605 9.660747e-04
1164556494.995728 3.731856e-04
1164556494.995850 -2.824232e-03
1164556494.995972 -6.394158e-03
1164556494.996094 -8.687591e-03
1164556494.996216 -1.167541e-02
1164556494.996338 -1.591585e-02
1164556494.996460 -1.371752e-02
1164556494.996582 -5.580232e-03
1164556494.996704 2.759652e-03
1164556494.996826 1.015628e-02
1164556494.996948 1.466672e-02
1164556494.997070 1.537569e-02
1164556494.997192 1.403671e-02
1164556494.997314 1.105098e-02
1164556494.997437 6.966724e-03
1164556494.997559 1.793580e-03
1164556494.997681 -2.541096e-03
1164556494.997803 -9.480684e-03
1164556494.997925 -1.591926e-02
1164556494.998047 -1.811967e-02
1164556494.998169 -1.874143e-02
1164556494.998291 -1.463171e-02
1164556494.998413 -2.797961e-03
1164556494.998535 8.693742e-03
1164556494.998657 1.473432e-02
1164556494.998779 1.640172e-02
1164556494.998901 1.577385e-02
1164556494.999023 9.760251e-03
1164556494.999146 3.556099e-03
1164556494.999268 2.295448e-04
1164556494.999390 -1.383210e-03
1164556494.999512 -1.288988e-03
1164556494.999634 -1.107756e-03
1164556494.999756 -5.990407e-03
1164556494.999878 -1.191728e-02
1164556495.000000 -1.408981e-02
1164556495.000122 -1.139616e-02
1164556495.000244 -8.078499e-03
1164556495.000366 -2.296224e-03
1164556495.000488 5.212109e-03
1164556495.000610 1.063720e-02
1164556495.000732 1.372560e-02
1164556495.000854 1.290407e-02
1164556495.000977 8.325622e-03
1164556495.001099 4.375616e-03
1164556495.001221 1.556615e-03
1164556495.001343 -1.516194e-03
1164556495.001465 -4.827692e-03
1164556495.001587 -3.918432e-03
1164556495.001709 -3.579254e-03
1164556495.001831 -8.191581e-03
1164556495.001953 -1.181289e-02
1164556495.002075 -1.012984e-02
1164556495.002197 -5.138424e-03
1164556495.002319 7.211544e-04
1164556495.002441 5.794210e-03
1164556495.002563 6.545513e-03
1164556495.002686 5.124419e-03
1164556495.002808 7.278116e-03
1164556495.002930 7.495378e-03
1164556495.003052 6.500975e-03
1164556495.003174 6.782839e-03
1164556495.003296 5.284692e-03
1164556495.003418 -1.500051e-05
1164556495.003540 -2.859013e-03
1164556495.003662 -6.065029e-03
1164556495.003784 -1.308067e-02
1164556495.003906 -1.627858e-02
1164556495.004028 -1.283844e-02
1164556495.004150 -7.660752e-03
1164556495.004272 -1.478711e-03
1164556495.004395 5.243862e-03
1164556495.004517 9.797128e-03
1164556495.004639 1.380617e-02
1164556495.004761 1.568583e-02
1164556495.004883 1.125276e-02
1164556495.005005 6.500469e-03
1164556495.005127 1.502763e-03
1164556495.005249 -3.301137e-03
1164556495.005371 -7.060561e-03
1164556495.005493 -7.692342e-03
1164556495.005615 -6.559157e-03
1164556495.005737 -7.646004e-03
1164556495.005859 -9.293237e-03
1164556495.005981 -1.096031e-02
1164556495.006104 -7.951174e-03
1164556495.006226 -7.659035e-04
1164556495.006348 3.216511e-03
1164556495.006470 9.447205e-03
1164556495.006592 1.462783e-02
1164556495.006714 1.609394e-02
1164556495.006836 1.389088e-02
1164556495.006958 8.404717e-03
1164556495.007080 1.525044e-03
1164556495.007202 -6.124758e-03
1164556495.007324 -9.886934e-03
1164556495.007446 -1.170274e-02
1164556495.007568 -1.137727e-02
1164556495.007690 -7.797566e-03
1164556495.007812 -8.829754e-03
1164556495.007935 -9.141489e-03
1164556495.008057 -4.834892e-03
1164556495.008179 1.113717e-03
1164556495.008301 8.531870e-03
1164556495.008423 1.480214e-02
1164556495.008545 1.801360e-02
1164556495.008667 1.715689e-02
1164556495.008789 1.215172e-02
1164556495.008911 1.720502e-03
1164556495.009033 -9.510287e-03
1164556495.009155 -1.248234e-02
1164556495.009277 -1.100323e-02
1164556495.009399 -1.009636e-02
1164556495.009521 -9.715549e-03
1164556495.009644 -7.259722e-03
1164556495.009766 -5.088075e-03
1164556495.009888 -2.199707e-03
1164556495.010010 3.138611e-03
1164556495.010132 8.758946e-03
1164556495.010254 1.304186e-02
1164556495.010376 1.284984e-02
1164556495.010498 8.614938e-03
1164556495.010620 2.749175e-03
1164556495.010742 -1.132041e-03
1164556495.010864 -2.377368e-03
1164556495.010986 -5.210264e-03
1164556495.011108 -5.767627e-03
1164556495.011230 -4.937970e-03
1164556495.011353 -4.606302e-03
1164556495.011475 -4.065220e-03
1164556495.011597 -2.988356e-03
1164556495.011719 -2.213898e-03
1164556495.011841 -3.075167e-04
1164556495.011963 2.066722e-03
1164556495.012085 1.931890e-03
1164556495.012207 6.096627e-04
1164556495.012329 1.911680e-03
1164556495.012451 3.650727e-03
1164556495.012573 5.077309e-03
1164556495.012695 6.883057e-03
1164556495.012817 6.710243e-03
1164556495.012939 3.314300e-03
1164556495.013062 -1.144324e-03
1164556495.013184 -3.566514e-03
1164556495.013306 -4.191009e-03
1164556495.013428 -5.780014e-03
1164556495.013550 -6.656010e-03
1164556495.013672 -8.832474e-03
1164556495.013794 -1.060726e-02
1164556495.013916 -8.182316e-03
1164556495.014038 -1.309170e-03
1164556495.014160 5.076864e-03
1164556495.014282 9.093642e-03
1164556495.014404 1.484970e-02
1164556495.014526 1.806662e-02
1164556495.014648 1.400299e-02
1164556495.014771 8.370750e-03
1164556495.014893 4.130709e-05
1164556495.015015 -8.662195e-03
1164556495.015137 -1.414606e-02
1164556495.015259 -1.713155e-02
1164556495.015381 -1.703562e-02
1164556495.015503 -1.093192e-02
1164556495.015625 -3.569055e-03
1164556495.015747 8.435680e-04
1164556495.015869 5.385269e-03
1164556495.015991 9.280366e-03
1164556495.016113 1.033979e-02
1164556495.016235 1.119791e-02
1164556495.016357 1.145803e-02
1164556495.016479 1.144805e-02
1164556495.016602 7.164312e-03
1164556495.016724 -9.270904e-04
1164556495.016846 -8.822400e-03
1164556495.016968 -1.438697e-02
1164556495.017090 -1.557465e-02
1164556495.017212 -1.263249e-02
1164556495.017334 -5.090048e-03
1164556495.017456 2.617009e-03
1164556495.017578 4.140847e-03
1164556495.017700 4.092926e-03
1164556495.017822 1.860071e-03
1164556495.017944 2.346521e-04
1164556495.018066 3.207503e-03
1164556495.018188 6.216042e-03
1164556495.018311 6.775265e-03
1164556495.018433 6.785523e-03
1164556495.018555 7.158489e-03
1164556495.018677 4.371398e-03
1164556495.018799 -1.104837e-03
1164556495.018921 -4.444362e-03
1164556495.019043 -8.704823e-03
1164556495.019165 -1.130470e-02
1164556495.019287 -9.361337e-03
1164556495.019409 -7.037702e-03
1164556495.019531 -5.279520e-03
1164556495.019653 -3.397847e-03
1164556495.019775 -9.489327e-04
1164556495.019897 3.297342e-03
1164556495.020020 8.522864e-03
1164556495.020142 1.293319e-02
1164556495.020264 1.481933e-02
1164556495.020386 1.426017e-02
1164556495.020508 1.020030e-02
1164556495.020630 3.721638e-03
1164556495.020752 -3.404156e-03
1164556495.020874 -1.208693e-02
1164556495.020996 -1.882969e-02
1164556495.021118 -1.954350e-02
1164556495.021240 -1.751342e-02
1164556495.021362 -1.103700e-02
1164556495.021484 -1.509522e-03
1164556495.021606 5.798748e-03
1164556495.021729 1.023170e-02
1164556495.021851 1.589431e-02
1164556495.021973 1.932723e-02
1164556495.022095 1.764588e-02
1164556495.022217 1.325101e-02
1164556495.022339 5.041869e-03
1164556495.022461 -4.869809e-03
1164556495.022583 -1.018068e-02
1164556495.022705 -1.386169e-02
1164556495.022827 -1.789352e-02
1164556495.022949 -1.648251e-02
1164556495.023071 -1.005626e-02
1164556495.023193 -5.413318e-03
1164556495.023315 -1.374957e-03
1164556495.023438 5.139002e-03
1164556495.023560 1.140068e-02
1164556495.023682 1.442041e-02
1164556495.023804 1.424436e-02
1164556495.023926 1.188125e-02
1164556495.024048 7.971039e-03
1164556495.024170 3.489433e-03
1164556495.024292 -2.381153e-03
1164556495.024414 -7.874392e-03
1164556495.024536 -9.502704e-03
1164556495.024658 -1.028097e-02
1164556495.024780 -1.117604e-02
1164556495.024902 -1.166997e-02
1164556495.025024 -8.625085e-03
1164556495.025146 -1.578672e-03
1164556495.025269 5.573850e-03
1164556495.025391 9.881302e-03
1164556495.025513 1.106334e-02
1164556495.025635 9.955114e-03
1164556495.025757 8.765630e-03
1164556495.025879 5.571316e-03
1164556495.026001 7.513468e-04
1164556495.026123 -3.307855e-03
1164556495.026245 -4.556687e-03
1164556495.026367 -3.658640e-03
1164556495.026489 -3.221041e-03
1164556495.026611 -4.847824e-03
1164556495.026733 -6.717701e-03
1164556495.026855 -7.076691e-03
1164556495.026978 -5.199987e-03
1164556495.027100 -1.477288e-03
1164556495.027222 2.781513e-03
1164556495.027344 6.210355e-03
1164556495.027466 8.266035e-03
1164556495.027588 6.745789e-03
1164556495.027710 3.805462e-03
1164556495.027832 8.698819e-04
1164556495.027954 -1.559288e-04
1164556495.028076 3.964673e-05
1164556495.028198 -1.179765e-03
1164556495.028320 -1.510204e-03
1164556495.028442 -9.039940e-05
1164556495.028564 1.791971e-03
1164556495.028687 -1.272674e-03
1164556495.028809 -6.684563e-03
1164556495.028931 -7.142824e-03
1164556495.029053 -6.671865e-03
1164556495.029175 -4.884474e-03
1164556495.029297 -1.327024e-03
1164556495.029419 3.566190e-03
1164556495.029541 6.510971e-03
1164556495.029663 7.635877e-03
1164556495.029785 8.094590e-03
1164556495.029907 5.304058e-03
1164556495.030029 5.228268e-03
1164556495.030151 4.475986e-03
1164556495.030273 -8.469152e-04
1164556495.030396 -3.849485e-03
1164556495.030518 -5.179534e-03
1164556495.030640 -7.070663e-03
1164556495.030762 -9.924100e-03
1164556495.030884 -9.561140e-03
1164556495.031006 -6.881942e-03
1164556495.031128 -3.901769e-03
1164556495.031250 1.894259e-03
1164556495.031372 5.734325e-03
1164556495.031494 7.754025e-03
1164556495.031616 1.080132e-02
1164556495.031738 1.178131e-02
1164556495.031860 9.753170e-03
1164556495.031982 5.578071e-03
1164556495.032104 2.108880e-03
1164556495.032227 -2.629142e-03
1164556495.032349 -8.132642e-03
1164556495.032471 -1.149413e-02
1164556495.032593 -1.452001e-02
1164556495.032715 -1.331949e-02
1164556495.032837 -8.694364e-03
1164556495.032959 -4.171718e-03
1164556495.033081 2.547915e-03
1164556495.033203 1.075522e-02
1164556495.033325 1.457380e-02
1164556495.033447 1.311928e-02
1164556495.033569 1.072148e-02
1164556495.033691 6.585253e-03
1164556495.033813 1.288680e-03
1164556495.033936 -2.504027e-03
1164556495.034058 -5.558969e-03
1164556495.034180 -7.952684e-03
1164556495.034302 -6.967321e-03
1164556495.034424 -6.687998e-03
1164556495.034546 -8.509355e-03
1164556495.034668 -7.204129e-03
1164556495.034790 -3.150682e-03
1164556495.034912 2.601144e-04
1164556495.035034 4.876428e-03
1164556495.035156 8.598358e-03
1164556495.035278 9.039953e-03
1164556495.035400 7.499680e-03
1164556495.035522 5.775346e-03
1164556495.035645 2.119301e-03
1164556495.035767 -1.178050e-03
1164556495.035889 -6.892237e-04
1164556495.036011 -1.629083e-03
1164556495.036133 -3.583958e-03
1164556495.036255 -2.521752e-03
1164556495.036377 -2.240280e-03
1164556495.036499 -3.468901e-03
1164556495.036621 -6.883088e-03
1164556495.036743 -9.107047e-03
1164556495.036865 -8.231587e-03
1164556495.036987 -2.469058e-03
1164556495.037109 4.871502e-03
1164556495.037231 7.642935e-03
1164556495.037354 1.091904e-02
1164556495.037476 1.301430e-02
1164556495.037598 1.034977e-02
1164556495.037720 6.693633e-03
1164556495.037842 3.223165e-03
1164556495.037964 -9.971068e-04
1164556495.038086 -8.078887e-03
1164556495.038208 -1.244354e-02
1164556495.038330 -1.477796e-02
1164556495.038452 -1.386591e-02
1164556495.038574 -8.767961e-03
1164556495.038696 -5.326008e-03
1164556495.038818 1.784879e-04
1164556495.038940 8.517235e-03
1164556495.039062 1.432813e-02
1164556495.039185 1.582333e-02
1164556495.039307 1.301258e-02
1164556495.039429 9.214815e-03
1164556495.039551 3.989530e-03
1164556495.039673 -6.388810e-04
1164556495.039795 -5.411250e-03
1164556495.039917 -1.095676e-02
1164556495.040039 -1.338916e-02
1164556495.040161 -1.247106e-02
1164556495.040283 -9.517879e-03
1164556495.040405 -5.166068e-03
1164556495.040527 -1.681675e-04
1164556495.040649 4.872145e-03
1164556495.040771 8.623688e-03
1164556495.040894 9.931301e-03
1164556495.041016 8.223532e-03
1164556495.041138 6.345676e-03
1164556495.041260 4.888727e-03
1164556495.041382 2.624623e-03
1164556495.041504 -1.076327e-03
1164556495.041626 -4.581474e-03
1164556495.041748 -5.402939e-03
1164556495.041870 -5.663043e-03
1164556495.041992 -5.407398e-03
1164556495.042114 -3.327579e-03
1164556495.042236 -1.142409e-03
1164556495.042358 3.326720e-04
1164556495.042480 -2.556952e-04
1164556495.042603 -2.209039e-03
1164556495.042725 -3.338559e-03
1164556495.042847 -2.289132e-04
1164556495.042969 4.664628e-03
1164556495.043091 6.264095e-03
1164556495.043213 6.274035e-03
1164556495.043335 7.686768e-03
1164556495.043457 7.080920e-03
1164556495.043579 2.849880e-03
1164556495.043701 -2.128675e-03
1164556495.043823 -5.470299e-03
1164556495.043945 -7.887297e-03
1164556495.044067 -7.726138e-03
1164556495.044189 -6.319774e-03
1164556495.044312 -5.426533e-03
1164556495.044434 -3.947001e-03
1164556495.044556 -2.373240e-03
1164556495.044678 -1.190967e-03
1164556495.044800 2.448830e-03
1164556495.044922 8.242477e-03
1164556495.045044 1.114968e-02
1164556495.045166 1.162613e-02
1164556495.045288 1.052427e-02
1164556495.045410 5.757437e-03
1164556495.045532 -7.747678e-04
1164556495.045654 -6.049932e-03
1164556495.045776 -1.083264e-02
1164556495.045898 -1.320636e-02
1164556495.046021 -9.928105e-03
1164556495.046143 -5.751259e-03
1164556495.046265 -2.891701e-03
1164556495.046387 3.049543e-04
1164556495.046509 1.116059e-03
1164556495.046631 1.758976e-03
1164556495.046753 5.546980e-03
1164556495.046875 9.282652e-03
1164556495.046997 1.128734e-02
1164556495.047119 1.131515e-02
1164556495.047241 7.742511e-03
1164556495.047363 4.089610e-04
1164556495.047485 -5.013567e-03
1164556495.047607 -8.559417e-03
1164556495.047729 -1.162894e-02
1164556495.047852 -1.029968e-02
1164556495.047974 -6.911124e-03
1164556495.048096 -5.547351e-03
1164556495.048218 -2.728314e-03
1164556495.048340 1.274337e-03
1164556495.048462 4.403428e-03
1164556495.048584 6.326879e-03
1164556495.048706 7.455241e-03
1164556495.048828 8.208987e-03
1164556495.048950 7.964839e-03
1164556495.049072 7.117932e-03
1164556495.049194 3.770989e-03
1164556495.049316 -1.390683e-03
1164556495.049438 -4.162053e-03
1164556495.049561 -7.205131e-03
1164556495.049683 -1.012118e-02
1164556495.049805 -1.047887e-02
1164556495.049927 -8.613075e-03
1164556495.050049 -4.792874e-03
1164556495.050171 -2.742134e-04
1164556495.050293 3.727019e-03
1164556495.050415 6.933432e-03
1164556495.050537 7.921354e-03
1164556495.050659 7.408184e-03
1164556495.050781 7.123426e-03
1164556495.050903 7.142650e-03
1164556495.051025 4.629822e-03
1164556495.051147 1.117342e-04
1164556495.051270 -4.453777e-03
1164556495.051392 -7.772839e-03
1164556495.051514 -7.735812e-03
1164556495.051636 -6.958373e-03
1164556495.051758 -6.976402e-03
1164556495.051880 -5.078276e-03
1164556495.052002 -1.308474e-03
1164556495.052124 1.554693e-03
1164556495.052246 3.148985e-03
1164556495.052368 6.935590e-03
1164556495.052490 8.368253e-03
1164556495.052612 5.950268e-03
1164556495.052734 3.943540e-03
1164556495.052856 1.338314e-03
1164556495.052979 -4.601595e-04
1164556495.053101 -9.406727e-04
1164556495.053223 -1.272113e-03
1164556495.053345 -1.986581e-03
1164556495.053467 -3.360146e-03
1164556495.053589 -4.976128e-03
1164556495.053711 -6.708090e-03
1164556495.053833 -6.036886e-03
1164556495.053955 -3.988232e-03
1164556495.054077 3.820642e-04
1164556495.054199 5.077637e-03
1164556495.054321 5.900070e-03
1164556495.054443 4.735386e-03
1164556495.054565 3.631036e-03
1164556495.054688 2.925376e-03
1164556495.054810 3.374958e-03
1164556495.054932 4.136748e-03
1164556495.055054 3.764436e-03
1164556495.055176 8.642556e-04
1164556495.055298 -4.106917e-03
1164556495.055420 -8.627672e-03
1164556495.055542 -1.079940e-02
1164556495.055664 -9.011768e-03
1164556495.055786 -4.969600e-03
1164556495.055908 -6.379715e-04
1164556495.056030 4.107831e-03
1164556495.056152 7.202989e-03
1164556495.056274 8.229117e-03
1164556495.056396 5.938867e-03
1164556495.056519 2.805241e-03
1164556495.056641 2.450944e-03
1164556495.056763 2.033339e-03
1164556495.056885 3.541512e-04
1164556495.057007 -1.462783e-03
1164556495.057129 -2.867764e-03
1164556495.057251 -3.783359e-03
1164556495.057373 -4.672977e-03
1164556495.057495 -5.222667e-03
1164556495.057617 -5.935023e-03
1164556495.057739 -4.150849e-03
1164556495.057861 1.235924e-04
1164556495.057983 3.100898e-03
1164556495.058105 4.672362e-03
1164556495.058228 7.099704e-03
1164556495.058350 7.045253e-03
1164556495.058472 3.232569e-03
1164556495.058594 7.382890e-04
1164556495.058716 4.394321e-05
1164556495.058838 -1.605458e-03
1164556495.058960 -3.315683e-03
1164556495.059082 -3.501827e-03
1164556495.059204 -2.995068e-03
1164556495.059326 -2.676157e-03
1164556495.059448 -3.413225e-04
1164556495.059570 -1.038176e-04
1164556495.059692 -1.925535e-03
1164556495.059814 -8.267663e-04
1164556495.059937 2.769892e-04
1164556495.060059 3.735611e-04
1164556495.060181 1.459192e-03
1164556495.060303 3.202875e-03
1164556495.060425 2.649565e-03
1164556495.060547 1.119855e-03
1164556495.060669 2.646164e-03
1164556495.060791 2.474646e-03
1164556495.060913 1.752334e-03
1164556495.061035 1.278599e-03
1164556495.061157 -1.218584e-03
1164556495.061279 -2.532937e-03
1164556495.061401 -4.433822e-03
1164556495.061523 -7.418706e-03
1164556495.061646 -8.864391e-03
1164556495.061768 -5.776152e-03
1164556495.061890 9.531851e-04
1164556495.062012 5.912770e-03
1164556495.062134 9.057360e-03
1164556495.062256 8.562232e-03
1164556495.062378 6.098319e-03
1164556495.062500 2.688564e-03
1164556495.062622 -9.654814e-04
1164556495.062744 -1.817578e-03
1164556495.062866 -2.468287e-03
1164556495.062988 -3.744131e-03
1164556495.063110 -3.698964e-03
1164556495.063232 -3.076079e-03
1164556495.063354 -3.542491e-03
1164556495.063477 -3.730177e-03
1164556495.063599 -2.188703e-03
1164556495.063721 -7.690393e-04
1164556495.063843 1.912800e-03
1164556495.063965 5.192137e-03
1164556495.064087 6.142030e-03
1164556495.064209 5.790342e-03
1164556495.064331 4.196439e-03
1164556495.064453 6.912432e-05
1164556495.064575 -3.574089e-03
1164556495.064697 -3.223500e-03
1164556495.064819 -1.372662e-03
1164556495.064941 -1.084365e-03
1164556495.065063 -1.341705e-03
1164556495.065186 -1.574703e-03
1164556495.065308 -1.814482e-03
1164556495.065430 -1.864099e-03
1164556495.065552 -1.474300e-03
1164556495.065674 -8.804322e-04
1164556495.065796 1.455387e-03
1164556495.065918 3.135901e-03
1164556495.066040 2.394975e-03
1164556495.066162 7.696662e-04
1164556495.066284 -8.484640e-06
1164556495.066406 7.010346e-04
1164556495.066528 1.491890e-03
1164556495.066650 2.595548e-03
1164556495.066772 2.899993e-03
1164556495.066895 2.030850e-03
1164556495.067017 9.193089e-05
1164556495.067139 -3.578285e-03
1164556495.067261 -6.803935e-03
1164556495.067383 -7.272073e-03
1164556495.067505 -5.241557e-03
1164556495.067627 -2.474909e-03
1164556495.067749 7.992234e-05
1164556495.067871 3.457611e-03
1164556495.067993 5.952428e-03
1164556495.068115 6.734389e-03
1164556495.068237 6.835567e-03
1164556495.068359 5.404041e-03
1164556495.068481 2.729950e-03
1164556495.068604 -2.460773e-04
1164556495.068726 -3.397877e-03
1164556495.068848 -6.243826e-03
1164556495.068970 -7.361408e-03
1164556495.069092 -5.879328e-03
1164556495.069214 -4.623092e-03
1164556495.069336 -3.001691e-03
1164556495.069458 -2.567212e-04
1164556495.069580 1.216630e-03
1164556495.069702 3.792563e-03
1164556495.069824 7.751151e-03
1164556495.069946 9.111417e-03
1164556495.070068 6.427072e-03
1164556495.070190 2.768699e-03
1164556495.070312 -2.341084e-04
1164556495.070435 -4.112220e-03
1164556495.070557 -6.834854e-03
1164556495.070679 -7.447711e-03
1164556495.070801 -5.969496e-03
1164556495.070923 -2.348312e-03
1164556495.071045 1.110964e-03
1164556495.071167 2.350830e-03
1164556495.071289 2.352515e-03
1164556495.071411 2.029880e-03
1164556495.071533 1.535347e-03
1164556495.071655 1.222856e-03
1164556495.071777 2.391710e-03
1164556495.071899 3.131516e-03
1164556495.072021 1.708335e-03
1164556495.072144 3.446244e-04
1164556495.072266 -7.610579e-04
1164556495.072388 -2.236547e-03
1164556495.072510 -3.150192e-03
1164556495.072632 -3.094846e-03
1164556495.072754 -3.428871e-03
1164556495.072876 -3.437442e-03
1164556495.072998 -1.193340e-03
1164556495.073120 2.172126e-03
1164556495.073242 4.550753e-03
1164556495.073364 6.089805e-03
1164556495.073486 5.577133e-03
1164556495.073608 4.277306e-03
