1164556494.766357 1.223737e-02
1164556494.766479 6.741219e-03
1164556494.766602 1.216059e-03
1164556494.766724 -4.189114e-03
1164556494.766846 -1.133092e-02
1164556494.766968 -1.893890e-02
1164556494.767090 -2.129109e-02
1164556494.767212 -1.907924e-02
1164556494.767334 -1.582304e-02
1164556494.767456 -6.463075e-03
1164556494.767578 5.155528e-03
1164556494.767700 1.184158e-02
1164556494.767822 1.511411e-02
1164556494.767944 1.830048e-02
1164556494.768066 1.797029e-02
1164556494.768188 1.319423e-02
1164556494.768311 1.090650e-02
1164556494.768433 5.268763e-03
1164556494.768555 -5.457332e-03
1164556494.768677 -1.106194e-02
1164556494.768799 -1.359138e-02
1164556494.768921 -1.656373e-02
1164556494.769043 -1.574843e-02
1164556494.769165 -1.098051e-02
1164556494.769287 -7.171077e-03
1164556494.769409 -3.607561e-03
1164556494.769531 2.245059e-03
1164556494.769653 6.713107e-03
1164556494.769775 9.316549e-03
1164556494.769897 1.426722e-02
1164556494.770020 1.629740e-02
1164556494.770142 1.302040e-02
1164556494.770264 8.813975e-03
1164556494.770386 7.247616e-03
1164556494.770508 2.297192e-03
1164556494.770630 -5.838914e-03
1164556494.770752 -1.368132e-02
1164556494.770874 -1.779021e-02
1164556494.770996 -1.867782e-02
1164556494.771118 -1.561255e-02
1164556494.771240 -9.271716e-03
1164556494.771362 -4.166549e-03
1164556494.771484 1.467105e-03
1164556494.771606 1.038406e-02
1164556494.771729 1.563701e-02
1164556494.771851 1.525452e-02
1164556494.771973 1.519025e-02
1164556494.772095 1.504220e-02
1164556494.772217 7.900115e-03
1164556494.772339 8.922594e-04
1164556494.772461 -3.773921e-03
1164556494.772583 -9.862956e-03
1164556494.772705 -1.399784e-02
1164556494.772827 -1.251737e-02
1164556494.772949 -1.156811e-02
1164556494.773071 -1.076724e-02
1164556494.773193 -5.509150e-03
1164556494.773315 -1.813813e-03
1164556494.773438 4.738850e-05
1164556494.773560 5.673493e-03
1164556494.773682 8.662466e-03
1164556494.773804 9.357140e-03
1164556494.773926 1.184905e-02
1164556494.774048 1.256491e-02
1164556494.774170 9.188521e-03
1164556494.774292 5.638592e-03
1164556494.774414 2.242488e-03
1164556494.774536 -1.958938e-03
1164556494.774658 -6.325023e-03
1164556494.774780 -1.132199e-02
1164556494.774902 -1.487253e-02
1164556494.775024 -1.553855e-02
1164556494.775146 -1.474668e-02
1164556494.775269 -1.293821e-02
1164556494.775391 -5.794856e-03
1164556494.775513 5.244019e-03
1164556494.775635 1.466898e-02
1164556494.775757 2.222658e-02
1164556494.775879 2.207145e-02
1164556494.776001 1.658422e-02
1164556494.776123 1.130592e-02
1164556494.776245 3.309308e-03
1164556494.776367 -5.475343e-03
1164556494.776489 -1.105302e-02
1164556494.776611 -1.388979e-02
1164556494.776733 -1.588092e-02
1164556494.776855 -1.626508e-02
1164556494.776978 -1.165129e-02
1164556494.777100 -7.635867e-03
1164556494.777222 -2.156819e-03
1164556494.777344 4.053763e-03
1164556494.777466 7.316583e-03
1164556494.777588 1.098635e-02
1164556494.777710 1.492279e-02
1164556494.777832 1.476949e-02
1164556494.777954 1.049312e-02
1164556494.778076 4.955081e-03
1164556494.778198 7.092671e-04
1164556494.778320 -2.644794e-03
1164556494.778442 -3.782887e-03
1164556494.778564 -5.472180e-03
1164556494.778687 -8.545897e-03
1164556494.778809 -1.157564e-02
1164556494.778931 -1.263511e-02
1164556494.779053 -1.189399e-02
1164556494.779175 -1.063458e-02
1164556494.779297 -5.366859e-03
1164556494.779419 4.596849e-03
1164556494.779541 1.303239e-02
1164556494.779663 1.751915e-02
1164556494.779785 1.764820e-02
1164556494.779907 1.451152e-02
1164556494.780029 8.837996e-03
1164556494.780151 4.465308e-03
1164556494.780273 -5.320702e-04
1164556494.780396 -8.317563e-03
1164556494.780518 -1.256961e-02
1164556494.780640 -1.284523e-02
1164556494.780762 -1.392760e-02
1164556494.780884 -1.233651e-02
1164556494.781006 -8.484859e-03
1164556494.781128 -4.813551e-03
1164556494.781250 2.126623e-04
1164556494.781372 6.842763e-03
1164556494.781494 1.079864e-02
1164556494.781616 1.355367e-02
1164556494.781738 1.454740e-02
1164556494.781860 1.093311e-02
1164556494.781982 5.690874e-03
1164556494.782104 1.612567e-03
1164556494.782227 -1.082174e-03
1164556494.782349 -2.427546e-03
1164556494.782471 -4.892005e-03
1164556494.782593 -8.299390e-03
1164556494.782715 -1.217738e-02
1164556494.782837 -1.338963e-02
1164556494.782959 -1.104204e-02
1164556494.783081 -7.996630e-03
1164556494.783203 -3.550002e-03
1164556494.783325 1.464288e-03
1164556494.783447 7.931526e-03
1164556494.783569 1.397549e-02
1164556494.783691 1.491888e-02
1164556494.783813 1.477853e-02
1164556494.783936 1.282375e-02
1164556494.784058 8.309827e-03
1164556494.784180 2.263197e-03
1164556494.784302 -5.864943e-03
1164556494.784424 -1.238251e-02
1164556494.784546 -1.528962e-02
1164556494.784668 -1.532526e-02
1164556494.784790 -1.352220e-02
1164556494.784912 -9.961554e-03
1164556494.785034 -1.391616e-03
1164556494.785156 3.718873e-03
1164556494.785278 6.235389e-03
1164556494.785400 8.765315e-03
1164556494.785522 8.093913e-03
1164556494.785645 7.665157e-03
1164556494.785767 8.485496e-03
1164556494.785889 6.592182e-03
1164556494.786011 5.075165e-03
1164556494.786133 5.975922e-03
1164556494.786255 3.500862e-03
1164556494.786377 -2.902792e-03
1164556494.786499 -5.930549e-03
1164556494.786621 -9.985071e-03
1164556494.786743 -1.363329e-02
1164556494.786865 -1.362214e-02
1164556494.786987 -1.313280e-02
1164556494.787109 -1.221074e-02
1164556494.787231 -6.267320e-03
1164556494.787354 3.124188e-03
1164556494.787476 1.186391e-02
1164556494.787598 2.070177e-02
1164556494.787720 2.309178e-02
1164556494.787842 1.928946e-02
1164556494.787964 1.559209e-02
1164556494.788086 8.764050e-03
1164556494.788208 -2.976569e-03
1164556494.788330 -1.369891e-02
1164556494.788452 -2.020784e-02
1164556494.788574 -2.339953e-02
1164556494.788696 -2.036519e-02
1164556494.788818 -1.469838e-02
1164556494.788940 -8.691252e-03
1164556494.789062 8.601148e-04
1164556494.789185 8.927310e-03
1164556494.789307 1.176442e-02
1164556494.789429 1.347777e-02
1164556494.789551 1.720518e-02
1164556494.789673 1.783637e-02
1164556494.789795 1.459482e-02
1164556494.789917 8.869880e-03
1164556494.790039 -8.527457e-04
1164556494.790161 -8.810561e-03
1164556494.790283 -1.090526e-02
1164556494.790405 -1.317683e-02
1164556494.790527 -1.454051e-02
1164556494.790649 -1.251537e-02
1164556494.790771 -1.077408e-02
1164556494.790894 -8.971624e-03
1164556494.791016 -5.484519e-03
1164556494.791138 -6.540187e-04
1164556494.791260 5.494529e-03
1164556494.791382 1.229174e-02
1164556494.791504 1.737190e-02
1164556494.791626 2.007412e-02
1164556494.791748 1.902183e-02
1164556494.791870 1.593533e-02
1164556494.791992 8.637486e-03
1164556494.792114 -1.891344e-03
1164556494.792236 -1.401622e-02
1164556494.792358 -2.261392e-02
1164556494.792480 -2.549042e-02
1164556494.792603 -2.389322e-02
1164556494.792725 -1.683908e-02
1164556494.792847 -8.039393e-03
1164556494.792969 -1.598692e-04
1164556494.793091 9.132610e-03
1164556494.793213 1.679539e-02
1164556494.793335 2.199147e-02
1164556494.793457 2.420292e-02
1164556494.793579 2.247718e-02
1164556494.793701 1.324104e-02
1164556494.793823 7.515914e-04
1164556494.793945 -7.141598e-03
1164556494.794067 -1.468920e-02
1164556494.794189 -1.901167e-02
1164556494.794312 -1.526889e-02
1164556494.794434 -1.165432e-02
1164556494.794556 -1.098275e-02
1164556494.794678 -9.058819e-03
1164556494.794800 -4.639156e-03
1164556494.794922 4.622704e-04
1164556494.795044 7.376528e-03
1164556494.795166 1.303869e-02
1164556494.795288 1.278564e-02
1164556494.795410 1.368554e-02
1164556494.795532 1.569969e-02
1164556494.795654 1.168357e-02
1164556494.795776 4.838196e-03
1164556494.795898 -4.371507e-04
1164556494.796021 -4.407723e-03
1164556494.796143 -1.050471e-02
1164556494.796265 -1.530750e-02
1164556494.796387 -1.851416e-02
1164556494.796509 -1.818587e-02
1164556494.796631 -1.167617e-02
1164556494.796753 -3.970889e-03
1164556494.796875 2.845237e-03
1164556494.796997 7.218784e-03
1164556494.797119 1.208887e-02
1164556494.797241 1.806689e-02
1164556494.797363 1.782418e-02
1164556494.797485 1.326993e-02
1164556494.797607 8.560308e-03
1164556494.797729 1.846848e-03
1164556494.797852 -5.459837e-03
1164556494.797974 -8.314918e-03
1164556494.798096 -9.748947e-03
1164556494.798218 -1.369348e-02
1164556494.798340 -1.161027e-02
1164556494.798462 -8.591768e-03
1164556494.798584 -8.923344e-03
1164556494.798706 -4.482540e-03
1164556494.798828 1.883755e-03
1164556494.798950 4.539177e-03
1164556494.799072 6.308100e-03
1164556494.799194 1.081769e-02
1164556494.799316 1.202165e-02
1164556494.799438 9.627255e-03
1164556494.799561 9.000071e-03
1164556494.799683 9.239243e-03
1164556494.799805 5.372116e-03
1164556494.799927 -2.424067e-03
1164556494.800049 -8.859984e-03
1164556494.800171 -1.226819e-02
1164556494.800293 -1.553328e-02
1164556494.800415 -1.464329e-02
1164556494.800537 -1.041169e-02
1164556494.800659 -5.635979e-03
1164556494.800781 -1.751559e-03
1164556494.800903 2.942529e-03
1164556494.801025 5.988002e-03
1164556494.801147 8.876882e-03
1164556494.801270 1.568114e-02
1164556494.801392 1.682393e-02
1164556494.801514 1.099655e-02
1164556494.801636 8.289665e-03
1164556494.801758 5.161890e-03
1164556494.801880 -1.996475e-03
1164556494.802002 -7.833544e-03
1164556494.802124 -1.105680e-02
1164556494.802246 -1.723921e-02
1164556494.802368 -1.974919e-02
1164556494.802490 -1.520993e-02
1164556494.802612 -9.549509e-03
1164556494.802734 -3.955191e-03
1164556494.802856 4.610939e-03
1164556494.802979 1.584972e-02
1164556494.803101 1.986933e-02
1164556494.803223 1.800402e-02
1164556494.803345 1.476387e-02
1164556494.803467 6.919434e-03
1164556494.803589 1.786708e-06
1164556494.803711 -1.700619e-03
1164556494.803833 -8.009875e-04
1164556494.803955 -6.473617e-03
1164556494.804077 -1.239486e-02
1164556494.804199 -1.347277e-02
1164556494.804321 -1.598432e-02
1164556494.804443 -1.287318e-02
1164556494.804565 -5.257003e-03
1164556494.804688 -1.836786e-03
1164556494.804810 2.249447e-03
1164556494.804932 1.033071e-02
1164556494.805054 1.643618e-02
1164556494.805176 1.320303e-02
1164556494.805298 1.243042e-02
1164556494.805420 1.264191e-02
1164556494.805542 5.975898e-03
1164556494.805664 -1.537649e-03
1164556494.805786 -5.256594e-03
1164556494.805908 -6.648937e-03
1164556494.806030 -9.345843e-03
1164556494.806152 -1.148035e-02
1164556494.806274 -1.219096e-02
1164556494.806396 -1.448435e-02
1164556494.806519 -1.216766e-02
1164556494.806641 -4.238975e-03
1164556494.806763 1.974926e-03
1164556494.806885 8.703234e-03
1164556494.807007 1.803655e-02
1164556494.807129 2.030447e-02
1164556494.807251 1.555004e-02
1164556494.807373 1.182353e-02
1164556494.807495 7.551055e-03
1164556494.807617 -2.063422e-03
1164556494.807739 -9.253214e-03
1164556494.807861 -1.267535e-02
1164556494.807983 -1.735954e-02
1164556494.808105 -1.705093e-02
1164556494.808228 -1.074560e-02
1164556494.808350 -4.035632e-03
1164556494.808472 4.704194e-04
1164556494.808594 6.299909e-03
1164556494.808716 1.024037e-02
1164556494.808838 7.310562e-03
1164556494.808960 4.775282e-03
1164556494.809082 6.896366e-03
1164556494.809204 7.334049e-03
1164556494.809326 1.977550e-03
1164556494.809448 -1.681807e-03
1164556494.809570 -4.613552e-04
1164556494.809692 2.616038e-04
1164556494.809814 2.971907e-03
1164556494.809937 3.559718e-03
1164556494.810059 -2.798166e-03
1164556494.810181 -8.736083e-03
1164556494.810303 -1.117087e-02
1164556494.810425 -1.349359e-02
1164556494.810547 -1.329623e-02
1164556494.810669 -3.419267e-03
1164556494.810791 4.916833e-03
1164556494.810913 4.832496e-03
1164556494.811035 8.145405e-03
1164556494.811157 1.451930e-02
1164556494.811279 1.364802e-02
1164556494.811401 8.791863e-03
1164556494.811523 8.122892e-03
1164556494.811646 4.710551e-03
1164556494.811768 -1.817454e-03
1164556494.811890 -5.256333e-03
1164556494.812012 -9.749003e-03
1164556494.812134 -1.290474e-02
1164556494.812256 -1.155575e-02
1164556494.812378 -1.068082e-02
1164556494.812500 -1.483963e-02
1164556494.812622 -1.035878e-02
1164556494.812744 2.718026e-03
1164556494.812866 6.754387e-03
1164556494.812988 1.046598e-02
1164556494.813110 1.765620e-02
1164556494.813232 1.877696e-02
1164556494.813354 1.486023e-02
1164556494.813477 1.062775e-02
1164556494.813599 8.941161e-03
1164556494.813721 8.812891e-04
1164556494.813843 -8.224024e-03
1164556494.813965 -1.505322e-02
1164556494.814087 -2.357234e-02
1164556494.814209 -2.444664e-02
1164556494.814331 -1.945469e-02
1164556494.814453 -1.209782e-02
1164556494.814575 1.328644e-04
1164556494.814697 1.203099e-02
1164556494.814819 1.719997e-02
1164556494.814941 1.509959e-02
1164556494.815063 1.684226e-02
1164556494.815186 1.735121e-02
1164556494.815308 1.327494e-02
1164556494.815430 7.816166e-03
1164556494.815552 6.527939e-04
1164556494.815674 -5.088328e-03
1164556494.815796 -1.094637e-02
1164556494.815918 -1.742587e-02
1164556494.816040 -2.063355e-02
1164556494.816162 -1.778590e-02
1164556494.816284 -1.255197e-02
1164556494.816406 -7.735477e-03
1164556494.816528 -5.740663e-04
1164556494.816650 6.578782e-03
1164556494.816772 1.409568e-02
1164556494.816895 1.951093e-02
1164556494.817017 1.872421e-02
1164556494.817139 1.326620e-02
1164556494.817261 7.961876e-03
1164556494.817383 5.742260e-03
1164556494.817505 1.081672e-03
1164556494.817627 -4.115120e-03
1164556494.817749 -8.734392e-03
1164556494.817871 -1.500653e-02
1164556494.817993 -1.704303e-02
1164556494.818115 -1.512778e-02
1164556494.818237 -1.136812e-02
1164556494.818359 -8.203931e-03
1164556494.818481 -9.834569e-04
1164556494.818604 6.384937e-03
1164556494.818726 5.350708e-03
1164556494.818848 7.445817e-03
1164556494.818970 1.419980e-02
1164556494.819092 1.745182e-02
1164556494.819214 1.763311e-02
1164556494.819336 1.421867e-02
1164556494.819458 8.546395e-03
1164556494.819580 7.971270e-04
1164556494.819702 -6.964836e-03
1164556494.819824 -1.769367e-02
1164556494.819946 -2.560308e-02
1164556494.820068 -2.218205e-02
1164556494.820190 -1.899986e-02
1164556494.820312 -1.469666e-02
1164556494.820435 -4.747242e-03
1164556494.820557 4.491451e-03
1164556494.820679 1.382791e-02
1164556494.820801 2.172882e-02
1164556494.820923 2.454131e-02
1164556494.821045 2.217446e-02
1164556494.821167 1.951781e-02
1164556494.821289 1.246891e-02
1164556494.821411 1.660088e-03
1164556494.821533 -8.309014e-03
1164556494.821655 -1.907094e-02
1164556494.821777 -2.273074e-02
1164556494.821899 -2.241493e-02
1164556494.822021 -2.401690e-02
1164556494.822144 -1.686829e-02
1164556494.822266 -4.245073e-03
1164556494.822388 3.468687e-03
1164556494.822510 9.527066e-03
1164556494.822632 1.619535e-02
1164556494.822754 2.003773e-02
1164556494.822876 2.072838e-02
1164556494.822998 1.826523e-02
1164556494.823120 1.237602e-02
1164556494.823242 5.560912e-03
1164556494.823364 2.168274e-03
1164556494.823486 -6.216323e-03
1164556494.823608 -1.897038e-02
1164556494.823730 -1.946703e-02
1164556494.823853 -1.779726e-02
1164556494.823975 -2.010072e-02
1164556494.824097 -1.505741e-02
1164556494.824219 -6.010248e-03
1164556494.824341 2.412039e-03
1164556494.824463 1.038885e-02
1164556494.824585 1.635384e-02
1164556494.824707 1.768860e-02
1164556494.824829 1.462913e-02
1164556494.824951 1.420488e-02
1164556494.825073 1.214416e-02
1164556494.825195 6.053531e-03
1164556494.825317 3.288174e-03
1164556494.825439 6.488394e-04
1164556494.825562 -1.021627e-02
1164556494.825684 -2.136695e-02
1164556494.825806 -2.087971e-02
1164556494.825928 -1.642617e-02
1164556494.826050 -1.564033e-02
1164556494.826172 -1.147839e-02
1164556494.826294 -2.598462e-03
1164556494.826416 2.803293e-03
1164556494.826538 1.161526e-02
1164556494.826660 2.125476e-02
1164556494.826782 2.260020e-02
1164556494.826904 2.160421e-02
1164556494.827026 2.171943e-02
1164556494.827148 1.145504e-02
1164556494.827271 -4.215433e-03
1164556494.827393 -1.020968e-02
1164556494.827515 -1.458843e-02
1164556494.827637 -2.272110e-02
1164556494.827759 -2.256444e-02
1164556494.827881 -1.632739e-02
1164556494.828003 -1.523787e-02
1164556494.828125 -9.829129e-03
1164556494.828247 2.957149e-03
1164556494.828369 9.827412e-03
1164556494.828491 1.252738e-02
1164556494.828613 2.007294e-02
1164556494.828735 2.385450e-02
1164556494.828857 1.669324e-02
1164556494.828979 1.132372e-02
1164556494.829102 7.367479e-03
1164556494.829224 1.551830e-04
1164556494.829346 -4.972984e-03
1164556494.829468 -9.842160e-03
1164556494.829590 -1.991046e-02
1164556494.829712 -2.671944e-02
1164556494.829834 -2.173611e-02
1164556494.829956 -1.492035e-02
1164556494.830078 -9.846919e-03
1164556494.830200 2.462291e-03
1164556494.830322 1.473084e-02
1164556494.830444 1.914663e-02
1164556494.830566 2.206803e-02
1164556494.830688 2.131748e-02
1164556494.830811 1.567416e-02
1164556494.830933 5.433672e-03
1164556494.831055 -6.847609e-04
1164556494.831177 -4.925550e-03
1164556494.831299 -9.713569e-03
1164556494.831421 -1.007516e-02
1164556494.831543 -1.089283e-02
1164556494.831665 -1.148198e-02
1164556494.831787 -1.099260e-02
1164556494.831909 -9.796402e-03
1164556494.832031 -7.028001e-03
1164556494.832153 -5.048959e-03
1164556494.832275 1.586007e-04
1164556494.832397 5.201712e-03
1164556494.832520 9.361598e-03
1164556494.832642 1.552903e-02
1164556494.832764 1.988185e-02
1164556494.832886 1.898481e-02
1164556494.833008 1.272199e-02
1164556494.833130 8.148667e-03
1164556494.833252 -1.586513e-03
1164556494.833374 -1.262501e-02
1164556494.833496 -1.452000e-02
1164556494.833618 -1.790530e-02
1164556494.833740 -2.245333e-02
1164556494.833862 -2.002206e-02
1164556494.833984 -1.213363e-02
1164556494.834106 -4.188345e-03
1164556494.834229 4.145876e-03
1164556494.834351 1.223425e-02
1164556494.834473 1.524972e-02
1164556494.834595 1.935491e-02
1164556494.834717 2.188997e-02
1164556494.834839 1.696965e-02
1164556494.834961 1.136123e-02
1164556494.835083 3.953930e-03
1164556494.835205 -2.776361e-03
1164556494.835327 -8.293465e-03
1164556494.835449 -1.418099e-02
1164556494.835571 -1.859381e-02
1164556494.835693 -2.101505e-02
1164556494.835815 -1.946064e-02
1164556494.835938 -1.875241e-02
1164556494.836060 -1.209734e-02
1164556494.836182 1.844595e-03
1164556494.836304 1.375583e-02
1164556494.836426 2.406749e-02
1164556494.836548 2.509814e-02
1164556494.836670 2.036270e-02
1164556494.836792 1.934307e-02
1164556494.836914 1.447681e-02
1164556494.837036 5.403869e-03
1164556494.837158 -2.376186e-03
1164556494.837280 -1.105350e-02
1164556494.837402 -2.204648e-02
1164556494.837524 -2.622106e-02
1164556494.837646 -2.435271e-02
1164556494.837769 -2.374946e-02
1164556494.837891 -1.391219e-02
1164556494.838013 2.089913e-03
1164556494.838135 1.134195e-02
1164556494.838257 1.496818e-02
1164556494.838379 1.848060e-02
1164556494.838501 1.894811e-02
1164556494.838623 1.729942e-02
1164556494.838745 1.553291e-02
1164556494.838867 1.192097e-02
1164556494.838989 8.794180e-03
1164556494.839111 1.692011e-03
1164556494.839233 -1.001693e-02
1164556494.839355 -2.180112e-02
1164556494.839478 -2.615788e-02
1164556494.839600 -2.344260e-02
1164556494.839722 -2.006754e-02
1164556494.839844 -1.284195e-02
1164556494.839966 -2.564169e-03
1164556494.840088 6.568705e-03
1164556494.840210 1.212836e-02
1164556494.840332 1.578165e-02
1164556494.840454 2.133385e-02
1164556494.840576 2.214276e-02
1164556494.840698 1.778762e-02
1164556494.840820 1.348158e-02
1164556494.840942 7.340436e-03
1164556494.841064 -2.920245e-04
1164556494.841187 -7.102305e-03
1164556494.841309 -1.566284e-02
1164556494.841431 -2.797204e-02
1164556494.841553 -3.035787e-02
1164556494.841675 -2.188285e-02
1164556494.841797 -1.199017e-02
1164556494.841919 -2.488104e-03
1164556494.842041 6.790219e-03
1164556494.842163 9.723543e-03
1164556494.842285 1.040784e-02
1164556494.842407 1.848986e-02
1164556494.842529 2.684792e-02
1164556494.842651 2.638430e-02
1164556494.842773 2.119514e-02
1164556494.842896 1.245210e-02
1164556494.843018 -5.681516e-04
1164556494.843140 -1.353127e-02
1164556494.843262 -2.374871e-02
1164556494.843384 -3.116190e-02
1164556494.843506 -3.261078e-02
1164556494.843628 -2.493478e-02
1164556494.843750 -1.420646e-02
1164556494.843872 -5.309102e-03
1164556494.843994 8.962751e-03
1164556494.844116 2.027291e-02
1164556494.844238 2.356483e-02
1164556494.844360 2.679414e-02
1164556494.844482 2.824046e-02
1164556494.844604 1.888504e-02
1164556494.844727 8.685133e-03
1164556494.844849 -4.247352e-04
1164556494.844971 -1.083480e-02
1164556494.845093 -1.789489e-02
1164556494.845215 -1.766393e-02
1164556494.845337 -1.567938e-02
1164556494.845459 -1.666274e-02
1164556494.845581 -1.570351e-02
1164556494.845703 -1.232738e-02
1164556494.845825 -7.974263e-03
1164556494.845947 -7.973820e-05
1164556494.846069 7.046162e-03
1164556494.846191 1.422679e-02
1164556494.846313 2.061993e-02
1164556494.846436 2.204598e-02
1164556494.846558 2.015852e-02
1164556494.846680 1.636055e-02
1164556494.846802 1.168945e-02
1164556494.846924 5.081722e-03
1164556494.847046 -6.618971e-03
1164556494.847168 -1.592245e-02
1164556494.847290 -2.157501e-02
1164556494.847412 -2.447010e-02
1164556494.847534 -2.462727e-02
1164556494.847656 -2.239603e-02
1164556494.847778 -1.752053e-02
1164556494.847900 -7.524027e-03
1164556494.848022 5.955709e-03
1164556494.848145 1.872940e-02
1164556494.848267 2.747657e-02
1164556494.848389 3.503258e-02
1164556494.848511 3.498738e-02
1164556494.848633 2.805024e-02
1164556494.848755 1.730183e-02
1164556494.848877 -1.399550e-03
1164556494.848999 -2.082998e-02
1164556494.849121 -3.031419e-02
1164556494.849243 -3.443541e-02
1164556494.849365 -3.470101e-02
1164556494.849487 -2.687895e-02
1164556494.849609 -1.360989e-02
1164556494.849731 -4.556772e-03
1164556494.849854 5.534935e-03
1164556494.849976 1.659170e-02
1164556494.850098 2.191558e-02
1164556494.850220 2.622141e-02
1164556494.850342 2.835931e-02
1164556494.850464 2.470082e-02
1164556494.850586 1.893288e-02
1164556494.850708 9.259294e-03
1164556494.850830 -5.216466e-03
1164556494.850952 -1.782606e-02
1164556494.851074 -1.804528e-02
1164556494.851196 -2.029130e-02
1164556494.851318 -2.942153e-02
1164556494.851440 -2.894652e-02
1164556494.851562 -1.873754e-02
1164556494.851685 -9.159192e-03
1164556494.851807 -1.622131e-03
1164556494.851929 1.016799e-02
1164556494.852051 2.120805e-02
1164556494.852173 2.775559e-02
1164556494.852295 3.264945e-02
1164556494.852417 2.809681e-02
1164556494.852539 1.999901e-02
1164556494.852661 1.137653e-02
1164556494.852783 -9.910204e-04
1164556494.852905 -1.315420e-02
1164556494.853027 -2.123394e-02
1164556494.853149 -2.723386e-02
1164556494.853271 -3.168929e-02
1164556494.853394 -2.832572e-02
1164556494.853516 -1.863326e-02
1164556494.853638 -1.084783e-02
1164556494.853760 -2.418572e-04
1164556494.853882 1.249423e-02
1164556494.854004 1.927253e-02
1164556494.854126 2.185437e-02
1164556494.854248 2.775082e-02
1164556494.854370 3.123518e-02
1164556494.854492 2.626457e-02
1164556494.854614 1.313262e-02
1164556494.854736 2.618055e-03
1164556494.854858 -5.789882e-03
1164556494.854980 -1.465192e-02
1164556494.855103 -2.613074e-02
1164556494.855225 -3.820650e-02
1164556494.855347 -3.876070e-02
1164556494.855469 -2.844536e-02
1164556494.855591 -1.769456e-02
1164556494.855713 -4.692603e-03
1164556494.855835 1.329847e-02
1164556494.855957 2.938493e-02
1164556494.856079 3.322677e-02
1164556494.856201 3.278038e-02
1164556494.856323 2.983522e-02
1164556494.856445 2.330348e-02
1164556494.856567 1.567532e-02
1164556494.856689 4.332694e-03
1164556494.856812 -5.867917e-03
1164556494.856934 -1.367185e-02
1164556494.857056 -2.591250e-02
1164556494.857178 -3.956799e-02
1164556494.857300 -4.319798e-02
1164556494.857422 -3.598902e-02
1164556494.857544 -2.549593e-02
1164556494.857666 -8.665823e-03
1164556494.857788 7.035945e-03
1164556494.857910 2.638161e-02
1164556494.858032 4.382980e-02
1164556494.858154 4.869240e-02
1164556494.858276 4.651111e-02
1164556494.858398 3.889638e-02
1164556494.858521 2.156062e-02
1164556494.858643 -2.495675e-03
1164556494.858765 -2.175506e-02
1164556494.858887 -3.497314e-02
1164556494.859009 -4.692464e-02
1164556494.859131 -4.753044e-02
1164556494.859253 -4.080024e-02
1164556494.859375 -3.065140e-02
1164556494.859497 -1.344848e-02
1164556494.859619 6.566679e-03
1164556494.859741 2.280024e-02
1164556494.859863 3.969007e-02
1164556494.859985 4.858732e-02
1164556494.860107 4.003004e-02
1164556494.860229 2.732967e-02
1164556494.860352 2.144192e-02
1164556494.860474 1.106841e-02
1164556494.860596 -3.675743e-03
1164556494.860718 -1.799676e-02
1164556494.860840 -2.809771e-02
1164556494.860962 -3.520093e-02
1164556494.861084 -3.803537e-02
1164556494.861206 -3.649572e-02
1164556494.861328 -2.896639e-02
1164556494.861450 -1.721722e-02
1164556494.861572 2.894873e-03
1164556494.861694 1.569891e-02
1164556494.861816 2.437982e-02
1164556494.861938 4.029929e-02
1164556494.862061 4.612144e-02
1164556494.862183 3.955107e-02
1164556494.862305 3.013711e-02
1164556494.862427 1.545860e-02
1164556494.862549 -2.132130e-03
1164556494.862671 -1.756817e-02
1164556494.862793 -2.801265e-02
1164556494.862915 -4.225841e-02
1164556494.863037 -4.591967e-02
1164556494.863159 -3.574816e-02
1164556494.863281 -2.954944e-02
1164556494.863403 -1.965351e-02
1164556494.863525 1.289258e-03
1164556494.863647 1.988870e-02
1164556494.863770 3.034454e-02
1164556494.863892 3.824911e-02
1164556494.864014 4.245835e-02
1164556494.864136 3.655102e-02
1164556494.864258 3.335047e-02
1164556494.864380 2.183214e-02
1164556494.864502 1.418693e-03
1164556494.864624 -1.449968e-02
1164556494.864746 -2.657584e-02
1164556494.864868 -3.979131e-02
1164556494.864990 -5.168689e-02
1164556494.865112 -4.973798e-02
1164556494.865234 -3.360944e-02
1164556494.865356 -1.892746e-02
1164556494.865479 -2.079555e-03
1164556494.865601 1.835825e-02
1164556494.865723 3.556241e-02
1164556494.865845 4.622555e-02
1164556494.865967 5.064909e-02
1164556494.866089 4.324154e-02
1164556494.866211 2.866909e-02
1164556494.866333 1.722338e-02
1164556494.866455 3.332370e-03
1164556494.866577 -1.830692e-02
1164556494.866699 -3.301432e-02
1164556494.866821 -3.992587e-02
1164556494.866943 -4.463618e-02
1164556494.867065 -4.683929e-02
1164556494.867188 -3.835745e-02
1164556494.867310 -2.347005e-02
1164556494.867432 -4.631244e-03
1164556494.867554 1.712806e-02
1164556494.867676 3.570152e-02
1164556494.867798 4.462158e-02
1164556494.867920 4.997620e-02
1164556494.868042 4.847661e-02
1164556494.868164 3.627045e-02
1164556494.868286 1.993525e-02
1164556494.868408 7.230270e-03
1164556494.868530 -9.317695e-03
1164556494.868652 -3.103469e-02
1164556494.868774 -4.959892e-02
1164556494.868896 -5.670923e-02
1164556494.869019 -5.696385e-02
1164556494.869141 -4.443393e-02
1164556494.869263 -2.192105e-02
1164556494.869385 8.617264e-04
1164556494.869507 2.006060e-02
1164556494.869629 3.606139e-02
1164556494.869751 4.796284e-02
1164556494.869873 5.212477e-02
1164556494.869995 5.122082e-02
1164556494.870117 4.457393e-02
1164556494.870239 2.679383e-02
1164556494.870361 4.982428e-03
1164556494.870483 -1.579127e-02
1164556494.870605 -3.408966e-02
1164556494.870728 -5.642394e-02
1164556494.870850 -6.393102e-02
1164556494.870972 -5.519857e-02
1164556494.871094 -4.204085e-02
1164556494.871216 -2.210291e-02
1164556494.871338 3.803074e-03
1164556494.871460 2.219501e-02
1164556494.871582 3.419986e-02
1164556494.871704 4.605548e-02
1164556494.871826 5.248576e-02
1164556494.871948 4.455038e-02
1164556494.872070 4.118831e-02
1164556494.872192 3.553234e-02
1164556494.872314 1.589817e-02
1164556494.872437 -8.413909e-03
1164556494.872559 -2.776835e-02
1164556494.872681 -4.962228e-02
1164556494.872803 -6.514388e-02
1164556494.872925 -6.696405e-02
1164556494.873047 -5.676625e-02
1164556494.873169 -3.639306e-02
1164556494.873291 -1.015181e-02
1164556494.873413 1.522642e-02
1164556494.873535 3.658016e-02
1164556494.873657 5.259413e-02
1164556494.873779 6.773586e-02
1164556494.873901 6.833513e-02
1164556494.874023 5.490814e-02
1164556494.874146 3.543294e-02
1164556494.874268 1.823185e-02
1164556494.874390 -7.001827e-03
1164556494.874512 -3.610593e-02
1164556494.874634 -5.550109e-02
1164556494.874756 -7.081928e-02
1164556494.874878 -8.041616e-02
1164556494.875000 -6.911954e-02
1164556494.875122 -4.979042e-02
1164556494.875244 -2.265501e-02
1164556494.875366 1.302237e-02
1164556494.875488 5.003647e-02
1164556494.875610 7.239435e-02
1164556494.875732 8.413624e-02
1164556494.875854 8.597302e-02
1164556494.875977 7.172515e-02
1164556494.876099 4.294344e-02
1164556494.876221 1.253969e-02
1164556494.876343 -2.019975e-02
1164556494.876465 -5.304101e-02
1164556494.876587 -7.776190e-02
1164556494.876709 -8.470215e-02
1164556494.876831 -8.487792e-02
1164556494.876953 -7.323207e-02
1164556494.877075 -4.578583e-02
1164556494.877197 -7.876785e-03
1164556494.877319 2.529186e-02
1164556494.877441 5.493063e-02
1164556494.877563 7.510535e-02
1164556494.877686 8.506374e-02
1164556494.877808 8.537149e-02
1164556494.877930 7.506556e-02
1164556494.878052 4.321406e-02
1164556494.878174 1.358686e-02
1164556494.878296 -1.208068e-02
1164556494.878418 -4.335586e-02
1164556494.878540 -7.983779e-02
1164556494.878662 -1.002707e-01
1164556494.878784 -1.015805e-01
1164556494.878906 -8.300010e-02
1164556494.879028 -5.311461e-02
1164556494.879150 -1.544492e-02
1164556494.879272 2.195215e-02
1164556494.879395 5.845727e-02
1164556494.879517 8.098159e-02
1164556494.879639 9.357832e-02
1164556494.879761 1.011824e-01
1164556494.879883 9.492904e-02
1164556494.880005 6.501165e-02
1164556494.880127 2.784080e-02
1164556494.880249 -1.801720e-02
1164556494.880371 -5.959712e-02
1164556494.880493 -9.276826e-02
1164556494.880615 -1.098193e-01
1164556494.880737 -1.176272e-01
1164556494.880859 -1.022603e-01
1164556494.880981 -6.994219e-02
1164556494.881104 -2.828534e-02
1164556494.881226 1.525615e-02
1164556494.881348 6.594379e-02
1164556494.881470 1.022863e-01
1164556494.881592 1.269232e-01
1164556494.881714 1.300821e-01
1164556494.881836 1.119350e-01
1164556494.881958 5.304475e-02
1164556494.882080 6.169136e-04
1164556494.882202 -5.043422e-02
1164556494.882324 1.194491e-02
1164556494.882446 -9.981246e-03
1164556494.882568 -1.073107e-01
1164556494.882690 -1.614989e-01
1164556494.882812 -1.867921e-01
1164556494.882935 -1.580258e-01
1164556494.883057 -1.052025e-01
1164556494.883179 -2.439830e-02
1164556494.883301 6.673687e-02
1164556494.883423 1.485864e-01
1164556494.883545 1.962263e-01
1164556494.883667 2.216930e-01
1164556494.883789 2.185530e-01
1164556494.883911 1.699406e-01
1164556494.884033 8.747632e-02
1164556494.884155 -4.413437e-03
1164556494.884277 -1.062838e-01
1164556494.884399 -1.969513e-01
1164556494.884521 -2.656724e-01
1164556494.884644 -2.944548e-01
1164556494.884766 -2.759788e-01
1164556494.884888 -2.078616e-01
1164556494.885010 -9.497225e-02
1164556494.885132 4.618721e-02
1164556494.885254 2.127333e-01
1164556494.885376 3.726583e-01
1164556494.885498 4.579546e-01
1164556494.885620 3.996425e-01
1164556494.885742 2.397731e-01
1164556494.885864 6.060679e-02
1164556494.885986 -1.107120e-01
1164556494.886108 -2.459106e-01
1164556494.886230 -3.360821e-01
1164556494.886353 -3.751427e-01
1164556494.886475 -3.507481e-01
1164556494.886597 -2.753887e-01
1164556494.886719 -1.588686e-01
1164556494.886841 -1.131332e-02
1164556494.886963 1.377816e-01
1164556494.887085 2.677505e-01
1164556494.887207 3.559942e-01
1164556494.887329 3.862553e-01
1164556494.887451 3.471043e-01
1164556494.887573 2.527350e-01
1164556494.887695 1.228412e-01
1164556494.887817 -3.587851e-02
1164556494.887939 -1.861965e-01
1164556494.888062 -3.094499e-01
1164556494.888184 -3.933209e-01
1164556494.888306 -4.079077e-01
1164556494.888428 -3.522593e-01
1164556494.888550 -2.407701e-01
1164556494.888672 -8.381849e-02
1164556494.888794 9.670513e-02
1164556494.888916 2.610561e-01
1164556494.889038 3.783462e-01
1164556494.889160 4.437044e-01
1164556494.889282 4.292248e-01
1164556494.889404 3.365492e-01
1164556494.889526 1.890709e-01
1164556494.889648 7.599528e-03
1164556494.889771 -1.797322e-01
1164556494.889893 -3.339811e-01
1164556494.890015 -4.297758e-01
1164556494.890137 -4.582008e-01
1164556494.890259 -4.143621e-01
1164556494.890381 -2.986103e-01
1164556494.890503 -1.346592e-01
1164556494.890625 5.626925e-02
1164556494.890747 2.393650e-01
1164556494.890869 3.844648e-01
1164556494.890991 4.663863e-01
1164556494.891113 4.755669e-01
1164556494.891235 4.107843e-01
1164556494.891357 2.781092e-01
1164556494.891479 9.189509e-02
1164556494.891602 -1.087591e-01
1164556494.891724 -3.029017e-01
1164556494.891846 -4.589817e-01
1164556494.891968 -5.361504e-01
1164556494.892090 -5.190445e-01
1164556494.892212 -4.225066e-01
1164556494.892334 -2.515724e-01
1164556494.892456 -2.953625e-02
1164556494.892578 2.033421e-01
1164556494.892700 4.137332e-01
1164556494.892822 5.721689e-01
1164556494.892944 6.308249e-01
1164556494.893066 5.774893e-01
1164556494.893188 4.218353e-01
1164556494.893311 1.795901e-01
1164556494.893433 -1.101688e-01
1164556494.893555 -3.854376e-01
1164556494.893677 -6.018458e-01
1164556494.893799 -7.201229e-01
1164556494.893921 -7.102343e-01
1164556494.894043 -5.637515e-01
1164556494.894165 -3.127134e-01
1164556494.894287 1.183905e-02
1164556494.894409 3.463686e-01
1164556494.894531 6.259625e-01
1164556494.894653 7.943983e-01
1164556494.894775 8.188939e-01
1164556494.894897 6.833732e-01
1164556494.895020 4.125232e-01
1164556494.895142 5.619512e-02
1164556494.895264 -3.136514e-01
1164556494.895386 -6.347296e-01
1164556494.895508 -8.367998e-01
1164556494.895630 -8.841081e-01
1164556494.895752 -7.632795e-01
1164556494.895874 -4.906765e-01
1164556494.895996 -1.151045e-01
1164556494.896118 2.847059e-01
1164556494.896240 6.381859e-01
1164556494.896362 8.736500e-01
1164556494.896484 9.402598e-01
1164556494.896606 8.140193e-01
1164556494.896729 5.265464e-01
1164556494.896851 1.291938e-01
1164556494.896973 -2.966119e-01
1164556494.897095 -6.669608e-01
1164556494.897217 -9.071613e-01
1164556494.897339 -9.686475e-01
1164556494.897461 -8.232679e-01
1164556494.897583 -5.025865e-01
1164556494.897705 -7.108231e-02
1164556494.897827 3.743216e-01
1164556494.897949 7.462256e-01
1164556494.898071 9.577260e-01
1164556494.898193 9.624270e-01
1164556494.898315 7.461797e-01
1164556494.898438 3.566405e-01
1164556494.898560 -1.202805e-01
1164556494.898682 -5.666037e-01
1164556494.898804 -8.800532e-01
1164556494.898926 -9.721028e-01
1164556494.899048 -8.217343e-01
1164556494.899170 -4.606605e-01
1164556494.899292 8.862208e-03
1164556494.899414 4.708920e-01
1164556494.899536 7.978492e-01
1164556494.899658 9.061674e-01
1164556494.899780 7.553386e-01
1164556494.899902 3.963629e-01
1164556494.900024 -7.806298e-02
1164556494.900146 -5.168343e-01
1164556494.900269 -7.973079e-01
1164556494.900391 -8.266148e-01
1164556494.900513 -5.956350e-01
1164556494.900635 -1.639462e-01
1164556494.900757 3.218675e-01
1164556494.900879 7.101388e-01
1164556494.901001 8.623307e-01
1164556494.901123 7.250661e-01
1164556494.901245 3.227772e-01
1164556494.901367 -2.032931e-01
1164556494.901489 -6.910141e-01
1164556494.901611 -9.480708e-01
1164556494.901733 -8.760295e-01
1164556494.901855 -4.745058e-01
1164556494.901978 1.189453e-01
1164556494.902100 7.042470e-01
1164556494.902222 1.035829e+00
1164556494.902344 9.793183e-01
1164556494.902466 5.216709e-01
1164556494.902588 -1.584525e-01
1164556494.902710 -7.927022e-01
1164556494.902832 -1.066208e+00
1164556494.902954 -8.435320e-01
1164556494.903076 -1.837269e-01
1164556494.903198 5.659898e-01
1164556494.903320 1.000726e+00
1164556494.903442 7.895366e-01
1164556494.903564 1.339327e-02
1164556494.903687 -8.403302e-01
1164556494.903809 -1.031462e+00
1164556494.903931 -2.539322e-01
1164556494.904053 8.493179e-01
1164556494.904175 8.996906e-01
1164556494.904297 -1.695655e-01
1164556494.904419 -5.236574e-01
1164556494.904541 1.984705e-01
1164556494.904663 2.883185e-02
1164556494.904785 4.414326e-02
1164556494.904907 -1.793216e-01
1164556494.905029 -2.347376e-01
1164556494.905151 5.319669e-01
1164556494.905273 -4.378873e-02
1164556494.905396 -7.431045e-01
1164556494.905518 -1.766229e-01
1164556494.905640 6.492035e-01
1164556494.905762 9.542725e-02
1164556494.905884 -4.022524e-01
1164556494.906006 2.894911e-01
1164556494.906128 8.967982e-02
1164556494.906250 -1.100019e-01
1164556494.906372 3.446390e-01
1164556494.906494 -7.911535e-02
1164556494.906616 -2.825709e-01
1164556494.906738 1.849250e-01
1164556494.906860 1.678942e-01
1164556494.906982 -3.907463e-01
1164556494.907104 -6.311627e-02
1164556494.907227 1.977275e-01
1164556494.907349 -3.034778e-01
1164556494.907471 2.676387e-02
1164556494.907593 2.484077e-01
1164556494.907715 -1.778902e-01
1164556494.907837 -1.056831e-01
1164556494.907959 3.032023e-01
1164556494.908081 1.372577e-01
1164556494.908203 -2.076235e-01
1164556494.908325 1.206658e-01
1164556494.908447 1.853801e-01
1164556494.908569 -2.138145e-01
1164556494.908691 -7.277616e-02
1164556494.908813 2.001012e-01
1164556494.908936 -9.359374e-02
1164556494.909058 -2.537519e-01
1164556494.909180 9.326978e-02
1164556494.909302 5.423789e-02
1164556494.909424 -2.384469e-01
1164556494.909546 6.124452e-02
1164556494.909668 1.890334e-01
1164556494.909790 -1.028275e-01
1164556494.909912 -3.203962e-02
1164556494.910034 2.163115e-01
1164556494.910156 4.070490e-02
1164556494.910278 -9.961508e-02
1164556494.910400 1.188814e-01
1164556494.910522 6.003189e-02
1164556494.910645 -1.692772e-01
1164556494.910767 -2.908239e-02
1164556494.910889 7.845580e-02
1164556494.911011 -9.632932e-02
1164556494.911133 -1.176255e-01
1164556494.911255 6.387074e-02
1164556494.911377 5.613494e-03
1164556494.911499 -1.049363e-01
1164556494.911621 4.075758e-02
1164556494.911743 1.119971e-01
1164556494.911865 -2.911622e-02
1164556494.911987 -1.225613e-02
1164556494.912109 1.251884e-01
1164556494.912231 3.842745e-02
1164556494.912354 -6.971683e-02
1164556494.912476 6.180494e-02
1164556494.912598 5.164251e-02
1164556494.912720 -1.138428e-01
1164556494.912842 -2.996448e-02
1164556494.912964 5.634876e-02
1164556494.913086 -1.100646e-01
1164556494.913208 -1.002135e-01
1164556494.913330 7.860556e-02
1164556494.913452 -8.095606e-03
1164556494.913574 -1.017111e-01
1164556494.913696 8.961347e-02
1164556494.913818 1.009423e-01
1164556494.913940 -6.807430e-02
1164556494.914062 4.297503e-02
1164556494.914185 1.459662e-01
1164556494.914307 -3.557145e-02
1164556494.914429 -5.250550e-02
1164556494.914551 8.921230e-02
1164556494.914673 -3.056774e-02
1164556494.914795 -1.353870e-01
1164556494.914917 2.731507e-02
1164556494.915039 1.880830e-02
1164556494.915161 -1.208168e-01
1164556494.915283 -6.423682e-03
1164556494.915405 7.562483e-02
1164556494.915527 -6.696419e-02
1164556494.915649 -3.123040e-02
1164556494.915771 1.165796e-01
1164556494.915894 1.957764e-02
1164556494.916016 -4.893660e-02
1164556494.916138 9.269500e-02
1164556494.916260 6.268255e-02
1164556494.916382 -7.203142e-02
1164556494.916504 1.889933e-02
1164556494.916626 7.282186e-02
1164556494.916748 -6.987786e-02
1164556494.916870 -5.684079e-02
1164556494.916992 5.312819e-02
1164556494.917114 -4.580883e-02
1164556494.917236 -9.953933e-02
1164556494.917358 2.316197e-02
1164556494.917480 -1.143678e-02
1164556494.917603 -1.134577e-01
1164556494.917725 3.263839e-03
1164556494.917847 7.575771e-02
1164556494.917969 6.122680e-03
1164556494.918091 9.433853e-02
1164556494.918213 2.413544e-01
1164556494.918335 6.820434e-02
1164556494.918457 -6.552954e-02
1164556494.918579 -7.951888e-02
1164556494.918701 -9.408529e-02
1164556494.918823 -8.213925e-02
1164556494.918945 -7.612909e-02
1164556494.919067 -4.709127e-02
1164556494.919189 -2.108724e-02
1164556494.919312 3.965586e-03
1164556494.919434 2.395796e-02
1164556494.919556 4.631310e-02
1164556494.919678 4.858530e-02
1164556494.919800 5.333797e-02
1164556494.919922 5.355580e-02
1164556494.920044 4.609564e-02
1164556494.920166 2.542627e-02
1164556494.920288 7.992445e-03
1164556494.920410 -1.899979e-02
1164556494.920532 -4.000253e-02
1164556494.920654 -5.237031e-02
1164556494.920776 -5.376410e-02
1164556494.920898 -5.137916e-02
1164556494.921021 -3.545733e-02
1164556494.921143 -2.038098e-02
1164556494.921265 6.744022e-06
1164556494.921387 1.729170e-02
1164556494.921509 3.323152e-02
1164556494.921631 4.405419e-02
1164556494.921753 4.989031e-02
1164556494.921875 4.673921e-02
1164556494.921997 3.859819e-02
1164556494.922119 1.570849e-02
1164556494.922241 -1.418529e-03
1164556494.922363 -1.688083e-02
1164556494.922485 -3.003172e-02
1164556494.922607 -4.361531e-02
1164556494.922729 -4.590085e-02
1164556494.922852 -4.244826e-02
1164556494.922974 -3.489884e-02
1164556494.923096 -1.665858e-02
1164556494.923218 4.345994e-03
1164556494.923340 1.550204e-02
1164556494.923462 3.189166e-02
1164556494.923584 4.158112e-02
1164556494.923706 4.269295e-02
1164556494.923828 3.517925e-02
1164556494.923950 2.896642e-02
1164556494.924072 1.215707e-02
1164556494.924194 -3.286562e-03
1164556494.924316 -1.343764e-02
1164556494.924438 -2.722586e-02
1164556494.924561 -3.738232e-02
1164556494.924683 -3.232259e-02
1164556494.924805 -3.024294e-02
1164556494.924927 -2.384248e-02
1164556494.925049 -1.827407e-02
1164556494.925171 -5.430501e-03
1164556494.925293 6.617480e-03
1164556494.925415 2.121896e-02
1164556494.925537 3.380019e-02
1164556494.925659 3.523901e-02
1164556494.925781 3.530526e-02
1164556494.925903 3.442100e-02
1164556494.926025 1.679558e-02
1164556494.926147 2.140275e-03
1164556494.926270 -7.766004e-03
1164556494.926392 -1.569370e-02
1164556494.926514 -3.284828e-02
1164556494.926636 -4.339098e-02
1164556494.926758 -4.114304e-02
1164556494.926880 -3.194558e-02
1164556494.927002 -1.764232e-02
1164556494.927124 -1.660893e-03
1164556494.927246 1.297301e-02
1164556494.927368 2.987672e-02
1164556494.927490 3.829974e-02
1164556494.927612 3.677181e-02
1164556494.927734 2.585073e-02
1164556494.927856 2.253335e-02
1164556494.927979 1.367525e-02
1164556494.928101 4.020167e-03
1164556494.928223 -4.402101e-03
1164556494.928345 -1.832111e-02
1164556494.928467 -3.370529e-02
1164556494.928589 -4.025961e-02
1164556494.928711 -3.712459e-02
1164556494.928833 -2.616198e-02
1164556494.928955 -1.227710e-02
1164556494.929077 3.988534e-03
1164556494.929199 1.203052e-02
1164556494.929321 2.037519e-02
1164556494.929443 2.719913e-02
1164556494.929565 3.226701e-02
1164556494.929688 3.212533e-02
1164556494.929810 2.944070e-02
1164556494.929932 1.480426e-02
1164556494.930054 -2.793385e-03
1164556494.930176 -1.295649e-02
1164556494.930298 -2.223021e-02
1164556494.930420 -3.159199e-02
1164556494.930542 -3.206631e-02
1164556494.930664 -2.756947e-02
1164556494.930786 -1.653778e-02
1164556494.930908 -6.265584e-03
1164556494.931030 1.700324e-04
1164556494.931152 2.379775e-03
1164556494.931274 1.430963e-02
1164556494.931396 2.630157e-02
1164556494.931519 2.583551e-02
1164556494.931641 2.357466e-02
1164556494.931763 2.861434e-02
1164556494.931885 2.211139e-02
1164556494.932007 6.789090e-03
1164556494.932129 -8.841666e-03
1164556494.932251 -2.082232e-02
1164556494.932373 -3.291444e-02
1164556494.932495 -3.359123e-02
1164556494.932617 -3.098634e-02
1164556494.932739 -2.488645e-02
1164556494.932861 -8.452445e-03
1164556494.932983 1.037067e-02
1164556494.933105 1.350737e-02
1164556494.933228 1.855709e-02
1164556494.933350 2.521575e-02
1164556494.933472 2.288580e-02
1164556494.933594 1.711091e-02
1164556494.933716 1.652833e-02
1164556494.933838 8.383075e-03
1164556494.933960 1.264242e-05
1164556494.934082 -2.737945e-03
1164556494.934204 -7.176657e-03
1164556494.934326 -1.934848e-02
1164556494.934448 -2.598480e-02
1164556494.934570 -2.658632e-02
1164556494.934692 -2.182220e-02
1164556494.934814 -1.264617e-02
1164556494.934937 2.160765e-03
1164556494.935059 9.025975e-03
1164556494.935181 1.248848e-02
1164556494.935303 1.769982e-02
1164556494.935425 1.977652e-02
1164556494.935547 1.456080e-02
1164556494.935669 1.310507e-02
1164556494.935791 1.464385e-02
1164556494.935913 1.300670e-02
1164556494.936035 3.194824e-03
1164556494.936157 -3.739421e-03
1164556494.936279 -1.519871e-02
1164556494.936401 -2.383436e-02
1164556494.936523 -2.630036e-02
1164556494.936646 -2.758582e-02
1164556494.936768 -2.157284e-02
1164556494.936890 -8.078899e-03
1164556494.937012 2.806648e-03
1164556494.937134 1.077352e-02
1164556494.937256 1.652539e-02
1164556494.937378 2.451014e-02
1164556494.937500 2.658447e-02
1164556494.937622 2.606178e-02
1164556494.937744 1.866507e-02
1164556494.937866 1.070835e-02
1164556494.937988 3.763614e-03
1164556494.938110 -9.179301e-03
1164556494.938232 -2.475949e-02
1164556494.938354 -3.051113e-02
1164556494.938477 -3.194576e-02
1164556494.938599 -2.728238e-02
1164556494.938721 -1.533237e-02
1164556494.938843 -3.310945e-03
1164556494.938965 2.098601e-03
1164556494.939087 1.346360e-02
1164556494.939209 2.095022e-02
1164556494.939331 2.543261e-02
1164556494.939453 2.868076e-02
1164556494.939575 3.044948e-02
1164556494.939697 2.111010e-02
1164556494.939819 6.395753e-03
1164556494.939941 -8.519271e-03
1164556494.940063 -2.197985e-02
1164556494.940186 -2.976086e-02
1164556494.940308 -3.054880e-02
1164556494.940430 -2.631423e-02
1164556494.940552 -1.700603e-02
1164556494.940674 -7.859610e-03
1164556494.940796 3.792957e-03
1164556494.940918 1.157164e-02
1164556494.941040 1.650784e-02
1164556494.941162 1.886368e-02
1164556494.941284 2.078293e-02
1164556494.941406 1.604278e-02
1164556494.941528 9.989059e-03
1164556494.941650 8.694946e-03
1164556494.941772 4.551553e-03
1164556494.941895 -4.377442e-03
1164556494.942017 -7.786280e-03
1164556494.942139 -1.066568e-02
1164556494.942261 -1.465718e-02
1164556494.942383 -1.940240e-02
1164556494.942505 -1.867676e-02
1164556494.942627 -1.644304e-02
1164556494.942749 -9.855940e-03
1164556494.942871 -6.319887e-04
1164556494.942993 6.919670e-03
1164556494.943115 1.225762e-02
1164556494.943237 2.143097e-02
1164556494.943359 2.727604e-02
1164556494.943481 2.365640e-02
1164556494.943604 1.426851e-02
1164556494.943726 1.004403e-02
1164556494.943848 4.185517e-04
1164556494.943970 -1.338194e-02
1164556494.944092 -2.293637e-02
1164556494.944214 -2.543674e-02
1164556494.944336 -2.217391e-02
1164556494.944458 -1.478537e-02
1164556494.944580 -9.185133e-03
1164556494.944702 -4.522121e-03
1164556494.944824 1.922102e-03
1164556494.944946 1.146449e-02
1164556494.945068 1.477310e-02
1164556494.945190 1.325469e-02
1164556494.945312 1.553332e-02
1164556494.945435 2.008868e-02
1164556494.945557 1.514596e-02
1164556494.945679 7.319664e-03
1164556494.945801 1.580079e-03
1164556494.945923 -1.879136e-03
1164556494.946045 -1.136810e-02
1164556494.946167 -1.860909e-02
1164556494.946289 -2.292240e-02
1164556494.946411 -2.457389e-02
1164556494.946533 -1.904513e-02
1164556494.946655 -8.713974e-03
1164556494.946777 -2.815950e-03
1164556494.946899 4.755163e-03
1164556494.947021 1.670816e-02
1164556494.947144 2.416134e-02
1164556494.947266 2.337765e-02
1164556494.947388 2.605078e-02
1164556494.947510 2.198162e-02
1164556494.947632 1.117890e-02
1164556494.947754 -3.722356e-03
1164556494.947876 -1.888039e-02
1164556494.947998 -2.321342e-02
1164556494.948120 -2.295803e-02
1164556494.948242 -2.024430e-02
1164556494.948364 -1.441118e-02
1164556494.948486 -1.407780e-02
1164556494.948608 -6.344552e-03
1164556494.948730 4.039036e-03
1164556494.948853 1.077124e-02
1164556494.948975 1.190070e-02
1164556494.949097 1.919206e-02
1164556494.949219 2.624401e-02
1164556494.949341 2.050513e-02
1164556494.949463 1.179217e-02
1164556494.949585 7.434251e-03
1164556494.949707 -1.963223e-03
1164556494.949829 -1.195934e-02
1164556494.949951 -2.015768e-02
1164556494.950073 -2.507313e-02
1164556494.950195 -2.633054e-02
1164556494.950317 -1.285780e-02
1164556494.950439 -1.874720e-03
1164556494.950562 4.715229e-04
1164556494.950684 7.059907e-03
1164556494.950806 1.333068e-02
1164556494.950928 9.646029e-03
1164556494.951050 8.417215e-03
1164556494.951172 1.315935e-02
1164556494.951294 1.295665e-02
1164556494.951416 4.664386e-03
1164556494.951538 4.600963e-03
1164556494.951660 7.588139e-03
1164556494.951782 -1.259233e-03
1164556494.951904 -1.001615e-02
1164556494.952026 -8.981040e-03
1164556494.952148 -1.410235e-02
1164556494.952271 -1.556403e-02
1164556494.952393 -1.222239e-02
1164556494.952515 -1.390602e-02
1164556494.952637 -1.440515e-02
1164556494.952759 -4.790155e-04
1164556494.952881 1.033467e-02
1164556494.953003 1.369309e-02
1164556494.953125 2.368965e-02
1164556494.953247 2.971507e-02
1164556494.953369 1.849511e-02
1164556494.953491 9.693264e-03
1164556494.953613 6.424577e-03
1164556494.953735 -2.325112e-03
1164556494.953857 -1.711055e-02
1164556494.953979 -2.532846e-02
1164556494.954102 -2.753472e-02
1164556494.954224 -2.214697e-02
1164556494.954346 -1.267986e-02
1164556494.954468 -6.568077e-03
1164556494.954590 4.992761e-04
1164556494.954712 1.094398e-02
1164556494.954834 1.951355e-02
1164556494.954956 2.000220e-02
1164556494.955078 1.538750e-02
1164556494.955200 1.610632e-02
1164556494.955322 1.228844e-02
1164556494.955444 3.381215e-03
1164556494.955566 -4.884123e-03
1164556494.955688 -4.641215e-03
1164556494.955811 -7.882769e-03
1164556494.955933 -1.466937e-02
1164556494.956055 -1.447254e-02
1164556494.956177 -1.340928e-02
1164556494.956299 -1.378412e-02
1164556494.956421 -9.966588e-03
1164556494.956543 -5.749617e-03
1164556494.956665 8.862832e-04
1164556494.956787 9.087578e-03
1164556494.956909 1.872379e-02
1164556494.957031 1.979094e-02
1164556494.957153 1.580969e-02
1164556494.957275 1.205468e-02
1164556494.957397 8.813961e-03
1164556494.957520 4.350974e-03
1164556494.957642 1.121709e-03
1164556494.957764 -5.543367e-03
1164556494.957886 -1.370733e-02
1164556494.958008 -1.727132e-02
1164556494.958130 -1.810063e-02
1164556494.958252 -2.322649e-02
1164556494.958374 -2.216612e-02
1164556494.958496 -7.495673e-03
1164556494.958618 6.961865e-03
1164556494.958740 1.233034e-02
1164556494.958862 1.919695e-02
1164556494.958984 2.538840e-02
1164556494.959106 2.603666e-02
1164556494.959229 1.971852e-02
1164556494.959351 1.131451e-02
1164556494.959473 -1.734797e-04
1164556494.959595 -8.740239e-03
1164556494.959717 -1.423698e-02
1164556494.959839 -2.126759e-02
1164556494.959961 -2.255350e-02
1164556494.960083 -1.737177e-02
1164556494.960205 -1.630831e-02
1164556494.960327 -1.197293e-02
1164556494.960449 -1.152270e-03
1164556494.960571 8.809510e-03
1164556494.960693 1.065753e-02
1164556494.960815 1.721750e-02
1164556494.960938 2.443229e-02
1164556494.961060 2.276409e-02
1164556494.961182 1.857677e-02
1164556494.961304 1.239244e-02
1164556494.961426 2.618170e-04
1164556494.961548 -1.145329e-02
1164556494.961670 -1.756100e-02
1164556494.961792 -2.139358e-02
1164556494.961914 -2.527668e-02
1164556494.962036 -1.926179e-02
1164556494.962158 -1.339723e-02
1164556494.962280 -7.256448e-03
1164556494.962402 3.818952e-03
1164556494.962524 1.142100e-02
1164556494.962646 1.624908e-02
1164556494.962769 2.339791e-02
1164556494.962891 2.190219e-02
1164556494.963013 1.358692e-02
1164556494.963135 5.700710e-03
1164556494.963257 2.944527e-03
1164556494.963379 -2.144181e-03
1164556494.963501 -6.685261e-03
1164556494.963623 -1.056456e-02
1164556494.963745 -1.583384e-02
1164556494.963867 -1.865786e-02
1164556494.963989 -1.646674e-02
1164556494.964111 -1.358961e-02
1164556494.964233 -5.524031e-03
1164556494.964355 3.239953e-03
1164556494.964478 9.491324e-03
1164556494.964600 1.387314e-02
1164556494.964722 1.641041e-02
1164556494.964844 1.612895e-02
1164556494.964966 1.157448e-02
1164556494.965088 4.959550e-03
1164556494.965210 4.465597e-03
1164556494.965332 3.677680e-03
1164556494.965454 1.826614e-04
1164556494.965576 -6.240598e-03
1164556494.965698 -1.483275e-02
1164556494.965820 -2.385687e-02
1164556494.965942 -2.173969e-02
1164556494.966064 -1.206410e-02
1164556494.966187 -2.166028e-03
1164556494.966309 4.123012e-03
1164556494.966431 9.063500e-03
1164556494.966553 9.801116e-03
1164556494.966675 1.196406e-02
1164556494.966797 1.425674e-02
1164556494.966919 1.199825e-02
1164556494.967041 8.978201e-03
1164556494.967163 9.006027e-03
1164556494.967285 3.892375e-03
1164556494.967407 -2.336554e-03
1164556494.967529 -6.091036e-03
1164556494.967651 -1.229867e-02
1164556494.967773 -2.000907e-02
1164556494.967896 -2.058620e-02
1164556494.968018 -1.714558e-02
1164556494.968140 -1.015264e-02
1164556494.968262 -2.396671e-04
1164556494.968384 9.992136e-03
1164556494.968506 1.490261e-02
1164556494.968628 1.765046e-02
1164556494.968750 1.666923e-02
1164556494.968872 1.430464e-02
1164556494.968994 1.267861e-02
1164556494.969116 9.629489e-03
1164556494.969238 -5.807215e-04
1164556494.969360 -1.052709e-02
1164556494.969482 -1.651467e-02
1164556494.969604 -1.937097e-02
1164556494.969727 -1.968813e-02
1164556494.969849 -1.324295e-02
1164556494.969971 -5.009536e-03
1164556494.970093 2.880599e-03
1164556494.970215 7.866002e-03
1164556494.970337 1.022255e-02
1164556494.970459 7.160820e-03
1164556494.970581 7.160087e-03
1164556494.970703 9.885939e-03
1164556494.970825 6.984646e-03
1164556494.970947 6.845381e-03
1164556494.971069 8.440141e-03
1164556494.971191 2.659166e-03
1164556494.971313 -5.672844e-03
1164556494.971436 -1.082321e-02
1164556494.971558 -1.007895e-02
1164556494.971680 -8.751257e-03
1164556494.971802 -6.912862e-03
1164556494.971924 -9.043022e-03
1164556494.972046 -9.164294e-03
1164556494.972168 -2.816748e-03
1164556494.972290 2.409486e-03
1164556494.972412 6.102918e-03
1164556494.972534 1.197134e-02
1164556494.972656 1.437172e-02
1164556494.972778 1.216963e-02
1164556494.972900 7.412066e-03
1164556494.973022 3.394301e-03
1164556494.973145 -1.090233e-03
1164556494.973267 -3.512849e-03
1164556494.973389 -5.378235e-03
1164556494.973511 -6.128627e-03
1164556494.973633 -7.868504e-03
1164556494.973755 -7.768408e-03
1164556494.973877 -5.515801e-03
1164556494.973999 -4.864465e-03
1164556494.974121 -8.301594e-03
1164556494.974243 -7.795682e-03
1164556494.974365 8.331732e-04
1164556494.974487 6.119080e-03
1164556494.974609 9.217320e-03
1164556494.974731 1.556742e-02
1164556494.974854 1.577745e-02
1164556494.974976 1.439750e-02
1164556494.975098 1.119798e-02
1164556494.975220 2.404987e-03
1164556494.975342 -8.587648e-03
1164556494.975464 -1.400675e-02
1164556494.975586 -1.774314e-02
1164556494.975708 -1.955038e-02
1164556494.975830 -1.371419e-02
1164556494.975952 -6.605261e-03
1164556494.976074 -7.965830e-04
1164556494.976196 7.238879e-03
1164556494.976318 8.627499e-03
1164556494.976440 9.109061e-03
1164556494.976562 1.161625e-02
1164556494.976685 1.254386e-02
1164556494.976807 9.535649e-03
1164556494.976929 5.348475e-03
1164556494.977051 1.892533e-03
1164556494.977173 -2.296625e-03
1164556494.977295 -4.754482e-03
1164556494.977417 -7.682837e-03
1164556494.977539 -1.116226e-02
1164556494.977661 -9.461426e-03
1164556494.977783 -9.220483e-03
1164556494.977905 -6.349128e-03
1164556494.978027 -1.289813e-03
1164556494.978149 8.636975e-05
1164556494.978271 -3.786804e-04
1164556494.978394 3.463886e-03
1164556494.978516 8.983158e-03
1164556494.978638 9.247458e-03
1164556494.978760 1.114764e-02
1164556494.978882 1.209061e-02
1164556494.979004 4.956361e-03
1164556494.979126 1.642697e-03
1164556494.979248 -9.032333e-04
1164556494.979370 -2.601932e-03
1164556494.979492 -6.775300e-03
1164556494.979614 -9.662858e-03
1164556494.979736 -1.135565e-02
1164556494.979858 -1.278572e-02
1164556494.979980 -1.231011e-02
1164556494.980103 -9.468213e-03
1164556494.980225 -3.536947e-03
1164556494.980347 5.917145e-03
1164556494.980469 1.177793e-02
1164556494.980591 1.558983e-02
1164556494.980713 1.585768e-02
1164556494.980835 1.748334e-02
1164556494.980957 1.606095e-02
1164556494.981079 7.534732e-03
1164556494.981201 -3.429182e-04
1164556494.981323 -7.508631e-03
1164556494.981445 -1.657239e-02
1164556494.981567 -2.379583e-02
1164556494.981689 -2.394869e-02
1164556494.981812 -1.804908e-02
1164556494.981934 -1.089086e-02
1164556494.982056 2.214649e-03
1164556494.982178 1.078501e-02
1164556494.982300 1.255333e-02
1164556494.982422 1.430776e-02
1164556494.982544 1.857828e-02
1164556494.982666 1.903785e-02
1164556494.982788 1.490802e-02
1164556494.982910 8.413020e-03
1164556494.983032 -7.810278e-04
1164556494.983154 -1.046571e-02
1164556494.983276 -1.320462e-02
1164556494.983398 -1.643302e-02
1164556494.983521 -2.047778e-02
1164556494.983643 -1.555260e-02
1164556494.983765 -7.492113e-03
1164556494.983887 -5.009954e-03
1164556494.984009 -1.207112e-03
1164556494.984131 8.067766e-03
1164556494.984253 1.440710e-02
1164556494.984375 1.409263e-02
1164556494.984497 1.508099e-02
1164556494.984619 1.442104e-02
1164556494.984741 1.006649e-02
1164556494.984863 7.345695e-03
1164556494.984985 6.076650e-04
1164556494.985107 -9.624475e-03
1164556494.985229 -1.214079e-02
1164556494.985352 -1.394933e-02
1164556494.985474 -1.769843e-02
1164556494.985596 -1.651741e-02
1164556494.985718 -7.676330e-03
1164556494.985840 -2.985730e-04
1164556494.985962 2.967565e-03
1164556494.986084 7.643288e-03
1164556494.986206 1.117995e-02
1164556494.986328 9.569221e-03
1164556494.986450 1.209780e-02
1164556494.986572 1.020449e-02
1164556494.986694 5.000458e-03
1164556494.986816 5.567752e-03
1164556494.986938 4.261245e-03
1164556494.987061 -2.267348e-03
1164556494.987183 -8.054970e-03
1164556494.987305 -9.172231e-03
1164556494.987427 -9.818274e-03
1164556494.987549 -1.503098e-02
1164556494.987671 -1.419107e-02
1164556494.987793 -7.138651e-03
1164556494.987915 -2.761548e-03
1164556494.988037 1.014776e-03
1164556494.988159 7.940710e-03
1164556494.988281 1.073847e-02
1164556494.988403 1.228564e-02
1164556494.988525 1.653457e-02
1164556494.988647 1.390961e-02
1164556494.988770 7.293467e-03
1164556494.988892 7.502829e-03
1164556494.989014 2.673418e-03
1164556494.989136 -1.063838e-02
1164556494.989258 -1.662138e-02
1164556494.989380 -1.610756e-02
1164556494.989502 -1.820414e-02
1164556494.989624 -1.335957e-02
1164556494.989746 -4.838833e-03
1164556494.989868 -4.149763e-03
1164556494.989990 -2.406708e-03
1164556494.990112 8.631447e-03
1164556494.990234 1.261823e-02
1164556494.990356 1.359580e-02
1164556494.990479 2.145787e-02
1164556494.990601 2.275824e-02
1164556494.990723 1.370312e-02
1164556494.990845 3.074275e-03
1164556494.990967 -5.409713e-03
1164556494.991089 -1.222238e-02
1164556494.991211 -2.047349e-02
1164556494.991333 -2.372035e-02
1164556494.991455 -2.192406e-02
1164556494.991577 -1.552097e-02
1164556494.991699 -5.596196e-03
1164556494.991821 4.561500e-03
1164556494.991943 1.122225e-02
1164556494.992065 1.396413e-02
1164556494.992188 1.829814e-02
1164556494.992310 1.706729e-02
1164556494.992432 9.658508e-03
1164556494.992554 9.597119e-03
1164556494.992676 7.191766e-03
1164556494.992798 4.127088e-04
1164556494.992920 -5.061919e-03
1164556494.993042 -9.644131e-03
1164556494.993164 -1.598228e-02
1164556494.993286 -1.769368e-02
1164556494.993408 -1.118640e-02
1164556494.993530 -8.853126e-03
1164556494.993652 -1.136110e-02
1164556494.993774 -5.448022e-03
1164556494.993896 2.145969e-03
1164556494.994019 7.810695e-03
1164556494.994141 1.362187e-02
1164556494.994263 2.263050e-02
1164556494.994385 2.511038e-02
1164556494.994507 2.052944e-02
1164556494.994629 1.259048e-02
1164556494.994751 -2.291784e-03
1164556494.994873 -1.543753e-02
1164556494.994995 -1.886573e-02
1164556494.995117 -2.109129e-02
1164556494.995239 -2.465653e-02
1164556494.995361 -1.911786e-02
1164556494.995483 -7.340326e-03
1164556494.995605 -2.235053e-04
1164556494.995728 7.457567e-03
1164556494.995850 1.545606e-02
1164556494.995972 1.893042e-02
1164556494.996094 1.639673e-02
1164556494.996216 1.303767e-02
1164556494.996338 9.417968e-03
1164556494.996460 3.811624e-03
1164556494.996582 9.609757e-04
1164556494.996704 -4.489753e-03
1164556494.996826 -1.064553e-02
1164556494.996948 -1.052622e-02
1164556494.997070 -1.339931e-02
1164556494.997192 -1.438895e-02
1164556494.997314 -9.305892e-03
1164556494.997437 -1.157908e-03
1164556494.997559 1.668364e-03
1164556494.997681 -8.053871e-04
1164556494.997803 2.780211e-03
1164556494.997925 8.347341e-03
1164556494.998047 1.271325e-02
1164556494.998169 1.375068e-02
1164556494.998291 1.012469e-02
1164556494.998413 7.971084e-03
1164556494.998535 2.405905e-03
1164556494.998657 -4.251275e-03
1164556494.998779 -7.359541e-03
1164556494.998901 -6.411012e-03
1164556494.999023 -7.540000e-03
1164556494.999146 -1.113270e-02
1164556494.999268 -1.035304e-02
1164556494.999390 -7.623824e-03
1164556494.999512 -3.711275e-03
1164556494.999634 4.086430e-04
1164556494.999756 1.866478e-03
1164556494.999878 5.648732e-03
1164556495.000000 9.824243e-03
1164556495.000122 1.211127e-02
1164556495.000244 1.035015e-02
1164556495.000366 1.097899e-02
1164556495.000488 9.322175e-03
1164556495.000610 -3.162163e-05
1164556495.000732 -7.631170e-03
1164556495.000854 -1.048004e-02
1164556495.000977 -1.153491e-02
1164556495.001099 -9.871606e-03
1164556495.001221 -6.792529e-03
1164556495.001343 -5.298311e-03
1164556495.001465 -4.668097e-03
1164556495.001587 -3.553458e-04
1164556495.001709 2.539059e-04
1164556495.001831 8.807886e-04
1164556495.001953 6.019688e-03
1164556495.002075 1.107210e-02
1164556495.002197 1.128309e-02
1164556495.002319 1.160046e-02
1164556495.002441 1.082675e-02
1164556495.002563 4.602280e-03
1164556495.002686 -4.758311e-04
1164556495.002808 -4.626093e-03
1164556495.002930 -1.169217e-02
1164556495.003052 -1.567112e-02
1164556495.003174 -1.415994e-02
1164556495.003296 -9.500880e-03
1164556495.003418 -6.385095e-03
1164556495.003540 -6.675365e-04
1164556495.003662 3.853033e-03
1164556495.003784 3.288603e-03
1164556495.003906 3.230380e-03
1164556495.004028 8.548089e-03
1164556495.004150 1.506293e-02
1164556495.004272 1.642454e-02
1164556495.004395 1.204300e-02
1164556495.004517 5.742173e-03
1164556495.004639 -1.232957e-03
1164556495.004761 -5.152202e-03
1164556495.004883 -9.580454e-03
1164556495.005005 -1.677859e-02
1164556495.005127 -1.819399e-02
1164556495.005249 -1.359587e-02
1164556495.005371 -1.045814e-02
1164556495.005493 -5.757630e-03
1164556495.005615 2.675721e-03
1164556495.005737 1.074172e-02
1164556495.005859 1.438061e-02
1164556495.005981 1.729404e-02
1164556495.006104 1.736001e-02
1164556495.006226 1.076743e-02
1164556495.006348 4.052766e-03
1164556495.006470 -1.062737e-03
1164556495.006592 -4.349705e-03
1164556495.006714 -6.958623e-03
1164556495.006836 -9.945918e-03
1164556495.006958 -1.037476e-02
1164556495.007080 -1.304759e-02
1164556495.007202 -1.173090e-02
1164556495.007324 -7.132726e-03
1164556495.007446 -3.356978e-03
1164556495.007568 7.697863e-04
1164556495.007690 5.682767e-03
1164556495.007812 9.442901e-03
1164556495.007935 1.002064e-02
1164556495.008057 1.289981e-02
1164556495.008179 1.554569e-02
1164556495.008301 1.159292e-02
1164556495.008423 7.569268e-03
1164556495.008545 2.115260e-03
1164556495.008667 -7.256588e-03
1164556495.008789 -1.510071e-02
1164556495.008911 -1.638195e-02
1164556495.009033 -1.700904e-02
1164556495.009155 -1.777724e-02
1164556495.009277 -1.097101e-02
1164556495.009399 -2.063392e-03
1164556495.009521 3.951664e-03
1164556495.009644 9.846745e-03
1164556495.009766 1.627793e-02
1164556495.009888 2.022388e-02
1164556495.010010 1.792353e-02
1164556495.010132 1.249176e-02
1164556495.010254 4.164920e-03
1164556495.010376 -4.973133e-03
1164556495.010498 -8.277738e-03
1164556495.010620 -9.552127e-03
1164556495.010742 -1.371368e-02
1164556495.010864 -1.346831e-02
1164556495.010986 -7.395575e-03
1164556495.011108 -5.836395e-03
1164556495.011230 -4.450594e-03
1164556495.011353 2.374844e-03
1164556495.011475 3.164780e-03
1164556495.011597 1.185487e-03
1164556495.011719 5.543984e-03
1164556495.011841 1.026740e-02
1164556495.011963 8.929803e-03
1164556495.012085 9.227184e-03
1164556495.012207 1.037998e-02
1164556495.012329 6.751064e-03
1164556495.012451 1.842092e-03
1164556495.012573 -2.374824e-03
1164556495.012695 -8.236951e-03
1164556495.012817 -1.233708e-02
1164556495.012939 -1.306912e-02
1164556495.013062 -1.178138e-02
1164556495.013184 -1.386773e-02
1164556495.013306 -1.274640e-02
1164556495.013428 -3.998649e-03
1164556495.013550 7.025085e-03
1164556495.013672 1.459284e-02
1164556495.013794 1.962200e-02
1164556495.013916 2.084767e-02
1164556495.014038 1.442663e-02
1164556495.014160 8.385470e-03
1164556495.014282 3.311018e-03
1164556495.014404 -6.205726e-03
1164556495.014526 -1.050820e-02
1164556495.014648 -9.861757e-03
1164556495.014771 -1.376401e-02
1164556495.014893 -1.890349e-02
1164556495.015015 -1.424596e-02
1164556495.015137 -6.409463e-03
1164556495.015259 -5.243862e-04
1164556495.015381 6.666459e-03
1164556495.015503 1.143074e-02
1164556495.015625 1.127283e-02
1164556495.015747 1.105836e-02
1164556495.015869 1.048311e-02
1164556495.015991 7.822986e-03
1164556495.016113 3.233340e-03
1164556495.016235 2.519434e-03
1164556495.016357 1.107605e-03
1164556495.016479 -3.357354e-03
1164556495.016602 -5.910063e-03
1164556495.016724 -7.088760e-03
1164556495.016846 -1.050933e-02
1164556495.016968 -1.495907e-02
1164556495.017090 -1.386556e-02
1164556495.017212 -9.130001e-03
1164556495.017334 -5.442250e-03
1164556495.017456 4.113538e-03
1164556495.017578 1.463939e-02
1164556495.017700 1.763247e-02
1164556495.017822 1.621659e-02
1164556495.017944 1.532557e-02
1164556495.018066 1.084877e-02
1164556495.018188 2.678034e-03
1164556495.018311 2.517909e-05
1164556495.018433 -5.029843e-03
1164556495.018555 -1.489740e-02
1164556495.018677 -1.700536e-02
1164556495.018799 -1.494339e-02
1164556495.018921 -1.402931e-02
1164556495.019043 -9.235920e-03
1164556495.019165 -8.831465e-04
1164556495.019287 4.138521e-03
1164556495.019409 6.905015e-03
1164556495.019531 1.117979e-02
1164556495.019653 1.233618e-02
1164556495.019775 1.043531e-02
1164556495.019897 1.177595e-02
1164556495.020020 1.048468e-02
1164556495.020142 3.866153e-03
1164556495.020264 -1.985883e-03
1164556495.020386 -2.617110e-03
1164556495.020508 -5.900430e-03
1164556495.020630 -1.170660e-02
1164556495.020752 -1.607974e-02
1164556495.020874 -1.621647e-02
1164556495.020996 -1.361583e-02
1164556495.021118 -7.464359e-03
1164556495.021240 1.103228e-03
1164556495.021362 6.263142e-03
1164556495.021484 1.043234e-02
1164556495.021606 1.735381e-02
1164556495.021729 1.894273e-02
1164556495.021851 1.367808e-02
1164556495.021973 9.777576e-03
1164556495.022095 6.990587e-03
1164556495.022217 -2.560751e-03
1164556495.022339 -1.003092e-02
1164556495.022461 -1.300865e-02
1164556495.022583 -1.667755e-02
1164556495.022705 -1.735986e-02
1164556495.022827 -1.118266e-02
1164556495.022949 -6.223687e-03
1164556495.023071 -2.568033e-03
1164556495.023193 4.937092e-03
1164556495.023315 8.974265e-03
1164556495.023438 9.115746e-03
1164556495.023560 1.233782e-02
1164556495.023682 1.186106e-02
1164556495.023804 8.217875e-03
1164556495.023926 6.947837e-03
1164556495.024048 4.813006e-03
1164556495.024170 -6.591087e-04
1164556495.024292 -4.866542e-03
1164556495.024414 -7.079057e-03
1164556495.024536 -8.690548e-03
1164556495.024658 -9.664181e-03
1164556495.024780 -1.088014e-02
1164556495.024902 -1.052715e-02
1164556495.025024 -7.972887e-03
1164556495.025146 -5.288892e-03
1164556495.025269 -2.860703e-03
1164556495.025391 3.616607e-03
1164556495.025513 1.252153e-02
1164556495.025635 1.867398e-02
1164556495.025757 2.256878e-02
1164556495.025879 1.825387e-02
1164556495.026001 9.201588e-03
1164556495.026123 1.839640e-03
1164556495.026245 -7.085193e-03
1164556495.026367 -1.539115e-02
1164556495.026489 -1.871193e-02
1164556495.026611 -1.811064e-02
1164556495.026733 -1.621767e-02
1164556495.026855 -1.272075e-02
1164556495.026978 -4.591349e-03
1164556495.027100 1.664375e-03
1164556495.027222 8.116631e-03
1164556495.027344 1.391000e-02
1164556495.027466 1.505870e-02
1164556495.027588 1.555477e-02
1164556495.027710 1.593486e-02
1164556495.027832 1.203765e-02
1164556495.027954 4.115964e-03
1164556495.028076 -4.063937e-03
1164556495.028198 -9.496725e-03
1164556495.028320 -1.275150e-02
1164556495.028442 -1.227399e-02
1164556495.028564 -1.099847e-02
1164556495.028687 -1.043770e-02
1164556495.028809 -9.626703e-03
1164556495.028931 -6.894765e-03
1164556495.029053 -3.109065e-03
1164556495.029175 -1.160611e-04
1164556495.029297 5.655948e-03
1164556495.029419 1.468616e-02
1164556495.029541 2.062954e-02
1164556495.029663 2.175448e-02
