1164556494.804565 -6.607044e-02
1164556494.804688 -4.757224e-02
1164556494.804810 1.692963e-02
1164556494.804932 1.742055e-02
1164556494.805054 7.237105e-02
1164556494.805176 5.716315e-02
1164556494.805298 1.707991e-04
1164556494.805420 -4.334082e-02
1164556494.805542 -1.413959e-01
1164556494.805664 -1.306948e-01
1164556494.805786 -1.292494e-01
1164556494.805908 -6.852611e-02
1164556494.806030 6.089897e-02
1164556494.806152 1.147873e-01
1164556494.806274 1.696999e-01
1164556494.806396 1.144163e-01
1164556494.806519 5.329464e-02
1164556494.806641 4.477842e-02
1164556494.806763 -2.705390e-02
1164556494.806885 -3.603025e-02
1164556494.807007 -7.233822e-02
1164556494.807129 -7.880547e-02
1164556494.807251 -4.965260e-02
1164556494.807373 -5.271316e-02
1164556494.807495 -5.114358e-02
1164556494.807617 -5.283716e-02
1164556494.807739 -1.655042e-02
1164556494.807861 5.853324e-02
1164556494.807983 4.308053e-02
1164556494.808105 5.997609e-02
1164556494.808228 7.399339e-02
1164556494.808350 7.913394e-02
1164556494.808472 9.031571e-02
1164556494.808594 3.884964e-02
1164556494.808716 6.638119e-04
1164556494.808838 -2.779962e-02
1164556494.808960 -8.973011e-02
1164556494.809082 -1.108382e-01
1164556494.809204 -1.221881e-01
1164556494.809326 -1.031429e-01
1164556494.809448 -9.933186e-02
1164556494.809570 -4.840901e-02
1164556494.809692 3.394056e-02
1164556494.809814 1.152934e-01
1164556494.809937 2.004216e-01
1164556494.810059 2.643634e-01
1164556494.810181 1.870911e-01
1164556494.810303 5.059324e-02
1164556494.810425 -9.119252e-02
1164556494.810547 -1.952314e-01
1164556494.810669 -2.083809e-01
1164556494.810791 -1.775198e-01
1164556494.810913 -1.195395e-01
1164556494.811035 -4.749326e-02
1164556494.811157 3.089600e-02
1164556494.811279 1.151716e-01
1164556494.811401 1.225304e-01
1164556494.811523 1.178271e-01
1164556494.811646 5.067345e-02
1164556494.811768 1.886039e-02
1164556494.811890 4.938213e-02
1164556494.812012 7.721597e-02
1164556494.812134 3.743736e-02
1164556494.812256 -4.276017e-02
1164556494.812378 -1.125230e-01
1164556494.812500 -1.416801e-01
1164556494.812622 -1.257879e-01
1164556494.812744 -8.527679e-02
1164556494.812866 -3.811169e-02
1164556494.812988 1.835697e-02
1164556494.813110 7.645575e-02
1164556494.813232 1.445456e-01
1164556494.813354 1.272521e-01
1164556494.813477 9.302409e-02
1164556494.813599 4.822598e-03
1164556494.813721 -4.059725e-02
1164556494.813843 -3.703691e-02
1164556494.813965 -1.966596e-02
1164556494.814087 -6.301004e-03
1164556494.814209 -4.946492e-02
1164556494.814331 -6.116346e-02
1164556494.814453 -9.420458e-02
1164556494.814575 -8.700292e-02
1164556494.814697 1.300785e-02
1164556494.814819 8.763684e-02
1164556494.814941 1.062399e-01
1164556494.815063 5.299847e-02
1164556494.815186 2.107056e-02
1164556494.815308 1.633164e-03
1164556494.815430 5.525955e-03
1164556494.815552 -1.496265e-02
1164556494.815674 -3.120311e-02
1164556494.815796 -3.937896e-02
1164556494.815918 1.891621e-02
1164556494.816040 1.411687e-02
1164556494.816162 -2.602052e-03
1164556494.816284 -4.055924e-02
1164556494.816406 -4.934196e-02
1164556494.816528 -1.905133e-02
1164556494.816650 2.695509e-03
1164556494.816772 4.448186e-02
1164556494.816895 3.129291e-02
1164556494.817017 2.878545e-02
1164556494.817139 1.676868e-03
1164556494.817261 2.778534e-02
1164556494.817383 4.060624e-02
1164556494.817505 1.658370e-03
1164556494.817627 -3.137976e-02
1164556494.817749 -1.067881e-01
1164556494.817871 -8.563337e-02
1164556494.817993 -3.584441e-02
1164556494.818115 7.067151e-02
1164556494.818237 6.518852e-02
1164556494.818359 4.508245e-02
1164556494.818481 7.153061e-02
1164556494.818604 9.530542e-02
1164556494.818726 7.584976e-02
1164556494.818848 -5.846238e-02
1164556494.818970 -1.566033e-01
1164556494.819092 -1.985517e-01
1164556494.819214 -1.457867e-01
1164556494.819336 -4.775921e-02
1164556494.819458 5.626990e-02
1164556494.819580 1.900975e-01
1164556494.819702 1.573321e-01
1164556494.819824 1.520710e-01
1164556494.819946 8.501264e-02
1164556494.820068 3.291213e-02
1164556494.820190 -4.056053e-02
1164556494.820312 -1.487557e-01
1164556494.820435 -1.413147e-01
1164556494.820557 -1.486982e-01
1164556494.820679 -9.406442e-02
1164556494.820801 -4.001376e-02
1164556494.820923 3.055230e-02
1164556494.821045 1.023840e-01
1164556494.821167 9.970835e-02
1164556494.821289 1.375713e-01
1164556494.821411 5.747958e-02
1164556494.821533 -5.586124e-05
1164556494.821655 -3.159103e-02
1164556494.821777 -7.628862e-03
1164556494.821899 1.052597e-02
1164556494.822021 3.868297e-03
1164556494.822144 9.497301e-03
1164556494.822266 -3.695431e-02
1164556494.822388 -1.015899e-01
1164556494.822510 -9.293160e-02
1164556494.822632 -1.035686e-01
1164556494.822754 -6.351767e-02
1164556494.822876 -1.073948e-02
1164556494.822998 9.662263e-02
1164556494.823120 1.497475e-01
1164556494.823242 1.277673e-01
1164556494.823364 1.141616e-01
1164556494.823486 3.594970e-02
1164556494.823608 6.933429e-03
1164556494.823730 -3.871389e-02
1164556494.823853 -5.996931e-02
1164556494.823975 -2.374285e-02
1164556494.824097 -1.172904e-01
1164556494.824219 -1.476122e-01
1164556494.824341 -1.622863e-01
1164556494.824463 -5.683419e-02
1164556494.824585 6.353346e-02
1164556494.824707 1.240976e-01
1164556494.824829 1.932808e-01
1164556494.824951 1.541002e-01
1164556494.825073 8.331236e-02
1164556494.825195 2.279815e-02
1164556494.825317 -7.950836e-02
1164556494.825439 -1.350172e-01
1164556494.825562 -1.488671e-01
1164556494.825684 -4.531404e-02
1164556494.825806 5.120824e-02
1164556494.825928 7.165224e-02
1164556494.826050 5.047637e-02
1164556494.826172 -2.146456e-02
1164556494.826294 -7.554521e-02
1164556494.826416 -5.301192e-02
1164556494.826538 8.010454e-03
1164556494.826660 6.904864e-02
1164556494.826782 4.957038e-02
1164556494.826904 -6.330684e-03
1164556494.827026 2.601070e-03
1164556494.827148 -5.187510e-03
1164556494.827271 -5.195854e-02
1164556494.827393 -3.371195e-02
1164556494.827515 3.810901e-02
1164556494.827637 1.560173e-01
1164556494.827759 1.009201e-01
1164556494.827881 4.207847e-02
1164556494.828003 -4.414146e-02
1164556494.828125 -1.923906e-01
1164556494.828247 -2.358707e-01
1164556494.828369 -1.740206e-01
1164556494.828491 1.361386e-02
1164556494.828613 1.412743e-01
1164556494.828735 1.710474e-01
1164556494.828857 2.001817e-01
1164556494.828979 1.188848e-01
1164556494.829102 -3.432057e-04
1164556494.829224 -1.094492e-01
1164556494.829346 -1.750952e-01
1164556494.829468 -1.183918e-01
1164556494.829590 2.335959e-02
1164556494.829712 1.215202e-01
1164556494.829834 1.881886e-01
1164556494.829956 4.808380e-02
1164556494.830078 -9.422960e-02
1164556494.830200 -1.913434e-01
1164556494.830322 -1.891952e-01
1164556494.830444 -6.809771e-02
1164556494.830566 2.530962e-02
1164556494.830688 1.247834e-01
1164556494.830811 9.543269e-02
1164556494.830933 4.430800e-02
1164556494.831055 1.081605e-01
1164556494.831177 1.014990e-01
1164556494.831299 7.679009e-02
1164556494.831421 -3.126730e-03
1164556494.831543 -3.822457e-02
1164556494.831665 -8.049153e-02
1164556494.831787 -1.299748e-01
1164556494.831909 -1.413559e-01
1164556494.832031 -1.127970e-01
1164556494.832153 -8.645575e-02
1164556494.832275 -2.625016e-02
1164556494.832397 4.913580e-02
1164556494.832520 1.761130e-01
1164556494.832642 1.853293e-01
1164556494.832764 1.084601e-01
1164556494.832886 8.887175e-02
1164556494.833008 3.576660e-02
1164556494.833130 -4.524967e-02
1164556494.833252 -8.500412e-02
1164556494.833374 -9.271780e-02
1164556494.833496 -8.968765e-02
1164556494.833618 -1.471741e-01
1164556494.833740 -6.686048e-02
1164556494.833862 -3.001389e-02
1164556494.833984 5.204531e-02
1164556494.834106 1.356714e-01
1164556494.834229 1.277894e-01
1164556494.834351 7.315270e-02
1164556494.834473 -4.215801e-02
1164556494.834595 -4.791159e-02
1164556494.834717 -3.180260e-02
1164556494.834839 -1.434579e-02
1164556494.834961 1.765790e-02
1164556494.835083 3.062460e-02
1164556494.835205 4.380109e-02
1164556494.835327 -3.815315e-02
1164556494.835449 -4.399750e-02
1164556494.835571 -6.293491e-02
1164556494.835693 -2.714301e-03
1164556494.835815 2.416234e-02
1164556494.835938 5.508350e-02
1164556494.836060 4.339094e-02
1164556494.836182 1.166752e-02
1164556494.836304 -1.873658e-02
1164556494.836426 -8.366560e-02
1164556494.836548 -1.146901e-01
1164556494.836670 -1.293608e-01
1164556494.836792 -2.986431e-03
1164556494.836914 1.420350e-01
1164556494.837036 2.271326e-01
1164556494.837158 1.581794e-01
1164556494.837280 1.886210e-02
1164556494.837402 1.861610e-02
1164556494.837524 -5.902539e-02
1164556494.837646 -4.243997e-02
1164556494.837769 -8.223928e-02
1164556494.837891 -1.036363e-01
1164556494.838013 -2.086128e-01
1164556494.838135 -2.290178e-01
1164556494.838257 -8.310613e-02
1164556494.838379 4.656307e-02
1164556494.838501 2.100671e-01
1164556494.838623 2.668527e-01
1164556494.838745 2.862609e-01
1164556494.838867 2.150280e-01
1164556494.838989 5.710525e-02
1164556494.839111 -1.309380e-01
1164556494.839233 -2.877088e-01
1164556494.839355 -2.090554e-01
1164556494.839478 -7.586509e-02
1164556494.839600 2.740912e-02
1164556494.839722 1.751529e-03
1164556494.839844 -6.686316e-02
1164556494.839966 -1.129659e-01
1164556494.840088 -7.395652e-02
1164556494.840210 4.620077e-02
1164556494.840332 1.723461e-01
1164556494.840454 1.944681e-01
1164556494.840576 1.756748e-01
1164556494.840698 1.235210e-01
1164556494.840820 7.302253e-02
1164556494.840942 6.151348e-03
1164556494.841064 -1.602082e-01
1164556494.841187 -2.944181e-01
1164556494.841309 -2.285275e-01
1164556494.841431 -1.867815e-02
1164556494.841553 1.186662e-01
1164556494.841675 9.319564e-02
1164556494.841797 3.395169e-02
1164556494.841919 -7.140512e-02
1164556494.842041 -7.898757e-02
1164556494.842163 -2.912541e-02
1164556494.842285 9.750345e-02
1164556494.842407 1.202963e-01
1164556494.842529 9.964012e-02
1164556494.842651 6.497126e-02
1164556494.842773 3.557787e-02
1164556494.842896 8.811664e-02
1164556494.843018 -1.518517e-03
1164556494.843140 -1.129397e-01
1164556494.843262 -1.641276e-01
1164556494.843384 -1.183982e-01
1164556494.843506 -2.693117e-02
1164556494.843628 -6.569955e-02
1164556494.843750 -3.692229e-02
1164556494.843872 -9.463717e-02
1164556494.843994 -2.514106e-02
1164556494.844116 1.042519e-01
1164556494.844238 2.217135e-01
1164556494.844360 2.478177e-01
1164556494.844482 1.503582e-01
1164556494.844604 -1.534823e-02
1164556494.844727 -1.390680e-01
1164556494.844849 -1.042566e-01
1164556494.844971 2.243029e-03
1164556494.845093 -3.771932e-02
1164556494.845215 -9.819339e-02
1164556494.845337 -6.775196e-02
1164556494.845459 -1.981100e-02
1164556494.845581 -3.236999e-02
1164556494.845703 -8.307736e-02
1164556494.845825 -7.288005e-02
1164556494.845947 -2.469380e-02
1164556494.846069 3.232313e-02
1164556494.846191 1.706583e-01
1164556494.846313 2.303721e-01
1164556494.846436 2.468886e-01
1164556494.846558 9.216144e-02
1164556494.846680 -2.826839e-02
1164556494.846802 -9.302045e-02
1164556494.846924 -8.595553e-02
1164556494.847046 -1.438141e-01
1164556494.847168 -2.358079e-01
1164556494.847290 -2.386737e-01
1164556494.847412 -1.068175e-01
1164556494.847534 3.187722e-02
1164556494.847656 1.251144e-01
1164556494.847778 1.939417e-01
1164556494.847900 1.751272e-01
1164556494.848022 1.001914e-01
1164556494.848145 5.542483e-02
1164556494.848267 2.049441e-02
1164556494.848389 1.205667e-02
1164556494.848511 -5.618494e-02
1164556494.848633 -4.687883e-02
1164556494.848755 -3.183041e-02
1164556494.848877 4.094513e-02
1164556494.848999 -1.395853e-02
1164556494.849121 -1.727372e-01
1164556494.849243 -2.502324e-01
1164556494.849365 -1.404795e-01
1164556494.849487 6.153668e-02
1164556494.849609 2.020899e-01
1164556494.849731 2.373489e-01
1164556494.849854 1.281156e-01
1164556494.849976 -4.749329e-02
1164556494.850098 -1.250847e-01
1164556494.850220 -1.310271e-01
1164556494.850342 8.243738e-03
1164556494.850464 1.177852e-01
1164556494.850586 2.549266e-01
1164556494.850708 1.856774e-01
1164556494.850830 -1.533309e-02
1164556494.850952 -1.740033e-01
1164556494.851074 -2.906876e-01
1164556494.851196 -3.054707e-01
1164556494.851318 -2.423202e-01
1164556494.851440 -1.506371e-02
1164556494.851562 2.626388e-01
1164556494.851685 2.556768e-01
1164556494.851807 2.020776e-01
1164556494.851929 5.707781e-02
1164556494.852051 -3.084429e-02
1164556494.852173 -5.918112e-02
1164556494.852295 -3.377637e-02
1164556494.852417 7.934207e-02
1164556494.852539 1.076251e-01
1164556494.852661 1.086092e-01
1164556494.852783 -1.299721e-03
1164556494.852905 -2.325744e-01
1164556494.853027 -3.156938e-01
1164556494.853149 -2.972412e-01
1164556494.853271 -9.572876e-02
1164556494.853394 1.132690e-01
1164556494.853516 2.663307e-01
1164556494.853638 2.795803e-01
1164556494.853760 1.771828e-01
1164556494.853882 -8.047037e-03
1164556494.854004 -1.533449e-01
1164556494.854126 -1.644097e-01
1164556494.854248 3.097506e-02
1164556494.854370 1.492006e-01
1164556494.854492 1.505700e-01
1164556494.854614 1.637383e-01
1164556494.854736 1.025490e-03
1164556494.854858 -2.474450e-01
1164556494.854980 -3.915630e-01
1164556494.855103 -2.632229e-01
1164556494.855225 -4.336732e-02
1164556494.855347 5.902763e-02
1164556494.855469 2.408486e-01
1164556494.855591 2.048383e-01
1164556494.855713 1.180499e-01
1164556494.855835 -1.261741e-02
1164556494.855957 1.386441e-02
1164556494.856079 2.125535e-02
1164556494.856201 4.012327e-02
1164556494.856323 1.040635e-01
1164556494.856445 6.523403e-02
1164556494.856567 -3.340067e-02
1164556494.856689 -1.144719e-01
1164556494.856812 -1.006411e-01
1164556494.856934 -2.386516e-01
1164556494.857056 -2.674639e-01
1164556494.857178 -1.053550e-01
1164556494.857300 1.678094e-01
1164556494.857422 2.259236e-01
1164556494.857544 1.122086e-02
1164556494.857666 2.082619e-02
1164556494.857788 1.226710e-02
1164556494.857910 1.011754e-01
1164556494.858032 1.055797e-01
1164556494.858154 2.460104e-01
1164556494.858276 2.391752e-01
1164556494.858398 2.957559e-02
1164556494.858521 -1.622361e-01
1164556494.858643 -2.825089e-01
1164556494.858765 -2.967952e-01
1164556494.858887 -3.449389e-01
1164556494.859009 -2.379273e-01
1164556494.859131 -7.616418e-02
1164556494.859253 1.712384e-01
1164556494.859375 3.482409e-01
1164556494.859497 3.160426e-01
1164556494.859619 1.971086e-01
1164556494.859741 3.235745e-02
1164556494.859863 6.419032e-02
1164556494.859985 -9.686598e-03
1164556494.860107 -4.574392e-02
1164556494.860229 -1.122170e-01
1164556494.860352 -3.823912e-02
1164556494.860474 2.157644e-02
1164556494.860596 -1.279605e-02
1164556494.860718 -6.152540e-02
1164556494.860840 -1.937569e-01
1164556494.860962 -3.088653e-01
1164556494.861084 -3.808134e-01
1164556494.861206 -1.496701e-01
1164556494.861328 2.463625e-01
1164556494.861450 5.488324e-01
1164556494.861572 5.113795e-01
1164556494.861694 2.837209e-01
1164556494.861816 1.302987e-01
1164556494.861938 -1.734284e-01
1164556494.862061 -2.766528e-01
1164556494.862183 -3.429868e-01
1164556494.862305 -1.016406e-01
1164556494.862427 2.440637e-02
1164556494.862549 7.123955e-02
1164556494.862671 1.010814e-01
1164556494.862793 -1.013323e-01
1164556494.862915 -2.857178e-01
1164556494.863037 -4.040005e-01
1164556494.863159 -1.755425e-01
1164556494.863281 1.573457e-01
1164556494.863403 4.349382e-01
1164556494.863525 6.767630e-01
1164556494.863647 5.071867e-01
1164556494.863770 6.493207e-02
1164556494.863892 -3.198727e-01
1164556494.864014 -4.042678e-01
1164556494.864136 -4.015579e-01
1164556494.864258 -1.590239e-01
1164556494.864380 1.060892e-01
1164556494.864502 3.340773e-01
1164556494.864624 1.293518e-01
1164556494.864746 -1.486198e-01
1164556494.864868 -3.559879e-01
1164556494.864990 -4.508677e-01
1164556494.865112 -1.973884e-01
1164556494.865234 9.276973e-02
1164556494.865356 4.611345e-01
1164556494.865479 5.897300e-01
1164556494.865601 4.232822e-01
1164556494.865723 2.002101e-01
1164556494.865845 -1.000709e-01
1164556494.865967 -2.459152e-01
1164556494.866089 -3.731157e-01
1164556494.866211 -1.283741e-01
1164556494.866333 1.290203e-01
1164556494.866455 9.053621e-02
1164556494.866577 -2.297774e-01
1164556494.866699 -3.765380e-01
1164556494.866821 -4.716751e-01
1164556494.866943 -4.486883e-01
1164556494.867065 -2.271335e-02
1164556494.867188 5.775408e-01
1164556494.867310 8.129062e-01
1164556494.867432 6.266622e-01
1164556494.867554 4.978670e-01
1164556494.867676 2.337978e-01
1164556494.867798 -2.866763e-01
1164556494.867920 -5.442561e-01
1164556494.868042 -5.186799e-01
1164556494.868164 -3.573279e-01
1164556494.868286 -2.630382e-01
1164556494.868408 -8.665348e-03
1164556494.868530 1.806851e-02
1164556494.868652 -1.948525e-01
1164556494.868774 -2.404314e-01
1164556494.868896 1.260602e-01
1164556494.869019 3.666768e-01
1164556494.869141 5.400634e-01
1164556494.869263 6.135110e-01
1164556494.869385 3.963284e-01
1164556494.869507 -6.786238e-02
1164556494.869629 -3.520811e-01
1164556494.869751 -2.502943e-01
1164556494.869873 -1.467161e-01
1164556494.869995 -2.700661e-01
1164556494.870117 -2.823268e-01
1164556494.870239 -1.210963e-01
1164556494.870361 3.236124e-02
1164556494.870483 -6.431107e-02
1164556494.870605 -1.576974e-01
1164556494.870728 -1.031717e-01
1164556494.870850 7.029088e-02
1164556494.870972 2.508845e-01
1164556494.871094 4.576801e-01
1164556494.871216 4.660001e-01
1164556494.871338 2.693612e-01
1164556494.871460 -8.820345e-02
1164556494.871582 -1.785255e-01
1164556494.871704 -1.118134e-01
1164556494.871826 -1.014223e-01
1164556494.871948 -1.463258e-01
1164556494.872070 -2.275940e-01
1164556494.872192 -3.143766e-01
1164556494.872314 -1.264471e-01
1164556494.872437 9.026498e-02
1164556494.872559 8.862057e-02
1164556494.872681 -2.187700e-01
1164556494.872803 -2.864906e-01
1164556494.872925 3.083335e-02
1164556494.873047 3.143807e-01
1164556494.873169 4.783643e-01
1164556494.873291 5.750150e-01
1164556494.873413 4.032469e-01
1164556494.873535 1.140250e-01
1164556494.873657 -1.650601e-01
1164556494.873779 -8.112108e-02
1164556494.873901 -1.563711e-01
1164556494.874023 -4.241622e-01
1164556494.874146 -6.707530e-01
1164556494.874268 -5.240211e-01
1164556494.874390 -1.998252e-01
1164556494.874512 -1.188676e-02
1164556494.874634 4.725849e-02
1164556494.874756 3.337826e-02
1164556494.874878 1.141889e-01
1164556494.875000 4.284757e-01
1164556494.875122 8.444652e-01
1164556494.875244 9.217199e-01
1164556494.875366 5.694161e-01
1164556494.875488 1.623332e-01
1164556494.875610 -3.166497e-01
1164556494.875732 -5.422659e-01
1164556494.875854 -8.519068e-01
1164556494.875977 -7.248625e-01
1164556494.876099 -7.264947e-01
1164556494.876221 -5.602575e-01
1164556494.876343 -1.722043e-01
1164556494.876465 2.625329e-01
1164556494.876587 4.696952e-01
1164556494.876709 3.402024e-01
1164556494.876831 3.954738e-01
1164556494.876953 5.659945e-01
1164556494.877075 9.131122e-01
1164556494.877197 9.302726e-01
1164556494.877319 4.653165e-01
1164556494.877441 -1.200403e-01
1164556494.877563 -6.997650e-01
1164556494.877686 -8.919041e-01
1164556494.877808 -1.122822e+00
1164556494.877930 -7.873818e-01
1164556494.878052 -4.924797e-01
1164556494.878174 -1.161121e-01
1164556494.878296 -4.903552e-02
1164556494.878418 1.216835e-01
1164556494.878540 2.689331e-01
1164556494.878662 2.815223e-01
1164556494.878784 4.842171e-01
1164556494.878906 7.587302e-01
1164556494.879028 1.193353e+00
1164556494.879150 1.269259e+00
1164556494.879272 8.547388e-01
1164556494.879395 9.106674e-02
1164556494.879517 -7.689846e-01
1164556494.879639 -1.163578e+00
1164556494.879761 -1.407720e+00
1164556494.879883 -1.318094e+00
1164556494.880005 -1.334092e+00
1164556494.880127 -7.561368e-01
1164556494.880249 -6.457157e-01
1164556494.880371 -4.367245e-01
1164556494.880493 -2.141381e-01
1164556494.880615 7.873134e-01
1164556494.880737 1.968968e+00
1164556494.880859 2.841629e+00
1164556494.880981 3.643690e+00
1164556494.881104 4.012741e+00
1164556494.881226 3.165202e+00
1164556494.881348 8.654481e-01
1164556494.881470 -4.383899e+00
1164556494.881592 -8.322435e+00
1164556494.881714 -8.574250e+00
1164556494.881836 -6.668774e+00
1164556494.881958 -2.740007e+00
1164556494.882080 1.955462e+00
1164556494.882202 5.751449e+00
1164556494.882324 8.222324e+00
1164556494.882446 8.858217e+00
1164556494.882568 7.397476e+00
1164556494.882690 4.390102e+00
1164556494.882812 6.622657e-01
1164556494.882935 -3.462877e+00
1164556494.883057 -7.606490e+00
1164556494.883179 -9.714044e+00
1164556494.883301 -9.944471e+00
1164556494.883423 -7.762171e+00
1164556494.883545 -3.556577e+00
1164556494.883667 2.162948e+00
1164556494.883789 7.067261e+00
1164556494.883911 9.854559e+00
1164556494.884033 1.108205e+01
1164556494.884155 9.670892e+00
1164556494.884277 5.856299e+00
1164556494.884399 6.708193e-02
1164556494.884521 -5.114960e+00
1164556494.884644 -9.138991e+00
1164556494.884766 -1.086798e+01
1164556494.884888 -1.001871e+01
1164556494.885010 -7.493133e+00
1164556494.885132 -3.261928e+00
1164556494.885254 1.457363e+00
1164556494.885376 6.517236e+00
1164556494.885498 9.953045e+00
1164556494.885620 1.189582e+01
1164556494.885742 1.063621e+01
1164556494.885864 5.950849e+00
1164556494.885986 1.871032e-01
1164556494.886108 -5.404848e+00
1164556494.886230 -9.443682e+00
1164556494.886353 -1.240286e+01
1164556494.886475 -1.154349e+01
1164556494.886597 -7.788299e+00
1164556494.886719 -1.824505e+00
1164556494.886841 4.975124e+00
1164556494.886963 1.059849e+01
1164556494.887085 1.275171e+01
1164556494.887207 1.075262e+01
1164556494.887329 6.790492e+00
1164556494.887451 9.231650e-01
1164556494.887573 -4.792626e+00
1164556494.887695 -9.325900e+00
1164556494.887817 -1.123943e+01
1164556494.887939 -1.064038e+01
1164556494.888062 -6.655046e+00
1164556494.888184 3.251018e-01
1164556494.888306 6.233916e+00
1164556494.888428 9.854346e+00
1164556494.888550 1.009921e+01
1164556494.888672 8.753629e+00
1164556494.888794 4.307122e+00
1164556494.888916 -1.256097e+00
1164556494.889038 -6.454019e+00
1164556494.889160 -1.023839e+01
1164556494.889282 -1.097760e+01
1164556494.889404 -8.497804e+00
1164556494.889526 -1.909694e+00
1164556494.889648 5.026917e+00
1164556494.889771 1.003614e+01
1164556494.889893 1.115915e+01
1164556494.890015 9.299370e+00
1164556494.890137 5.205098e+00
1164556494.890259 -1.506998e+00
1164556494.890381 -7.979506e+00
1164556494.890503 -1.250807e+01
1164556494.890625 -1.193245e+01
1164556494.890747 -7.453327e+00
1164556494.890869 6.123904e-01
1164556494.890991 8.155087e+00
1164556494.891113 1.204672e+01
1164556494.891235 1.145260e+01
1164556494.891357 6.814989e+00
1164556494.891479 2.205774e-01
1164556494.891602 -6.485999e+00
1164556494.891724 -1.003954e+01
1164556494.891846 -1.069889e+01
1164556494.891968 -7.636474e+00
1164556494.892090 -7.025800e-01
1164556494.892212 7.324418e+00
1164556494.892334 1.147642e+01
1164556494.892456 9.509607e+00
1164556494.892578 4.478660e+00
1164556494.892700 -2.503753e+00
1164556494.892822 -7.737418e+00
1164556494.892944 -1.023982e+01
1164556494.893066 -7.644932e+00
1164556494.893188 -2.315410e+00
1164556494.893311 4.277656e+00
1164556494.893433 9.394140e+00
1164556494.893555 1.013697e+01
1164556494.893677 6.846052e+00
1164556494.893799 -1.199263e+00
1164556494.893921 -9.243253e+00
1164556494.894043 -1.238080e+01
1164556494.894165 -7.509798e+00
1164556494.894287 1.622874e+00
1164556494.894409 8.209899e+00
1164556494.894531 1.069247e+01
1164556494.894653 6.147938e+00
1164556494.894775 -1.934431e+00
1164556494.894897 -9.165144e+00
1164556494.895020 -8.998839e+00
1164556494.895142 -3.157403e+00
1164556494.895264 5.067266e+00
1164556494.895386 1.014035e+01
1164556494.895508 6.700673e+00
1164556494.895630 -3.372225e+00
1164556494.895752 -9.722957e+00
1164556494.895874 -5.725892e+00
1164556494.895996 4.101739e+00
1164556494.896118 8.613173e+00
1164556494.896240 1.387654e+00
1164556494.896362 -8.370924e+00
1164556494.896484 -1.100436e+00
1164556494.896606 3.050003e+00
1164556494.896729 -7.562328e-01
1164556494.896851 7.134337e-01
1164556494.896973 3.082891e-01
1164556494.897095 2.103455e+00
1164556494.897217 -3.372531e+00
1164556494.897339 2.284454e+00
1164556494.897461 2.738264e-01
1164556494.897583 -2.716327e+00
1164556494.897705 3.997343e+00
1164556494.897827 -1.755552e+00
1164556494.897949 1.384796e+00
1164556494.898071 -2.900724e+00
1164556494.898193 -7.356730e-01
1164556494.898315 5.882175e-01
1164556494.898438 -8.551768e-01
1164556494.898560 2.191727e+00
1164556494.898682 -2.666247e+00
1164556494.898804 2.543858e+00
1164556494.898926 4.895286e-01
1164556494.899048 1.992716e-01
1164556494.899170 1.092112e+00
1164556494.899292 -1.706818e+00
1164556494.899414 2.476042e-02
1164556494.899536 -8.356027e-01
1164556494.899658 -2.218145e-01
1164556494.899780 2.461644e+00
1164556494.899902 -1.470690e+00
1164556494.900024 -3.398716e-01
1164556494.900146 -1.103359e+00
1164556494.900269 -9.852371e-01
1164556494.900391 2.309278e+00
1164556494.900513 -6.097623e-01
1164556494.900635 3.318999e-02
1164556494.900757 7.812744e-01
1164556494.900879 -5.248756e-01
1164556494.901001 1.697855e+00
1164556494.901123 -5.390759e-01
1164556494.901245 -4.283314e-01
1164556494.901367 1.872616e-01
1164556494.901489 -2.122906e+00
1164556494.901611 9.203404e-01
1164556494.901733 6.450944e-01
1164556494.901855 -1.286600e-01
1164556494.901978 8.330635e-01
1164556494.902100 -1.790965e+00
1164556494.902222 2.614944e-01
1164556494.902344 2.353670e-02
1164556494.902466 1.819697e-01
1164556494.902588 1.149937e+00
1164556494.902710 -1.563898e+00
1164556494.902832 7.940080e-01
1164556494.902954 9.159710e-01
1164556494.903076 -2.640105e-01
1164556494.903198 6.309442e-01
1164556494.903320 -1.423080e+00
1164556494.903442 -2.181736e-01
1164556494.903564 -3.112271e-02
1164556494.903687 -3.216508e-01
1164556494.903809 1.744348e+00
1164556494.903931 -3.138905e-01
1164556494.904053 -6.955756e-01
1164556494.904175 -2.727340e-01
1164556494.904297 -1.200114e+00
1164556494.904419 1.326472e+00
1164556494.904541 -4.000149e-01
1164556494.904663 7.438933e-02
1164556494.904785 1.095041e+00
1164556494.904907 -3.841487e-01
1164556494.905029 1.055845e+00
1164556494.905151 -3.613577e-01
1164556494.905273 -6.432625e-01
1164556494.905396 -2.273380e-01
1164556494.905518 -1.176634e+00
1164556494.905640 8.776679e-01
1164556494.905762 7.819838e-01
1164556494.905884 -3.084506e-01
1164556494.906006 3.444451e-01
1164556494.906128 -1.187697e+00
1164556494.906250 -7.249008e-01
1164556494.906372 4.613019e-01
1164556494.906494 9.492988e-02
1164556494.906616 1.430578e+00
1164556494.906738 -1.854784e-01
1164556494.906860 5.712462e-01
1164556494.906982 5.072809e-01
1164556494.907104 -1.288047e+00
1164556494.907227 1.842906e-02
1164556494.907349 -8.312380e-01
1164556494.907471 -1.702352e-01
1164556494.907593 3.423501e-01
1164556494.907715 4.235093e-02
1164556494.907837 1.006729e+00
1164556494.907959 -4.431294e-01
1164556494.908081 -6.984289e-01
1164556494.908203 2.611146e-02
1164556494.908325 -4.734647e-01
1164556494.908447 7.679671e-01
1164556494.908569 7.549099e-01
1164556494.908691 -1.546211e-01
1164556494.908813 7.463492e-01
1164556494.908936 -7.497272e-01
1164556494.909058 -1.991603e-01
1164556494.909180 -4.580228e-01
1164556494.909302 -6.538398e-01
1164556494.909424 1.020810e+00
1164556494.909546 -5.393191e-01
1164556494.909668 5.566000e-01
1164556494.909790 3.854178e-01
1164556494.909912 -6.700040e-01
1164556494.910034 1.258532e-01
1164556494.910156 -7.447120e-01
1164556494.910278 2.278324e-01
1164556494.910400 3.050853e-01
1164556494.910522 1.428580e-01
1164556494.910645 8.645509e-01
1164556494.910767 -1.981835e-01
1164556494.910889 -1.315327e-01
1164556494.911011 -1.857358e-02
1164556494.911133 -8.693705e-01
1164556494.911255 1.766792e-01
1164556494.911377 6.948668e-02
1164556494.911499 3.818925e-01
1164556494.911621 2.175068e-01
1164556494.911743 -7.483709e-01
1164556494.911865 2.688998e-01
1164556494.911987 -5.561615e-01
1164556494.912109 -1.006573e-01
1164556494.912231 5.440244e-01
1164556494.912354 5.277149e-02
1164556494.912476 8.233434e-01
1164556494.912598 -2.386866e-01
1164556494.912720 5.496908e-02
1164556494.912842 3.494976e-02
1164556494.912964 -6.367093e-01
1164556494.913086 -7.788273e-02
1164556494.913208 -4.148988e-01
1164556494.913330 3.231480e-01
1164556494.913452 5.889214e-01
1164556494.913574 -1.299676e-01
1164556494.913696 1.316855e-01
1164556494.913818 -5.880851e-01
1164556494.913940 -2.775427e-01
1164556494.914062 1.188563e-01
1164556494.914185 -1.197138e-01
1164556494.914307 6.694098e-01
1164556494.914429 -7.504782e-02
1164556494.914551 2.109147e-01
1164556494.914673 3.007414e-01
1164556494.914795 -3.413617e-01
1164556494.914917 4.534578e-01
1164556494.915039 -5.998398e-01
1164556494.915161 -1.794468e-01
1164556494.915283 -1.625881e-01
1164556494.915405 -2.025790e-01
1164556494.915527 6.330149e-01
1164556494.915649 -4.119591e-01
1164556494.915771 4.269850e-02
1164556494.915894 -1.881976e-01
1164556494.916016 -1.267617e-01
1164556494.916138 6.202485e-01
1164556494.916260 -4.099393e-02
1164556494.916382 3.640507e-01
1164556494.916504 -1.528789e-01
1164556494.916626 -7.760417e-02
1164556494.916748 2.665561e-01
1164556494.916870 -3.049263e-01
1164556494.916992 1.137880e-01
1164556494.917114 -4.674305e-01
1164556494.917236 -3.585864e-01
1164556494.917358 2.622288e-01
1164556494.917480 6.205661e-02
1164556494.917603 5.754449e-01
1164556494.917725 -3.649440e-01
1164556494.917847 -2.127946e-01
1164556494.917969 -4.564048e-02
1164556494.918091 -2.541176e-01
1164556494.918213 7.429470e-01
1164556494.918335 -4.006074e-02
1164556494.918457 1.400161e-01
1164556494.918579 -3.509646e-02
1164556494.918701 -1.164425e-01
1164556494.918823 4.631992e-01
1164556494.918945 -5.505770e-01
1164556494.919067 -3.914576e-02
1164556494.919189 -3.618587e-01
1164556494.919312 -1.642952e-01
1164556494.919434 2.968689e-01
1164556494.919556 -3.926110e-04
1164556494.919678 4.732639e-01
1164556494.919800 -4.128056e-01
1164556494.919922 -3.043247e-01
1164556494.920044 -3.415304e-02
1164556494.920166 1.804901e-01
1164556494.920288 7.123196e-01
1164556494.920410 7.147783e-02
1164556494.920532 3.335982e-01
1164556494.920654 -1.786213e-01
1164556494.920776 -3.695962e-01
1164556494.920898 -2.323592e-01
1164556494.921021 -6.315156e-01
1164556494.921143 -3.152274e-03
1164556494.921265 -1.165490e-01
1164556494.921387 4.590979e-01
1164556494.921509 5.117433e-01
1164556494.921631 -1.328802e-01
1164556494.921753 1.419069e-01
1164556494.921875 -5.762838e-01
1164556494.921997 -1.143836e-01
1164556494.922119 1.371824e-01
1164556494.922241 4.708541e-01
1164556494.922363 7.623008e-01
1164556494.922485 -2.929527e-01
1164556494.922607 -1.491155e-01
1164556494.922729 -5.078299e-01
1164556494.922852 -4.175045e-01
1164556494.922974 -1.450008e-01
1164556494.923096 -2.023811e-01
1164556494.923218 5.911708e-01
1164556494.923340 2.095402e-01
1164556494.923462 2.930972e-01
1164556494.923584 1.016962e-02
1164556494.923706 -3.766844e-01
1164556494.923828 -2.076763e-01
1164556494.923950 -4.140531e-01
1164556494.924072 3.865664e-01
1164556494.924194 4.992807e-01
1164556494.924316 4.695695e-01
1164556494.924438 2.819153e-01
1164556494.924561 -4.204532e-01
1164556494.924683 -4.277686e-01
1164556494.924805 -7.846087e-01
1164556494.924927 -1.386385e-01
1164556494.925049 1.885578e-01
1164556494.925171 2.044839e-01
1164556494.925293 5.809441e-01
1164556494.925415 2.120381e-01
1164556494.925537 1.119512e-01
1164556494.925659 -4.704722e-01
1164556494.925781 -3.517275e-01
1164556494.925903 -6.484316e-03
1164556494.926025 -1.331999e-01
1164556494.926147 4.926626e-01
1164556494.926270 3.998162e-01
1164556494.926392 3.821145e-01
1164556494.926514 -1.912229e-01
1164556494.926636 -4.857236e-01
1164556494.926758 -2.293003e-01
1164556494.926880 -4.943771e-01
1164556494.927002 -3.415831e-02
1164556494.927124 1.123603e-01
1164556494.927246 2.603445e-01
1164556494.927368 2.767753e-01
1164556494.927490 3.685240e-03
1164556494.927612 1.893402e-01
1164556494.927734 -1.246088e-01
1164556494.927856 4.084050e-02
1164556494.927979 9.998751e-02
1164556494.928101 -3.432076e-02
1164556494.928223 7.758720e-02
1164556494.928345 -1.933820e-01
1164556494.928467 -3.796081e-02
1164556494.928589 -1.239334e-01
1164556494.928711 -2.018669e-01
1164556494.928833 -6.101507e-02
1164556494.928955 -1.222692e-01
1164556494.929077 3.056916e-01
1164556494.929199 1.071377e-01
1164556494.929321 1.725675e-01
1164556494.929443 1.219082e-01
1164556494.929565 -1.375637e-01
1164556494.929688 2.450916e-02
1164556494.929810 -1.470793e-01
1164556494.929932 1.283884e-01
1164556494.930054 -6.364186e-02
1164556494.930176 -1.055317e-01
1164556494.930298 5.788120e-02
1164556494.930420 -1.413116e-01
1164556494.930542 1.388788e-01
1164556494.930664 1.027998e-02
1164556494.930786 7.247455e-02
1164556494.930908 -1.490522e-01
1164556494.931030 -1.857219e-01
1164556494.931152 1.108530e-01
1164556494.931274 7.711529e-02
1164556494.931396 1.731514e-01
1164556494.931519 -4.184750e-02
1164556494.931641 -1.744891e-02
1164556494.931763 -6.681894e-02
1164556494.931885 -1.311065e-01
1164556494.932007 8.328603e-02
1164556494.932129 4.810820e-02
1164556494.932251 1.512188e-01
1164556494.932373 7.306521e-02
1164556494.932495 2.381079e-02
1164556494.932617 -1.581189e-02
1164556494.932739 -2.079974e-01
1164556494.932861 -2.106142e-01
1164556494.932983 -2.099074e-01
1164556494.933105 1.117508e-03
1164556494.933228 2.874199e-01
1164556494.933350 1.722653e-01
1164556494.933472 1.086376e-01
1164556494.933594 -1.406547e-01
1164556494.933716 -1.277605e-01
1164556494.933838 3.196449e-02
1164556494.933960 6.951593e-02
1164556494.934082 2.296654e-01
1164556494.934204 1.342542e-01
1164556494.934326 1.259589e-01
1164556494.934448 -1.433218e-01
1164556494.934570 -3.243269e-01
1164556494.934692 -2.814345e-01
1164556494.934814 -3.054609e-01
1164556494.934937 -7.715732e-02
1164556494.935059 1.479139e-02
1164556494.935181 4.142934e-01
1164556494.935303 4.945533e-01
1164556494.935425 2.250721e-01
1164556494.935547 -7.587458e-02
1164556494.935669 -2.324672e-01
1164556494.935791 -8.097011e-02
1164556494.935913 -1.073438e-01
1164556494.936035 7.568408e-02
1164556494.936157 6.915719e-02
1164556494.936279 -3.078698e-02
1164556494.936401 -1.564865e-01
1164556494.936523 -2.837668e-01
1164556494.936646 -1.257578e-01
1164556494.936768 -6.546334e-02
1164556494.936890 1.972992e-01
1164556494.937012 3.253432e-01
1164556494.937134 3.368419e-01
1164556494.937256 1.746562e-01
1164556494.937378 -8.856298e-02
1164556494.937500 -2.216162e-01
1164556494.937622 -3.598077e-01
1164556494.937744 -2.519823e-01
1164556494.937866 7.490999e-02
1164556494.937988 2.182514e-01
1164556494.938110 2.084791e-01
1164556494.938232 1.595296e-01
1164556494.938354 3.169529e-02
1164556494.938477 -1.085977e-01
1164556494.938599 -2.984928e-01
1164556494.938721 -1.699987e-01
1164556494.938843 -1.746619e-02
1164556494.938965 4.163383e-02
1164556494.939087 1.924631e-01
1164556494.939209 1.103771e-01
1164556494.939331 1.432749e-01
1164556494.939453 -4.936345e-02
1164556494.939575 -9.999146e-02
1164556494.939697 -3.641976e-02
1164556494.939819 -3.610135e-03
1164556494.939941 1.136981e-01
1164556494.940063 6.733950e-02
1164556494.940186 -1.544314e-02
1164556494.940308 -1.100894e-01
1164556494.940430 -1.102706e-01
1164556494.940552 -1.417735e-01
1164556494.940674 -1.033577e-01
1164556494.940796 3.441854e-02
1164556494.940918 1.146272e-01
1164556494.941040 1.434363e-01
1164556494.941162 6.871330e-02
1164556494.941284 4.497998e-03
1164556494.941406 -3.812696e-02
1164556494.941528 8.298941e-02
1164556494.941650 1.108499e-01
1164556494.941772 3.838574e-02
1164556494.941895 -3.729649e-02
1164556494.942017 -1.205612e-01
1164556494.942139 -1.712762e-01
1164556494.942261 -1.506827e-01
1164556494.942383 -3.550678e-02
1164556494.942505 5.876709e-02
1164556494.942627 4.934407e-02
1164556494.942749 3.613290e-02
1164556494.942871 2.733469e-02
1164556494.942993 5.169654e-02
1164556494.943115 9.589925e-02
1164556494.943237 7.782071e-02
1164556494.943359 -1.498102e-02
1164556494.943481 5.101804e-04
1164556494.943604 4.420466e-02
1164556494.943726 7.260375e-02
1164556494.943848 -6.180799e-02
1164556494.943970 -1.793358e-01
1164556494.944092 -1.473639e-01
1164556494.944214 -1.017924e-01
1164556494.944336 -1.965603e-02
1164556494.944458 4.648177e-02
1164556494.944580 4.079707e-02
1164556494.944702 6.781322e-02
1164556494.944824 4.685544e-02
1164556494.944946 1.361236e-01
1164556494.945068 1.619314e-01
1164556494.945190 1.038834e-01
1164556494.945312 -8.289206e-03
1164556494.945435 -1.826212e-01
1164556494.945557 -1.554182e-01
1164556494.945679 -7.457869e-02
1164556494.945801 -9.326042e-02
1164556494.945923 -6.908265e-02
1164556494.946045 7.975093e-03
1164556494.946167 1.434688e-01
1164556494.946289 1.408431e-01
1164556494.946411 7.888088e-02
1164556494.946533 -6.554618e-03
1164556494.946655 -9.711207e-02
1164556494.946777 -1.309240e-01
1164556494.946899 -3.137143e-02
1164556494.947021 1.057291e-01
1164556494.947144 2.052382e-01
1164556494.947266 8.365033e-02
1164556494.947388 -1.165095e-01
1164556494.947510 -1.445137e-01
1164556494.947632 -9.954635e-02
1164556494.947754 -2.888412e-02
1164556494.947876 -3.307336e-02
1164556494.947998 3.277743e-03
1164556494.948120 1.353344e-01
1164556494.948242 1.181396e-01
1164556494.948364 1.264614e-01
1164556494.948486 1.179539e-02
1164556494.948608 -1.082507e-01
1164556494.948730 -1.984315e-01
1164556494.948853 -1.695060e-01
1164556494.948975 3.536895e-04
1164556494.949097 9.842237e-02
1164556494.949219 1.353276e-01
1164556494.949341 6.506800e-02
1164556494.949463 -1.915545e-02
1164556494.949585 2.875610e-02
1164556494.949707 1.235261e-01
1164556494.949829 9.543404e-02
1164556494.949951 -3.858160e-02
1164556494.950073 -1.245735e-01
1164556494.950195 -1.497661e-01
1164556494.950317 -1.536859e-01
1164556494.950439 -1.115318e-01
1164556494.950562 -2.626670e-02
1164556494.950684 1.677330e-02
1164556494.950806 9.443088e-02
1164556494.950928 1.667335e-01
1164556494.951050 2.515770e-01
1164556494.951172 1.809420e-01
1164556494.951294 9.381869e-03
1164556494.951416 -1.984365e-01
1164556494.951538 -1.886631e-01
1164556494.951660 -3.295151e-02
1164556494.951782 3.206920e-02
1164556494.951904 3.322063e-02
1164556494.952026 -6.564056e-02
1164556494.952148 -1.018325e-01
1164556494.952271 -1.494997e-01
1164556494.952393 -5.224142e-02
1164556494.952515 8.106250e-02
1164556494.952637 1.142945e-01
1164556494.952759 1.721265e-01
1164556494.952881 1.271266e-01
1164556494.953003 1.046531e-01
1164556494.953125 5.240732e-03
1164556494.953247 -6.843916e-02
1164556494.953369 -9.250161e-02
1164556494.953491 -7.178364e-02
1164556494.953613 3.608894e-02
1164556494.953735 1.411609e-02
1164556494.953857 -1.011960e-01
1164556494.953979 -1.877892e-01
1164556494.954102 -1.803597e-01
1164556494.954224 -5.981045e-02
1164556494.954346 8.227985e-02
1164556494.954468 1.749164e-01
1164556494.954590 2.246663e-01
1164556494.954712 1.994952e-01
1164556494.954834 1.451222e-01
1164556494.954956 6.594351e-02
1164556494.955078 -6.563416e-02
1164556494.955200 -1.345953e-01
1164556494.955322 -2.353015e-01
1164556494.955444 -2.273651e-01
1164556494.955566 -1.044344e-01
1164556494.955688 -9.288940e-04
1164556494.955811 3.634269e-02
1164556494.955933 4.640496e-02
1164556494.956055 1.113509e-01
1164556494.956177 1.310883e-01
1164556494.956299 9.319808e-02
1164556494.956421 6.199495e-02
1164556494.956543 1.687602e-02
1164556494.956665 -6.502600e-02
1164556494.956787 -3.711475e-02
1164556494.956909 -9.315076e-03
1164556494.957031 2.862404e-03
1164556494.957153 2.005421e-02
1164556494.957275 -4.038554e-02
1164556494.957397 -3.191218e-02
1164556494.957520 -1.492304e-01
1164556494.957642 -1.268330e-01
1164556494.957764 -6.483768e-02
1164556494.957886 6.017376e-02
1164556494.958008 1.825130e-01
1164556494.958130 1.324726e-01
1164556494.958252 1.307810e-01
1164556494.958374 2.020590e-02
1164556494.958496 -2.921551e-02
1164556494.958618 -6.529861e-02
1164556494.958740 -7.063332e-02
1164556494.958862 -1.340520e-02
1164556494.958984 -2.902227e-02
1164556494.959106 1.187300e-02
1164556494.959229 -2.748544e-02
1164556494.959351 -7.449822e-02
1164556494.959473 -1.052919e-01
1164556494.959595 -4.819199e-02
1164556494.959717 2.274844e-02
1164556494.959839 1.278852e-01
1164556494.959961 2.015525e-01
1164556494.960083 2.207200e-01
1164556494.960205 7.106084e-02
1164556494.960327 -1.910477e-01
1164556494.960449 -2.487591e-01
1164556494.960571 -2.319995e-01
1164556494.960693 -8.641907e-02
1164556494.960815 9.022480e-02
1164556494.960938 2.303731e-01
1164556494.961060 2.214467e-01
1164556494.961182 4.255298e-02
1164556494.961304 5.693381e-04
1164556494.961426 -6.740761e-02
1164556494.961548 -9.461296e-02
1164556494.961670 -1.283947e-01
1164556494.961792 -1.309419e-01
1164556494.961914 -4.530902e-02
1164556494.962036 1.868289e-02
1164556494.962158 7.508024e-02
1164556494.962280 9.243080e-02
1164556494.962402 8.600922e-02
1164556494.962524 6.588187e-02
1164556494.962646 5.532868e-02
1164556494.962769 8.153198e-02
1164556494.962891 3.688123e-02
1164556494.963013 -5.963134e-02
1164556494.963135 -1.424066e-01
1164556494.963257 -2.001780e-01
1164556494.963379 -1.659595e-01
1164556494.963501 -3.202513e-02
1164556494.963623 7.673845e-02
1164556494.963745 1.280535e-01
1164556494.963867 1.102050e-01
1164556494.963989 1.208977e-01
1164556494.964111 6.601198e-02
1164556494.964233 -3.346304e-02
1164556494.964355 -7.045324e-02
1164556494.964478 -6.615336e-02
1164556494.964600 2.589881e-02
1164556494.964722 4.929408e-02
1164556494.964844 3.875303e-02
1164556494.964966 2.242079e-02
1164556494.965088 -9.192818e-02
1164556494.965210 -1.702050e-01
1164556494.965332 -1.614379e-01
1164556494.965454 -2.176878e-03
1164556494.965576 7.010676e-02
1164556494.965698 8.226209e-02
1164556494.965820 1.236175e-01
1164556494.965942 1.349598e-01
1164556494.966064 1.156520e-01
1164556494.966187 2.304788e-02
1164556494.966309 -3.435885e-02
1164556494.966431 -9.540867e-02
1164556494.966553 -1.298496e-01
1164556494.966675 -8.355232e-02
1164556494.966797 -4.646732e-02
1164556494.966919 -4.394033e-02
1164556494.967041 -3.744657e-02
1164556494.967163 5.434488e-03
1164556494.967285 8.390282e-02
1164556494.967407 1.389693e-01
1164556494.967529 1.054984e-01
1164556494.967651 5.189941e-02
1164556494.967773 -3.938789e-02
1164556494.967896 -6.479088e-02
1164556494.968018 -5.557611e-02
1164556494.968140 -3.471341e-02
1164556494.968262 -7.612694e-03
1164556494.968384 -4.326749e-02
1164556494.968506 7.406696e-03
1164556494.968628 3.719247e-02
1164556494.968750 7.890162e-03
1164556494.968872 -1.319369e-02
1164556494.968994 -7.445145e-03
1164556494.969116 2.087768e-02
1164556494.969238 9.165442e-03
1164556494.969360 3.348809e-02
1164556494.969482 3.669527e-02
1164556494.969604 -6.875395e-04
1164556494.969727 -6.498427e-02
1164556494.969849 -6.765260e-02
1164556494.969971 -2.763946e-02
1164556494.970093 1.380447e-02
1164556494.970215 4.968249e-02
1164556494.970337 4.499385e-02
1164556494.970459 4.571209e-02
1164556494.970581 3.617900e-02
1164556494.970703 -4.941135e-05
1164556494.970825 5.496876e-03
1164556494.970947 -4.046329e-02
1164556494.971069 -5.960855e-02
1164556494.971191 -7.921173e-02
1164556494.971313 -6.075041e-02
1164556494.971436 -3.431409e-02
1164556494.971558 -3.423921e-02
1164556494.971680 6.892553e-02
1164556494.971802 1.084726e-01
1164556494.971924 1.308316e-01
1164556494.972046 1.102565e-01
1164556494.972168 2.159550e-02
1164556494.972290 -2.889234e-02
1164556494.972412 -9.503269e-02
1164556494.972534 -5.374376e-02
1164556494.972656 -8.322593e-02
1164556494.972778 -1.156989e-01
1164556494.972900 -7.143437e-02
1164556494.973022 -4.064590e-02
1164556494.973145 5.337382e-02
1164556494.973267 1.367205e-01
1164556494.973389 1.985028e-01
