1164556494.809326 -9.199562e-04
1164556494.809448 1.907346e-03
1164556494.809570 -4.787262e-04
1164556494.809692 8.171236e-04
1164556494.809814 -1.868886e-02
1164556494.809937 -2.466452e-02
1164556494.810059 -1.661385e-02
1164556494.810181 3.016375e-03
1164556494.810303 3.250882e-02
1164556494.810425 3.098377e-02
1164556494.810547 2.027837e-02
1164556494.810669 5.812164e-04
1164556494.810791 -2.327498e-02
1164556494.810913 -1.769454e-02
1164556494.811035 -2.367630e-02
1164556494.811157 -1.075195e-02
1164556494.811279 -2.366140e-03
1164556494.811401 9.993468e-03
1164556494.811523 2.327750e-02
1164556494.811646 2.207667e-02
1164556494.811768 1.861616e-02
1164556494.811890 -7.487931e-04
1164556494.812012 -1.131534e-02
1164556494.812134 -7.952064e-03
1164556494.812256 -1.138941e-02
1164556494.812378 -9.773576e-03
1164556494.812500 -1.324605e-02
1164556494.812622 -1.663823e-02
1164556494.812744 -1.654992e-02
1164556494.812866 -3.800162e-03
1164556494.812988 1.118518e-02
1164556494.813110 3.606614e-02
1164556494.813232 3.864387e-02
1164556494.813354 3.015210e-02
1164556494.813477 6.516023e-03
1164556494.813599 -1.428954e-02
1164556494.813721 -2.605606e-02
1164556494.813843 -3.645102e-02
1164556494.813965 -2.549253e-02
1164556494.814087 -8.203297e-03
1164556494.814209 2.971302e-03
1164556494.814331 1.653645e-02
1164556494.814453 7.561586e-03
1164556494.814575 4.808849e-03
1164556494.814697 -2.292279e-03
1164556494.814819 4.838874e-03
1164556494.814941 1.301073e-02
1164556494.815063 1.098831e-02
1164556494.815186 1.412190e-02
1164556494.815308 6.781106e-03
1164556494.815430 -7.017207e-03
1164556494.815552 -1.645426e-02
1164556494.815674 -1.987610e-02
1164556494.815796 -1.090477e-02
1164556494.815918 -5.862070e-03
1164556494.816040 4.978003e-03
1164556494.816162 5.552873e-03
1164556494.816284 4.744627e-03
1164556494.816406 1.180379e-03
1164556494.816528 3.095217e-03
1164556494.816650 -2.591749e-03
1164556494.816772 -2.375318e-03
1164556494.816895 -8.659566e-04
1164556494.817017 -1.892421e-05
1164556494.817139 4.738488e-03
1164556494.817261 1.584964e-02
1164556494.817383 1.996474e-02
1164556494.817505 1.514729e-02
1164556494.817627 -2.273542e-04
1164556494.817749 -1.772770e-02
1164556494.817871 -3.372877e-02
1164556494.817993 -3.352456e-02
1164556494.818115 -1.703145e-02
1164556494.818237 4.246864e-03
1164556494.818359 1.515729e-02
1164556494.818481 1.853137e-02
1164556494.818604 1.455160e-02
1164556494.818726 1.977933e-02
1164556494.818848 8.397160e-03
1164556494.818970 -7.935901e-04
1164556494.819092 -2.355346e-03
1164556494.819214 -1.588600e-03
1164556494.819336 2.908344e-03
1164556494.819458 -1.485726e-03
1164556494.819580 -4.862222e-03
1164556494.819702 -1.733574e-02
1164556494.819824 -2.616297e-02
1164556494.819946 -1.014060e-02
1164556494.820068 2.438769e-03
1164556494.820190 1.062239e-02
1164556494.820312 7.871017e-03
1164556494.820435 7.180628e-03
1164556494.820557 3.696242e-03
1164556494.820679 4.204489e-03
1164556494.820801 7.743552e-03
1164556494.820923 8.970666e-03
1164556494.821045 5.501773e-05
1164556494.821167 3.802085e-03
1164556494.821289 7.460141e-03
1164556494.821411 1.148585e-02
1164556494.821533 5.771175e-03
1164556494.821655 -1.419967e-02
1164556494.821777 -3.357585e-02
1164556494.821899 -4.434850e-02
1164556494.822021 -3.515385e-02
1164556494.822144 -6.400658e-03
1164556494.822266 1.784661e-02
1164556494.822388 3.622630e-02
1164556494.822510 3.985069e-02
1164556494.822632 3.929932e-02
1164556494.822754 3.000258e-02
1164556494.822876 1.872517e-02
1164556494.822998 -3.279014e-03
1164556494.823120 -3.041856e-02
1164556494.823242 -5.002131e-02
1164556494.823364 -4.091255e-02
1164556494.823486 -2.929815e-02
1164556494.823608 -1.774252e-02
1164556494.823730 -2.801243e-03
1164556494.823853 1.219213e-02
1164556494.823975 2.944461e-02
1164556494.824097 3.694335e-02
1164556494.824219 4.207327e-02
1164556494.824341 3.469692e-02
1164556494.824463 8.778355e-03
1164556494.824585 -1.297150e-02
1164556494.824707 -3.617106e-02
1164556494.824829 -3.472611e-02
1164556494.824951 -3.207722e-02
1164556494.825073 -1.640687e-02
1164556494.825195 -6.697850e-03
1164556494.825317 7.381887e-03
1164556494.825439 2.557585e-02
1164556494.825562 3.502504e-02
1164556494.825684 1.817331e-02
1164556494.825806 -3.762424e-03
1164556494.825928 -1.017816e-02
1164556494.826050 -2.043177e-03
1164556494.826172 1.759640e-03
1164556494.826294 -6.928334e-03
1164556494.826416 -1.273612e-02
1164556494.826538 -1.781242e-02
1164556494.826660 -1.217690e-02
1164556494.826782 4.575739e-03
1164556494.826904 1.381021e-02
1164556494.827026 2.154660e-02
1164556494.827148 1.228718e-02
1164556494.827271 1.403713e-02
1164556494.827393 4.148489e-03
1164556494.827515 -1.187038e-03
1164556494.827637 -8.845863e-03
1164556494.827759 -2.393060e-02
1164556494.827881 -2.988787e-02
1164556494.828003 -2.425534e-02
1164556494.828125 -1.178023e-03
1164556494.828247 1.190466e-02
1164556494.828369 1.354233e-02
1164556494.828491 1.608169e-02
1164556494.828613 1.435617e-02
1164556494.828735 2.616796e-02
1164556494.828857 2.148984e-02
1164556494.828979 1.809900e-02
1164556494.829102 -4.564101e-03
1164556494.829224 -2.010299e-02
1164556494.829346 -3.122787e-02
1164556494.829468 -3.704786e-02
1164556494.829590 -3.170723e-02
1164556494.829712 -2.131593e-02
1164556494.829834 -1.532114e-03
1164556494.829956 1.973104e-02
1164556494.830078 3.355680e-02
1164556494.830200 3.840712e-02
1164556494.830322 2.417987e-02
1164556494.830444 1.655557e-02
1164556494.830566 5.732905e-03
1164556494.830688 -6.844501e-03
1164556494.830811 -1.291401e-02
1164556494.830933 -1.717881e-02
1164556494.831055 -2.691341e-02
1164556494.831177 -2.144575e-02
1164556494.831299 -8.140702e-03
1164556494.831421 4.440990e-03
1164556494.831543 -1.173970e-03
1164556494.831665 -1.999061e-04
1164556494.831787 -1.694416e-03
1164556494.831909 -4.092088e-03
1164556494.832031 9.311167e-03
1164556494.832153 2.756202e-02
1164556494.832275 3.134997e-02
1164556494.832397 2.724806e-02
1164556494.832520 1.296100e-02
1164556494.832642 -8.966558e-04
1164556494.832764 -2.397036e-02
1164556494.832886 -4.163068e-02
1164556494.833008 -4.106677e-02
1164556494.833130 -2.402392e-02
1164556494.833252 -6.452027e-04
1164556494.833374 1.112832e-02
1164556494.833496 1.362092e-02
1164556494.833618 2.270314e-02
1164556494.833740 9.901927e-03
1164556494.833862 1.129223e-02
1164556494.833984 1.427894e-02
1164556494.834106 1.796072e-02
1164556494.834229 8.417840e-03
1164556494.834351 -7.821213e-03
1164556494.834473 -1.772724e-02
1164556494.834595 -2.544074e-02
1164556494.834717 -2.380287e-02
1164556494.834839 -1.086665e-02
1164556494.834961 3.207800e-03
1164556494.835083 2.014229e-02
1164556494.835205 2.186817e-02
1164556494.835327 1.210296e-02
1164556494.835449 -4.925104e-03
1164556494.835571 -2.010081e-02
1164556494.835693 -2.262881e-02
1164556494.835815 -2.863959e-03
1164556494.835938 1.351290e-02
1164556494.836060 1.875402e-02
1164556494.836182 1.697774e-02
1164556494.836304 8.622154e-03
1164556494.836426 -9.834670e-03
1164556494.836548 -1.040985e-02
1164556494.836670 -6.393814e-03
1164556494.836792 2.721182e-03
1164556494.836914 -1.403981e-03
1164556494.837036 1.098032e-02
1164556494.837158 1.338325e-02
1164556494.837280 -6.893505e-03
1164556494.837402 -2.549896e-02
1164556494.837524 -3.701346e-02
1164556494.837646 -2.785524e-02
1164556494.837769 -5.234920e-03
1164556494.837891 2.488896e-02
1164556494.838013 5.173856e-02
1164556494.838135 4.121259e-02
1164556494.838257 1.922131e-02
1164556494.838379 -2.199302e-03
1164556494.838501 -5.501522e-03
1164556494.838623 -5.130681e-03
1164556494.838745 -1.092430e-02
1164556494.838867 -2.253484e-02
1164556494.838989 -3.230164e-02
1164556494.839111 -3.731955e-02
1164556494.839233 -2.046034e-02
1164556494.839355 -6.780612e-03
1164556494.839478 1.296541e-02
1164556494.839600 2.598407e-02
1164556494.839722 3.685883e-02
1164556494.839844 4.027892e-02
1164556494.839966 2.943923e-02
1164556494.840088 1.941069e-02
1164556494.840210 -2.006088e-03
1164556494.840332 -2.833245e-02
1164556494.840454 -3.970831e-02
1164556494.840576 -3.537783e-02
1164556494.840698 -1.447769e-02
1164556494.840820 -5.279997e-03
1164556494.840942 4.061518e-03
1164556494.841064 7.851258e-03
1164556494.841187 1.376314e-02
1164556494.841309 4.254547e-03
1164556494.841431 -2.772459e-03
1164556494.841553 -4.096453e-03
1164556494.841675 4.482717e-03
1164556494.841797 1.093020e-02
1164556494.841919 1.920506e-02
1164556494.842041 2.730568e-02
1164556494.842163 1.706512e-02
1164556494.842285 -7.590851e-03
1164556494.842407 -1.643128e-02
1164556494.842529 -1.496033e-02
1164556494.842651 -1.341403e-02
1164556494.842773 -2.293351e-02
1164556494.842896 -2.357389e-02
1164556494.843018 -2.232377e-02
1164556494.843140 -1.442459e-02
1164556494.843262 2.764149e-03
1164556494.843384 2.633268e-02
1164556494.843506 3.196589e-02
1164556494.843628 3.560652e-02
1164556494.843750 3.717936e-02
1164556494.843872 2.671017e-02
1164556494.843994 8.357966e-05
1164556494.844116 -1.986164e-02
1164556494.844238 -2.554556e-02
1164556494.844360 -2.815889e-02
1164556494.844482 -3.242453e-02
1164556494.844604 -3.230962e-02
1164556494.844727 -2.802300e-02
1164556494.844849 -1.192342e-02
1164556494.844971 1.620143e-02
1164556494.845093 4.397028e-02
1164556494.845215 4.995801e-02
1164556494.845337 3.947710e-02
1164556494.845459 8.342768e-03
1164556494.845581 -8.599442e-03
1164556494.845703 -1.766650e-02
1164556494.845825 -2.319174e-02
1164556494.845947 -2.286229e-02
1164556494.846069 -1.351897e-02
1164556494.846191 3.328509e-03
1164556494.846313 8.769492e-03
1164556494.846436 1.162707e-02
1164556494.846558 5.575414e-03
1164556494.846680 -8.998204e-03
1164556494.846802 -1.036870e-02
1164556494.846924 -6.422252e-03
1164556494.847046 3.451280e-03
1164556494.847168 -6.816746e-03
1164556494.847290 -1.521263e-03
1164556494.847412 5.256259e-03
1164556494.847534 1.041105e-02
1164556494.847656 3.196530e-03
1164556494.847778 1.111592e-02
1164556494.847900 2.957932e-02
1164556494.848022 2.306705e-02
1164556494.848145 9.034296e-03
1164556494.848267 -1.129564e-02
1164556494.848389 -2.251564e-02
1164556494.848511 -5.266616e-02
1164556494.848633 -6.096838e-02
1164556494.848755 -3.588152e-02
1164556494.848877 8.659605e-03
1164556494.848999 5.996664e-02
1164556494.849121 5.841066e-02
1164556494.849243 4.539274e-02
1164556494.849365 -7.670577e-03
1164556494.849487 -1.666382e-02
1164556494.849609 -1.172721e-02
1164556494.849731 -3.232853e-03
1164556494.849854 1.085538e-02
1164556494.849976 -6.833586e-03
1164556494.850098 -8.117202e-03
1164556494.850220 -2.227294e-02
1164556494.850342 -1.506583e-02
1164556494.850464 -5.620877e-03
1164556494.850586 -7.621014e-03
1164556494.850708 3.540165e-03
1164556494.850830 8.932095e-03
1164556494.850952 2.849223e-02
1164556494.851074 2.482817e-02
1164556494.851196 -8.003828e-03
1164556494.851318 -4.420776e-02
1164556494.851440 -3.612426e-02
1164556494.851562 1.258609e-03
1164556494.851685 4.643196e-02
1164556494.851807 6.422773e-02
1164556494.851929 5.419907e-02
1164556494.852051 1.178442e-02
1164556494.852173 -3.690220e-02
1164556494.852295 -6.028093e-02
1164556494.852417 -6.525209e-02
1164556494.852539 -4.839862e-02
1164556494.852661 -2.955054e-02
1164556494.852783 4.976005e-03
1164556494.852905 4.193366e-02
1164556494.853027 5.558445e-02
1164556494.853149 4.971112e-02
1164556494.853271 1.549647e-02
1164556494.853394 4.927220e-03
1164556494.853516 3.491126e-03
1164556494.853638 1.589780e-02
1164556494.853760 9.913540e-03
1164556494.853882 -9.916214e-03
1164556494.854004 -3.758871e-02
1164556494.854126 -5.845259e-02
1164556494.854248 -5.118487e-02
1164556494.854370 -2.298479e-02
1164556494.854492 1.274554e-02
1164556494.854614 2.324833e-02
1164556494.854736 2.188525e-02
1164556494.854858 2.204660e-02
1164556494.854980 3.026994e-02
1164556494.855103 3.860738e-02
1164556494.855225 1.402093e-02
1164556494.855347 -4.959499e-03
1164556494.855469 -1.768015e-02
1164556494.855591 -9.859219e-03
1164556494.855713 -3.701338e-04
1164556494.855835 -4.409533e-05
1164556494.855957 -1.607779e-02
1164556494.856079 -3.345071e-02
1164556494.856201 -3.930617e-02
1164556494.856323 -1.429100e-02
1164556494.856445 5.256956e-03
1164556494.856567 1.765986e-02
1164556494.856689 1.580875e-02
1164556494.856812 9.054687e-03
1164556494.856934 2.987660e-02
1164556494.857056 4.280879e-02
1164556494.857178 2.935043e-02
1164556494.857300 -3.056167e-03
1164556494.857422 -2.315754e-02
1164556494.857544 -2.813961e-02
1164556494.857666 -3.276581e-02
1164556494.857788 -1.227106e-02
1164556494.857910 5.336144e-03
1164556494.858032 8.798008e-03
1164556494.858154 -6.468600e-03
1164556494.858276 -9.802323e-03
1164556494.858398 -1.224695e-02
1164556494.858521 -3.861669e-03
1164556494.858643 -5.928842e-03
1164556494.858765 -1.090559e-03
1164556494.858887 2.471415e-02
1164556494.859009 5.328841e-02
1164556494.859131 4.475373e-02
1164556494.859253 5.771456e-03
1164556494.859375 -2.758366e-02
1164556494.859497 -3.432755e-02
1164556494.859619 -2.838661e-02
1164556494.859741 -6.973035e-03
1164556494.859863 1.428950e-02
1164556494.859985 1.498704e-02
1164556494.860107 2.132341e-03
1164556494.860229 -2.129691e-02
1164556494.860352 -4.588794e-02
1164556494.860474 -4.581551e-02
1164556494.860596 -1.378352e-02
1164556494.860718 3.734878e-02
1164556494.860840 5.943884e-02
1164556494.860962 7.191616e-02
1164556494.861084 5.922389e-02
1164556494.861206 1.866471e-02
1164556494.861328 -4.558542e-02
1164556494.861450 -6.427422e-02
1164556494.861572 -4.709310e-02
1164556494.861694 -1.652885e-02
1164556494.861816 9.135884e-03
1164556494.861938 1.616886e-02
1164556494.862061 7.398920e-03
1164556494.862183 -2.232433e-02
1164556494.862305 -3.503232e-02
1164556494.862427 -3.475822e-02
1164556494.862549 -6.081028e-03
1164556494.862671 4.570431e-02
1164556494.862793 8.042361e-02
1164556494.862915 9.064356e-02
1164556494.863037 4.511746e-02
1164556494.863159 -1.228057e-02
1164556494.863281 -7.405932e-02
1164556494.863403 -8.855826e-02
1164556494.863525 -6.666948e-02
1164556494.863647 -1.603258e-02
1164556494.863770 4.169693e-02
1164556494.863892 5.514868e-02
1164556494.864014 2.937950e-02
1164556494.864136 -8.999992e-03
1164556494.864258 -2.546283e-02
1164556494.864380 -4.205686e-02
1164556494.864502 -3.962629e-02
1164556494.864624 8.756841e-03
1164556494.864746 6.552213e-02
1164556494.864868 7.866501e-02
1164556494.864990 3.746776e-02
1164556494.865112 4.283409e-03
1164556494.865234 -3.739502e-02
1164556494.865356 -4.367170e-02
1164556494.865479 -2.968736e-02
1164556494.865601 -1.205787e-03
1164556494.865723 8.382180e-04
1164556494.865845 -1.292903e-02
1164556494.865967 -1.378106e-02
1164556494.866089 -3.401552e-02
1164556494.866211 -3.178568e-02
1164556494.866333 -4.404031e-03
1164556494.866455 3.197171e-02
1164556494.866577 4.862693e-02
1164556494.866699 5.697933e-02
1164556494.866821 7.660028e-02
1164556494.866943 4.221023e-02
1164556494.867065 -2.148817e-02
1164556494.867188 -6.989467e-02
1164556494.867310 -5.112901e-02
1164556494.867432 -3.468332e-02
1164556494.867554 -2.826531e-02
1164556494.867676 -1.609083e-02
1164556494.867798 -2.616987e-03
1164556494.867920 7.115919e-04
1164556494.868042 2.748322e-03
1164556494.868164 1.730576e-02
1164556494.868286 2.611559e-02
1164556494.868408 2.422795e-02
1164556494.868530 1.802827e-02
1164556494.868652 2.726803e-02
1164556494.868774 3.014301e-02
1164556494.868896 1.802847e-02
1164556494.869019 -2.382950e-03
1164556494.869141 -4.463787e-02
1164556494.869263 -5.196004e-02
1164556494.869385 -4.453357e-02
1164556494.869507 -4.671273e-03
1164556494.869629 4.120922e-04
1164556494.869751 8.340419e-03
1164556494.869873 2.467848e-02
1164556494.869995 1.849372e-02
1164556494.870117 4.140096e-03
1164556494.870239 -2.557894e-02
1164556494.870361 -2.221421e-02
1164556494.870483 -1.445292e-02
1164556494.870605 6.952361e-03
1164556494.870728 4.334550e-02
1164556494.870850 7.530394e-02
1164556494.870972 8.203745e-02
1164556494.871094 2.701172e-02
1164556494.871216 -4.342226e-02
1164556494.871338 -8.752900e-02
1164556494.871460 -7.027336e-02
1164556494.871582 -6.785501e-02
1164556494.871704 -3.749622e-02
1164556494.871826 -4.584883e-03
1164556494.871948 3.481544e-02
1164556494.872070 3.552805e-02
1164556494.872192 1.467366e-02
1164556494.872314 2.607361e-02
1164556494.872437 1.610063e-02
1164556494.872559 3.690434e-02
1164556494.872681 6.706582e-02
1164556494.872803 8.889710e-02
1164556494.872925 4.582137e-02
1164556494.873047 -3.830646e-02
1164556494.873169 -9.739298e-02
1164556494.873291 -1.523831e-01
1164556494.873413 -1.319793e-01
1164556494.873535 -6.099774e-02
1164556494.873657 3.695342e-02
1164556494.873779 8.486845e-02
1164556494.873901 1.092426e-01
1164556494.874023 8.506046e-02
1164556494.874146 2.432833e-02
1164556494.874268 -3.281115e-02
1164556494.874390 -4.185302e-02
1164556494.874512 1.078499e-03
1164556494.874634 3.740562e-02
1164556494.874756 6.481621e-02
1164556494.874878 3.960980e-02
1164556494.875000 -1.923696e-02
1164556494.875122 -7.920340e-02
1164556494.875244 -1.161008e-01
1164556494.875366 -9.453965e-02
1164556494.875488 -5.151245e-02
1164556494.875610 1.616237e-02
1164556494.875732 5.795513e-02
1164556494.875854 1.002036e-01
1164556494.875977 7.870458e-02
1164556494.876099 1.789180e-02
1164556494.876221 -2.052436e-02
1164556494.876343 -3.542689e-03
1164556494.876465 2.365028e-02
1164556494.876587 2.346202e-02
1164556494.876709 4.280425e-02
1164556494.876831 2.219703e-02
1164556494.876953 -6.325749e-02
1164556494.877075 -1.090261e-01
1164556494.877197 -8.554190e-02
1164556494.877319 -5.822487e-02
1164556494.877441 -4.312293e-02
1164556494.877563 2.647804e-02
1164556494.877686 8.874000e-02
1164556494.877808 8.633279e-02
1164556494.877930 5.343160e-02
1164556494.878052 4.071634e-02
1164556494.878174 -8.664645e-03
1164556494.878296 -2.910361e-02
1164556494.878418 1.721903e-04
1164556494.878540 4.824832e-02
1164556494.878662 2.216502e-02
1164556494.878784 -3.275153e-02
1164556494.878906 -4.935502e-02
1164556494.879028 -9.188148e-02
1164556494.879150 -9.080704e-02
1164556494.879272 -2.455392e-02
1164556494.879395 4.908550e-02
1164556494.879517 5.457619e-02
1164556494.879639 1.203300e-02
1164556494.879761 3.490453e-02
1164556494.879883 4.255908e-02
1164556494.880005 1.748169e-02
1164556494.880127 -2.631013e-02
1164556494.880249 -1.510122e-02
1164556494.880371 2.782956e-02
1164556494.880493 5.654882e-02
1164556494.880615 5.019652e-02
1164556494.880737 1.113692e-02
1164556494.880859 -4.536005e-02
1164556494.880981 -9.940971e-02
1164556494.881104 -9.818257e-02
1164556494.881226 -3.737370e-02
1164556494.881348 5.939237e-03
1164556494.881470 2.795097e-03
1164556494.881592 -8.174663e-03
1164556494.881714 8.231554e-03
1164556494.881836 3.655066e-02
1164556494.881958 7.937738e-02
1164556494.882080 7.615683e-02
1164556494.882202 4.436167e-02
1164556494.882324 1.499565e-02
1164556494.882446 3.664387e-02
1164556494.882568 4.965609e-02
1164556494.882690 -1.280683e-02
1164556494.882812 -9.375843e-02
1164556494.882935 -1.232774e-01
1164556494.883057 -1.312170e-01
1164556494.883179 -9.191771e-02
1164556494.883301 -2.735870e-02
1164556494.883423 4.534023e-02
1164556494.883545 5.301733e-02
1164556494.883667 4.341902e-02
1164556494.883789 8.386311e-02
1164556494.883911 1.202771e-01
1164556494.884033 1.012765e-01
1164556494.884155 2.407121e-02
1164556494.884277 -1.883559e-02
1164556494.884399 -1.421808e-02
1164556494.884521 -5.438574e-03
1164556494.884644 6.520348e-03
1164556494.884766 -4.291524e-02
1164556494.884888 -1.226468e-01
1164556494.885010 -1.753132e-01
1164556494.885132 -1.362735e-01
1164556494.885254 -6.382829e-02
1164556494.885376 1.743772e-02
1164556494.885498 6.863077e-02
1164556494.885620 1.425232e-01
1164556494.885742 1.493548e-01
1164556494.885864 1.441267e-01
1164556494.885986 1.333836e-01
1164556494.886108 6.853877e-02
1164556494.886230 -1.215008e-02
1164556494.886353 -8.409563e-02
1164556494.886475 -5.362012e-02
1164556494.886597 -5.549528e-02
1164556494.886719 -8.771927e-02
1164556494.886841 -1.617223e-01
1164556494.886963 -2.264559e-01
1164556494.887085 -1.625501e-01
1164556494.887207 -6.738828e-02
1164556494.887329 9.792501e-02
1164556494.887451 1.737077e-01
1164556494.887573 2.559765e-01
1164556494.887695 2.448171e-01
1164556494.887817 1.476604e-01
1164556494.887939 5.197952e-02
1164556494.888062 -2.513773e-03
1164556494.888184 -2.901178e-02
1164556494.888306 -8.348420e-02
1164556494.888428 -7.762330e-02
1164556494.888550 -9.388877e-02
1164556494.888672 -1.301985e-01
1164556494.888794 -2.124725e-01
1164556494.888916 -2.567273e-01
1164556494.889038 -1.893781e-01
1164556494.889160 -5.634229e-02
1164556494.889282 1.387654e-01
1164556494.889404 2.203646e-01
1164556494.889526 2.915034e-01
1164556494.889648 2.611159e-01
1164556494.889771 2.501331e-01
1164556494.889893 1.622553e-01
1164556494.890015 9.319322e-02
1164556494.890137 7.812426e-02
1164556494.890259 4.231761e-02
1164556494.890381 -6.036684e-02
1164556494.890503 -2.936290e-01
1164556494.890625 -4.792991e-01
1164556494.890747 -6.453705e-01
1164556494.890869 -7.654351e-01
1164556494.890991 -6.830092e-01
1164556494.891113 -3.646665e-01
1164556494.891235 4.632176e-01
1164556494.891357 1.440503e+00
1164556494.891479 1.682632e+00
1164556494.891602 1.436003e+00
1164556494.891724 8.168546e-01
1164556494.891846 -6.715837e-02
1164556494.891968 -8.883136e-01
1164556494.892090 -1.444600e+00
1164556494.892212 -1.721884e+00
1164556494.892334 -1.547930e+00
1164556494.892456 -1.075176e+00
1164556494.892578 -3.828988e-01
1164556494.892700 3.627751e-01
1164556494.892822 1.212921e+00
1164556494.892944 1.781621e+00
1164556494.893066 1.943905e+00
1164556494.893188 1.699104e+00
1164556494.893311 1.021596e+00
1164556494.893433 -3.541468e-03
1164556494.893555 -1.074387e+00
1164556494.893677 -1.729466e+00
1164556494.893799 -2.097448e+00
1164556494.893921 -2.017678e+00
1164556494.894043 -1.467329e+00
1164556494.894165 -4.597256e-01
1164556494.894287 6.277130e-01
1164556494.894409 1.485758e+00
1164556494.894531 2.069044e+00
1164556494.894653 2.054518e+00
1164556494.894775 1.711185e+00
1164556494.894897 9.836210e-01
1164556494.895020 7.734399e-02
1164556494.895142 -9.246714e-01
1164556494.895264 -1.761156e+00
1164556494.895386 -2.232727e+00
1164556494.895508 -2.255055e+00
1164556494.895630 -1.518538e+00
1164556494.895752 -4.587517e-01
1164556494.895874 6.752063e-01
1164556494.895996 1.564638e+00
1164556494.896118 2.259987e+00
1164556494.896240 2.389019e+00
1164556494.896362 1.817149e+00
1164556494.896484 8.207698e-01
1164556494.896606 -4.950745e-01
1164556494.896729 -1.676093e+00
1164556494.896851 -2.411792e+00
1164556494.896973 -2.271704e+00
1164556494.897095 -1.645707e+00
1164556494.897217 -6.445862e-01
1164556494.897339 5.300859e-01
1164556494.897461 1.511066e+00
1164556494.897583 2.117623e+00
1164556494.897705 2.164458e+00
1164556494.897827 1.664836e+00
1164556494.897949 4.320632e-01
1164556494.898071 -8.434783e-01
1164556494.898193 -1.715923e+00
1164556494.898315 -1.966080e+00
1164556494.898438 -1.825652e+00
1164556494.898560 -1.210253e+00
1164556494.898682 -1.402339e-01
1164556494.898804 8.902899e-01
1164556494.898926 1.788038e+00
1164556494.899048 2.128575e+00
1164556494.899170 1.921279e+00
1164556494.899292 8.756550e-01
1164556494.899414 -5.357637e-01
1164556494.899536 -1.684785e+00
1164556494.899658 -2.206569e+00
1164556494.899780 -1.963201e+00
1164556494.899902 -1.348180e+00
1164556494.900024 -1.599954e-01
1164556494.900146 1.141810e+00
1164556494.900269 2.220023e+00
1164556494.900391 2.482654e+00
1164556494.900513 1.837650e+00
1164556494.900635 4.769413e-01
1164556494.900757 -1.167710e+00
1164556494.900879 -2.192387e+00
1164556494.901001 -2.410924e+00
1164556494.901123 -1.724265e+00
1164556494.901245 -5.299548e-01
1164556494.901367 8.755178e-01
1164556494.901489 1.829412e+00
1164556494.901611 2.149292e+00
1164556494.901733 1.826664e+00
1164556494.901855 6.691615e-01
1164556494.901978 -9.170196e-01
1164556494.902100 -2.143515e+00
1164556494.902222 -2.116606e+00
1164556494.902344 -1.307642e+00
1164556494.902466 -1.279346e-03
1164556494.902588 1.213937e+00
1164556494.902710 1.932515e+00
1164556494.902832 1.818563e+00
1164556494.902954 8.692371e-01
1164556494.903076 -3.379440e-01
1164556494.903198 -1.579133e+00
1164556494.903320 -2.036682e+00
1164556494.903442 -1.713159e+00
1164556494.903564 -4.114490e-01
1164556494.903687 1.314582e+00
1164556494.903809 2.367939e+00
1164556494.903931 2.002492e+00
1164556494.904053 3.207127e-01
1164556494.904175 -1.209494e+00
1164556494.904297 -2.065818e+00
1164556494.904419 -1.657464e+00
1164556494.904541 -2.198113e-01
1164556494.904663 1.391413e+00
1164556494.904785 1.957939e+00
1164556494.904907 1.088641e+00
1164556494.905029 -4.150861e-01
1164556494.905151 -1.811694e+00
1164556494.905273 -1.746974e+00
1164556494.905396 -8.497704e-02
1164556494.905518 1.698661e+00
1164556494.905640 1.634410e+00
1164556494.905762 -8.449068e-02
1164556494.905884 -1.601649e+00
1164556494.906006 -1.038479e+00
1164556494.906128 1.175584e+00
1164556494.906250 1.004797e+00
1164556494.906372 -7.221075e-01
1164556494.906494 1.257064e-02
1164556494.906616 -1.015898e-01
1164556494.906738 1.729659e-03
1164556494.906860 -4.014692e-01
1164556494.906982 3.553075e-01
1164556494.907104 2.122952e-01
1164556494.907227 -5.964527e-01
1164556494.907349 7.958731e-01
1164556494.907471 -5.943954e-01
1164556494.907593 -6.745077e-02
1164556494.907715 -1.059530e-02
1164556494.907837 3.515269e-02
1164556494.907959 5.918213e-01
1164556494.908081 -3.806810e-01
1164556494.908203 3.684373e-01
1164556494.908325 -4.495340e-01
1164556494.908447 3.702476e-01
1164556494.908569 -2.113015e-02
1164556494.908691 -3.904653e-01
1164556494.908813 1.580289e-01
1164556494.908936 -3.299492e-01
1164556494.909058 1.813118e-01
1164556494.909180 1.155948e-01
1164556494.909302 -3.205432e-02
1164556494.909424 2.330124e-01
1164556494.909546 -4.600216e-01
1164556494.909668 -4.533538e-03
1164556494.909790 2.551220e-01
1164556494.909912 3.382541e-02
1164556494.910034 4.105880e-01
1164556494.910156 -3.097234e-01
1164556494.910278 -8.523110e-02
1164556494.910400 2.025134e-01
1164556494.910522 -2.149965e-01
1164556494.910645 1.023726e-01
1164556494.910767 -2.315542e-01
1164556494.910889 -1.717372e-01
1164556494.911011 1.816365e-01
1164556494.911133 -1.684015e-01
1164556494.911255 3.149961e-01
1164556494.911377 7.747544e-02
1164556494.911499 -2.666205e-01
1164556494.911621 1.401830e-01
1164556494.911743 -1.343979e-01
1164556494.911865 2.687413e-01
1164556494.911987 1.812107e-01
1164556494.912109 -1.550012e-01
1164556494.912231 5.401121e-02
1164556494.912354 -3.299800e-01
1164556494.912476 1.314493e-01
1164556494.912598 6.947130e-02
1164556494.912720 -3.029558e-01
1164556494.912842 7.942238e-02
1164556494.912964 -1.136406e-01
1164556494.913086 1.468615e-01
1164556494.913208 2.109008e-01
1164556494.913330 -5.011481e-02
1164556494.913452 1.632275e-01
1164556494.913574 -2.330113e-01
1164556494.913696 -1.534787e-01
1164556494.913818 2.003365e-01
1164556494.913940 -2.271315e-02
1164556494.914062 2.402798e-01
1164556494.914185 -1.237741e-01
1164556494.914307 -1.353764e-01
1164556494.914429 1.446711e-01
1164556494.914551 -2.535241e-01
1164556494.914673 5.619881e-02
1164556494.914795 -9.114838e-02
1164556494.914917 -7.637082e-02
1164556494.915039 1.904679e-01
1164556494.915161 -9.629557e-04
1164556494.915283 2.152377e-01
1164556494.915405 8.686350e-03
1164556494.915527 -2.381238e-01
1164556494.915649 4.173498e-02
1164556494.915771 -7.890365e-02
1164556494.915894 6.177664e-02
1164556494.916016 2.406276e-01
1164556494.916138 -7.107464e-02
1164556494.916260 2.055731e-02
1164556494.916382 -1.958948e-01
1164556494.916504 -8.483161e-02
1164556494.916626 4.928461e-02
1164556494.916748 -2.005103e-01
1164556494.916870 2.013269e-01
1164556494.916992 6.712619e-02
1164556494.917114 6.373516e-02
1164556494.917236 1.270323e-01
1164556494.917358 -1.184923e-01
1164556494.917480 -9.243834e-03
1164556494.917603 -1.732858e-01
1164556494.917725 -5.872652e-02
1164556494.917847 2.019758e-01
1164556494.917969 3.184083e-02
1164556494.918091 1.075913e-01
1164556494.918213 1.098437e-02
1164556494.918335 -2.025893e-01
1164556494.918457 3.292893e-02
1164556494.918579 -1.374231e-01
1164556494.918701 -1.020544e-02
1164556494.918823 1.021069e-01
1164556494.918945 -3.631486e-02
1164556494.919067 1.923641e-01
1164556494.919189 -1.585341e-01
1164556494.919312 1.810731e-03
1164556494.919434 5.267162e-02
1164556494.919556 -1.571113e-01
1164556494.919678 1.694783e-01
1164556494.919800 5.206015e-02
1164556494.919922 1.180299e-01
1164556494.920044 4.422439e-02
1164556494.920166 -1.608525e-01
1164556494.920288 -5.099223e-02
1164556494.920410 -1.931060e-01
1164556494.920532 -7.348684e-02
1164556494.920654 8.876626e-02
1164556494.920776 -8.583873e-03
1164556494.920898 1.855127e-01
1164556494.921021 9.014883e-02
1164556494.921143 -4.179110e-02
1164556494.921265 -1.739706e-02
1164556494.921387 -1.377577e-01
1164556494.921509 1.071726e-01
1164556494.921631 5.815243e-04
1164556494.921753 2.582967e-02
1164556494.921875 1.248858e-01
1164556494.921997 -1.284484e-01
1164556494.922119 -1.478605e-02
1164556494.922241 -1.373102e-01
1164556494.922363 -5.193301e-02
1164556494.922485 6.257181e-02
1164556494.922607 -4.420696e-02
1164556494.922729 1.308040e-01
1164556494.922852 4.768385e-02
1164556494.922974 5.366426e-02
1164556494.923096 1.846552e-02
1164556494.923218 -1.485203e-01
1164556494.923340 -1.745218e-02
1164556494.923462 -1.223564e-02
1164556494.923584 5.242987e-02
1164556494.923706 1.111177e-01
1164556494.923828 -4.758388e-02
1164556494.923950 3.590805e-02
1164556494.924072 -7.490122e-02
1164556494.924194 -4.406288e-02
1164556494.924316 3.812591e-02
1164556494.924438 -1.046149e-01
1164556494.924561 6.717001e-02
1164556494.924683 -6.280507e-02
1164556494.924805 8.269899e-03
1164556494.924927 9.563067e-02
1164556494.925049 -2.444370e-02
1164556494.925171 9.089507e-02
1164556494.925293 -1.042368e-01
1164556494.925415 2.876583e-02
1164556494.925537 6.815296e-02
1164556494.925659 -3.170046e-03
1164556494.925781 8.921154e-02
1164556494.925903 -1.109683e-01
1164556494.926025 -5.042869e-02
1164556494.926147 -5.868760e-02
1164556494.926270 -4.702021e-02
1164556494.926392 4.549267e-02
1164556494.926514 -5.939578e-02
1164556494.926636 4.884722e-02
1164556494.926758 1.908284e-02
1164556494.926880 5.129036e-02
1164556494.927002 1.427148e-01
1164556494.927124 -1.746340e-02
1164556494.927246 -1.072793e-02
1164556494.927368 -1.135809e-01
1164556494.927490 -5.231409e-02
1164556494.927612 6.005542e-02
1164556494.927734 -3.258815e-02
1164556494.927856 9.755829e-02
1164556494.927979 -7.247923e-02
1164556494.928101 -4.337962e-02
1164556494.928223 3.029397e-02
1164556494.928345 -3.754777e-02
1164556494.928467 6.946748e-02
1164556494.928589 -9.958993e-02
1164556494.928711 4.092593e-02
1164556494.928833 5.147988e-02
1164556494.928955 -1.759879e-03
1164556494.929077 7.926582e-02
1164556494.929199 -8.072348e-02
1164556494.929321 1.246662e-02
1164556494.929443 -5.862101e-02
1164556494.929565 3.074342e-02
1164556494.929688 1.262688e-01
1164556494.929810 -6.108988e-03
1164556494.929932 -3.033418e-03
1164556494.930054 -1.535664e-01
1164556494.930176 -6.748841e-02
1164556494.930298 -2.398696e-02
1164556494.930420 -1.668512e-02
1164556494.930542 1.078935e-01
1164556494.930664 1.191032e-02
1164556494.930786 9.658848e-02
1164556494.930908 3.554039e-02
1164556494.931030 -7.560449e-03
1164556494.931152 -7.340362e-03
1164556494.931274 -1.190645e-01
1164556494.931396 3.525077e-02
1164556494.931519 -2.712480e-03
1164556494.931641 5.245811e-02
1164556494.931763 6.948788e-02
1164556494.931885 -7.172681e-02
1164556494.932007 -6.477498e-02
1164556494.932129 -1.734510e-01
1164556494.932251 7.826186e-04
1164556494.932373 7.448749e-02
1164556494.932495 6.693409e-02
1164556494.932617 1.236175e-01
1164556494.932739 3.469458e-02
1164556494.932861 6.203129e-02
1164556494.932983 -6.596418e-02
1164556494.933105 -8.712303e-02
1164556494.933228 -4.330138e-02
1164556494.933350 -5.348517e-02
1164556494.933472 5.073160e-02
1164556494.933594 2.077203e-02
1164556494.933716 7.578131e-02
1164556494.933838 -7.737079e-03
1164556494.933960 -9.327610e-02
1164556494.934082 -4.966973e-02
1164556494.934204 -7.000159e-02
1164556494.934326 5.623181e-02
1164556494.934448 6.611359e-02
1164556494.934570 1.142248e-01
1164556494.934692 7.124868e-02
1164556494.934814 -6.157810e-02
1164556494.934937 -1.358126e-02
1164556494.935059 -1.028661e-01
1164556494.935181 -4.595296e-02
1164556494.935303 -1.904233e-02
1164556494.935425 4.548527e-02
1164556494.935547 1.063079e-01
1164556494.935669 -1.995914e-02
1164556494.935791 2.796652e-02
1164556494.935913 -5.939444e-02
1164556494.936035 -8.288445e-02
1164556494.936157 -4.255504e-02
1164556494.936279 -2.202412e-03
1164556494.936401 1.160691e-01
1164556494.936523 3.026022e-02
1164556494.936646 5.372451e-02
1164556494.936768 9.994853e-03
1164556494.936890 -5.693327e-02
1164556494.937012 -3.538707e-02
1164556494.937134 -5.600529e-02
1164556494.937256 2.346798e-02
1164556494.937378 1.764670e-02
1164556494.937500 3.800495e-02
1164556494.937622 3.772577e-02
1164556494.937744 -3.883555e-02
1164556494.937866 -1.830007e-02
1164556494.937988 -5.547841e-02
1164556494.938110 -1.833793e-02
1164556494.938232 4.200935e-03
1164556494.938354 2.658788e-03
1164556494.938477 4.874807e-02
1164556494.938599 2.168809e-02
1164556494.938721 4.961542e-02
1164556494.938843 1.308403e-03
1164556494.938965 -1.302409e-02
1164556494.939087 1.054914e-03
1164556494.939209 -4.028021e-02
1164556494.939331 1.665270e-02
1164556494.939453 -1.858448e-02
1164556494.939575 3.710527e-05
1164556494.939697 -3.128103e-02
1164556494.939819 -4.510234e-02
1164556494.939941 1.103602e-02
1164556494.940063 -2.069673e-02
1164556494.940186 3.952454e-02
1164556494.940308 2.535648e-02
1164556494.940430 2.890467e-02
1164556494.940552 3.212472e-02
1164556494.940674 1.652567e-02
1164556494.940796 4.252533e-02
1164556494.940918 -4.608365e-02
1164556494.941040 -4.556132e-02
1164556494.941162 -4.073377e-02
1164556494.941284 -1.012846e-02
1164556494.941406 1.167299e-02
1164556494.941528 6.561923e-06
1164556494.941650 2.731754e-02
1164556494.941772 -1.158338e-02
1164556494.941895 -1.396844e-02
1164556494.942017 -1.574498e-02
1164556494.942139 -1.420321e-02
1164556494.942261 1.527151e-02
1164556494.942383 1.762575e-02
1164556494.942505 4.511603e-02
1164556494.942627 4.656301e-02
1164556494.942749 3.620108e-02
1164556494.942871 3.611782e-03
1164556494.942993 -6.917727e-02
1164556494.943115 -7.177142e-02
1164556494.943237 -4.407996e-02
1164556494.943359 -3.000399e-04
1164556494.943481 4.562294e-02
1164556494.943604 2.914307e-02
1164556494.943726 1.958552e-02
1164556494.943848 -2.918942e-02
1164556494.943970 -3.172535e-02
1164556494.944092 -2.998622e-02
1164556494.944214 1.574034e-03
1164556494.944336 5.890661e-02
1164556494.944458 5.577724e-02
1164556494.944580 7.080040e-02
1164556494.944702 2.280260e-02
1164556494.944824 -9.484936e-03
1164556494.944946 -7.499058e-02
1164556494.945068 -1.220529e-01
1164556494.945190 -6.270179e-02
1164556494.945312 -2.065983e-03
1164556494.945435 7.055977e-02
1164556494.945557 4.426113e-02
1164556494.945679 3.684579e-02
1164556494.945801 1.044678e-02
1164556494.945923 -2.817342e-02
1164556494.946045 -1.071673e-02
1164556494.946167 2.473788e-03
1164556494.946289 4.315267e-02
1164556494.946411 2.863979e-02
1164556494.946533 9.525120e-03
1164556494.946655 -5.512937e-03
1164556494.946777 -5.141945e-02
1164556494.946899 -5.916154e-02
1164556494.947021 -5.271607e-02
1164556494.947144 -7.547875e-03
1164556494.947266 3.962071e-02
1164556494.947388 6.838352e-02
1164556494.947510 6.989414e-02
1164556494.947632 1.219880e-03
1164556494.947754 -4.892838e-02
1164556494.947876 -4.257628e-02
1164556494.947998 -3.669215e-02
1164556494.948120 -9.224718e-03
1164556494.948242 1.097090e-02
1164556494.948364 5.525567e-02
1164556494.948486 5.453065e-02
1164556494.948608 1.716869e-02
1164556494.948730 -1.912392e-03
1164556494.948853 -4.476736e-02
1164556494.948975 -4.053396e-02
1164556494.949097 -3.850538e-02
1164556494.949219 -1.304536e-02
1164556494.949341 2.261075e-02
1164556494.949463 9.139335e-03
1164556494.949585 1.577468e-02
1164556494.949707 -3.708880e-03
1164556494.949829 1.317271e-03
1164556494.949951 1.468702e-02
1164556494.950073 2.566236e-02
1164556494.950195 2.514834e-02
1164556494.950317 5.343430e-03
1164556494.950439 1.229173e-03
1164556494.950562 -2.292743e-02
1164556494.950684 -4.113784e-02
1164556494.950806 -3.829195e-02
1164556494.950928 -1.964074e-02
1164556494.951050 1.278479e-02
1164556494.951172 3.814136e-02
1164556494.951294 3.340516e-02
1164556494.951416 1.199909e-02
1164556494.951538 2.283864e-03
1164556494.951660 -1.617006e-02
1164556494.951782 -2.350949e-02
1164556494.951904 -2.502757e-02
1164556494.952026 -3.495696e-03
1164556494.952148 4.753060e-03
1164556494.952271 1.037755e-02
1164556494.952393 3.093620e-02
1164556494.952515 3.235145e-02
1164556494.952637 2.869456e-02
1164556494.952759 2.582256e-03
1164556494.952881 -2.917519e-02
1164556494.953003 -4.354452e-02
1164556494.953125 -3.349782e-02
1164556494.953247 -1.939910e-02
1164556494.953369 -2.602359e-02
1164556494.953491 -1.582060e-02
1164556494.953613 2.029268e-02
1164556494.953735 5.494923e-02
1164556494.953857 4.606257e-02
1164556494.953979 3.243844e-02
1164556494.954102 1.078162e-02
1164556494.954224 -2.369987e-03
1164556494.954346 -8.829886e-03
1164556494.954468 -1.055068e-02
1164556494.954590 -1.313649e-02
1164556494.954712 -3.358905e-02
1164556494.954834 -4.883692e-02
1164556494.954956 -4.993497e-02
1164556494.955078 -1.829798e-02
1164556494.955200 2.752273e-02
1164556494.955322 4.688505e-02
1164556494.955444 4.187019e-02
1164556494.955566 4.111184e-02
1164556494.955688 4.440453e-02
1164556494.955811 1.505783e-02
1164556494.955933 -2.022945e-02
1164556494.956055 -5.099118e-02
1164556494.956177 -5.880194e-02
1164556494.956299 -3.543056e-02
1164556494.956421 8.742204e-03
1164556494.956543 3.499896e-02
1164556494.956665 2.918035e-02
1164556494.956787 -4.651588e-03
1164556494.956909 -2.370541e-02
1164556494.957031 -2.186431e-02
1164556494.957153 1.422107e-02
1164556494.957275 3.235766e-02
1164556494.957397 2.196176e-02
1164556494.957520 1.020560e-02
1164556494.957642 -7.242745e-03
1164556494.957764 -1.144809e-02
1164556494.957886 -2.354834e-02
1164556494.958008 -1.932411e-02
1164556494.958130 -4.060401e-03
1164556494.958252 7.362178e-03
1164556494.958374 2.674806e-02
1164556494.958496 2.109842e-02
1164556494.958618 8.903224e-03
1164556494.958740 -2.053063e-02
1164556494.958862 -4.022588e-02
1164556494.958984 -2.874415e-02
1164556494.959106 7.454232e-03
1164556494.959229 3.824119e-02
1164556494.959351 3.908898e-02
1164556494.959473 6.214979e-03
1164556494.959595 -1.581020e-02
1164556494.959717 -2.767294e-02
1164556494.959839 -1.643819e-02
1164556494.959961 -4.479438e-03
1164556494.960083 3.824960e-03
1164556494.960205 1.931672e-02
1164556494.960327 1.817501e-02
1164556494.960449 2.122279e-02
1164556494.960571 8.719340e-03
1164556494.960693 -9.446246e-03
1164556494.960815 -3.082377e-02
1164556494.960938 -4.003518e-02
1164556494.961060 -6.682822e-03
1164556494.961182 1.819668e-02
1164556494.961304 2.022978e-02
1164556494.961426 -1.041860e-02
1164556494.961548 -2.246381e-02
1164556494.961670 -1.240600e-02
1164556494.961792 1.654106e-02
1164556494.961914 4.490931e-02
1164556494.962036 5.276024e-02
1164556494.962158 2.956356e-02
1164556494.962280 -9.144629e-03
1164556494.962402 -2.860085e-02
1164556494.962524 -4.342442e-02
1164556494.962646 -4.330039e-02
1164556494.962769 -3.695081e-02
1164556494.962891 -2.770415e-02
1164556494.963013 -2.296716e-03
1164556494.963135 2.433385e-02
1164556494.963257 4.664812e-02
1164556494.963379 4.237114e-02
1164556494.963501 2.910140e-02
1164556494.963623 1.352381e-02
1164556494.963745 1.180414e-02
1164556494.963867 -5.565258e-04
1164556494.963989 -1.344069e-02
1164556494.964111 -2.962775e-02
1164556494.964233 -2.686813e-02
1164556494.964355 -2.423658e-02
1164556494.964478 -3.603721e-02
1164556494.964600 -1.882767e-02
1164556494.964722 -5.723242e-04
1164556494.964844 2.296189e-02
1164556494.964966 2.254955e-02
1164556494.965088 3.065098e-02
1164556494.965210 3.900096e-02
1164556494.965332 2.165569e-02
1164556494.965454 1.187855e-02
1164556494.965576 -9.735299e-03
1164556494.965698 -6.127920e-03
1164556494.965820 -2.680858e-02
1164556494.965942 -2.642166e-02
1164556494.966064 -3.041300e-02
1164556494.966187 -3.348880e-02
1164556494.966309 -1.171470e-02
1164556494.966431 8.041092e-03
1164556494.966553 4.319067e-02
1164556494.966675 3.180218e-02
1164556494.966797 1.913685e-02
1164556494.966919 8.312342e-03
1164556494.967041 -3.193894e-03
1164556494.967163 -5.844225e-03
1164556494.967285 -1.337901e-02
1164556494.967407 -5.236684e-03
1164556494.967529 -1.212708e-02
1164556494.967651 -8.655173e-03
1164556494.967773 -5.914661e-03
1164556494.967896 1.849059e-03
1164556494.968018 3.336897e-03
1164556494.968140 1.340208e-02
1164556494.968262 1.779725e-02
1164556494.968384 1.184921e-02
1164556494.968506 -2.676483e-03
1164556494.968628 -2.669399e-02
1164556494.968750 -2.913588e-02
1164556494.968872 -1.888594e-02
1164556494.968994 5.351473e-04
1164556494.969116 1.663865e-02
1164556494.969238 2.598740e-02
1164556494.969360 3.108804e-02
1164556494.969482 1.950106e-02
1164556494.969604 1.547190e-02
1164556494.969727 -5.102309e-03
1164556494.969849 -3.077687e-02
1164556494.969971 -3.891571e-02
1164556494.970093 -2.399826e-02
1164556494.970215 -4.811540e-03
1164556494.970337 1.654802e-03
1164556494.970459 1.001095e-02
1164556494.970581 1.816173e-02
1164556494.970703 9.626346e-03
1164556494.970825 3.443141e-03
1164556494.970947 6.740782e-03
1164556494.971069 6.017073e-03
1164556494.971191 -2.789227e-04
1164556494.971313 2.256481e-03
1164556494.971436 1.234599e-02
1164556494.971558 1.157754e-02
1164556494.971680 -1.381107e-02
1164556494.971802 -2.697052e-02
1164556494.971924 -2.975350e-02
1164556494.972046 -1.278615e-02
1164556494.972168 8.344151e-03
1164556494.972290 1.996284e-02
1164556494.972412 1.896370e-02
1164556494.972534 5.160312e-03
1164556494.972656 -1.068176e-02
1164556494.972778 -7.498619e-03
1164556494.972900 4.673069e-03
1164556494.973022 1.913716e-02
1164556494.973145 1.556079e-02
1164556494.973267 -1.315633e-03
1164556494.973389 -1.279591e-02
1164556494.973511 -1.681248e-02
1164556494.973633 -1.173939e-02
1164556494.973755 -1.442298e-03
1164556494.973877 -5.432800e-03
1164556494.973999 7.229192e-03
1164556494.974121 1.359158e-02
1164556494.974243 1.454842e-02
1164556494.974365 1.613105e-03
1164556494.974487 -1.634234e-02
1164556494.974609 -1.861777e-02
1164556494.974731 -1.766899e-02
1164556494.974854 -1.286101e-04
1164556494.974976 2.609181e-02
1164556494.975098 3.398647e-02
1164556494.975220 2.211484e-02
1164556494.975342 -6.204729e-03
1164556494.975464 -1.591013e-02
1164556494.975586 -2.183862e-02
1164556494.975708 -1.944161e-02
1164556494.975830 -1.286983e-02
1164556494.975952 3.935858e-03
1164556494.976074 1.153521e-02
1164556494.976196 1.124864e-02
1164556494.976318 9.238101e-03
1164556494.976440 4.837639e-03
1164556494.976562 -8.550028e-03
1164556494.976685 -8.830883e-03
1164556494.976807 -6.818760e-05
1164556494.976929 5.236477e-03
1164556494.977051 1.185177e-03
1164556494.977173 -1.424831e-03
1164556494.977295 -2.177244e-03
1164556494.977417 -2.190611e-03
1164556494.977539 9.951458e-03
1164556494.977661 1.778034e-02
1164556494.977783 9.220325e-03
1164556494.977905 -6.986187e-04
1164556494.978027 -1.368650e-02
1164556494.978149 -1.835727e-02
1164556494.978271 -2.787149e-02
1164556494.978394 -1.958212e-02
1164556494.978516 -8.853027e-03
1164556494.978638 9.647645e-03
1164556494.978760 2.285913e-02
1164556494.978882 2.750657e-02
1164556494.979004 3.281051e-02
1164556494.979126 2.343621e-02
1164556494.979248 6.110727e-03
1164556494.979370 -5.446178e-03
1164556494.979492 -1.667373e-02
1164556494.979614 -2.795927e-02
1164556494.979736 -4.398703e-02
1164556494.979858 -3.563679e-02
1164556494.979980 -1.501966e-02
1164556494.980103 8.839794e-03
1164556494.980225 3.300226e-02
1164556494.980347 3.858162e-02
1164556494.980469 2.939376e-02
1164556494.980591 1.701390e-02
1164556494.980713 -1.158481e-03
1164556494.980835 -3.385651e-03
1164556494.980957 -1.037029e-02
1164556494.981079 -1.477389e-02
1164556494.981201 -2.280868e-02
1164556494.981323 -1.567360e-02
1164556494.981445 -1.002370e-02
1164556494.981567 -6.151181e-03
1164556494.981689 5.209583e-03
1164556494.981812 1.659723e-02
1164556494.981934 1.822425e-02
1164556494.982056 1.819065e-02
1164556494.982178 1.506582e-02
1164556494.982300 -3.966995e-03
1164556494.982422 -2.333308e-02
1164556494.982544 -2.344097e-02
1164556494.982666 -1.342506e-02
1164556494.982788 -3.893998e-04
1164556494.982910 1.004609e-02
1164556494.983032 1.614774e-02
1164556494.983154 1.112600e-02
1164556494.983276 1.477625e-02
1164556494.983398 1.123428e-02
1164556494.983521 1.388460e-03
1164556494.983643 -1.515311e-02
1164556494.983765 -2.174197e-02
1164556494.983887 -1.658457e-02
1164556494.984009 -5.094405e-03
1164556494.984131 -1.651146e-03
1164556494.984253 -5.743716e-03
1164556494.984375 -1.213007e-02
1164556494.984497 1.669526e-03
1164556494.984619 1.918930e-02
1164556494.984741 3.521407e-02
1164556494.984863 3.611078e-02
1164556494.984985 2.114463e-02
1164556494.985107 -1.126113e-03
1164556494.985229 -2.517610e-02
1164556494.985352 -3.343611e-02
1164556494.985474 -3.046275e-02
1164556494.985596 -2.846509e-02
1164556494.985718 -1.422555e-02
1164556494.985840 -2.286594e-03
1164556494.985962 2.165845e-02
1164556494.986084 2.907362e-02
1164556494.986206 2.924165e-02
1164556494.986328 7.438331e-03
1164556494.986450 -4.726526e-03
1164556494.986572 4.897218e-03
1164556494.986694 9.938057e-03
1164556494.986816 6.768361e-03
1164556494.986938 -1.116548e-02
1164556494.987061 -1.592140e-02
1164556494.987183 -1.669368e-02
1164556494.987305 -1.868170e-02
1164556494.987427 -1.035794e-02
1164556494.987549 -1.168581e-02
1164556494.987671 3.461906e-03
1164556494.987793 1.048894e-02
1164556494.987915 2.481401e-02
1164556494.988037 2.529433e-02
1164556494.988159 1.134200e-02
1164556494.988281 -1.264232e-03
1164556494.988403 -1.713822e-02
