1164556494.855103 2.929013e-03
1164556494.855225 -5.853372e-03
1164556494.855347 3.739343e-02
1164556494.855469 3.009604e-02
1164556494.855591 -1.501046e-02
1164556494.855713 -5.508017e-04
1164556494.855835 1.425557e-02
1164556494.855957 2.282320e-02
1164556494.856079 1.993678e-02
1164556494.856201 6.374825e-03
1164556494.856323 -7.755548e-02
1164556494.856445 -1.462854e-01
1164556494.856567 -1.422027e-01
1164556494.856689 -1.055222e-01
1164556494.856812 -1.761946e-02
1164556494.856934 3.122953e-03
1164556494.857056 7.494931e-02
1164556494.857178 1.264777e-01
1164556494.857300 2.519529e-01
1164556494.857422 2.929336e-01
1164556494.857544 1.380119e-01
1164556494.857666 -2.942369e-02
1164556494.857788 -1.679672e-01
1164556494.857910 -2.125047e-01
1164556494.858032 -2.307669e-01
1164556494.858154 -1.992337e-01
1164556494.858276 -9.563329e-02
1164556494.858398 -1.115758e-02
1164556494.858521 7.294264e-02
1164556494.858643 1.038586e-01
1164556494.858765 1.591172e-01
1164556494.858887 1.163941e-01
1164556494.859009 6.443434e-02
1164556494.859131 2.671880e-02
1164556494.859253 3.802761e-02
1164556494.859375 3.050450e-02
1164556494.859497 -2.198555e-02
1164556494.859619 -5.752738e-02
1164556494.859741 -7.335094e-02
1164556494.859863 -2.721399e-02
1164556494.859985 4.563176e-03
1164556494.860107 -6.896839e-02
1164556494.860229 -6.701753e-02
1164556494.860352 -8.842494e-02
1164556494.860474 -3.856974e-02
1164556494.860596 1.504381e-02
1164556494.860718 1.628372e-02
1164556494.860840 5.147051e-02
1164556494.860962 5.863645e-02
1164556494.861084 1.038125e-01
1164556494.861206 1.003141e-01
1164556494.861328 1.199625e-01
1164556494.861450 1.110253e-01
1164556494.861572 -3.996678e-02
1164556494.861694 -8.562897e-02
1164556494.861816 -1.335666e-01
1164556494.861938 -1.335892e-01
1164556494.862061 -1.440712e-01
1164556494.862183 -3.495348e-02
1164556494.862305 2.488352e-02
1164556494.862427 1.498539e-02
1164556494.862549 -7.417236e-03
1164556494.862671 -5.877532e-03
1164556494.862793 5.045969e-02
1164556494.862915 9.202359e-02
1164556494.863037 1.197682e-01
1164556494.863159 8.674334e-02
1164556494.863281 2.508069e-02
1164556494.863403 4.931374e-02
1164556494.863525 2.673964e-02
1164556494.863647 -1.053487e-02
1164556494.863770 -7.247128e-02
1164556494.863892 -8.601443e-02
1164556494.864014 -1.481083e-01
1164556494.864136 -1.215833e-01
1164556494.864258 -1.015991e-01
1164556494.864380 -5.320143e-02
1164556494.864502 2.178190e-02
1164556494.864624 6.201385e-02
1164556494.864746 1.195967e-01
1164556494.864868 1.089286e-01
1164556494.864990 1.582075e-01
1164556494.865112 1.594022e-01
1164556494.865234 1.480993e-02
1164556494.865356 2.434619e-03
1164556494.865479 -1.066962e-01
1164556494.865601 -9.800534e-02
1164556494.865723 -9.462690e-02
1164556494.865845 -7.232975e-02
1164556494.865967 -1.985962e-02
1164556494.866089 -2.534395e-02
1164556494.866211 1.935039e-03
1164556494.866333 -4.426472e-02
1164556494.866455 -7.719130e-02
1164556494.866577 1.520139e-03
1164556494.866699 1.481147e-02
1164556494.866821 8.584198e-02
1164556494.866943 6.896406e-02
1164556494.867065 1.180702e-01
1164556494.867188 1.574774e-01
1164556494.867310 8.044316e-02
1164556494.867432 6.292042e-02
1164556494.867554 -2.191043e-02
1164556494.867676 -8.347857e-02
1164556494.867798 -1.234231e-01
1164556494.867920 -1.853245e-01
1164556494.868042 -1.593716e-01
1164556494.868164 -1.434569e-01
1164556494.868286 -3.861466e-02
1164556494.868408 1.960380e-02
1164556494.868530 3.646212e-02
1164556494.868652 1.020108e-01
1164556494.868774 1.820265e-01
1164556494.868896 1.712819e-01
1164556494.869019 1.778150e-01
1164556494.869141 1.042276e-01
1164556494.869263 4.355284e-02
1164556494.869385 -5.773093e-02
1164556494.869507 -1.515429e-01
1164556494.869629 -1.781281e-01
1164556494.869751 -1.906784e-01
1164556494.869873 -1.203503e-01
1164556494.869995 -2.051328e-02
1164556494.870117 2.857094e-04
1164556494.870239 2.487381e-02
1164556494.870361 2.765360e-02
1164556494.870483 5.759951e-02
1164556494.870605 6.041035e-02
1164556494.870728 9.969481e-02
1164556494.870850 1.538471e-01
1164556494.870972 1.087485e-01
1164556494.871094 2.169373e-03
1164556494.871216 -5.263688e-02
1164556494.871338 -1.137637e-01
1164556494.871460 -5.303911e-02
1164556494.871582 -1.680922e-02
1164556494.871704 5.540651e-02
1164556494.871826 2.924402e-02
1164556494.871948 -6.344441e-02
1164556494.872070 -8.539366e-02
1164556494.872192 -1.572317e-01
1164556494.872314 -1.409185e-01
1164556494.872437 -4.664813e-02
1164556494.872559 3.361697e-02
1164556494.872681 1.200370e-01
1164556494.872803 1.575828e-01
1164556494.872925 2.432490e-01
1164556494.873047 1.251230e-01
1164556494.873169 5.729671e-02
1164556494.873291 -3.853073e-02
1164556494.873413 -4.532487e-02
1164556494.873535 -4.577707e-02
1164556494.873657 -2.698899e-02
1164556494.873779 -2.694498e-02
1164556494.873901 -1.505965e-01
1164556494.874023 -1.833646e-01
1164556494.874146 -2.004904e-01
1164556494.874268 -1.742540e-01
1164556494.874390 -8.553374e-02
1164556494.874512 4.998670e-02
1164556494.874634 2.641168e-01
1164556494.874756 3.108354e-01
1164556494.874878 3.304904e-01
1164556494.875000 2.378883e-01
1164556494.875122 1.196080e-01
1164556494.875244 -7.630001e-02
1164556494.875366 -1.716844e-01
1164556494.875488 -2.215658e-01
1164556494.875610 -2.476862e-01
1164556494.875732 -2.068612e-01
1164556494.875854 -1.548296e-01
1164556494.875977 -1.090244e-01
1164556494.876099 5.807318e-03
1164556494.876221 1.139044e-01
1164556494.876343 1.550154e-01
1164556494.876465 8.860437e-02
1164556494.876587 1.305687e-01
1164556494.876709 1.091169e-01
1164556494.876831 1.373181e-01
1164556494.876953 9.893697e-02
1164556494.877075 4.785480e-02
1164556494.877197 -2.574207e-02
1164556494.877319 -7.958143e-02
1164556494.877441 -8.597991e-02
1164556494.877563 -1.143806e-01
1164556494.877686 -1.325307e-01
1164556494.877808 -1.245132e-01
1164556494.877930 -1.198044e-01
1164556494.878052 -4.944049e-02
1164556494.878174 -6.100593e-02
1164556494.878296 4.512287e-02
1164556494.878418 7.335147e-02
1164556494.878540 1.011533e-01
1164556494.878662 1.625301e-01
1164556494.878784 1.763254e-01
1164556494.878906 1.507757e-01
1164556494.879028 9.923428e-02
1164556494.879150 1.342633e-02
1164556494.879272 -1.648976e-03
1164556494.879395 -1.180768e-01
1164556494.879517 -9.790783e-02
1164556494.879639 -1.044481e-01
1164556494.879761 -1.013348e-01
1164556494.879883 -1.627771e-01
1164556494.880005 -2.168697e-01
1164556494.880127 -1.656596e-01
1164556494.880249 -8.837407e-02
1164556494.880371 -8.265297e-03
1164556494.880493 1.695844e-01
1164556494.880615 2.582976e-01
1164556494.880737 4.082956e-01
1164556494.880859 3.841382e-01
1164556494.880981 2.034723e-01
1164556494.881104 -9.758703e-03
1164556494.881226 -1.043573e-01
1164556494.881348 -1.561992e-01
1164556494.881470 -2.146466e-01
1164556494.881592 -2.841416e-01
1164556494.881714 -2.831377e-01
1164556494.881836 -3.363478e-01
1164556494.881958 -2.371051e-01
1164556494.882080 -2.494447e-02
1164556494.882202 1.893862e-01
1164556494.882324 2.872290e-01
1164556494.882446 3.365293e-01
1164556494.882568 2.613610e-01
1164556494.882690 2.214282e-01
1164556494.882812 1.210266e-01
1164556494.882935 1.029412e-01
1164556494.883057 -2.063835e-02
1164556494.883179 -8.112450e-02
1164556494.883301 -1.467684e-01
1164556494.883423 -1.880440e-01
1164556494.883545 -2.283002e-01
1164556494.883667 -2.605593e-01
1164556494.883789 -2.329143e-01
1164556494.883911 -1.577571e-01
1164556494.884033 -1.545555e-02
1164556494.884155 8.862909e-02
1164556494.884277 1.267646e-01
1164556494.884399 1.897362e-01
1164556494.884521 1.604678e-01
1164556494.884644 2.900837e-01
1164556494.884766 2.794800e-01
1164556494.884888 2.680715e-01
1164556494.885010 9.474518e-02
1164556494.885132 -3.336342e-02
1164556494.885254 -9.999869e-02
1164556494.885376 -2.492145e-01
1164556494.885498 -3.124247e-01
1164556494.885620 -3.263398e-01
1164556494.885742 -3.182118e-01
1164556494.885864 -2.505693e-01
1164556494.885986 -1.868878e-01
1164556494.886108 2.278022e-02
1164556494.886230 1.419059e-01
1164556494.886353 3.079336e-01
1164556494.886475 3.193000e-01
1164556494.886597 3.905286e-01
1164556494.886719 3.689375e-01
1164556494.886841 2.876354e-01
1164556494.886963 1.489001e-01
1164556494.887085 1.646340e-02
1164556494.887207 -9.968752e-02
1164556494.887329 -2.285188e-01
1164556494.887451 -3.797555e-01
1164556494.887573 -3.980530e-01
1164556494.887695 -5.084485e-01
1164556494.887817 -3.933362e-01
1164556494.887939 -3.117252e-01
1164556494.888062 -1.243275e-01
1164556494.888184 2.579145e-02
1164556494.888306 2.651453e-01
1164556494.888428 5.295712e-01
1164556494.888550 6.886581e-01
1164556494.888672 7.167478e-01
1164556494.888794 6.242376e-01
1164556494.888916 3.263283e-01
1164556494.889038 9.942628e-02
1164556494.889160 -2.158558e-01
1164556494.889282 -3.961870e-01
1164556494.889404 -6.290398e-01
1164556494.889526 -7.125530e-01
1164556494.889648 -7.878026e-01
1164556494.889771 -7.527787e-01
1164556494.889893 -6.219849e-01
1164556494.890015 -3.508250e-01
1164556494.890137 -4.206502e-02
1164556494.890259 5.701517e-01
1164556494.890381 8.998860e-01
1164556494.890503 1.272839e+00
1164556494.890625 1.313803e+00
1164556494.890747 1.238446e+00
1164556494.890869 9.055863e-01
1164556494.890991 4.487158e-01
1164556494.891113 -8.691734e-02
1164556494.891235 -6.984113e-01
1164556494.891357 -1.406343e+00
1164556494.891479 -1.805831e+00
1164556494.891602 -2.320436e+00
1164556494.891724 -2.365147e+00
1164556494.891846 -2.526859e+00
1164556494.891968 -1.978131e+00
1164556494.892090 -9.621314e-01
1164556494.892212 4.070578e+00
1164556494.892334 7.413258e+00
1164556494.892456 7.010647e+00
1164556494.892578 5.136179e+00
1164556494.892700 1.717871e+00
1164556494.892822 -1.933078e+00
1164556494.892944 -5.265280e+00
1164556494.893066 -7.320616e+00
1164556494.893188 -7.790760e+00
1164556494.893311 -6.440323e+00
1164556494.893433 -3.550556e+00
1164556494.893555 3.162533e-01
1164556494.893677 4.191276e+00
1164556494.893799 7.214153e+00
1164556494.893921 8.671976e+00
1164556494.894043 8.092931e+00
1164556494.894165 5.633147e+00
1164556494.894287 1.880835e+00
1164556494.894409 -2.343002e+00
1164556494.894531 -6.063093e+00
1164556494.894653 -8.480650e+00
1164556494.894775 -9.058759e+00
1164556494.894897 -7.676171e+00
1164556494.895020 -4.463063e+00
1164556494.895142 -1.469179e-01
1164556494.895264 4.190389e+00
1164556494.895386 7.685683e+00
1164556494.895508 9.405824e+00
1164556494.895630 9.023496e+00
1164556494.895752 6.552514e+00
1164556494.895874 2.633439e+00
1164556494.895996 -1.973327e+00
1164556494.896118 -6.181280e+00
1164556494.896240 -9.048697e+00
1164556494.896362 -9.821477e+00
1164556494.896484 -8.310482e+00
1164556494.896606 -4.707390e+00
1164556494.896729 6.896443e-02
1164556494.896851 4.975576e+00
1164556494.896973 8.665706e+00
1164556494.897095 1.023151e+01
1164556494.897217 9.159073e+00
1164556494.897339 5.720592e+00
1164556494.897461 7.711489e-01
1164556494.897583 -4.398471e+00
1164556494.897705 -8.405379e+00
1164556494.897827 -1.006777e+01
1164556494.897949 -9.113702e+00
1164556494.898071 -5.615625e+00
1164556494.898193 -6.313646e-01
1164556494.898315 4.562228e+00
1164556494.898438 8.349791e+00
1164556494.898560 9.788353e+00
1164556494.898682 8.397435e+00
1164556494.898804 4.634485e+00
1164556494.898926 -4.843599e-01
1164556494.899048 -5.327406e+00
1164556494.899170 -8.690943e+00
1164556494.899292 -9.373900e+00
1164556494.899414 -7.325185e+00
1164556494.899536 -2.996967e+00
1164556494.899658 2.128426e+00
1164556494.899780 6.651914e+00
1164556494.899902 9.193541e+00
1164556494.900024 9.013006e+00
1164556494.900146 5.967370e+00
1164556494.900269 1.028639e+00
1164556494.900391 -4.419112e+00
1164556494.900513 -8.435789e+00
1164556494.900635 -9.942560e+00
1164556494.900757 -8.156363e+00
1164556494.900879 -3.766265e+00
1164556494.901001 2.062410e+00
1164556494.901123 7.296675e+00
1164556494.901245 1.022676e+01
1164556494.901367 9.630284e+00
1164556494.901489 5.719983e+00
1164556494.901611 -4.170043e-01
1164556494.901733 -6.383548e+00
1164556494.901855 -1.019303e+01
1164556494.901978 -1.010640e+01
1164556494.902100 -6.269523e+00
1164556494.902222 8.231903e-02
1164556494.902344 6.283907e+00
1164556494.902466 1.011236e+01
1164556494.902588 9.746971e+00
1164556494.902710 5.537963e+00
1164556494.902832 -1.143482e+00
1164556494.902954 -7.209107e+00
1164556494.903076 -1.039063e+01
1164556494.903198 -9.006830e+00
1164556494.903320 -3.784935e+00
1164556494.903442 3.240763e+00
1164556494.903564 8.875199e+00
1164556494.903687 1.078279e+01
1164556494.903809 7.711044e+00
1164556494.903931 1.253310e+00
1164556494.904053 -6.173095e+00
1164556494.904175 -1.061475e+01
1164556494.904297 -1.030681e+01
1164556494.904419 -4.723837e+00
1164556494.904541 3.118018e+00
1164556494.904663 9.617258e+00
1164556494.904785 1.090762e+01
1164556494.904907 6.349277e+00
1164556494.905029 -2.076820e+00
1164556494.905151 -9.155739e+00
1164556494.905273 -1.091263e+01
1164556494.905396 -5.324853e+00
1164556494.905518 3.644604e+00
1164556494.905640 1.072441e+01
1164556494.905762 1.009459e+01
1164556494.905884 2.241201e+00
1164556494.906006 -8.062348e+00
1164556494.906128 -1.199244e+01
1164556494.906250 -6.350489e+00
1164556494.906372 5.454681e+00
1164556494.906494 1.184331e+01
1164556494.906616 6.578233e+00
1164556494.906738 -6.966655e+00
1164556494.906860 -1.110434e+01
1164556494.906982 6.158442e-01
1164556494.907104 1.122783e+01
1164556494.907227 -1.928298e+00
1164556494.907349 -4.281172e+00
1164556494.907471 2.104874e+00
1164556494.907593 3.144908e-02
1164556494.907715 -5.408956e-02
1164556494.907837 -1.495270e+00
1164556494.907959 4.949436e+00
1164556494.908081 -5.836363e+00
1164556494.908203 1.161178e-01
1164556494.908325 3.254229e+00
1164556494.908447 -3.682996e+00
1164556494.908569 3.097465e+00
1164556494.908691 -2.856041e+00
1164556494.908813 3.322612e+00
1164556494.908936 -2.080912e+00
1164556494.909058 6.247789e-01
1164556494.909180 1.583309e+00
1164556494.909302 -2.354638e+00
1164556494.909424 2.788662e+00
1164556494.909546 -2.768382e+00
1164556494.909668 1.842677e+00
1164556494.909790 -7.322875e-01
1164556494.909912 -1.036916e+00
1164556494.910034 1.360520e+00
1164556494.910156 -1.424794e+00
1164556494.910278 7.303162e-01
1164556494.910400 4.923642e-01
1164556494.910522 -1.618484e+00
1164556494.910645 1.954272e+00
1164556494.910767 -1.212901e+00
1164556494.910889 2.980230e-01
1164556494.911011 8.593691e-01
1164556494.911133 -1.806564e+00
1164556494.911255 2.034121e+00
1164556494.911377 -6.679263e-01
1164556494.911499 -3.594072e-01
1164556494.911621 1.491852e+00
1164556494.911743 -1.813186e+00
1164556494.911865 1.306642e+00
1164556494.911987 -6.666759e-01
1164556494.912109 -8.568864e-01
1164556494.912231 1.131427e+00
1164556494.912354 -1.391890e+00
1164556494.912476 5.877638e-01
1164556494.912598 1.284288e-01
1164556494.912720 -7.364360e-01
1164556494.912842 1.457915e+00
1164556494.912964 -8.851605e-01
1164556494.913086 6.184696e-01
1164556494.913208 5.383726e-01
1164556494.913330 -9.191544e-01
1164556494.913452 1.494458e+00
1164556494.913574 -1.153784e+00
1164556494.913696 -1.007324e-01
1164556494.913818 4.312512e-01
1164556494.913940 -1.443104e+00
1164556494.914062 1.236565e+00
1164556494.914185 -9.875906e-01
1164556494.914307 1.130695e-01
1164556494.914429 7.366638e-01
1164556494.914551 -1.052672e+00
1164556494.914673 1.170672e+00
1164556494.914795 -3.145964e-01
1164556494.914917 -1.673165e-01
1164556494.915039 1.076793e+00
1164556494.915161 -1.050285e+00
1164556494.915283 8.680557e-01
1164556494.915405 -3.231287e-01
1164556494.915527 -6.970958e-01
1164556494.915649 9.156183e-01
1164556494.915771 -1.111929e+00
1164556494.915894 5.092689e-01
1164556494.916016 1.358740e-01
1164556494.916138 -8.663857e-01
1164556494.916260 1.106544e+00
1164556494.916382 -7.983126e-01
1164556494.916504 3.122870e-01
1164556494.916626 5.028878e-01
1164556494.916748 -8.849752e-01
1164556494.916870 8.806799e-01
1164556494.916992 -5.734961e-01
1164556494.917114 -6.050248e-02
1164556494.917236 6.638612e-01
1164556494.917358 -7.275470e-01
1164556494.917480 9.439642e-01
1164556494.917603 -3.281185e-01
1164556494.917725 -1.353785e-01
1164556494.917847 4.440406e-01
1164556494.917969 -9.297870e-01
1164556494.918091 4.365566e-01
1164556494.918213 -3.667618e-01
1164556494.918335 -4.257604e-01
1164556494.918457 6.641181e-01
1164556494.918579 -7.550299e-01
1164556494.918701 6.325770e-01
1164556494.918823 2.551626e-01
1164556494.918945 -2.878411e-01
1164556494.919067 8.887962e-01
1164556494.919189 -6.337159e-01
1164556494.919312 2.361364e-01
1164556494.919434 2.384851e-01
1164556494.919556 -6.819314e-01
1164556494.919678 7.425988e-01
1164556494.919800 -7.537089e-01
1164556494.919922 2.940151e-02
1164556494.920044 1.608084e-01
1164556494.920166 -8.800526e-01
1164556494.920288 7.247002e-01
1164556494.920410 -4.033493e-01
1164556494.920532 9.328768e-02
1164556494.920654 6.451070e-01
1164556494.920776 -5.840812e-01
1164556494.920898 8.619871e-01
1164556494.921021 -2.065205e-01
1164556494.921143 -2.674895e-02
1164556494.921265 3.472016e-01
1164556494.921387 -7.564603e-01
1164556494.921509 4.830739e-01
1164556494.921631 -3.732681e-01
1164556494.921753 -1.763267e-01
1164556494.921875 3.882567e-01
1164556494.921997 -7.435682e-01
1164556494.922119 4.426388e-01
1164556494.922241 -2.575128e-01
1164556494.922363 -1.591888e-02
1164556494.922485 5.656249e-01
1164556494.922607 -4.044787e-01
1164556494.922729 5.637947e-01
1164556494.922852 -1.657349e-01
1164556494.922974 -2.295802e-01
1164556494.923096 4.515272e-01
1164556494.923218 -5.375911e-01
1164556494.923340 4.635351e-01
1164556494.923462 -2.116099e-01
1164556494.923584 -1.772719e-01
1164556494.923706 3.707118e-01
1164556494.923828 -5.365815e-01
1164556494.923950 3.611109e-01
1164556494.924072 -2.881286e-01
1164556494.924194 -1.542120e-01
1164556494.924316 3.648115e-01
1164556494.924438 -5.708758e-01
1164556494.924561 4.825510e-01
1164556494.924683 -2.112937e-01
1164556494.924805 1.115411e-01
1164556494.924927 4.752575e-01
1164556494.925049 -3.331254e-01
1164556494.925171 5.913471e-01
1164556494.925293 -3.100684e-01
1164556494.925415 -3.796856e-02
1164556494.925537 1.916286e-01
1164556494.925659 -6.636854e-01
1164556494.925781 3.371699e-01
1164556494.925903 -5.499501e-01
1164556494.926025 1.341799e-02
1164556494.926147 2.383314e-01
1164556494.926270 -3.205443e-01
1164556494.926392 6.047888e-01
1164556494.926514 -2.646367e-01
1164556494.926636 2.509271e-01
1164556494.926758 1.988482e-01
1164556494.926880 -3.118522e-01
1164556494.927002 4.995105e-01
1164556494.927124 -4.580482e-01
1164556494.927246 2.638873e-01
1164556494.927368 -4.143275e-02
1164556494.927490 -3.020243e-01
1164556494.927612 2.431539e-01
1164556494.927734 -5.176571e-01
1164556494.927856 3.620563e-01
1164556494.927979 -1.849487e-01
1164556494.928101 -1.070593e-01
1164556494.928223 2.813038e-01
1164556494.928345 -5.033439e-01
1164556494.928467 4.894420e-01
1164556494.928589 -2.082243e-01
1164556494.928711 2.748498e-01
1164556494.928833 3.727780e-01
1164556494.928955 -3.481245e-01
1164556494.929077 4.298745e-01
1164556494.929199 -4.544364e-01
1164556494.929321 7.548181e-02
1164556494.929443 -2.070395e-04
1164556494.929565 -3.942854e-01
1164556494.929688 4.303350e-01
1164556494.929810 -4.586485e-01
1164556494.929932 2.450854e-01
1164556494.930054 -1.439183e-01
1164556494.930176 -2.026577e-01
1164556494.930298 2.992125e-01
1164556494.930420 -2.911311e-01
1164556494.930542 5.256495e-01
1164556494.930664 -4.855477e-02
1164556494.930786 1.319592e-01
1164556494.930908 1.364940e-01
1164556494.931030 -3.519561e-01
1164556494.931152 3.667031e-01
1164556494.931274 -3.350042e-01
1164556494.931396 1.978308e-01
1164556494.931519 -1.933535e-01
1164556494.931641 -3.320164e-01
1164556494.931763 1.724851e-01
1164556494.931885 -4.711600e-01
1164556494.932007 3.904283e-01
1164556494.932129 -3.103693e-02
1164556494.932251 1.297451e-01
1164556494.932373 3.958910e-01
1164556494.932495 -2.941441e-01
1164556494.932617 4.206988e-01
1164556494.932739 -3.396603e-01
1164556494.932861 1.610518e-02
1164556494.932983 -5.902500e-02
1164556494.933105 -3.317010e-01
1164556494.933228 4.214183e-01
1164556494.933350 -2.444089e-01
1164556494.933472 2.395189e-01
1164556494.933594 -7.664164e-02
1164556494.933716 -1.227587e-01
1164556494.933838 2.093052e-01
1164556494.933960 -3.986981e-01
1164556494.934082 2.737280e-01
1164556494.934204 -2.344932e-01
1164556494.934326 1.005780e-01
1164556494.934448 1.497988e-01
1164556494.934570 -1.622592e-01
1164556494.934692 2.959658e-01
1164556494.934814 -2.436589e-01
1164556494.934937 1.916840e-01
1164556494.935059 -6.501228e-02
1164556494.935181 -2.808699e-02
1164556494.935303 2.563379e-01
1164556494.935425 -2.343428e-01
1164556494.935547 2.639565e-01
1164556494.935669 -2.786774e-01
1164556494.935791 -4.429651e-02
1164556494.935913 -8.691587e-02
1164556494.936035 -3.064341e-01
1164556494.936157 1.838558e-01
1164556494.936279 -2.110011e-01
1164556494.936401 2.871264e-01
1164556494.936523 1.609556e-01
1164556494.936646 1.017978e-01
1164556494.936768 2.949721e-01
1164556494.936890 -2.633647e-01
1164556494.937012 1.605502e-01
1164556494.937134 -2.311689e-01
1164556494.937256 1.104874e-02
1164556494.937378 7.985330e-02
1164556494.937500 -2.201752e-01
1164556494.937622 1.098467e-01
1164556494.937744 -2.819233e-01
1164556494.937866 3.238198e-02
1164556494.937988 -7.901673e-02
1164556494.938110 -1.151837e-01
1164556494.938232 2.562882e-01
1164556494.938354 -2.795542e-02
1164556494.938477 3.501583e-01
1164556494.938599 4.042075e-03
1164556494.938721 8.947247e-02
1164556494.938843 6.384886e-02
1164556494.938965 -2.340201e-01
1164556494.939087 6.717107e-02
1164556494.939209 -2.261994e-01
1164556494.939331 6.333811e-03
1164556494.939453 -5.954656e-02
1164556494.939575 -8.544033e-02
1164556494.939697 7.581260e-02
1164556494.939819 -1.684314e-01
1164556494.939941 2.482249e-01
1164556494.940063 -6.082025e-02
1164556494.940186 9.666879e-02
1164556494.940308 1.134955e-01
1164556494.940430 -8.116921e-02
1164556494.940552 1.187624e-01
1164556494.940674 -2.044763e-01
1164556494.940796 2.893621e-02
1164556494.940918 -4.108609e-02
1164556494.941040 2.535939e-02
1164556494.941162 2.542026e-01
1164556494.941284 -5.839679e-02
1164556494.941406 1.023482e-01
1164556494.941528 -2.230083e-01
1164556494.941650 -1.226462e-01
1164556494.941772 -1.231113e-01
1164556494.941895 -1.390947e-01
1164556494.942017 1.584949e-01
1164556494.942139 -3.264469e-02
1164556494.942261 1.675757e-01
1164556494.942383 9.273178e-02
1164556494.942505 8.158788e-02
1164556494.942627 1.219768e-01
1164556494.942749 -1.161682e-01
1164556494.942871 8.231123e-02
1164556494.942993 -1.547510e-01
1164556494.943115 -7.311160e-02
1164556494.943237 -2.771867e-02
1164556494.943359 -7.088598e-02
1164556494.943481 6.790400e-02
1164556494.943604 -2.656557e-02
1164556494.943726 8.648656e-02
1164556494.943848 1.257565e-02
1164556494.943970 -4.747651e-02
1164556494.944092 4.827727e-02
1164556494.944214 -1.233324e-01
1164556494.944336 -1.330784e-03
1164556494.944458 -5.032931e-02
1164556494.944580 2.476701e-02
1164556494.944702 7.111714e-02
1164556494.944824 7.332611e-02
1164556494.944946 1.470516e-01
1164556494.945068 2.964281e-02
1164556494.945190 1.040981e-01
1164556494.945312 -2.633683e-02
1164556494.945435 -1.559278e-01
1164556494.945557 -1.443696e-01
1164556494.945679 -2.082913e-01
1164556494.945801 -5.688313e-03
1164556494.945923 -6.657132e-02
1164556494.946045 6.839437e-02
1164556494.946167 1.435154e-01
1164556494.946289 1.310164e-01
