# WAT Version : 6.3.0.0 - GIT Revision : 96ad788623c4de9d20a6c6a8795c09baa7043d66 - Tag/Branch : cWB-6.3.0 
# trigger 2 in lag 0 for 
nevent:     1
ndim:       3
run:        1
name:       ../waveform/t_hplus_APR4_q09.txt
rho:        5.394210
netCC:      0.905514
netED:      -0.006646
penalty:    0.969463
gnet:       0.508812
anet:       0.168103
inet:       0.000000
likelihood: 6.738055e+01
ecor:       9.214616e+01
ECOR:       5.819500e+01
factor:     1.000000
range:      0.000000
mchirp:     0.000000
norm:       3.218890
usize:      0
ifo:        L1 H1 V1 
eventID:    2 0 
rho:        5.394210 5.391072 
type:       1 1 
rate:       0 0 0 
volume:     28 12 0 
size:       14 12 0 
lag:        0.000000 0.000000 0.000000 
slag:       0.000000 0.000000 0.000000 
phi:        131.814163 145.365631 80.439484 323.437500 
theta:      137.749649 26.053856 -47.749649 83.720711 
psi:        0.000000 135.073029 
iota:       0.000000 -0.092063 
bp:          0.7642 -0.5635 -0.5250 
inj_bp:     -0.5187  0.6073 -0.5383 
bx:         -0.2747  0.4676 -0.5898 
inj_bx:     -0.0827  0.3368 -0.2111 
chirp:      0.000000 -0.000007 0.007835 0.999418 1.000000 1.000000 
range:      0.000000 5.054800 
Deff:       0.000000 0.000000 0.000000 
mass:       0.000000 0.000000 
spin:       0.000000 0.000000 0.000000 0.000000 0.000000 0.000000 
eBBH:       0.000000 0.000000 0.000000 0.000000 
null:       1.727968e+00 5.093084e+00 8.203661e-01 
strain:     1.043503e-22 7.042808e-22 
hrss:       7.277281e-23 4.107484e-23 6.249772e-23 
inj_hrss:   1.832082e-22 2.144925e-22 1.900994e-22 
noise:      1.531214e-23 1.537886e-23 1.027595e-23 
segment:    1164556000.0000 1164556810.0000 1164556000.0000 1164556810.0000 1164556000.0000 1164556810.0000 
start:      1164556494.8906 1164556494.8906 1164556494.8906 
time:       1164556494.9085 1164556494.9060 1164556494.9076 
stop:       1164556494.9688 1164556494.9688 1164556494.9688 
inj_time:   1164556494.8948 1164556494.8868 1164556494.8917 
left:       494.890625 494.890625 494.890625 
right:      315.031250 315.031250 315.031250 
duration:   0.009114 0.078125 
frequency:  3233.712158 3232.909668 
low:        3136.000000 
high:       3488.000000 
bandwidth:  27.217806 352.000000 
snr:        2.657730e+01 2.079282e+01 3.920112e+01 
xSNR:       2.466769e+01 1.225055e+01 3.822213e+01 
sSNR:       2.289529e+01 7.217681e+00 3.726758e+01 
iSNR:       1245.175171 1681.497681 1598.544678 
oSNR:       22.895292 7.217681 37.267582 
ioSNR:      8.381248 5.188287 20.778963 
netcc:      0.905514 0.905514 0.931489 0.884881 
neted:      -0.612391 19.441853 86.571243 113.468155 158.391098 
erA:        46.947  2.786  4.912  7.141  9.543 12.317 15.493 19.445 24.824 33.776 101.079 
sky_res:    0.458065
map_lenght: 1001
#skyID  theta   DEC     step   phi     R.A    step  probability    cumulative
171009  137.7  -47.7    0.35  131.8   80.4    0.80  6.650493e-03  6.650493e-03
169169  136.2  -46.2    0.35  133.5   82.1    0.77  6.349158e-03  1.299965e-02
167265  134.6  -44.6    0.35  135.0   83.6    0.74  4.975473e-03  1.797512e-02
 36549   50.9   39.1    0.35  318.5  267.1    0.70  3.634523e-03  2.160965e-02
166776  134.2  -44.2    0.35  133.2   81.8    0.74  3.270969e-03  2.488062e-02
 65222   70.2   19.8    0.35  319.2  267.8    0.70  3.267338e-03  2.814795e-02
171466  138.1  -48.1    0.35  137.0   85.6    0.80  3.173566e-03  3.132152e-02
 65223   70.2   19.8    0.35  319.9  268.5    0.70  3.094707e-03  3.441623e-02
164796  132.6  -42.6    0.35  137.5   86.1    0.71  3.064239e-03  3.748047e-02
 41670   54.7   35.3    0.35  319.2  267.8    0.70  3.024525e-03  4.050499e-02
173222  139.7  -49.7    0.35  132.1   80.7    0.83  2.848169e-03  4.335316e-02
 50890   61.0   29.0    0.35  322.0  270.7    0.70  2.673205e-03  4.602637e-02
 39109   52.8   37.2    0.35  318.9  267.5    0.70  2.633517e-03  4.865988e-02
164797  132.6  -42.6    0.35  138.2   86.8    0.71  2.609198e-03  5.126908e-02
 44745   56.8   33.2    0.35  321.3  270.0    0.70  2.569986e-03  5.383907e-02
 47812   59.0   31.0    0.35  317.8  266.4    0.70  2.547656e-03  5.638672e-02
 44744   56.8   33.2    0.35  320.6  269.3    0.70  2.530429e-03  5.891715e-02
 50888   61.0   29.0    0.35  320.6  269.3    0.70  2.507333e-03  6.142448e-02
167269  134.6  -44.6    0.35  138.0   86.6    0.74  2.368113e-03  6.379260e-02
 47305   58.6   31.4    0.35  321.7  270.3    0.70  2.285710e-03  6.607831e-02
171462  138.1  -48.1    0.35  133.8   82.4    0.80  2.248308e-03  6.832661e-02
 68806   72.4   17.6    0.35  319.6  268.2    0.70  2.160119e-03  7.048673e-02
 50889   61.0   29.0    0.35  321.3  270.0    0.70  2.154836e-03  7.264157e-02
175339  141.6  -51.6    0.35  135.9   84.5    0.87  2.121983e-03  7.476355e-02
159678  128.7  -38.7    0.35  133.9   82.6    0.70  2.091850e-03  7.685540e-02
167266  134.6  -44.6    0.35  135.7   84.4    0.74  2.062967e-03  7.891837e-02
 68807   72.4   17.6    0.35  320.3  268.9    0.70  2.060262e-03  8.097863e-02
163252  131.4  -41.4    0.35  126.6   75.2    0.70  2.054474e-03  8.303310e-02
168696  135.8  -45.8    0.35  131.6   80.2    0.76  1.944475e-03  8.497758e-02
 21780   38.7   51.3    0.35  308.5  257.1    0.87  1.889559e-03  8.686714e-02
 17274   34.5   55.5    0.35  157.3  105.9    0.97  1.887507e-03  8.875465e-02
166279  133.8  -43.8    0.35  128.4   77.0    0.73  1.816281e-03  9.057093e-02
160199  129.1  -39.1    0.35  139.9   88.5    0.70  1.812002e-03  9.238293e-02
167270  134.6  -44.6    0.35  138.7   87.3    0.74  1.806078e-03  9.418901e-02
 54472   63.4   26.6    0.35  321.0  269.6    0.70  1.783597e-03  9.597260e-02
 21367   38.4   51.6    0.35  310.6  259.3    0.87  1.761197e-03  9.773380e-02
  2487   12.8   77.2    0.35  276.4  225.1    2.57  1.759302e-03  9.949310e-02
 51394   61.4   28.6    0.35  316.8  265.4    0.70  1.749919e-03  1.012430e-01
162239  130.6  -40.6    0.35  134.3   82.9    0.70  1.732176e-03  1.029752e-01
  1830   11.0   79.0    0.35  271.5  220.1    3.00  1.731097e-03  1.047063e-01
 87756   83.7    6.3    0.35  323.4  272.1    0.70  1.700005e-03  1.064063e-01
 42177   55.0   35.0    0.35  316.1  264.7    0.70  1.663810e-03  1.080701e-01
164792  132.6  -42.6    0.35  134.6   83.3    0.71  1.657856e-03  1.097280e-01
163766  131.8  -41.8    0.35  128.3   76.9    0.70  1.640369e-03  1.113683e-01
152988  123.9  -33.9    0.35  109.7   58.3    0.70  1.587760e-03  1.129561e-01
  6095   20.2   69.8    0.35  254.5  203.1    1.64  1.549727e-03  1.145058e-01
 39617   53.2   36.8    0.35  315.7  264.3    0.70  1.528004e-03  1.160338e-01
150429  122.1  -32.1    0.35  110.7   59.4    0.70  1.522354e-03  1.175562e-01
 65221   70.2   19.8    0.35  318.5  267.1    0.70  1.505522e-03  1.190617e-01
162758  131.0  -41.0    0.35  139.6   88.2    0.70  1.474921e-03  1.205366e-01
  1953   11.3   78.7    0.35  271.5  220.1    2.90  1.469898e-03  1.220065e-01
  2629   13.2   76.8    0.35  273.8  222.4    2.50  1.466636e-03  1.234732e-01
165281  133.0  -43.0    0.35  124.9   73.5    0.72  1.465594e-03  1.249387e-01
162737  131.0  -41.0    0.35  124.8   73.4    0.70  1.457009e-03  1.263958e-01
162759  131.0  -41.0    0.35  140.3   88.9    0.70  1.456642e-03  1.278524e-01
 45232   57.2   32.8    0.35  304.1  252.7    0.70  1.446191e-03  1.292986e-01
 47821   59.0   31.0    0.35  324.1  272.8    0.70  1.442608e-03  1.307412e-01
  1376    9.5   80.5    0.35  264.8  213.4    3.46  1.440540e-03  1.321817e-01
 42160   55.0   35.0    0.35  304.1  252.7    0.70  1.437267e-03  1.336190e-01
 41669   54.7   35.3    0.35  318.5  267.1    0.70  1.428127e-03  1.350471e-01
 61637   68.0   22.0    0.35  318.9  267.5    0.70  1.411928e-03  1.364591e-01
 87757   83.7    6.3    0.35  324.1  272.8    0.70  1.387248e-03  1.378463e-01
 39120   52.8   37.2    0.35  326.6  275.2    0.70  1.380331e-03  1.392266e-01
 47813   59.0   31.0    0.35  318.5  267.1    0.70  1.375454e-03  1.406021e-01
 45251   57.2   32.8    0.35  317.5  266.1    0.70  1.372331e-03  1.419744e-01
 23056   39.9   50.1    0.35  313.3  261.9    0.84  1.369230e-03  1.433437e-01
162258  130.6  -40.6    0.35  147.7   96.3    0.70  1.362635e-03  1.447063e-01
161205  129.8  -39.8    0.35  127.3   75.9    0.70  1.345985e-03  1.460523e-01
 39618   53.2   36.8    0.35  316.4  265.0    0.70  1.344564e-03  1.473968e-01
155562  125.7  -35.7    0.35  119.9   68.5    0.70  1.337922e-03  1.487348e-01
 42685   55.4   34.6    0.35  312.9  261.5    0.70  1.335069e-03  1.500698e-01
 47811   59.0   31.0    0.35  317.1  265.7    0.70  1.333267e-03  1.514031e-01
162754  131.0  -41.0    0.35  136.8   85.4    0.70  1.321257e-03  1.527244e-01
 23484   40.3   49.7    0.35  310.4  259.0    0.83  1.315882e-03  1.540402e-01
 41676   54.7   35.3    0.35  323.4  272.1    0.70  1.285344e-03  1.553256e-01
164810  132.6  -42.6    0.35  147.5   96.1    0.71  1.275428e-03  1.566010e-01
 65224   70.2   19.8    0.35  320.6  269.3    0.70  1.270721e-03  1.578717e-01
 25253   41.9   48.1    0.35  313.0  261.6    0.80  1.245914e-03  1.591176e-01
164776  132.6  -42.6    0.35  123.2   71.8    0.71  1.238351e-03  1.603560e-01
151494  122.8  -32.8    0.35  139.6   88.2    0.70  1.222952e-03  1.615789e-01
 50355   60.7   29.3    0.35  306.2  254.8    0.70  1.216860e-03  1.627958e-01
159699  128.7  -38.7    0.35  148.7   97.3    0.70  1.197710e-03  1.639935e-01
 25701   42.3   47.7    0.35  310.2  258.8    0.80  1.192644e-03  1.651862e-01
  1957   11.3   78.7    0.35  283.1  231.7    2.90  1.188606e-03  1.663748e-01
160690  129.5  -39.5    0.35  125.5   74.1    0.70  1.176609e-03  1.675514e-01
 53428   62.7   27.3    0.35  306.9  255.5    0.70  1.163168e-03  1.687145e-01
 48318   59.3   30.7    0.35  313.9  262.6    0.70  1.162518e-03  1.698771e-01
177352  143.6  -53.6    0.35  136.4   85.0    0.92  1.161736e-03  1.710388e-01
  2634   13.2   76.8    0.35  286.2  234.9    2.50  1.159900e-03  1.721987e-01
169643  136.6  -46.6    0.35  139.3   87.9    0.78  1.148756e-03  1.733475e-01
 44752   56.8   33.2    0.35  326.2  274.9    0.70  1.146260e-03  1.744937e-01
157639  127.2  -37.2    0.35  140.3   88.9    0.70  1.145129e-03  1.756388e-01
 39108   52.8   37.2    0.35  318.2  266.8    0.70  1.132014e-03  1.767709e-01
 17787   34.9   55.1    0.35  290.6  239.2    0.96  1.130795e-03  1.779017e-01
118728  102.0  -12.0    0.35  141.0   89.6    0.70  1.122417e-03  1.790241e-01
 83145   81.0    9.0    0.35  321.7  270.3    0.70  1.118892e-03  1.801430e-01
 42190   55.0   35.0    0.35  325.2  273.8    0.70  1.115585e-03  1.812585e-01
172785  139.3  -49.3    0.35  130.0   78.7    0.83  1.107416e-03  1.823660e-01
 54473   63.4   26.6    0.35  321.7  270.3    0.70  1.104696e-03  1.834707e-01
 68809   72.4   17.6    0.35  321.7  270.3    0.70  1.095900e-03  1.845666e-01
 45267   57.2   32.8    0.35  328.7  277.3    0.70  1.074141e-03  1.856407e-01
 69777   73.0   17.0    0.35  282.3  230.9    0.70  1.066917e-03  1.867076e-01
  7251   22.1   67.9    0.35  257.3  205.9    1.50  1.061001e-03  1.877686e-01
 33989   49.0   41.0    0.35  318.9  267.5    0.70  1.057129e-03  1.888257e-01
 48319   59.3   30.7    0.35  314.6  263.3    0.70  1.045831e-03  1.898716e-01
  5039   18.4   71.6    0.35  251.1  199.7    1.80  1.044219e-03  1.909158e-01
154014  124.6  -34.6    0.35  111.1   59.7    0.70  1.034014e-03  1.919498e-01
161243  129.8  -39.8    0.35  154.0  102.6    0.70  1.018971e-03  1.929688e-01
148418  120.7  -30.7    0.35  136.8   85.4    0.70  1.017736e-03  1.939865e-01
  2340   12.5   77.5    0.35  255.4  204.1    2.65  1.014386e-03  1.950009e-01
  2071   11.7   78.3    0.35  246.1  194.7    2.81  1.004410e-03  1.960053e-01
  1704   10.6   79.4    0.35  249.8  198.5    3.10  1.003809e-03  1.970091e-01
 50891   61.0   29.0    0.35  322.7  271.4    0.70  1.000500e-03  1.980096e-01
 15597   32.6   57.4    0.35  292.0  240.6    1.02  9.965295e-04  1.990062e-01
165782  133.4  -43.4    0.35  126.7   75.3    0.73  9.880908e-04  1.999942e-01
148897  121.0  -31.0    0.35  113.2   61.8    0.70  9.865121e-04  2.009808e-01
 39114   52.8   37.2    0.35  322.4  271.0    0.70  9.846552e-04  2.019654e-01
159683  128.7  -38.7    0.35  137.5   86.1    0.70  9.813615e-04  2.029468e-01
156572  126.4  -36.4    0.35  110.0   58.7    0.70  9.792293e-04  2.039260e-01
 46774   58.3   31.7    0.35  308.0  256.6    0.70  9.738041e-04  2.048998e-01
149923  121.7  -31.7    0.35  114.6   63.2    0.70  9.644052e-04  2.058642e-01
 18941   36.0   54.0    0.35  294.6  243.2    0.93  9.512256e-04  2.068154e-01
 68805   72.4   17.6    0.35  318.9  267.5    0.70  9.465878e-04  2.077620e-01
 37057   51.3   38.7    0.35  316.1  264.7    0.70  9.333233e-04  2.086953e-01
  6103   20.2   69.8    0.35  267.5  216.2    1.64  9.324573e-04  2.096278e-01
 21768   38.7   51.3    0.35  298.1  246.8    0.87  9.309305e-04  2.105587e-01
 13756   30.7   59.3    0.35  156.7  105.3    1.08  9.196196e-04  2.114784e-01
 41651   54.7   35.3    0.35  305.9  254.5    0.70  9.147191e-04  2.123931e-01
 53956   63.1   26.9    0.35  317.8  266.4    0.70  9.128944e-04  2.133060e-01
 68812   72.4   17.6    0.35  323.8  272.4    0.70  9.105108e-04  2.142165e-01
 22607   39.5   50.5    0.35  295.0  243.7    0.85  9.096221e-04  2.151261e-01
 36554   50.9   39.1    0.35  322.0  270.7    0.70  9.046605e-04  2.160308e-01
  4837   18.0   72.0    0.35  245.2  193.8    1.84  8.945572e-04  2.169253e-01
 47822   59.0   31.0    0.35  324.8  273.5    0.70  8.924226e-04  2.178177e-01
151455  122.8  -32.8    0.35  112.1   60.8    0.70  8.921595e-04  2.187099e-01
 47306   58.6   31.4    0.35  322.4  271.0    0.70  8.902018e-04  2.196001e-01
  3076   14.3   75.7    0.35  259.6  208.2    2.31  8.896372e-04  2.204897e-01
 47304   58.6   31.4    0.35  321.0  269.6    0.70  8.853816e-04  2.213751e-01
 23472   40.3   49.7    0.35  300.4  249.0    0.83  8.823882e-04  2.222575e-01
 51900   61.7   28.3    0.35  312.2  260.8    0.70  8.812916e-04  2.231388e-01
168723  135.8  -45.8    0.35  152.2  100.8    0.76  8.777954e-04  2.240166e-01
  2079   11.7   78.3    0.35  268.6  217.2    2.81  8.771173e-04  2.248937e-01
  3411   15.0   75.0    0.35  288.7  237.3    2.20  8.757884e-04  2.257695e-01
 49847   60.3   29.7    0.35  308.7  257.3    0.70  8.745833e-04  2.266441e-01
158113  127.5  -37.5    0.35  113.2   61.8    0.70  8.685839e-04  2.275127e-01
159132  128.3  -38.3    0.35  109.7   58.3    0.70  8.563304e-04  2.283690e-01
 19731   36.8   53.2    0.35  297.7  246.4    0.91  8.552657e-04  2.292243e-01
 39635   53.2   36.8    0.35  328.4  277.0    0.70  8.515429e-04  2.300758e-01
 15951   33.0   57.0    0.35  290.7  239.4    1.01  8.498658e-04  2.309257e-01
 68810   72.4   17.6    0.35  322.4  271.0    0.70  8.473729e-04  2.317730e-01
  7990   23.2   66.8    0.35  255.0  203.6    1.43  8.419012e-04  2.326149e-01
157617  127.2  -37.2    0.35  124.8   73.4    0.70  8.397040e-04  2.334547e-01
  2336   12.5   77.5    0.35  244.9  193.5    2.65  8.366915e-04  2.342913e-01
 36559   50.9   39.1    0.35  325.5  274.2    0.70  8.357586e-04  2.351271e-01
  1274    9.1   80.9    0.35  268.2  216.8    3.60  8.348426e-04  2.359619e-01
175340  141.6  -51.6    0.35  136.7   85.4    0.87  8.300655e-04  2.367920e-01
 19743   36.8   53.2    0.35  308.6  257.3    0.91  8.284308e-04  2.376204e-01
161708  130.2  -40.2    0.35  121.3   69.9    0.70  8.283620e-04  2.384488e-01
 51393   61.4   28.6    0.35  316.1  264.7    0.70  8.226282e-04  2.392714e-01
  5032   18.4   71.6    0.35  238.5  187.1    1.80  8.192579e-04  2.400907e-01
 57036   65.0   25.0    0.35  323.4  272.1    0.70  8.172585e-04  2.409079e-01
150422  122.1  -32.1    0.35  105.8   54.4    0.70  8.153403e-04  2.417233e-01
 42183   55.0   35.0    0.35  320.3  268.9    0.70  8.138363e-04  2.425371e-01
156087  126.1  -36.1    0.35  128.7   77.3    0.70  8.119532e-04  2.433491e-01
163241  131.4  -41.4    0.35  118.8   67.5    0.70  8.055629e-04  2.441546e-01
 27085   43.4   46.6    0.35  314.6  263.2    0.78  8.032529e-04  2.449579e-01
177348  143.6  -53.6    0.35  132.7   81.3    0.92  8.001574e-04  2.457581e-01
 55481   64.1   25.9    0.35  310.4  259.1    0.70  7.994783e-04  2.465575e-01
118731  102.0  -12.0    0.35  143.1   91.7    0.70  7.871515e-04  2.473447e-01
 33993   49.0   41.0    0.35  321.7  270.3    0.70  7.857886e-04  2.481305e-01
 18555   35.7   54.3    0.35  295.8  244.4    0.94  7.812576e-04  2.489117e-01
 19724   36.8   53.2    0.35  291.4  240.0    0.91  7.807761e-04  2.496925e-01
154563  125.0  -35.0    0.35  137.5   86.1    0.70  7.793995e-04  2.504719e-01
177347  143.6  -53.6    0.35  131.8   80.4    0.92  7.787193e-04  2.512506e-01
 56502   64.7   25.3    0.35  308.3  256.9    0.70  7.778481e-04  2.520285e-01
174917  141.3  -51.3    0.35  129.4   78.0    0.87  7.729862e-04  2.528015e-01
164309  132.2  -42.2    0.35  151.3   99.9    0.71  7.699179e-04  2.535714e-01
 65220   70.2   19.8    0.35  317.8  266.4    0.70  7.681010e-04  2.543395e-01
  5452   19.1   70.9    0.35  257.0  205.6    1.73  7.623319e-04  2.551018e-01
 56503   64.7   25.3    0.35  309.0  257.6    0.70  7.605118e-04  2.558623e-01
158635  127.9  -37.9    0.35  120.6   69.2    0.70  7.600341e-04  2.566224e-01
 44737   56.8   33.2    0.35  315.7  264.3    0.70  7.587377e-04  2.573811e-01
 37073   51.3   38.7    0.35  327.3  275.9    0.70  7.500002e-04  2.581311e-01
164766  132.6  -42.6    0.35  116.1   64.7    0.71  7.424081e-04  2.588735e-01
171467  138.1  -48.1    0.35  137.8   86.4    0.80  7.423622e-04  2.596159e-01
  3406   15.0   75.0    0.35  277.7  226.3    2.20  7.403547e-04  2.603562e-01
 47282   58.6   31.4    0.35  305.5  254.1    0.70  7.397369e-04  2.610960e-01
 55955   64.4   25.6    0.35  283.4  232.0    0.70  7.357773e-04  2.618317e-01
 61640   68.0   22.0    0.35  321.0  269.6    0.70  7.340311e-04  2.625658e-01
 62607   68.6   21.4    0.35  280.9  229.5    0.70  7.327705e-04  2.632985e-01
  3572   15.4   74.6    0.35  275.4  224.0    2.14  7.324787e-04  2.640310e-01
162212  130.6  -40.6    0.35  115.3   63.9    0.70  7.313386e-04  2.647623e-01
178883  145.1  -55.1    0.35  129.7   78.4    0.96  7.293745e-04  2.654917e-01
  5885   19.8   70.2    0.35  269.2  217.8    1.67  7.282366e-04  2.662200e-01
 54471   63.4   26.6    0.35  320.3  268.9    0.70  7.278853e-04  2.669478e-01
 65219   70.2   19.8    0.35  317.1  265.7    0.70  7.263539e-04  2.676742e-01
 59539   66.7   23.3    0.35  283.7  232.3    0.70  7.236992e-04  2.683979e-01
171032  137.7  -47.7    0.35  150.1   98.8    0.80  7.221840e-04  2.691201e-01
152489  123.5  -33.5    0.35  119.2   67.8    0.70  7.128453e-04  2.698329e-01
 29462   45.4   44.6    0.35  314.3  262.9    0.74  7.112715e-04  2.705442e-01
118727  102.0  -12.0    0.35  140.3   88.9    0.70  7.112455e-04  2.712554e-01
164279  132.2  -42.2    0.35  130.0   78.7    0.71  7.100484e-04  2.719655e-01
 44210   56.5   33.5    0.35  305.5  254.1    0.70  7.070850e-04  2.726726e-01
 10432   26.6   63.4    0.35  260.6  209.3    1.25  7.019747e-04  2.733746e-01
  2625   13.2   76.8    0.35  263.8  212.4    2.50  7.014996e-04  2.740761e-01
155080  125.3  -35.3    0.35  140.6   89.3    0.70  7.010290e-04  2.747771e-01
 68808   72.4   17.6    0.35  321.0  269.6    0.70  7.009378e-04  2.754780e-01
162726  131.0  -41.0    0.35  117.1   65.7    0.70  6.997707e-04  2.761778e-01
 68278   72.1   17.9    0.35  308.0  256.6    0.70  6.984958e-04  2.768763e-01
160193  129.1  -39.1    0.35  135.7   84.3    0.70  6.979015e-04  2.775742e-01
 45759   57.6   32.4    0.35  314.3  262.9    0.70  6.966547e-04  2.782708e-01
 51376   61.4   28.6    0.35  304.1  252.7    0.70  6.946530e-04  2.789655e-01
158120  127.5  -37.5    0.35  118.1   66.8    0.70  6.941112e-04  2.796596e-01
 56978   65.0   25.0    0.35  282.7  231.3    0.70  6.928840e-04  2.803525e-01
 53393   62.7   27.3    0.35  282.3  230.9    0.70  6.928326e-04  2.810453e-01
176549  142.8  -52.8    0.35  127.4   76.0    0.90  6.925007e-04  2.817378e-01
 77459   77.7   12.3    0.35  283.4  232.0    0.70  6.906692e-04  2.824285e-01
 20929   38.0   52.0    0.35  287.2  235.8    0.88  6.905326e-04  2.831190e-01
 19338   36.4   53.6    0.35  299.8  248.5    0.92  6.888745e-04  2.838079e-01
 62164   68.3   21.7    0.35  329.1  277.7    0.70  6.842917e-04  2.844922e-01
 44743   56.8   33.2    0.35  319.9  268.5    0.70  6.805121e-04  2.851727e-01
 54976   63.7   26.3    0.35  315.0  263.6    0.70  6.737051e-04  2.858464e-01
169174  136.2  -46.2    0.35  137.3   85.9    0.77  6.735997e-04  2.865200e-01
 64653   69.9   20.1    0.35  279.5  228.1    0.70  6.733204e-04  2.871933e-01
 45244   57.2   32.8    0.35  312.5  261.2    0.70  6.732139e-04  2.878665e-01
 19330   36.4   53.6    0.35  292.5  241.1    0.92  6.726388e-04  2.885392e-01
 78482   78.3   11.7    0.35  282.7  231.3    0.70  6.717998e-04  2.892110e-01
 23043   39.9   50.1    0.35  302.4  251.0    0.84  6.638744e-04  2.898749e-01
 33988   49.0   41.0    0.35  318.2  266.8    0.70  6.631753e-04  2.905380e-01
178117  144.3  -54.3    0.35  125.2   73.8    0.94  6.631651e-04  2.912012e-01
 61069   67.7   22.3    0.35  279.1  227.8    0.70  6.626822e-04  2.918639e-01
 31887   47.4   42.6    0.35  276.8  225.4    0.71  6.620865e-04  2.925260e-01
161752  130.2  -40.2    0.35  152.2  100.9    0.70  6.615837e-04  2.931875e-01
 64147   69.6   20.4    0.35  283.4  232.0    0.70  6.589797e-04  2.938465e-01
  2922   13.9   76.1    0.35  261.7  210.3    2.37  6.589624e-04  2.945055e-01
 63630   69.3   20.7    0.35  280.2  228.8    0.70  6.567783e-04  2.951623e-01
175753  142.0  -52.0    0.35  139.0   87.6    0.88  6.564419e-04  2.958187e-01
167734  135.0  -45.0    0.35  124.9   73.5    0.75  6.559592e-04  2.964747e-01
 87754   83.7    6.3    0.35  322.0  270.7    0.70  6.540527e-04  2.971287e-01
 20139   37.2   52.8    0.35  305.6  254.2    0.90  6.521522e-04  2.977809e-01
  2780   13.6   76.4    0.35  283.4  232.0    2.43  6.517766e-04  2.984327e-01
  8441   23.9   66.1    0.35  168.2  116.9    1.38  6.502288e-04  2.990829e-01
 20540   37.6   52.4    0.35  303.4  252.0    0.89  6.494039e-04  2.997323e-01
 60046   67.0   23.0    0.35  279.8  228.5    0.70  6.452714e-04  3.003776e-01
 53955   63.1   26.9    0.35  317.1  265.7    0.70  6.451459e-04  3.010227e-01
 68277   72.1   17.9    0.35  307.3  255.9    0.70  6.424576e-04  3.016652e-01
158133  127.5  -37.5    0.35  127.3   75.9    0.70  6.417074e-04  3.023069e-01
 21355   38.4   51.6    0.35  300.1  248.8    0.87  6.402330e-04  3.029471e-01
148936  121.0  -31.0    0.35  140.6   89.3    0.70  6.384630e-04  3.035856e-01
158634  127.9  -37.9    0.35  119.9   68.5    0.70  6.373745e-04  3.042229e-01
 43193   55.8   34.2    0.35  310.4  259.1    0.70  6.371626e-04  3.048601e-01
 10069   26.2   63.8    0.35  164.2  112.8    1.27  6.357291e-04  3.054958e-01
157123  126.8  -36.8    0.35  137.1   85.7    0.70  6.322157e-04  3.061280e-01
 57035   65.0   25.0    0.35  322.7  271.4    0.70  6.320667e-04  3.067601e-01
150949  122.4  -32.4    0.35  116.0   64.6    0.70  6.319083e-04  3.073920e-01
  1945   11.3   78.7    0.35  248.2  196.9    2.90  6.312581e-04  3.080233e-01
 65218   70.2   19.8    0.35  316.4  265.0    0.70  6.288293e-04  3.086521e-01
 49028   60.0   30.0    0.35   93.2   41.8    0.70  6.244694e-04  3.092766e-01
 79510   78.9   11.1    0.35  285.5  234.1    0.70  6.238724e-04  3.099004e-01
  4474   17.2   72.8    0.35  288.2  236.8    1.91  6.229582e-04  3.105234e-01
125909  106.3  -16.3    0.35  150.1   98.7    0.70  6.212033e-04  3.111446e-01
 57539   65.4   24.6    0.35  317.5  266.1    0.70  6.198852e-04  3.117645e-01
156566  126.4  -36.4    0.35  105.8   54.4    0.70  6.174476e-04  3.123819e-01
 21339   38.4   51.6    0.35  286.2  234.8    0.87  6.174236e-04  3.129994e-01
160194  129.1  -39.1    0.35  136.4   85.0    0.70  6.168409e-04  3.136162e-01
 33997   49.0   41.0    0.35  324.5  273.1    0.70  6.164363e-04  3.142326e-01
 64203   69.6   20.4    0.35  322.7  271.4    0.70  6.154864e-04  3.148481e-01
 43702   56.1   33.9    0.35  308.0  256.6    0.70  6.119356e-04  3.154601e-01
   986    8.0   82.0    0.35  255.7  204.3    4.09  6.072267e-04  3.160673e-01
173226  139.7  -49.7    0.35  135.4   84.0    0.83  6.056326e-04  3.166729e-01
 70800   73.7   16.3    0.35  281.6  230.2    0.70  6.040866e-04  3.172770e-01
 35470   50.2   39.8    0.35  279.8  228.5    0.70  6.039630e-04  3.178810e-01
154576  125.0  -35.0    0.35  146.6   95.2    0.70  6.033253e-04  3.184843e-01
 47820   59.0   31.0    0.35  323.4  272.1    0.70  6.024724e-04  3.190868e-01
 73869   75.5   14.5    0.35  279.5  228.1    0.70  6.016777e-04  3.196885e-01
 44723   56.8   33.2    0.35  305.9  254.5    0.70  6.015088e-04  3.202900e-01
 49848   60.3   29.7    0.35  309.4  258.0    0.70  6.004084e-04  3.208904e-01
151956  123.2  -33.2    0.35  104.1   52.7    0.70  5.963739e-04  3.214867e-01
 24343   41.1   48.9    0.35  297.4  246.0    0.82  5.958544e-04  3.220826e-01
 68811   72.4   17.6    0.35  323.1  271.7    0.70  5.953144e-04  3.226779e-01
 54450   63.4   26.6    0.35  305.5  254.1    0.70  5.935029e-04  3.232714e-01
 39623   53.2   36.8    0.35  319.9  268.5    0.70  5.929970e-04  3.238644e-01
161691  130.2  -40.2    0.35  109.3   58.0    0.70  5.919688e-04  3.244564e-01
 16678   33.7   56.3    0.35  295.2  243.8    0.99  5.907530e-04  3.250471e-01
  7013   21.7   68.3    0.35  258.6  207.2    1.53  5.903385e-04  3.256375e-01
 57484   65.4   24.6    0.35  278.8  227.4    0.70  5.893765e-04  3.262268e-01
173221  139.7  -49.7    0.35  131.2   79.9    0.83  5.892129e-04  3.268161e-01
165771  133.4  -43.4    0.35  118.7   67.3    0.73  5.862821e-04  3.274023e-01
152500  123.5  -33.5    0.35  126.9   75.5    0.70  5.852545e-04  3.279876e-01
 23905   40.7   49.3    0.35  298.5  247.1    0.83  5.835501e-04  3.285711e-01
173660  140.1  -50.1    0.35  138.4   87.0    0.84  5.825196e-04  3.291537e-01
 82119   80.4    9.6    0.35  320.3  268.9    0.70  5.816874e-04  3.297354e-01
 53968   63.1   26.9    0.35  326.2  274.9    0.70  5.812458e-04  3.303166e-01
 27550   43.8   46.2    0.35  312.7  261.3    0.77  5.799563e-04  3.308966e-01
  8249   23.6   66.4    0.35  260.9  209.5    1.41  5.793972e-04  3.314760e-01
 43192   55.8   34.2    0.35  309.7  258.4    0.70  5.788784e-04  3.320548e-01
  7740   22.8   67.2    0.35  256.2  204.8    1.45  5.779392e-04  3.326328e-01
 62165   68.3   21.7    0.35  329.8  278.4    0.70  5.772440e-04  3.332100e-01
 51395   61.4   28.6    0.35  317.5  266.1    0.70  5.758709e-04  3.337859e-01
 45720   57.6   32.4    0.35  286.9  235.5    0.70  5.741707e-04  3.343601e-01
 66193   70.8   19.2    0.35  282.0  230.6    0.70  5.725413e-04  3.349326e-01
  1586   10.2   79.8    0.35  239.5  188.1    3.21  5.723586e-04  3.355050e-01
 34512   49.4   40.6    0.35  326.2  274.9    0.70  5.718411e-04  3.360768e-01
 62163   68.3   21.7    0.35  328.4  277.0    0.70  5.716290e-04  3.366484e-01
  7479   22.4   67.6    0.35  235.3  184.0    1.48  5.705575e-04  3.372190e-01
 21368   38.4   51.6    0.35  311.5  260.1    0.87  5.696726e-04  3.377887e-01
 17796   34.9   55.1    0.35  299.2  247.8    0.96  5.659378e-04  3.383546e-01
 39088   52.8   37.2    0.35  304.1  252.7    0.70  5.617163e-04  3.389163e-01
 49303   60.0   30.0    0.35  286.5  235.1    0.70  5.605943e-04  3.394769e-01
 68754   72.4   17.6    0.35  283.0  231.6    0.70  5.590928e-04  3.400360e-01
 65227   70.2   19.8    0.35  322.7  271.4    0.70  5.590211e-04  3.405950e-01
 23917   40.7   49.3    0.35  308.4  257.0    0.83  5.563162e-04  3.411513e-01
 48787   59.7   30.3    0.35  283.4  232.0    0.70  5.553908e-04  3.417067e-01
  2075   11.7   78.3    0.35  257.3  206.0    2.81  5.545804e-04  3.422613e-01
  1819   11.0   79.0    0.35  238.5  187.1    3.00  5.545046e-04  3.428158e-01
160672  129.5  -39.5    0.35  112.9   61.5    0.70  5.512651e-04  3.433671e-01
161720  130.2  -40.2    0.35  129.7   78.4    0.70  5.507757e-04  3.439179e-01
 45245   57.2   32.8    0.35  313.2  261.9    0.70  5.506719e-04  3.444685e-01
151495  122.8  -32.8    0.35  140.3   88.9    0.70  5.484278e-04  3.450170e-01
118730  102.0  -12.0    0.35  142.4   91.0    0.70  5.482903e-04  3.455652e-01
122303  104.2  -14.2    0.35  134.3   82.9    0.70  5.481961e-04  3.461134e-01
 24354   41.1   48.9    0.35  306.4  255.0    0.82  5.460330e-04  3.466595e-01
169644  136.6  -46.6    0.35  140.0   88.7    0.78  5.458953e-04  3.472054e-01
151487  122.8  -32.8    0.35  134.6   83.3    0.70  5.425298e-04  3.477479e-01
142285  116.6  -26.6    0.35  144.5   93.1    0.70  5.404045e-04  3.482883e-01
 45250   57.2   32.8    0.35  316.8  265.4    0.70  5.395068e-04  3.488278e-01
 40125   53.6   36.4    0.35  313.2  261.9    0.70  5.389593e-04  3.493668e-01
 31447   47.0   43.0    0.35  322.2  270.8    0.72  5.355816e-04  3.499023e-01
 58558   66.0   24.0    0.35  313.9  262.6    0.70  5.351724e-04  3.504375e-01
159653  128.7  -38.7    0.35  116.4   65.0    0.70  5.320737e-04  3.509696e-01
121303  103.6  -13.6    0.35  151.2   99.8    0.70  5.298902e-04  3.514995e-01
 29466   45.4   44.6    0.35  317.2  265.9    0.74  5.293951e-04  3.520289e-01
175335  141.6  -51.6    0.35  132.4   81.0    0.87  5.292507e-04  3.525581e-01
 54975   63.7   26.3    0.35  314.3  262.9    0.70  5.289325e-04  3.530871e-01
 61638   68.0   22.0    0.35  319.6  268.2    0.70  5.281859e-04  3.536152e-01
 24784   41.5   48.5    0.35  295.5  244.2    0.81  5.278993e-04  3.541431e-01
159139  128.3  -38.3    0.35  114.6   63.2    0.70  5.278131e-04  3.546710e-01
 45268   57.2   32.8    0.35  329.4  278.0    0.70  5.273053e-04  3.551983e-01
 50899   61.0   29.0    0.35  328.4  277.0    0.70  5.248092e-04  3.557231e-01
 62092   68.3   21.7    0.35  278.4  227.1    0.70  5.241216e-04  3.562472e-01
 78487   78.3   11.7    0.35  286.2  234.8    0.70  5.237545e-04  3.567710e-01
114123   99.3   -9.3    0.35  142.7   91.4    0.70  5.219171e-04  3.572929e-01
 58557   66.0   24.0    0.35  313.2  261.9    0.70  5.208866e-04  3.578138e-01
 38070   52.1   37.9    0.35  308.3  256.9    0.70  5.204105e-04  3.583342e-01
 44738   56.8   33.2    0.35  316.4  265.0    0.70  5.129164e-04  3.588471e-01
 56471   64.7   25.3    0.35  286.5  235.1    0.70  5.096277e-04  3.593567e-01
 65676   70.5   19.5    0.35  278.8  227.4    0.70  5.094738e-04  3.598662e-01
167249  134.6  -44.6    0.35  123.1   71.7    0.74  5.089967e-04  3.603752e-01
152499  123.5  -33.5    0.35  126.2   74.8    0.70  5.086753e-04  3.608839e-01
162244  130.6  -40.6    0.35  137.8   86.4    0.70  5.069286e-04  3.613908e-01
160198  129.1  -39.1    0.35  139.2   87.8    0.70  5.069127e-04  3.618977e-01
156631  126.4  -36.4    0.35  151.5  100.1    0.70  5.063334e-04  3.624040e-01
 57551   65.4   24.6    0.35  325.9  274.5    0.70  5.059487e-04  3.629100e-01
 41142   54.3   35.7    0.35  308.3  256.9    0.70  5.030039e-04  3.634130e-01
 10413   26.6   63.4    0.35  236.9  185.5    1.25  4.986755e-04  3.639117e-01
 74892   76.1   13.9    0.35  278.8  227.4    0.70  4.982390e-04  3.644099e-01
178888  145.1  -55.1    0.35  134.5   83.1    0.96  4.921511e-04  3.649020e-01
  6548   20.9   69.1    0.35  259.7  208.4    1.58  4.910259e-04  3.653931e-01
 23026   39.9   50.1    0.35  288.1  236.7    0.84  4.907599e-04  3.658838e-01
 56501   64.7   25.3    0.35  307.6  256.2    0.70  4.906977e-04  3.663745e-01
  7026   21.7   68.3    0.35  278.4  227.0    1.53  4.880793e-04  3.668626e-01
155546  125.7  -35.7    0.35  108.6   57.3    0.70  4.875937e-04  3.673502e-01
154068  124.6  -34.6    0.35  149.1   97.7    0.70  4.871651e-04  3.678374e-01
169173  136.2  -46.2    0.35  136.5   85.2    0.77  4.853893e-04  3.683228e-01
122304  104.2  -14.2    0.35  135.0   83.6    0.70  4.840325e-04  3.688068e-01
  1582   10.2   79.8    0.35  226.6  175.2    3.21  4.830024e-04  3.692898e-01
173655  140.1  -50.1    0.35  134.2   82.8    0.84  4.824725e-04  3.697723e-01
166268  133.8  -43.8    0.35  120.4   69.0    0.73  4.821139e-04  3.702544e-01
  4456   17.2   72.8    0.35  253.7  202.3    1.91  4.798576e-04  3.707342e-01
167274  134.6  -44.6    0.35  141.7   90.3    0.74  4.796956e-04  3.712139e-01
 63124   68.9   21.1    0.35  284.1  232.7    0.70  4.795485e-04  3.716935e-01
 10998   27.3   62.7    0.35  236.6  185.2    1.22  4.787549e-04  3.721722e-01
152011  123.2  -33.2    0.35  142.7   91.4    0.70  4.768781e-04  3.726491e-01
 48336   59.3   30.7    0.35  326.6  275.2    0.70  4.742978e-04  3.731234e-01
 22617   39.5   50.5    0.35  303.5  252.2    0.85  4.736577e-04  3.735971e-01
158106  127.5  -37.5    0.35  108.3   56.9    0.70  4.732246e-04  3.740703e-01
 17044   34.1   55.9    0.35  294.0  242.6    0.98  4.717491e-04  3.745420e-01
 63160   68.9   21.1    0.35  309.4  258.0    0.70  4.684168e-04  3.750105e-01
 38580   52.5   37.5    0.35  306.6  255.2    0.70  4.678525e-04  3.754783e-01
 75915   76.8   13.2    0.35  278.1  226.7    0.70  4.663915e-04  3.759447e-01
 15598   32.6   57.4    0.35  293.0  241.6    1.02  4.645136e-04  3.764092e-01
 16317   33.4   56.6    0.35  297.5  246.1    1.00  4.637387e-04  3.768730e-01
141779  116.3  -26.3    0.35  148.4   97.0    0.70  4.597875e-04  3.773327e-01
 83146   81.0    9.0    0.35  322.4  271.0    0.70  4.596786e-04  3.777924e-01
  2760   13.6   76.4    0.35  234.7  183.4    2.43  4.593676e-04  3.782518e-01
 67257   71.5   18.5    0.35  310.1  258.7    0.70  4.567347e-04  3.787085e-01
178502  144.7  -54.7    0.35  127.4   76.0    0.95  4.550240e-04  3.791636e-01
 48337   59.3   30.7    0.35  327.3  275.9    0.70  4.548091e-04  3.796184e-01
164310  132.2  -42.2    0.35  152.0  100.6    0.71  4.540455e-04  3.800724e-01
 87755   83.7    6.3    0.35  322.7  271.4    0.70  4.540252e-04  3.805264e-01
 22618   39.5   50.5    0.35  304.4  253.0    0.85  4.539978e-04  3.809804e-01
 31943   47.4   42.6    0.35  316.8  265.4    0.71  4.539827e-04  3.814344e-01
  3912   16.1   73.9    0.35  262.8  211.5    2.05  4.532797e-04  3.818877e-01
 19350   36.4   53.6    0.35  310.9  259.5    0.92  4.525627e-04  3.823403e-01
168215  135.4  -45.4    0.35  126.7   75.3    0.76  4.525573e-04  3.827928e-01
 46775   58.3   31.7    0.35  308.7  257.3    0.70  4.505652e-04  3.832434e-01
 12219   28.8   61.2    0.35  239.4  188.0    1.15  4.497496e-04  3.836931e-01
 61639   68.0   22.0    0.35  320.3  268.9    0.70  4.495647e-04  3.841427e-01
 53910   63.1   26.9    0.35  285.5  234.1    0.70  4.494216e-04  3.845921e-01
 68759   72.4   17.6    0.35  286.5  235.1    0.70  4.483831e-04  3.850405e-01
166780  134.2  -44.2    0.35  136.1   84.7    0.74  4.479278e-04  3.854884e-01
129980  108.8  -18.8    0.35  132.5   81.2    0.70  4.470192e-04  3.859354e-01
 18949   36.0   54.0    0.35  302.0  250.6    0.93  4.464670e-04  3.863819e-01
 44420   56.8   33.2    0.35   92.8   41.4    0.70  4.457486e-04  3.868277e-01
 13551   30.3   59.7    0.35  293.6  242.2    1.10  4.455652e-04  3.872732e-01
 86730   83.1    6.9    0.35  322.0  270.7    0.70  4.455343e-04  3.877188e-01
139207  114.6  -24.6    0.35  140.3   88.9    0.70  4.453353e-04  3.881641e-01
 52407   62.0   28.0    0.35  309.0  257.6    0.70  4.443972e-04  3.886085e-01
 13225   29.9   60.1    0.35  295.0  243.6    1.11  4.436089e-04  3.890521e-01
 40110   53.6   36.4    0.35  302.7  251.3    0.70  4.433002e-04  3.894954e-01
   735    6.9   83.1    0.35  243.9  192.6    4.74  4.407040e-04  3.899361e-01
170551  137.4  -47.4    0.35  129.1   77.7    0.79  4.398810e-04  3.903760e-01
 36560   50.9   39.1    0.35  326.2  274.9    0.70  4.387498e-04  3.908147e-01
 45203   57.2   32.8    0.35  283.7  232.3    0.70  4.381891e-04  3.912529e-01
 33998   49.0   41.0    0.35  325.2  273.8    0.70  4.369878e-04  3.916899e-01
 76938   77.4   12.6    0.35  277.4  226.0    0.70  4.368422e-04  3.921268e-01
 54426   63.4   26.6    0.35  288.6  237.3    0.70  4.366883e-04  3.925634e-01
 43701   56.1   33.9    0.35  307.3  255.9    0.70  4.364482e-04  3.929999e-01
 51865   61.7   28.3    0.35  287.6  236.2    0.70  4.362683e-04  3.934362e-01
 31385   47.0   43.0    0.35  277.6  226.2    0.72  4.359462e-04  3.938721e-01
169622  136.6  -46.6    0.35  123.0   71.6    0.78  4.349662e-04  3.943071e-01
153515  124.2  -34.2    0.35  120.6   69.2    0.70  4.346198e-04  3.947417e-01
 47497   59.0   31.0    0.35   96.3   45.0    0.70  4.318997e-04  3.951736e-01
152982  123.9  -33.9    0.35  105.5   54.1    0.70  4.314454e-04  3.956050e-01
  1831   11.0   79.0    0.35  274.5  223.1    3.00  4.291490e-04  3.960342e-01
166314  133.8  -43.8    0.35  154.0  102.6    0.73  4.290162e-04  3.964632e-01
  4841   18.0   72.0    0.35  252.6  201.2    1.84  4.288709e-04  3.968921e-01
  4452   17.2   72.8    0.35  246.1  194.7    1.91  4.284039e-04  3.973205e-01
168680  135.8  -45.8    0.35  119.4   68.0    0.76  4.280758e-04  3.977485e-01
118726  102.0  -12.0    0.35  139.6   88.2    0.70  4.259268e-04  3.981745e-01
162223  130.6  -40.6    0.35  123.0   71.7    0.70  4.247291e-04  3.985992e-01
169187  136.2  -46.2    0.35  147.3   95.9    0.77  4.245641e-04  3.990238e-01
  6533   20.9   69.1    0.35  236.1  184.7    1.58  4.240168e-04  3.994478e-01
 27052   43.4   46.6    0.35  289.0  237.6    0.78  4.230842e-04  3.998709e-01
 51348   61.4   28.6    0.35  284.4  233.0    0.70  4.229592e-04  4.002938e-01
157118  126.8  -36.8    0.35  133.6   82.2    0.70  4.196562e-04  4.007135e-01
171481  138.1  -48.1    0.35  149.1   97.7    0.80  4.195400e-04  4.011330e-01
   900    7.7   82.3    0.35  259.3  207.9    4.29  4.189246e-04  4.015520e-01
151502  122.8  -32.8    0.35  145.2   93.8    0.70  4.189041e-04  4.019709e-01
 23456   40.3   49.7    0.35  287.1  235.7    0.83  4.185580e-04  4.023894e-01
145859  119.0  -29.0    0.35  137.1   85.7    0.70  4.183470e-04  4.028078e-01
175749  142.0  -52.0    0.35  135.4   84.1    0.88  4.182916e-04  4.032261e-01
 47258   58.6   31.4    0.35  288.6  237.3    0.70  4.176749e-04  4.036437e-01
171008  137.7  -47.7    0.35  131.0   79.6    0.80  4.175935e-04  4.040613e-01
 21347   38.4   51.6    0.35  293.2  241.8    0.87  4.164550e-04  4.044778e-01
 15950   33.0   57.0    0.35  289.7  238.3    1.01  4.163970e-04  4.048942e-01
142286  116.6  -26.6    0.35  145.2   93.8    0.70  4.153325e-04  4.053095e-01
 44230   56.5   33.5    0.35  319.6  268.2    0.70  4.142202e-04  4.057237e-01
 98969   90.3   -0.3    0.35  287.6  236.2    0.70  4.126283e-04  4.061364e-01
122801  104.5  -14.5    0.35  124.8   73.4    0.70  4.122916e-04  4.065486e-01
 97946   89.7    0.3    0.35  288.3  236.9    0.70  4.101728e-04  4.069588e-01
 17806   34.9   55.1    0.35  308.8  257.4    0.96  4.082322e-04  4.073670e-01
165270  133.0  -43.0    0.35  117.0   65.6    0.72  4.079145e-04  4.077750e-01
 31956   47.4   42.6    0.35  326.1  274.7    0.71  4.075973e-04  4.081826e-01
178887  145.1  -55.1    0.35  133.6   82.2    0.96  4.075698e-04  4.085901e-01
149428  121.4  -31.4    0.35  126.9   75.5    0.70  4.067638e-04  4.089969e-01
164793  132.6  -42.6    0.35  135.4   84.0    0.71  4.065250e-04  4.094034e-01
 30887   46.6   43.4    0.35  278.3  227.0    0.73  4.055449e-04  4.098090e-01
 67736   71.8   18.2    0.35  287.2  235.9    0.70  4.054778e-04  4.102144e-01
 42686   55.4   34.6    0.35  313.6  262.2    0.70  4.052348e-04  4.106197e-01
103062   92.7   -2.7    0.35  285.5  234.1    0.70  4.037299e-04  4.110234e-01
 60619   67.3   22.7    0.35  323.1  271.7    0.70  4.029116e-04  4.114263e-01
156602  126.4  -36.4    0.35  131.1   79.8    0.70  4.011950e-04  4.118275e-01
 37549   51.7   38.3    0.35  301.6  250.3    0.70  4.007821e-04  4.122283e-01
  5877   19.8   70.2    0.35  255.8  204.5    1.67  4.006031e-04  4.126289e-01
161707  130.2  -40.2    0.35  120.6   69.2    0.70  4.005890e-04  4.130295e-01
 66699   71.2   18.8    0.35  278.1  226.7    0.70  3.997189e-04  4.134292e-01
114122   99.3   -9.3    0.35  142.0   90.7    0.70  3.986165e-04  4.138278e-01
 53404   62.7   27.3    0.35  290.0  238.7    0.70  3.981602e-04  4.142260e-01
 83142   81.0    9.0    0.35  319.6  268.2    0.70  3.971633e-04  4.146231e-01
 19355   36.4   53.6    0.35  315.5  264.1    0.92  3.970911e-04  4.150202e-01
 62166   68.3   21.7    0.35  330.5  279.1    0.70  3.968953e-04  4.154171e-01
 78531   78.3   11.7    0.35  317.1  265.7    0.70  3.963862e-04  4.158135e-01
102039   92.1   -2.1    0.35  286.2  234.8    0.70  3.958515e-04  4.162094e-01
169153  136.2  -46.2    0.35  121.2   69.8    0.77  3.954732e-04  4.166048e-01
 65228   70.2   19.8    0.35  323.4  272.1    0.70  3.952780e-04  4.170001e-01
 40620   53.9   36.1    0.35  300.9  249.6    0.70  3.942561e-04  4.173944e-01
 51924   61.7   28.3    0.35  329.1  277.7    0.70  3.931229e-04  4.177875e-01
 83607   81.3    8.7    0.35  286.2  234.8    0.70  3.925418e-04  4.181800e-01
157135  126.8  -36.8    0.35  145.5   94.2    0.70  3.917910e-04  4.185718e-01
158121  127.5  -37.5    0.35  118.8   67.5    0.70  3.909955e-04  4.189628e-01
 38579   52.5   37.5    0.35  305.9  254.5    0.70  3.903756e-04  4.193532e-01
138703  114.3  -24.3    0.35  145.5   94.2    0.70  3.891430e-04  4.197423e-01
  8507   23.9   66.1    0.35  259.6  208.2    1.38  3.878578e-04  4.201302e-01
166760  134.2  -44.2    0.35  121.4   70.0    0.74  3.875225e-04  4.205177e-01
  5441   19.1   70.9    0.35  238.0  186.6    1.73  3.859607e-04  4.209037e-01
159163  128.3  -38.3    0.35  131.5   80.1    0.70  3.850475e-04  4.212887e-01
 25252   41.9   48.1    0.35  312.2  260.8    0.80  3.835290e-04  4.216723e-01
 32393   47.8   42.2    0.35  276.0  224.6    0.71  3.816355e-04  4.220539e-01
  9306   25.1   64.9    0.35  257.4  206.1    1.32  3.811260e-04  4.224350e-01
 33984   49.0   41.0    0.35  315.4  264.0    0.70  3.800203e-04  4.228150e-01
144314  118.0  -28.0    0.35  131.1   79.8    0.70  3.798653e-04  4.231949e-01
 36555   50.9   39.1    0.35  322.7  271.4    0.70  3.793213e-04  4.235742e-01
 58057   65.7   24.3    0.35  321.3  270.0    0.70  3.791361e-04  4.239534e-01
  2068   11.7   78.3    0.35  237.7  186.3    2.81  3.786418e-04  4.243320e-01
 81556   80.1    9.9    0.35  284.1  232.7    0.70  3.782426e-04  4.247103e-01
156123  126.1  -36.1    0.35  154.0  102.6    0.70  3.774239e-04  4.250877e-01
 50843   61.0   29.0    0.35  289.0  237.6    0.70  3.773523e-04  4.254650e-01
  8492   23.9   66.1    0.35  238.8  187.5    1.38  3.773031e-04  4.258423e-01
 55509   64.1   25.9    0.35  330.1  278.7    0.70  3.766733e-04  4.262190e-01
 65749   70.5   19.5    0.35  330.1  278.7    0.70  3.764741e-04  4.265955e-01
  3577   15.4   74.6    0.35  286.1  234.7    2.14  3.760037e-04  4.269715e-01
 15247   32.2   57.8    0.35  293.3  241.9    1.03  3.757803e-04  4.273473e-01
 69782   73.0   17.0    0.35  285.8  234.4    0.70  3.756513e-04  4.277229e-01
154042  124.6  -34.6    0.35  130.8   79.4    0.70  3.744730e-04  4.280974e-01
 79505   78.9   11.1    0.35  282.0  230.6    0.70  3.742661e-04  4.284717e-01
 33920   49.0   41.0    0.35  270.4  219.0    0.70  3.742441e-04  4.288459e-01
155079  125.3  -35.3    0.35  139.9   88.5    0.70  3.737745e-04  4.292197e-01
 20140   37.2   52.8    0.35  306.4  255.1    0.90  3.715427e-04  4.295912e-01
142284  116.6  -26.6    0.35  143.8   92.4    0.70  3.711495e-04  4.299624e-01
171912  138.5  -48.5    0.35  136.6   85.2    0.81  3.707512e-04  4.303331e-01
152012  123.2  -33.2    0.35  143.4   92.1    0.70  3.703760e-04  4.307035e-01
 55482   64.1   25.9    0.35  311.1  259.8    0.70  3.698742e-04  4.310734e-01
 49033   60.0   30.0    0.35   96.7   45.3    0.70  3.693783e-04  4.314427e-01
 53957   63.1   26.9    0.35  318.5  267.1    0.70  3.690703e-04  4.318118e-01
  9036   24.7   65.3    0.35  258.6  207.2    1.34  3.678633e-04  4.321797e-01
 16679   33.7   56.3    0.35  296.2  244.8    0.99  3.675222e-04  4.325472e-01
 69824   73.0   17.0    0.35  315.4  264.0    0.70  3.672014e-04  4.329144e-01
  5608   19.5   70.5    0.35  163.9  112.5    1.70  3.671887e-04  4.332816e-01
175338  141.6  -51.6    0.35  135.0   83.6    0.87  3.660596e-04  4.336477e-01
164283  132.2  -42.2    0.35  132.9   81.5    0.71  3.657945e-04  4.340134e-01
174496  140.9  -50.9    0.35  127.3   75.9    0.86  3.652521e-04  4.343787e-01
 66197   70.8   19.2    0.35  284.8  233.4    0.70  3.646034e-04  4.347433e-01
149429  121.4  -31.4    0.35  127.6   76.2    0.70  3.641954e-04  4.351075e-01
 53429   62.7   27.3    0.35  307.6  256.2    0.70  3.639721e-04  4.354715e-01
  7502   22.4   67.6    0.35  269.3  217.9    1.48  3.635251e-04  4.358350e-01
 51377   61.4   28.6    0.35  304.8  253.4    0.70  3.632203e-04  4.361982e-01
 57554   65.4   24.6    0.35  328.0  276.6    0.70  3.627357e-04  4.365610e-01
 14092   31.1   58.9    0.35  159.1  107.7    1.07  3.625801e-04  4.369235e-01
 50880   61.0   29.0    0.35  315.0  263.6    0.70  3.613995e-04  4.372849e-01
 48320   59.3   30.7    0.35  315.4  264.0    0.70  3.612403e-04  4.376462e-01
 30393   46.2   43.8    0.35  279.1  227.8    0.73  3.605828e-04  4.380068e-01
162785  131.0  -41.0    0.35  158.6  107.2    0.70  3.605380e-04  4.383673e-01
169642  136.6  -46.6    0.35  138.5   87.1    0.78  3.601411e-04  4.387274e-01
 46742   58.3   31.7    0.35  285.5  234.1    0.70  3.601257e-04  4.390876e-01
 60621   67.3   22.7    0.35  324.5  273.1    0.70  3.598294e-04  4.394474e-01
  3905   16.1   73.9    0.35  248.5  197.1    2.05  3.590975e-04  4.398065e-01
  5047   18.4   71.6    0.35  265.5  214.1    1.80  3.588850e-04  4.401654e-01
169639  136.6  -46.6    0.35  136.2   84.8    0.78  3.587862e-04  4.405242e-01
 42176   55.0   35.0    0.35  315.4  264.0    0.70  3.586726e-04  4.408828e-01
 42191   55.0   35.0    0.35  325.9  274.5    0.70  3.585003e-04  4.412413e-01
 68804   72.4   17.6    0.35  318.2  266.8    0.70  3.580044e-04  4.415993e-01
162763  131.0  -41.0    0.35  143.1   91.7    0.70  3.577420e-04  4.419571e-01
 61084   67.7   22.3    0.35  289.7  238.3    0.70  3.576844e-04  4.423148e-01
 75413   76.4   13.6    0.35  284.8  233.4    0.70  3.576463e-04  4.426724e-01
 22185   39.1   50.9    0.35  296.1  244.8    0.86  3.574794e-04  4.430299e-01
 29446   45.4   44.6    0.35  302.4  251.0    0.74  3.552025e-04  4.433851e-01
143773  117.6  -27.6    0.35  110.4   59.0    0.70  3.544575e-04  4.437395e-01
 59023   66.4   23.6    0.35  280.5  229.2    0.70  3.541033e-04  4.440936e-01
170087  137.0  -47.0    0.35  124.8   73.5    0.78  3.537553e-04  4.444474e-01
154577  125.0  -35.0    0.35  147.3   95.9    0.70  3.535756e-04  4.448010e-01
176144  142.4  -52.4    0.35  125.2   73.8    0.89  3.524240e-04  4.451534e-01
 40598   53.9   36.1    0.35  285.5  234.1    0.70  3.515368e-04  4.455049e-01
  8963   24.7   65.3    0.35  160.5  109.1    1.34  3.508802e-04  4.458558e-01
178274  144.3  -54.3    0.35  272.3  221.0    0.94  3.503445e-04  4.462062e-01
 46266   57.9   32.1    0.35  311.1  259.8    0.70  3.500920e-04  4.465563e-01
 31939   47.4   42.6    0.35  313.9  262.6    0.71  3.498437e-04  4.469061e-01
 74939   76.1   13.9    0.35  311.8  260.5    0.70  3.496779e-04  4.472558e-01
157103  126.8  -36.8    0.35  123.0   71.7    0.70  3.492510e-04  4.476050e-01
 71823   74.3   15.7    0.35  280.9  229.5    0.70  3.487172e-04  4.479537e-01
148436  120.7  -30.7    0.35  149.4   98.0    0.70  3.484287e-04  4.483022e-01
 26590   43.0   47.0    0.35  290.0  238.6    0.78  3.479354e-04  4.486501e-01
  5471   19.1   70.9    0.35  289.9  238.5    1.73  3.471231e-04  4.489972e-01
167283  134.6  -44.6    0.35  148.4   97.0    0.74  3.470351e-04  4.493443e-01
 16309   33.4   56.6    0.35  289.5  238.1    1.00  3.470177e-04  4.496913e-01
 54449   63.4   26.6    0.35  304.8  253.4    0.70  3.469677e-04  4.500383e-01
 42178   55.0   35.0    0.35  316.8  265.4    0.70  3.460318e-04  4.503843e-01
 80533   79.5   10.5    0.35  284.8  233.4    0.70  3.448629e-04  4.507291e-01
  8516   23.9   66.1    0.35  272.1  220.7    1.38  3.442482e-04  4.510734e-01
137659  113.6  -23.6    0.35  131.5   80.1    0.70  3.431510e-04  4.514165e-01
123828  105.1  -15.1    0.35  126.9   75.5    0.70  3.427641e-04  4.517593e-01
 20946   38.0   52.0    0.35  302.2  250.8    0.88  3.416455e-04  4.521010e-01
   893    7.7   82.3    0.35  229.3  177.9    4.29  3.414678e-04  4.524424e-01
 68239   72.1   17.9    0.35  280.5  229.2    0.70  3.409022e-04  4.527833e-01
 67258   71.5   18.5    0.35  310.8  259.4    0.70  3.408918e-04  4.531242e-01
144815  118.3  -28.3    0.35  123.0   71.7    0.70  3.406957e-04  4.534649e-01
129979  108.8  -18.8    0.35  131.8   80.5    0.70  3.403300e-04  4.538052e-01
 83143   81.0    9.0    0.35  320.3  268.9    0.70  3.402050e-04  4.541455e-01
 64180   69.6   20.4    0.35  306.6  255.2    0.70  3.397999e-04  4.544853e-01
159126  128.3  -38.3    0.35  105.5   54.1    0.70  3.389098e-04  4.548242e-01
 72846   74.9   15.1    0.35  280.2  228.8    0.70  3.388972e-04  4.551631e-01
 58055   65.7   24.3    0.35  319.9  268.5    0.70  3.374036e-04  4.555005e-01
146357  119.3  -29.3    0.35  127.6   76.2    0.70  3.371256e-04  4.558376e-01
164280  132.2  -42.2    0.35  130.7   79.4    0.71  3.370114e-04  4.561746e-01
 20959   38.0   52.0    0.35  313.7  262.3    0.88  3.366596e-04  4.565113e-01
 74940   76.1   13.9    0.35  312.5  261.2    0.70  3.361903e-04  4.568474e-01
 42136   55.0   35.0    0.35  287.2  235.9    0.70  3.356404e-04  4.571831e-01
 64181   69.6   20.4    0.35  307.3  255.9    0.70  3.352755e-04  4.575184e-01
173822  140.1  -50.1    0.35  274.6  223.3    0.84  3.351292e-04  4.578535e-01
160665  129.5  -39.5    0.35  107.9   56.6    0.70  3.348708e-04  4.581884e-01
 62140   68.3   21.7    0.35  312.2  260.8    0.70  3.344276e-04  4.585228e-01
  3193   14.7   75.3    0.35  165.4  114.0    2.25  3.344194e-04  4.588572e-01
151454  122.8  -32.8    0.35  111.4   60.1    0.70  3.340334e-04  4.591912e-01
 23042   39.9   50.1    0.35  301.5  250.2    0.84  3.337365e-04  4.595250e-01
 50832   61.0   29.0    0.35  281.2  229.9    0.70  3.331839e-04  4.598582e-01
 28990   45.0   45.0    0.35  322.9  271.5    0.75  3.328401e-04  4.601910e-01
 89756   84.9    5.1    0.35  289.7  238.3    0.70  3.327465e-04  4.605238e-01
 24606   41.5   48.5    0.35  151.2   99.8    0.81  3.326744e-04  4.608564e-01
 57033   65.0   25.0    0.35  321.3  270.0    0.70  3.322494e-04  4.611887e-01
 36482   50.9   39.1    0.35  271.4  220.0    0.70  3.321948e-04  4.615209e-01
   896    7.7   82.3    0.35  242.1  190.8    4.29  3.319913e-04  4.618529e-01
 68803   72.4   17.6    0.35  317.5  266.1    0.70  3.317591e-04  4.621846e-01
161206  129.8  -39.8    0.35  128.0   76.6    0.70  3.316815e-04  4.625163e-01
 25702   42.3   47.7    0.35  311.0  259.6    0.80  3.314023e-04  4.628477e-01
 11315   27.7   62.3    0.35  258.6  207.2    1.20  3.309487e-04  4.631787e-01
118732  102.0  -12.0    0.35  143.8   92.4    0.70  3.309250e-04  4.635096e-01
 81561   80.1    9.9    0.35  287.6  236.2    0.70  3.308245e-04  4.638404e-01
167275  134.6  -44.6    0.35  142.4   91.1    0.74  3.294711e-04  4.641699e-01
  3738   15.8   74.2    0.35  264.8  213.4    2.09  3.292706e-04  4.644991e-01
  4654   17.6   72.4    0.35  267.2  215.8    1.88  3.289576e-04  4.648281e-01
 60620   67.3   22.7    0.35  323.8  272.4    0.70  3.286454e-04  4.651567e-01
138702  114.3  -24.3    0.35  144.8   93.5    0.70  3.284085e-04  4.654852e-01
 96923   89.1    0.9    0.35  289.0  237.6    0.70  3.281097e-04  4.658133e-01
 45252   57.2   32.8    0.35  318.2  266.8    0.70  3.275386e-04  4.661408e-01
 34517   49.4   40.6    0.35  329.8  278.4    0.70  3.275054e-04  4.664683e-01
 36553   50.9   39.1    0.35  321.3  270.0    0.70  3.273944e-04  4.667957e-01
 57538   65.4   24.6    0.35  316.8  265.4    0.70  3.268082e-04  4.671225e-01
 68276   72.1   17.9    0.35  306.6  255.2    0.70  3.262825e-04  4.674488e-01
148937  121.0  -31.0    0.35  141.3   90.0    0.70  3.258676e-04  4.677747e-01
 56461   64.7   25.3    0.35  279.5  228.1    0.70  3.247853e-04  4.680994e-01
 17438   34.5   55.5    0.35  316.0  264.6    0.97  3.246918e-04  4.684241e-01
137660  113.6  -23.6    0.35  132.2   80.8    0.70  3.244422e-04  4.687486e-01
149417  121.4  -31.4    0.35  119.2   67.8    0.70  3.237428e-04  4.690723e-01
 13520   30.3   59.7    0.35  259.6  208.2    1.10  3.235562e-04  4.693959e-01
135624  112.3  -22.3    0.35  140.6   89.3    0.70  3.234295e-04  4.697193e-01
 12234   28.8   61.2    0.35  256.7  205.4    1.15  3.231728e-04  4.700425e-01
 48304   59.3   30.7    0.35  304.1  252.7    0.70  3.228001e-04  4.703653e-01
 67256   71.5   18.5    0.35  309.4  258.0    0.70  3.227776e-04  4.706881e-01
 41675   54.7   35.3    0.35  322.7  271.4    0.70  3.224521e-04  4.710105e-01
 66239   70.8   19.2    0.35  314.3  262.9    0.70  3.222909e-04  4.713328e-01
129978  108.8  -18.8    0.35  131.1   79.8    0.70  3.222891e-04  4.716551e-01
  6310   20.6   69.4    0.35  241.9  190.5    1.61  3.222347e-04  4.719773e-01
135587  112.3  -22.3    0.35  114.6   63.2    0.70  3.218814e-04  4.722992e-01
 34494   49.4   40.6    0.35  313.6  262.2    0.70  3.217830e-04  4.726210e-01
 43158   55.8   34.2    0.35  285.8  234.4    0.70  3.216992e-04  4.729427e-01
 83148   81.0    9.0    0.35  323.8  272.4    0.70  3.216600e-04  4.732644e-01
 72391   74.6   15.4    0.35  319.9  268.5    0.70  3.210033e-04  4.735854e-01
  2471   12.8   77.2    0.35  235.3  183.9    2.57  3.208680e-04  4.739062e-01
 83147   81.0    9.0    0.35  323.1  271.7    0.70  3.206838e-04  4.742269e-01
 65170   70.2   19.8    0.35  282.7  231.3    0.70  3.203916e-04  4.745473e-01
 34437   49.4   40.6    0.35  273.5  222.1    0.70  3.199794e-04  4.748673e-01
 48827   59.7   30.3    0.35  311.5  260.1    0.70  3.198769e-04  4.751872e-01
 39043   52.8   37.2    0.35  272.5  221.1    0.70  3.196992e-04  4.755069e-01
 44753   56.8   33.2    0.35  327.0  275.6    0.70  3.187310e-04  4.758256e-01
 12787   29.6   60.4    0.35  165.9  114.6    1.12  3.177622e-04  4.761433e-01
121304  103.6  -13.6    0.35  151.9  100.5    0.70  3.177150e-04  4.764611e-01
153015  123.9  -33.9    0.35  128.7   77.3    0.70  3.167752e-04  4.767778e-01
153051  123.9  -33.9    0.35  154.0  102.6    0.70  3.157726e-04  4.770936e-01
 38803   52.8   37.2    0.35  103.7   52.3    0.70  3.156216e-04  4.774092e-01
 48303   59.3   30.7    0.35  303.4  252.0    0.70  3.149141e-04  4.777241e-01
170739  137.4  -47.4    0.35  277.5  226.1    0.79  3.148868e-04  4.780390e-01
 29475   45.4   44.6    0.35  323.9  272.6    0.74  3.147828e-04  4.783538e-01
 61575   68.0   22.0    0.35  275.3  223.9    0.70  3.143736e-04  4.786682e-01
162262  130.6  -40.6    0.35  150.5   99.1    0.70  3.141692e-04  4.789824e-01
 13544   30.3   59.7    0.35  285.9  234.5    1.10  3.141071e-04  4.792965e-01
 48853   59.7   30.3    0.35  329.8  278.4    0.70  3.135786e-04  4.796100e-01
  6998   21.7   68.3    0.35  235.7  184.3    1.53  3.134788e-04  4.799235e-01
150971  122.4  -32.4    0.35  131.5   80.1    0.70  3.134564e-04  4.802370e-01
 52382   62.0   28.0    0.35  291.4  240.1    0.70  3.130095e-04  4.805500e-01
 27035   43.4   46.6    0.35  275.8  224.4    0.78  3.124044e-04  4.808624e-01
141780  116.3  -26.3    0.35  149.1   97.7    0.70  3.117526e-04  4.811741e-01
157586  127.2  -37.2    0.35  103.0   51.6    0.70  3.111330e-04  4.814853e-01
 27554   43.8   46.2    0.35  315.8  264.4    0.77  3.108465e-04  4.817961e-01
141745  116.3  -26.3    0.35  124.5   73.1    0.70  3.108461e-04  4.821070e-01
 42893   55.8   34.2    0.35   99.5   48.1    0.70  3.106605e-04  4.824176e-01
 60552   67.3   22.7    0.35  276.0  224.6    0.70  3.096674e-04  4.827273e-01
167239  134.6  -44.6    0.35  115.7   64.3    0.74  3.096658e-04  4.830370e-01
118729  102.0  -12.0    0.35  141.7   90.3    0.70  3.094175e-04  4.833464e-01
 67216   71.5   18.5    0.35  281.2  229.9    0.70  3.093104e-04  4.836557e-01
160176  129.1  -39.1    0.35  123.7   72.4    0.70  3.091139e-04  4.839648e-01
 31923   47.4   42.6    0.35  302.5  251.1    0.71  3.088098e-04  4.842736e-01
148935  121.0  -31.0    0.35  139.9   88.5    0.70  3.082874e-04  4.845819e-01
116695  100.8  -10.8    0.35  151.5  100.1    0.70  3.080535e-04  4.848900e-01
 68802   72.4   17.6    0.35  316.8  265.4    0.70  3.079111e-04  4.851979e-01
 70284   73.4   16.6    0.35  278.4  227.1    0.70  3.078603e-04  4.855057e-01
 23060   39.9   50.1    0.35  316.7  265.3    0.84  3.076406e-04  4.858134e-01
 27094   43.4   46.6    0.35  321.6  270.2    0.78  3.069288e-04  4.861203e-01
 60056   67.0   23.0    0.35  286.9  235.5    0.70  3.066538e-04  4.864270e-01
168887  135.8  -45.8    0.35  277.2  225.9    0.76  3.063009e-04  4.867333e-01
145361  118.6  -28.6    0.35  147.3   95.9    0.70  3.062112e-04  4.870395e-01
151448  122.8  -32.8    0.35  107.2   55.9    0.70  3.061925e-04  4.873457e-01
 35459   50.2   39.8    0.35  272.1  220.7    0.70  3.060764e-04  4.876517e-01
152010  123.2  -33.2    0.35  142.0   90.7    0.70  3.059921e-04  4.879577e-01
 59039   66.4   23.6    0.35  291.8  240.4    0.70  3.056632e-04  4.882634e-01
155561  125.7  -35.7    0.35  119.2   67.8    0.70  3.047782e-04  4.885682e-01
 54951   63.7   26.3    0.35  297.4  246.0    0.70  3.042822e-04  4.888724e-01
 18541   35.7   54.3    0.35  282.7  231.3    0.94  3.038435e-04  4.891763e-01
  4266   16.9   73.1    0.35  247.5  196.1    1.96  3.030874e-04  4.894794e-01
173656  140.1  -50.1    0.35  135.0   83.6    0.84  3.029893e-04  4.897824e-01
101016   91.5   -1.5    0.35  286.9  235.5    0.70  3.022779e-04  4.900846e-01
 45783   57.6   32.4    0.35  331.2  279.8    0.70  3.022022e-04  4.903868e-01
 99993   90.9   -0.9    0.35  287.6  236.2    0.70  3.019626e-04  4.906888e-01
118185  101.7  -11.7    0.35  118.8   67.5    0.70  3.019573e-04  4.909908e-01
162240  130.6  -40.6    0.35  135.0   83.6    0.70  3.016918e-04  4.912925e-01
113104   98.7   -8.7    0.35  146.2   94.9    0.70  3.009260e-04  4.915934e-01
 45956   57.9   32.1    0.35   93.2   41.8    0.70  2.997184e-04  4.918931e-01
 54474   63.4   26.6    0.35  322.4  271.0    0.70  2.992337e-04  4.921923e-01
 20945   38.0   52.0    0.35  301.3  249.9    0.88  2.992038e-04  4.924915e-01
162711  131.0  -41.0    0.35  106.5   55.1    0.70  2.988254e-04  4.927904e-01
 54485   63.4   26.6    0.35  330.1  278.7    0.70  2.988004e-04  4.930892e-01
 72392   74.6   15.4    0.35  320.6  269.3    0.70  2.984653e-04  4.933876e-01
 41143   54.3   35.7    0.35  309.0  257.6    0.70  2.984318e-04  4.936861e-01
 84621   81.9    8.1    0.35  279.1  227.8    0.70  2.983978e-04  4.939845e-01
161753  130.2  -40.2    0.35  152.9  101.6    0.70  2.982967e-04  4.942828e-01
155033  125.3  -35.3    0.35  107.6   56.2    0.70  2.979329e-04  4.945807e-01
133542  111.1  -21.1    0.35  116.7   65.3    0.70  2.976960e-04  4.948784e-01
 18159   35.3   54.7    0.35  283.7  232.4    0.95  2.971645e-04  4.951756e-01
  1278    9.1   80.9    0.35  282.6  231.2    3.60  2.967343e-04  4.954723e-01
  2209   12.1   77.9    0.35  265.9  214.5    2.73  2.967311e-04  4.957690e-01
155571  125.7  -35.7    0.35  126.2   74.8    0.70  2.956204e-04  4.960646e-01
 39554   53.2   36.8    0.35  271.4  220.0    0.70  2.949375e-04  4.963596e-01
 61636   68.0   22.0    0.35  318.2  266.8    0.70  2.947709e-04  4.966543e-01
 17805   34.9   55.1    0.35  307.8  256.4    0.96  2.947035e-04  4.969490e-01
123827  105.1  -15.1    0.35  126.2   74.8    0.70  2.946917e-04  4.972437e-01
 27971   44.2   45.8    0.35  274.2  222.8    0.76  2.939683e-04  4.975377e-01
  6948   21.7   68.3    0.35  159.4  108.0    1.53  2.936712e-04  4.978314e-01
 17433   34.5   55.5    0.35  311.1  259.8    0.97  2.935631e-04  4.981249e-01
166777  134.2  -44.2    0.35  133.9   82.5    0.74  2.933412e-04  4.984183e-01
  7998   23.2   66.8    0.35  266.4  215.1    1.43  2.933398e-04  4.987116e-01
 69822   73.0   17.0    0.35  313.9  262.6    0.70  2.933138e-04  4.990049e-01
132516  110.4  -20.4    0.35  115.3   63.9    0.70  2.932627e-04  4.992982e-01
 31422   47.0   43.0    0.35  304.2  252.8    0.72  2.932588e-04  4.995915e-01
 59578   66.7   23.3    0.35  311.1  259.8    0.70  2.932031e-04  4.998847e-01
 66238   70.8   19.2    0.35  313.6  262.2    0.70  2.929964e-04  5.001777e-01
 33994   49.0   41.0    0.35  322.4  271.0    0.70  2.929950e-04  5.004707e-01
 11954   28.4   61.6    0.35  292.8  241.4    1.17  2.923155e-04  5.007630e-01
154048  124.6  -34.6    0.35  135.0   83.6    0.70  2.915523e-04  5.010545e-01
  2767   13.6   76.4    0.35  251.8  200.4    2.43  2.912526e-04  5.013458e-01
 35002   49.8   40.2    0.35  311.1  259.8    0.70  2.909061e-04  5.016367e-01
 27501   43.8   46.2    0.35  275.0  223.6    0.77  2.907997e-04  5.019275e-01
 48338   59.3   30.7    0.35  328.0  276.6    0.70  2.907654e-04  5.022182e-01
 47784   59.0   31.0    0.35  298.1  246.8    0.70  2.907596e-04  5.025090e-01
160195  129.1  -39.1    0.35  137.1   85.7    0.70  2.907289e-04  5.027997e-01
134594  111.7  -21.7    0.35  136.4   85.0    0.70  2.903334e-04  5.030901e-01
 31961   47.4   42.6    0.35  329.6  278.3    0.71  2.902949e-04  5.033804e-01
168420  135.4  -45.4    0.35  281.7  230.3    0.76  2.901331e-04  5.036705e-01
136631  113.0  -23.0    0.35  128.7   77.3    0.70  2.892469e-04  5.039597e-01
157645  127.2  -37.2    0.35  144.5   93.1    0.70  2.889576e-04  5.042487e-01
 18165   35.3   54.7    0.35  289.4  238.0    0.95  2.889182e-04  5.045376e-01
 33410   48.6   41.4    0.35  271.4  220.0    0.70  2.889117e-04  5.048265e-01
 42130   55.0   35.0    0.35  283.0  231.6    0.70  2.883388e-04  5.051149e-01
131007  109.5  -19.5    0.35  134.6   83.3    0.70  2.881539e-04  5.054030e-01
173669  140.1  -50.1    0.35  145.9   94.6    0.84  2.873705e-04  5.056904e-01
 53929   63.1   26.9    0.35  298.8  247.5    0.70  2.864228e-04  5.059768e-01
  8778   24.3   65.7    0.35  270.7  219.3    1.36  2.862607e-04  5.062631e-01
 40150   53.6   36.4    0.35  330.8  279.4    0.70  2.847119e-04  5.065478e-01
160204  129.1  -39.1    0.35  143.4   92.1    0.70  2.845845e-04  5.068324e-01
 40070   53.6   36.4    0.35  274.6  223.2    0.70  2.842380e-04  5.071166e-01
182308  148.5  -58.5    0.35  339.4  288.0    1.06  2.830707e-04  5.073997e-01
 36040   50.5   39.5    0.35  321.0  269.6    0.70  2.828038e-04  5.076825e-01
 47764   59.0   31.0    0.35  284.1  232.7    0.70  2.827971e-04  5.079653e-01
166761  134.2  -44.2    0.35  122.1   70.7    0.74  2.825815e-04  5.082479e-01
156632  126.4  -36.4    0.35  152.2  100.9    0.70  2.825478e-04  5.085304e-01
164801  132.6  -42.6    0.35  141.1   89.7    0.71  2.823281e-04  5.088127e-01
 37052   51.3   38.7    0.35  312.5  261.2    0.70  2.812117e-04  5.090940e-01
 70805   73.7   16.3    0.35  285.1  233.7    0.70  2.811227e-04  5.093751e-01
138704  114.3  -24.3    0.35  146.2   94.9    0.70  2.809629e-04  5.096560e-01
182642  148.9  -58.9    0.35  337.0  285.6    1.07  2.807031e-04  5.099367e-01
 36988   51.3   38.7    0.35  267.5  216.2    0.70  2.796300e-04  5.102164e-01
 17788   34.9   55.1    0.35  291.5  240.2    0.96  2.792349e-04  5.104956e-01
163745  131.8  -41.8    0.35  113.6   62.2    0.70  2.792291e-04  5.107748e-01
165307  133.0  -43.0    0.35  143.6   92.3    0.72  2.788501e-04  5.110537e-01
176308  142.4  -52.4    0.35  271.3  220.0    0.89  2.788361e-04  5.113325e-01
  4639   17.6   72.4    0.35  239.1  187.7    1.88  2.787391e-04  5.116113e-01
 23485   40.3   49.7    0.35  311.2  259.9    0.83  2.786579e-04  5.118899e-01
 72395   74.6   15.4    0.35  322.7  271.4    0.70  2.783185e-04  5.121682e-01
 78536   78.3   11.7    0.35  320.6  269.3    0.70  2.777242e-04  5.124460e-01
 22186   39.1   50.9    0.35  297.0  245.6    0.86  2.775104e-04  5.127235e-01
 46763   58.3   31.7    0.35  300.2  248.9    0.70  2.774281e-04  5.130009e-01
 19747   36.8   53.2    0.35  312.3  260.9    0.91  2.772320e-04  5.132781e-01
145319  118.6  -28.6    0.35  117.8   66.4    0.70  2.772085e-04  5.135553e-01
 28018   44.2   45.8    0.35  310.0  258.7    0.76  2.767187e-04  5.138321e-01
 60562   67.3   22.7    0.35  283.0  231.6    0.70  2.766780e-04  5.141087e-01
 25230   41.9   48.1    0.35  294.5  243.1    0.80  2.763391e-04  5.143851e-01
 35975   50.5   39.5    0.35  275.3  223.9    0.70  2.763360e-04  5.146614e-01
157124  126.8  -36.8    0.35  137.8   86.4    0.70  2.762072e-04  5.149376e-01
  5675   19.5   70.5    0.35  277.6  226.3    1.70  2.756813e-04  5.152133e-01
189598  158.3  -68.3    0.35  107.5   56.2    1.53  2.753959e-04  5.154887e-01
 76436   77.1   12.9    0.35  284.1  232.7    0.70  2.752956e-04  5.157640e-01
116694  100.8  -10.8    0.35  150.8   99.4    0.70  2.749895e-04  5.160390e-01
 34953   49.8   40.2    0.35  276.7  225.3    0.70  2.749147e-04  5.163139e-01
 64152   69.6   20.4    0.35  286.9  235.5    0.70  2.746239e-04  5.165885e-01
 15248   32.2   57.8    0.35  294.3  242.9    1.03  2.744771e-04  5.168630e-01
 61585   68.0   22.0    0.35  282.3  230.9    0.70  2.743199e-04  5.171373e-01
 53900   63.1   26.9    0.35  278.4  227.1    0.70  2.737755e-04  5.174111e-01
 16308   33.4   56.6    0.35  288.5  237.1    1.00  2.734161e-04  5.176845e-01
 36039   50.5   39.5    0.35  320.3  268.9    0.70  2.732750e-04  5.179578e-01
176950  143.2  -53.2    0.35  129.5   78.2    0.91  2.731248e-04  5.182309e-01
 37002   51.3   38.7    0.35  277.4  226.0    0.70  2.724704e-04  5.185034e-01
 75959   76.8   13.2    0.35  309.0  257.6    0.70  2.723751e-04  5.187758e-01
134593  111.7  -21.7    0.35  135.7   84.3    0.70  2.719839e-04  5.190477e-01
148417  120.7  -30.7    0.35  136.1   84.7    0.70  2.717339e-04  5.193195e-01
153016  123.9  -33.9    0.35  129.4   78.0    0.70  2.712913e-04  5.195908e-01
150958  122.4  -32.4    0.35  122.3   71.0    0.70  2.712716e-04  5.198620e-01
154558  125.0  -35.0    0.35  133.9   82.6    0.70  2.711461e-04  5.201332e-01
  1836   11.0   79.0    0.35  289.5  238.1    3.00  2.710056e-04  5.204042e-01
 78530   78.3   11.7    0.35  316.4  265.0    0.70  2.705863e-04  5.206748e-01
  5448   19.1   70.9    0.35  250.1  198.7    1.73  2.699971e-04  5.209448e-01
 58056   65.7   24.3    0.35  320.6  269.3    0.70  2.699801e-04  5.212147e-01
146345  119.3  -29.3    0.35  119.2   67.8    0.70  2.699229e-04  5.214847e-01
144816  118.3  -28.3    0.35  123.7   72.4    0.70  2.693916e-04  5.217541e-01
172784  139.3  -49.3    0.35  129.2   77.8    0.83  2.692538e-04  5.220233e-01
 31139   47.0   43.0    0.35  100.4   49.1    0.72  2.688358e-04  5.222922e-01
  7748   22.8   67.2    0.35  267.8  216.4    1.45  2.685783e-04  5.225607e-01
137647  113.6  -23.6    0.35  123.0   71.7    0.70  2.685058e-04  5.228292e-01
157142  126.8  -36.8    0.35  150.5   99.1    0.70  2.682244e-04  5.230975e-01
 55973   64.4   25.6    0.35  296.0  244.6    0.70  2.681147e-04  5.233656e-01
179470  145.5  -55.5    0.35  335.3  283.9    0.97  2.680633e-04  5.236336e-01
 27534   43.8   46.2    0.35  300.4  249.0    0.77  2.678025e-04  5.239014e-01
157638  127.2  -37.2    0.35  139.6   88.2    0.70  2.675431e-04  5.241690e-01
 13550   30.3   59.7    0.35  292.5  241.1    1.10  2.665244e-04  5.244355e-01
 22197   39.1   50.9    0.35  306.4  255.1    0.86  2.662443e-04  5.247018e-01
142273  116.6  -26.6    0.35  136.1   84.7    0.70  2.660286e-04  5.249678e-01
175354  141.6  -51.6    0.35  149.0   97.6    0.87  2.659516e-04  5.252337e-01
 74938   76.1   13.9    0.35  311.1  259.8    0.70  2.655563e-04  5.254993e-01
 20523   37.6   52.4    0.35  288.3  236.9    0.89  2.652629e-04  5.257646e-01
179621  145.9  -55.9    0.35  122.8   71.4    0.98  2.651598e-04  5.260297e-01
125911  106.3  -16.3    0.35  151.5  100.1    0.70  2.650832e-04  5.262948e-01
 50565   61.0   29.0    0.35   93.5   42.1    0.70  2.650206e-04  5.265598e-01
 84668   81.9    8.1    0.35  312.2  260.8    0.70  2.637529e-04  5.268236e-01
167456  134.6  -44.6    0.35  277.1  225.7    0.74  2.628953e-04  5.270865e-01
141246  115.9  -25.9    0.35  133.9   82.6    0.70  2.626696e-04  5.273491e-01
 79501   78.9   11.1    0.35  279.1  227.8    0.70  2.622167e-04  5.276114e-01
 39550   53.2   36.8    0.35  268.6  217.2    0.70  2.621617e-04  5.278735e-01
 73415   75.2   14.8    0.35  319.9  268.5    0.70  2.618597e-04  5.281354e-01
 51878   61.7   28.3    0.35  296.7  245.3    0.70  2.617488e-04  5.283971e-01
147384  120.0  -30.0    0.35  129.7   78.4    0.70  2.617362e-04  5.286589e-01
139206  114.6  -24.6    0.35  139.6   88.2    0.70  2.616758e-04  5.289205e-01
 93848   87.3    2.7    0.35  286.9  235.5    0.70  2.613342e-04  5.291819e-01
141744  116.3  -26.3    0.35  123.7   72.4    0.70  2.612732e-04  5.294431e-01
 13189   29.9   60.1    0.35  255.0  203.6    1.11  2.612213e-04  5.297044e-01
 40126   53.6   36.4    0.35  313.9  262.6    0.70  2.607463e-04  5.299651e-01
 42159   55.0   35.0    0.35  303.4  252.0    0.70  2.594382e-04  5.302245e-01
 30710   46.6   43.4    0.35  149.9   98.5    0.73  2.594105e-04  5.304840e-01
  5662   19.5   70.5    0.35  255.6  204.2    1.70  2.594043e-04  5.307434e-01
 11947   28.4   61.6    0.35  284.6  233.2    1.17  2.588289e-04  5.310022e-01
 42189   55.0   35.0    0.35  324.5  273.1    0.70  2.585521e-04  5.312607e-01
 83149   81.0    9.0    0.35  324.5  273.1    0.70  2.584144e-04  5.315192e-01
 24813   41.5   48.5    0.35  319.1  267.7    0.81  2.581274e-04  5.317773e-01
 29480   45.4   44.6    0.35  327.6  276.3    0.74  2.579092e-04  5.320352e-01
 15973   33.0   57.0    0.35  313.0  261.6    1.01  2.577729e-04  5.322930e-01
 15470   32.6   57.4    0.35  162.1  110.7    1.02  2.577701e-04  5.325507e-01
 16316   33.4   56.6    0.35  296.5  245.1    1.00  2.573730e-04  5.328081e-01
157119  126.8  -36.8    0.35  134.3   82.9    0.70  2.573556e-04  5.330655e-01
179275  145.5  -55.5    0.35  146.6   95.2    0.97  2.569626e-04  5.333224e-01
 48828   59.7   30.3    0.35  312.2  260.8    0.70  2.565729e-04  5.335790e-01
 17031   34.1   55.9    0.35  281.2  229.9    0.98  2.564805e-04  5.338355e-01
 29892   45.8   44.2    0.35  271.8  220.5    0.74  2.556988e-04  5.340912e-01
156579  126.4  -36.4    0.35  115.0   63.6    0.70  2.553375e-04  5.343465e-01
  3727   15.8   74.2    0.35  241.7  190.4    2.09  2.551330e-04  5.346017e-01
 62598   68.6   21.4    0.35  274.6  223.2    0.70  2.551281e-04  5.348568e-01
 63161   68.9   21.1    0.35  310.1  258.7    0.70  2.550620e-04  5.351118e-01
154031  124.6  -34.6    0.35  123.0   71.7    0.70  2.547615e-04  5.353666e-01
151975  123.2  -33.2    0.35  117.4   66.0    0.70  2.544419e-04  5.356210e-01
122302  104.2  -14.2    0.35  133.6   82.2    0.70  2.543023e-04  5.358753e-01
136633  113.0  -23.0    0.35  130.1   78.7    0.70  2.541239e-04  5.361295e-01
 13226   29.9   60.1    0.35  296.1  244.7    1.11  2.540170e-04  5.363835e-01
 18183   35.3   54.7    0.35  306.5  255.1    0.95  2.538160e-04  5.366373e-01
165298  133.0  -43.0    0.35  137.2   85.8    0.72  2.536114e-04  5.368909e-01
 38542   52.5   37.5    0.35  279.8  228.5    0.70  2.535819e-04  5.371445e-01
 85124   82.2    7.8    0.35  273.2  221.8    0.70  2.535508e-04  5.373980e-01
173659  140.1  -50.1    0.35  137.5   86.1    0.84  2.534696e-04  5.376515e-01
 10934   27.3   62.7    0.35  158.7  107.3    1.22  2.534536e-04  5.379050e-01
 44175   56.5   33.5    0.35  280.9  229.5    0.70  2.531435e-04  5.381581e-01
156088  126.1  -36.1    0.35  129.4   78.0    0.70  2.527376e-04  5.384109e-01
 84667   81.9    8.1    0.35  311.5  260.1    0.70  2.526331e-04  5.386635e-01
 63129   68.9   21.1    0.35  287.6  236.2    0.70  2.519311e-04  5.389154e-01
135118  112.0  -22.0    0.35  145.2   93.8    0.70  2.517335e-04  5.391672e-01
 31446   47.0   43.0    0.35  321.5  270.1    0.72  2.515157e-04  5.394187e-01
 69823   73.0   17.0    0.35  314.6  263.3    0.70  2.513126e-04  5.396700e-01
 54923   63.7   26.3    0.35  277.7  226.4    0.70  2.511696e-04  5.399211e-01
129446  108.5  -18.5    0.35  116.7   65.3    0.70  2.510237e-04  5.401722e-01
 39570   53.2   36.8    0.35  282.7  231.3    0.70  2.503737e-04  5.404225e-01
 18174   35.3   54.7    0.35  297.9  246.6    0.95  2.503502e-04  5.406729e-01
153558  124.2  -34.2    0.35  150.8   99.4    0.70  2.503152e-04  5.409232e-01
 38601   52.5   37.5    0.35  321.3  270.0    0.70  2.502172e-04  5.411734e-01
166798  134.2  -44.2    0.35  149.4   98.0    0.74  2.499720e-04  5.414234e-01
155048  125.3  -35.3    0.35  118.1   66.8    0.70  2.496431e-04  5.416730e-01
 74941   76.1   13.9    0.35  313.2  261.9    0.70  2.494295e-04  5.419225e-01
147871  120.3  -30.3    0.35  111.8   60.4    0.70  2.489967e-04  5.421715e-01
173246  139.7  -49.7    0.35  152.1  100.7    0.83  2.489524e-04  5.424204e-01
 38025   52.1   37.9    0.35  276.7  225.3    0.70  2.480056e-04  5.426684e-01
 29931   45.8   44.2    0.35  300.6  249.2    0.74  2.479596e-04  5.429164e-01
  5249   18.7   71.3    0.35  263.8  212.4    1.76  2.479188e-04  5.431643e-01
155613  125.7  -35.7    0.35  155.7  104.4    0.70  2.477262e-04  5.434120e-01
 86728   83.1    6.9    0.35  320.6  269.3    0.70  2.474055e-04  5.436594e-01
 40634   53.9   36.1    0.35  310.8  259.4    0.70  2.471436e-04  5.439066e-01
  9883   25.8   64.2    0.35  287.4  236.0    1.29  2.467496e-04  5.441533e-01
162446  130.6  -40.6    0.35  279.8  228.5    0.70  2.467112e-04  5.444000e-01
165994  133.4  -43.4    0.35  280.5  229.1    0.73  2.467080e-04  5.446467e-01
 17797   34.9   55.1    0.35  300.2  248.8    0.96  2.466510e-04  5.448934e-01
 57537   65.4   24.6    0.35  316.1  264.7    0.70  2.462741e-04  5.451397e-01
 24808   41.5   48.5    0.35  315.0  263.6    0.81  2.462330e-04  5.453859e-01
 53954   63.1   26.9    0.35  316.4  265.0    0.70  2.455538e-04  5.456315e-01
  1161    8.8   81.2    0.35  215.6  164.3    3.75  2.447170e-04  5.458762e-01
 58017   65.7   24.3    0.35  293.2  241.8    0.70  2.445287e-04  5.461207e-01
154569  125.0  -35.0    0.35  141.7   90.3    0.70  2.445146e-04  5.463652e-01
 94877   87.9    2.1    0.35  290.4  239.0    0.70  2.444490e-04  5.466097e-01
 21603   38.7   51.3    0.35  155.3  104.0    0.87  2.442815e-04  5.468540e-01
141215  115.9  -25.9    0.35  112.1   60.8    0.70  2.442284e-04  5.470982e-01
 16535   33.7   56.3    0.35  153.8  102.4    0.99  2.441885e-04  5.473424e-01
 27549   43.8   46.2    0.35  311.9  260.5    0.77  2.441731e-04  5.475865e-01
  1171    8.8   81.2    0.35  253.1  201.8    3.75  2.436384e-04  5.478302e-01
 39634   53.2   36.8    0.35  327.7  276.3    0.70  2.434181e-04  5.480736e-01
 86687   83.1    6.9    0.35  291.8  240.4    0.70  2.430033e-04  5.483166e-01
 63621   69.3   20.7    0.35  273.9  222.5    0.70  2.428159e-04  5.485594e-01
 36749   51.3   38.7    0.35   99.5   48.1    0.70  2.426904e-04  5.488021e-01
 64204   69.6   20.4    0.35  323.4  272.1    0.70  2.419052e-04  5.490440e-01
168204  135.4  -45.4    0.35  118.4   67.0    0.76  2.418185e-04  5.492858e-01
 55510   64.1   25.9    0.35  330.8  279.4    0.70  2.415745e-04  5.495274e-01
 51406   61.4   28.6    0.35  325.2  273.8    0.70  2.411434e-04  5.497686e-01
 73421   75.2   14.8    0.35  324.1  272.8    0.70  2.401275e-04  5.500087e-01
 39629   53.2   36.8    0.35  324.1  272.8    0.70  2.397469e-04  5.502484e-01
131498  109.8  -19.8    0.35  119.5   68.2    0.70  2.396950e-04  5.504881e-01
154564  125.0  -35.0    0.35  138.2   86.8    0.70  2.396759e-04  5.507278e-01
  5681   19.5   70.5    0.35  287.8  236.5    1.70  2.396111e-04  5.509674e-01
 48798   59.7   30.3    0.35  291.1  239.7    0.70  2.391642e-04  5.512066e-01
 42120   55.0   35.0    0.35  276.0  224.6    0.70  2.391139e-04  5.514457e-01
157129  126.8  -36.8    0.35  141.3   90.0    0.70  2.389440e-04  5.516846e-01
 13097   29.9   60.1    0.35  152.8  101.4    1.11  2.387080e-04  5.519233e-01
  4288   16.9   73.1    0.35  290.5  239.2    1.96  2.383984e-04  5.521617e-01
 70810   73.7   16.3    0.35  288.6  237.3    0.70  2.382168e-04  5.524000e-01
 44229   56.5   33.5    0.35  318.9  267.5    0.70  2.380800e-04  5.526380e-01
 15959   33.0   57.0    0.35  298.8  247.4    1.01  2.379196e-04  5.528760e-01
174497  140.9  -50.9    0.35  128.1   76.8    0.86  2.378959e-04  5.531138e-01
 36530   50.9   39.1    0.35  305.2  253.8    0.70  2.378207e-04  5.533517e-01
150972  122.4  -32.4    0.35  132.2   80.8    0.70  2.371685e-04  5.535888e-01
 39636   53.2   36.8    0.35  329.1  277.7    0.70  2.369997e-04  5.538258e-01
 29416   45.4   44.6    0.35  280.0  228.7    0.74  2.368649e-04  5.540627e-01
 78527   78.3   11.7    0.35  314.3  262.9    0.70  2.368191e-04  5.542995e-01
113101   98.7   -8.7    0.35  144.1   92.8    0.70  2.360033e-04  5.545355e-01
 70840   73.7   16.3    0.35  309.7  258.4    0.70  2.359375e-04  5.547715e-01
113105   98.7   -8.7    0.35  147.0   95.6    0.70  2.355700e-04  5.550070e-01
 65229   70.2   19.8    0.35  324.1  272.8    0.70  2.353430e-04  5.552424e-01
147901  120.3  -30.3    0.35  132.9   81.5    0.70  2.352459e-04  5.554776e-01
 48281   59.3   30.7    0.35  287.9  236.6    0.70  2.348716e-04  5.557125e-01
151488  122.8  -32.8    0.35  135.4   84.0    0.70  2.347353e-04  5.559472e-01
157592  127.2  -37.2    0.35  107.2   55.9    0.70  2.346600e-04  5.561819e-01
 31375   47.0   43.0    0.35  270.4  219.0    0.72  2.345410e-04  5.564164e-01
 30914   46.6   43.4    0.35  297.9  246.6    0.73  2.342384e-04  5.566507e-01
  7976   23.2   66.8    0.35  235.0  183.6    1.43  2.340363e-04  5.568847e-01
 39115   52.8   37.2    0.35  323.1  271.7    0.70  2.340321e-04  5.571187e-01
 22600   39.5   50.5    0.35  289.1  237.7    0.85  2.338993e-04  5.573526e-01
135623  112.3  -22.3    0.35  139.9   88.5    0.70  2.336487e-04  5.575863e-01
 51899   61.7   28.3    0.35  311.5  260.1    0.70  2.329148e-04  5.578192e-01
 72396   74.6   15.4    0.35  323.4  272.1    0.70  2.328364e-04  5.580520e-01
144855  118.3  -28.3    0.35  151.2   99.8    0.70  2.328046e-04  5.582848e-01
158685  127.9  -37.9    0.35  155.7  104.4    0.70  2.327530e-04  5.585176e-01
147887  120.3  -30.3    0.35  123.0   71.7    0.70  2.326674e-04  5.587503e-01
 20938   38.0   52.0    0.35  295.1  243.8    0.88  2.324332e-04  5.589827e-01
 21753   38.7   51.3    0.35  285.1  233.8    0.87  2.321895e-04  5.592149e-01
 35450   50.2   39.8    0.35  265.8  214.4    0.70  2.320221e-04  5.594469e-01
151962  123.2  -33.2    0.35  108.3   56.9    0.70  2.317497e-04  5.596787e-01
157643  127.2  -37.2    0.35  143.1   91.7    0.70  2.316621e-04  5.599103e-01
105375   94.2   -4.2    0.35  112.1   60.8    0.70  2.316282e-04  5.601419e-01
 78533   78.3   11.7    0.35  318.5  267.1    0.70  2.315904e-04  5.603735e-01
 50338   60.7   29.3    0.35  294.3  242.9    0.70  2.313666e-04  5.606049e-01
161172  129.8  -39.8    0.35  104.1   52.7    0.70  2.313304e-04  5.608362e-01
170552  137.4  -47.4    0.35  129.9   78.5    0.79  2.311800e-04  5.610674e-01
 92825   86.7    3.3    0.35  287.6  236.2    0.70  2.311658e-04  5.612986e-01
 16329   33.4   56.6    0.35  309.5  258.1    1.00  2.310523e-04  5.615296e-01
122301  104.2  -14.2    0.35  132.9   81.5    0.70  2.310270e-04  5.617607e-01
 59034   66.4   23.6    0.35  288.3  236.9    0.70  2.308750e-04  5.619915e-01
154527  125.0  -35.0    0.35  112.1   60.8    0.70  2.301593e-04  5.622217e-01
162248  130.6  -40.6    0.35  140.6   89.3    0.70  2.297923e-04  5.624515e-01
  8695   24.3   65.7    0.35  157.5  106.1    1.36  2.295118e-04  5.626810e-01
 76423   77.1   12.9    0.35  274.9  223.5    0.70  2.294122e-04  5.629104e-01
 47814   59.0   31.0    0.35  319.2  267.8    0.70  2.290266e-04  5.631394e-01
117680  101.4  -11.4    0.35  124.1   72.7    0.70  2.287871e-04  5.633682e-01
 18948   36.0   54.0    0.35  301.1  249.7    0.93  2.286354e-04  5.635969e-01
180355  146.6  -56.6    0.35  127.5   76.1    1.00  2.284997e-04  5.638254e-01
148390  120.7  -30.7    0.35  117.1   65.7    0.70  2.273611e-04  5.640527e-01
 42706   55.4   34.6    0.35  327.7  276.3    0.70  2.272859e-04  5.642800e-01
 31443   47.0   43.0    0.35  319.3  267.9    0.72  2.272182e-04  5.645072e-01
156603  126.4  -36.4    0.35  131.8   80.5    0.70  2.269237e-04  5.647341e-01
134568  111.7  -21.7    0.35  118.1   66.8    0.70  2.269210e-04  5.649611e-01
 50373   60.7   29.3    0.35  318.9  267.5    0.70  2.264852e-04  5.651876e-01
153559  124.2  -34.2    0.35  151.5  100.1    0.70  2.262676e-04  5.654138e-01
 70841   73.7   16.3    0.35  310.4  259.1    0.70  2.250939e-04  5.656389e-01
 67215   71.5   18.5    0.35  280.5  229.2    0.70  2.249040e-04  5.658638e-01
122280  104.2  -14.2    0.35  118.1   66.8    0.70  2.248908e-04  5.660887e-01
 50325   60.7   29.3    0.35  285.1  233.7    0.70  2.248236e-04  5.663135e-01
 43907   56.5   33.5    0.35   92.5   41.1    0.70  2.241026e-04  5.665376e-01
 29946   45.8   44.2    0.35  311.7  260.3    0.74  2.240778e-04  5.667617e-01
154069  124.6  -34.6    0.35  149.8   98.4    0.70  2.234280e-04  5.669851e-01
 45222   57.2   32.8    0.35  297.1  245.7    0.70  2.228958e-04  5.672080e-01
160205  129.1  -39.1    0.35  144.1   92.8    0.70  2.227126e-04  5.674307e-01
 72393   74.6   15.4    0.35  321.3  270.0    0.70  2.226861e-04  5.676534e-01
171193  137.7  -47.7    0.35  278.4  227.0    0.80  2.224749e-04  5.678759e-01
123306  104.8  -14.8    0.35  119.5   68.2    0.70  2.224540e-04  5.680984e-01
108700   96.0   -6.0    0.35  290.0  238.7    0.70  2.224047e-04  5.683208e-01
188111  156.1  -66.1    0.35  115.6   64.2    1.38  2.223686e-04  5.685431e-01
135119  112.0  -22.0    0.35  145.9   94.5    0.70  2.222940e-04  5.687654e-01
 25257   41.9   48.1    0.35  316.2  264.8    0.80  2.222825e-04  5.689877e-01
179990  146.3  -56.3    0.35  125.1   73.7    0.99  2.216884e-04  5.692094e-01
 81078   79.8   10.2    0.35  308.3  256.9    0.70  2.216825e-04  5.694311e-01
161934  130.2  -40.2    0.35  280.2  228.8    0.70  2.214570e-04  5.696525e-01
140250  115.3  -25.3    0.35  153.6  102.3    0.70  2.213387e-04  5.698739e-01
 11924   28.4   61.6    0.35  257.7  206.4    1.17  2.212515e-04  5.700951e-01
 40149   53.6   36.4    0.35  330.1  278.7    0.70  2.205036e-04  5.703156e-01
 10054   26.2   63.8    0.35  145.1   93.8    1.27  6.147546e-06  0.000000e+00
