1164556494.751221 -9.736494e-03
1164556494.751343 -2.868096e-02
1164556494.751465 -3.849497e-02
1164556494.751587 -4.130788e-02
1164556494.751709 -3.921599e-02
1164556494.751831 -2.690483e-02
1164556494.751953 -3.968554e-03
1164556494.752075 1.256153e-02
1164556494.752197 1.390980e-02
1164556494.752319 9.595927e-03
1164556494.752441 1.252091e-02
1164556494.752563 1.762818e-02
1164556494.752686 1.676453e-02
1164556494.752808 1.458133e-02
1164556494.752930 1.225437e-02
1164556494.753052 5.154343e-03
1164556494.753174 9.758308e-05
1164556494.753296 -3.701778e-03
1164556494.753418 -1.167080e-02
1164556494.753540 -1.779132e-02
1164556494.753662 -2.150740e-02
1164556494.753784 -2.109029e-02
1164556494.753906 -1.883789e-02
1164556494.754028 -1.151487e-02
1164556494.754150 -1.147261e-03
1164556494.754272 4.826017e-03
1164556494.754395 1.166978e-02
1164556494.754517 2.681778e-02
1164556494.754639 4.003058e-02
1164556494.754761 3.897172e-02
1164556494.754883 2.354068e-02
1164556494.755005 3.968810e-03
1164556494.755127 -1.277024e-02
1164556494.755249 -2.921757e-02
1164556494.755371 -4.463531e-02
1164556494.755493 -4.692138e-02
1164556494.755615 -3.196213e-02
1164556494.755737 -9.203232e-03
1164556494.755859 1.170137e-02
1164556494.755981 2.645153e-02
1164556494.756104 3.008281e-02
1164556494.756226 2.361959e-02
1164556494.756348 1.446453e-02
1164556494.756470 8.611172e-03
1164556494.756592 7.554487e-03
1164556494.756714 7.509910e-03
1164556494.756836 5.260613e-03
1164556494.756958 6.201039e-04
1164556494.757080 -1.112080e-02
1164556494.757202 -2.197808e-02
1164556494.757324 -2.706989e-02
1164556494.757446 -3.023072e-02
1164556494.757568 -2.385077e-02
1164556494.757690 -6.971476e-03
1164556494.757812 1.029831e-02
1164556494.757935 2.164151e-02
1164556494.758057 2.758908e-02
1164556494.758179 2.702446e-02
1164556494.758301 2.121218e-02
1164556494.758423 1.081022e-02
1164556494.758545 1.380668e-04
1164556494.758667 -5.849794e-03
1164556494.758789 -1.025382e-02
1164556494.758911 -1.092648e-02
1164556494.759033 -1.054890e-02
1164556494.759155 -1.348972e-02
1164556494.759277 -1.738209e-02
1164556494.759399 -1.514998e-02
1164556494.759521 -8.790822e-03
1164556494.759644 -2.181474e-04
1164556494.759766 7.903724e-03
1164556494.759888 1.489674e-02
1164556494.760010 1.800377e-02
1164556494.760132 1.352696e-02
1164556494.760254 8.738039e-03
1164556494.760376 9.892720e-03
1164556494.760498 8.098161e-03
1164556494.760620 1.613948e-04
1164556494.760742 -7.492396e-03
1164556494.760864 -5.750663e-03
1164556494.760986 -2.778924e-03
1164556494.761108 -5.370029e-03
1164556494.761230 -1.269568e-02
1164556494.761353 -2.219834e-02
1164556494.761475 -2.827093e-02
1164556494.761597 -2.480891e-02
1164556494.761719 -9.142946e-03
1164556494.761841 2.048734e-02
1164556494.761963 4.616562e-02
1164556494.762085 4.607961e-02
1164556494.762207 2.846590e-02
1164556494.762329 1.071599e-02
1164556494.762451 -1.345230e-03
1164556494.762573 -1.227356e-02
1164556494.762695 -2.146695e-02
1164556494.762817 -2.368014e-02
1164556494.762939 -2.217905e-02
1164556494.763062 -1.899266e-02
1164556494.763184 -1.465377e-02
1164556494.763306 -1.166150e-02
1164556494.763428 -6.575326e-03
1164556494.763550 5.422116e-03
1164556494.763672 2.364172e-02
1164556494.763794 3.680125e-02
1164556494.763916 3.354974e-02
1164556494.764038 1.741676e-02
1164556494.764160 -9.317996e-04
1164556494.764282 -1.134710e-02
1164556494.764404 -8.716096e-03
1164556494.764526 -8.284305e-03
1164556494.764648 -1.894652e-02
1164556494.764771 -2.209833e-02
1164556494.764893 -1.044131e-02
1164556494.765015 2.745173e-04
1164556494.765137 3.841868e-03
1164556494.765259 4.524089e-03
1164556494.765381 3.743824e-03
1164556494.765503 1.681582e-03
1164556494.765625 -1.674649e-03
1164556494.765747 -4.576023e-04
1164556494.765869 6.211273e-03
1164556494.765991 1.019390e-02
1164556494.766113 1.084692e-02
1164556494.766235 8.637618e-03
1164556494.766357 7.076359e-03
1164556494.766479 8.383674e-03
1164556494.766602 6.845766e-03
1164556494.766724 -1.094030e-03
1164556494.766846 -1.280420e-02
1164556494.766968 -2.493986e-02
1164556494.767090 -3.197400e-02
1164556494.767212 -3.232611e-02
1164556494.767334 -2.222918e-02
1164556494.767456 -2.480826e-03
1164556494.767578 2.658246e-02
1164556494.767700 4.763695e-02
1164556494.767822 4.471636e-02
1164556494.767944 2.631582e-02
1164556494.768066 3.744668e-03
1164556494.768188 -1.577867e-02
1164556494.768311 -2.057189e-02
1164556494.768433 -8.596005e-03
1164556494.768555 2.153379e-03
1164556494.768677 4.786560e-04
1164556494.768799 -9.993487e-03
1164556494.768921 -1.935680e-02
1164556494.769043 -2.416093e-02
1164556494.769165 -2.490492e-02
1164556494.769287 -1.981967e-02
1164556494.769409 -3.731531e-03
1164556494.769531 1.941106e-02
1164556494.769653 3.858728e-02
1164556494.769775 4.454957e-02
1164556494.769897 3.430933e-02
1164556494.770020 1.497697e-02
1164556494.770142 1.067277e-03
1164556494.770264 -1.448234e-03
1164556494.770386 -4.673811e-03
1164556494.770508 -2.016079e-02
1164556494.770630 -3.861374e-02
1164556494.770752 -4.317901e-02
1164556494.770874 -3.451449e-02
1164556494.770996 -2.132329e-02
1164556494.771118 -5.863496e-03
1164556494.771240 8.229794e-03
1164556494.771362 2.593633e-02
1164556494.771484 4.448974e-02
1164556494.771606 4.959411e-02
1164556494.771729 4.254144e-02
1164556494.771851 2.891278e-02
1164556494.771973 9.268536e-03
1164556494.772095 -1.601727e-02
1164556494.772217 -3.745890e-02
1164556494.772339 -4.898179e-02
1164556494.772461 -5.078399e-02
1164556494.772583 -4.044756e-02
1164556494.772705 -1.919262e-02
1164556494.772827 6.642567e-03
1164556494.772949 2.629121e-02
1164556494.773071 3.861865e-02
1164556494.773193 3.862052e-02
1164556494.773315 3.079168e-02
1164556494.773438 1.669471e-02
1164556494.773560 -1.074306e-04
1164556494.773682 -1.130974e-02
1164556494.773804 -1.376634e-02
1164556494.773926 -1.675994e-02
1164556494.774048 -1.943286e-02
1164556494.774170 -1.797161e-02
1164556494.774292 -6.322293e-03
1164556494.774414 6.821105e-03
1164556494.774536 1.576479e-02
1164556494.774658 1.756346e-02
1164556494.774780 1.154553e-02
1164556494.774902 -6.165105e-04
1164556494.775024 -1.817195e-02
1164556494.775146 -3.037030e-02
1164556494.775269 -2.912414e-02
1164556494.775391 -1.276699e-02
1164556494.775513 1.205791e-02
1164556494.775635 3.324298e-02
1164556494.775757 3.916517e-02
1164556494.775879 3.470562e-02
1164556494.776001 2.781824e-02
1164556494.776123 1.448964e-02
1164556494.776245 -6.986422e-03
1164556494.776367 -3.165561e-02
1164556494.776489 -4.425796e-02
1164556494.776611 -4.174646e-02
1164556494.776733 -3.255299e-02
1164556494.776855 -2.222175e-02
1164556494.776978 -1.035030e-02
1164556494.777100 1.374280e-03
1164556494.777222 1.689136e-02
1164556494.777344 3.317876e-02
1164556494.777466 4.969823e-02
1164556494.777588 6.102597e-02
1164556494.777710 5.432512e-02
1164556494.777832 2.604196e-02
1164556494.777954 -1.537800e-02
1164556494.778076 -5.009244e-02
1164556494.778198 -6.346531e-02
1164556494.778320 -6.013659e-02
1164556494.778442 -4.472762e-02
1164556494.778564 -2.280242e-02
1164556494.778687 9.523604e-04
1164556494.778809 2.545798e-02
1164556494.778931 3.913705e-02
1164556494.779053 3.373700e-02
1164556494.779175 1.993411e-02
1164556494.779297 1.250211e-02
1164556494.779419 1.743206e-02
1164556494.779541 2.441719e-02
1164556494.779663 1.937777e-02
1164556494.779785 2.776669e-03
1164556494.779907 -1.697748e-02
1164556494.780029 -3.155904e-02
1164556494.780151 -3.458121e-02
1164556494.780273 -3.307087e-02
1164556494.780396 -2.926888e-02
1164556494.780518 -1.863553e-02
1164556494.780640 -4.787491e-03
1164556494.780762 8.812863e-03
1164556494.780884 1.976571e-02
1164556494.781006 2.666707e-02
1164556494.781128 3.140123e-02
1164556494.781250 2.934059e-02
1164556494.781372 2.229070e-02
1164556494.781494 1.553450e-02
1164556494.781616 9.835214e-03
1164556494.781738 3.267530e-03
1164556494.781860 -1.404833e-02
1164556494.781982 -3.675928e-02
1164556494.782104 -4.716954e-02
1164556494.782227 -3.953841e-02
1164556494.782349 -2.283599e-02
1164556494.782471 -6.183482e-03
1164556494.782593 6.831431e-03
1164556494.782715 1.901140e-02
1164556494.782837 2.545314e-02
1164556494.782959 2.480604e-02
1164556494.783081 2.206701e-02
1164556494.783203 1.813626e-02
1164556494.783325 1.585257e-02
1164556494.783447 1.301337e-02
1164556494.783569 5.192219e-03
1164556494.783691 -8.305721e-03
1164556494.783813 -1.754909e-02
1164556494.783936 -2.116674e-02
1164556494.784058 -2.048528e-02
1164556494.784180 -2.188810e-02
1164556494.784302 -2.216511e-02
1164556494.784424 -1.515323e-02
1164556494.784546 -6.231796e-03
1164556494.784668 1.141128e-03
1164556494.784790 5.921062e-03
1164556494.784912 1.497061e-02
1164556494.785034 2.358395e-02
1164556494.785156 2.900024e-02
1164556494.785278 3.208676e-02
1164556494.785400 3.121066e-02
1164556494.785522 2.498773e-02
1164556494.785645 1.323383e-02
1164556494.785767 -8.056354e-03
1164556494.785889 -3.098917e-02
1164556494.786011 -5.155186e-02
1164556494.786133 -6.487232e-02
1164556494.786255 -6.338886e-02
1164556494.786377 -4.216601e-02
1164556494.786499 -8.484468e-03
1164556494.786621 2.792719e-02
1164556494.786743 6.459148e-02
1164556494.786865 8.612212e-02
1164556494.786987 7.508057e-02
1164556494.787109 3.407798e-02
1164556494.787231 -6.803882e-03
1164556494.787354 -3.027576e-02
1164556494.787476 -3.049784e-02
1164556494.787598 -2.211252e-02
1164556494.787720 -2.362606e-02
1164556494.787842 -2.761274e-02
1164556494.787964 -2.457180e-02
1164556494.788086 -2.124424e-02
1164556494.788208 -2.032689e-02
1164556494.788330 -1.558735e-02
1164556494.788452 4.516039e-04
1164556494.788574 2.390613e-02
1164556494.788696 4.497284e-02
1164556494.788818 5.055136e-02
1164556494.788940 3.580726e-02
1164556494.789062 1.084439e-02
1164556494.789185 -3.850076e-03
1164556494.789307 -3.821769e-03
1164556494.789429 -1.001457e-03
1164556494.789551 -6.191446e-03
1164556494.789673 -1.789164e-02
1164556494.789795 -2.886199e-02
1164556494.789917 -3.514114e-02
1164556494.790039 -3.614600e-02
1164556494.790161 -2.674545e-02
1164556494.790283 -8.543554e-03
1164556494.790405 5.758805e-03
1164556494.790527 1.656768e-02
1164556494.790649 3.167358e-02
1164556494.790771 4.099996e-02
1164556494.790894 3.792314e-02
1164556494.791016 3.230035e-02
1164556494.791138 2.666592e-02
1164556494.791260 1.489953e-02
1164556494.791382 -2.093636e-03
1164556494.791504 -2.614506e-02
1164556494.791626 -4.539028e-02
1164556494.791748 -5.347290e-02
1164556494.791870 -4.762659e-02
1164556494.791992 -3.606066e-02
1164556494.792114 -2.000300e-02
1164556494.792236 -2.210481e-05
1164556494.792358 2.143236e-02
1164556494.792480 4.090624e-02
1164556494.792603 5.219030e-02
1164556494.792725 5.042065e-02
1164556494.792847 4.056267e-02
1164556494.792969 1.873556e-02
1164556494.793091 -7.778171e-03
1164556494.793213 -2.162821e-02
1164556494.793335 -1.558990e-02
1164556494.793457 -6.887320e-03
1164556494.793579 -2.033964e-02
1164556494.793701 -4.649179e-02
1164556494.793823 -5.334022e-02
1164556494.793945 -3.998852e-02
1164556494.794067 -1.868797e-02
1164556494.794189 9.157000e-03
1164556494.794312 3.526925e-02
1164556494.794434 5.024456e-02
1164556494.794556 5.617231e-02
1164556494.794678 4.622771e-02
1164556494.794800 2.112194e-02
1164556494.794922 -4.514492e-03
1164556494.795044 -1.754360e-02
1164556494.795166 -1.641303e-02
1164556494.795288 -9.541179e-03
1164556494.795410 -1.012307e-02
1164556494.795532 -2.132247e-02
1164556494.795654 -3.617418e-02
1164556494.795776 -3.465469e-02
1164556494.795898 -1.446953e-02
1164556494.796021 1.962142e-03
1164556494.796143 5.168263e-03
1164556494.796265 6.969457e-03
1164556494.796387 1.530996e-02
1164556494.796509 2.219426e-02
1164556494.796631 2.175154e-02
1164556494.796753 2.461484e-02
1164556494.796875 2.523259e-02
1164556494.796997 1.874765e-02
1164556494.797119 1.147693e-02
1164556494.797241 6.503815e-03
1164556494.797363 3.680937e-03
1164556494.797485 -6.654849e-03
1164556494.797607 -3.345066e-02
1164556494.797729 -6.078393e-02
1164556494.797852 -6.991649e-02
1164556494.797974 -6.212900e-02
1164556494.798096 -3.920350e-02
1164556494.798218 -1.825721e-03
1164556494.798340 4.430374e-02
1164556494.798462 7.774727e-02
1164556494.798584 8.950779e-02
1164556494.798706 8.362925e-02
1164556494.798828 6.056778e-02
1164556494.798950 2.506779e-02
1164556494.799072 -1.453268e-02
1164556494.799194 -4.549278e-02
1164556494.799316 -6.096694e-02
1164556494.799438 -6.770271e-02
1164556494.799561 -6.789472e-02
1164556494.799683 -6.089619e-02
1164556494.799805 -5.004912e-02
1164556494.799927 -3.188035e-02
1164556494.800049 3.698936e-04
1164556494.800171 3.797703e-02
1164556494.800293 7.300719e-02
1164556494.800415 9.835997e-02
1164556494.800537 1.052562e-01
1164556494.800659 8.914969e-02
1164556494.800781 4.631372e-02
1164556494.800903 -5.852200e-03
1164556494.801025 -4.998348e-02
1164556494.801147 -8.315681e-02
1164556494.801270 -1.036509e-01
1164556494.801392 -1.006933e-01
1164556494.801514 -8.408861e-02
1164556494.801636 -5.465089e-02
1164556494.801758 -1.088625e-02
1164556494.801880 3.373721e-02
1164556494.802002 7.129867e-02
1164556494.802124 9.533141e-02
1164556494.802246 1.007041e-01
1164556494.802368 8.742991e-02
1164556494.802490 5.835882e-02
1164556494.802612 2.362650e-02
1164556494.802734 -1.523119e-02
1164556494.802856 -5.757487e-02
1164556494.802979 -8.618428e-02
1164556494.803101 -8.471282e-02
1164556494.803223 -6.581970e-02
1164556494.803345 -4.912311e-02
1164556494.803467 -3.449683e-02
1164556494.803589 -1.195379e-02
1164556494.803711 1.638878e-02
1164556494.803833 3.863780e-02
1164556494.803955 4.871924e-02
1164556494.804077 5.835141e-02
1164556494.804199 7.100547e-02
1164556494.804321 7.255608e-02
1164556494.804443 5.796925e-02
1164556494.804565 3.150584e-02
1164556494.804688 -1.168709e-02
1164556494.804810 -6.095779e-02
1164556494.804932 -9.485452e-02
1164556494.805054 -1.007800e-01
1164556494.805176 -8.068020e-02
1164556494.805298 -4.951297e-02
1164556494.805420 -1.198269e-02
1164556494.805542 1.872722e-02
1164556494.805664 4.067487e-02
1164556494.805786 6.579016e-02
1164556494.805908 7.491574e-02
1164556494.806030 5.949596e-02
1164556494.806152 4.038178e-02
1164556494.806274 3.273913e-02
1164556494.806396 2.185097e-02
1164556494.806519 -3.067056e-03
1164556494.806641 -3.534080e-02
1164556494.806763 -5.856496e-02
1164556494.806885 -7.350546e-02
1164556494.807007 -7.155464e-02
1164556494.807129 -4.643459e-02
1164556494.807251 -9.554221e-03
1164556494.807373 1.293354e-02
1164556494.807495 2.145229e-02
1164556494.807617 2.657678e-02
1164556494.807739 3.744346e-02
1164556494.807861 4.496687e-02
1164556494.807983 4.027642e-02
1164556494.808105 2.537951e-02
1164556494.808228 1.837868e-02
1164556494.808350 1.528879e-02
1164556494.808472 9.317555e-03
1164556494.808594 -3.620789e-03
1164556494.808716 -3.408570e-02
1164556494.808838 -6.209405e-02
1164556494.808960 -6.686869e-02
1164556494.809082 -4.515922e-02
1164556494.809204 -1.223732e-02
1164556494.809326 9.948536e-03
1164556494.809448 1.645358e-02
1164556494.809570 1.298586e-02
1164556494.809692 1.174458e-02
1164556494.809814 1.815657e-02
1164556494.809937 2.825109e-02
1164556494.810059 3.695453e-02
1164556494.810181 4.664731e-02
1164556494.810303 4.662925e-02
1164556494.810425 3.310834e-02
1164556494.810547 2.267625e-03
1164556494.810669 -2.869587e-02
1164556494.810791 -5.472533e-02
1164556494.810913 -7.703736e-02
1164556494.811035 -8.471416e-02
1164556494.811157 -6.434520e-02
1164556494.811279 -2.547626e-02
1164556494.811401 5.859188e-03
1164556494.811523 3.269872e-02
1164556494.811646 6.460975e-02
1164556494.811768 7.616102e-02
1164556494.811890 6.095334e-02
1164556494.812012 4.159811e-02
1164556494.812134 3.214719e-02
1164556494.812256 2.408589e-02
1164556494.812378 2.845156e-03
1164556494.812500 -2.685770e-02
1164556494.812622 -4.974944e-02
1164556494.812744 -6.100375e-02
1164556494.812866 -6.531127e-02
1164556494.812988 -6.494311e-02
1164556494.813110 -4.950172e-02
1164556494.813232 -2.262611e-02
1164556494.813354 6.560170e-03
1164556494.813477 3.113850e-02
1164556494.813599 5.444871e-02
1164556494.813721 7.435529e-02
1164556494.813843 8.184616e-02
1164556494.813965 6.929435e-02
1164556494.814087 4.485433e-02
1164556494.814209 2.036191e-02
1164556494.814331 -4.502724e-03
1164556494.814453 -4.066351e-02
1164556494.814575 -7.793135e-02
1164556494.814697 -1.005550e-01
1164556494.814819 -1.003483e-01
1164556494.814941 -7.588817e-02
1164556494.815063 -3.729805e-02
1164556494.815186 3.450232e-03
1164556494.815308 5.071746e-02
1164556494.815430 9.197373e-02
1164556494.815552 1.066238e-01
1164556494.815674 8.930823e-02
1164556494.815796 5.769538e-02
1164556494.815918 2.249340e-02
1164556494.816040 -6.411057e-03
1164556494.816162 -3.303754e-02
1164556494.816284 -5.477124e-02
1164556494.816406 -5.983500e-02
1164556494.816528 -5.286887e-02
1164556494.816650 -4.729883e-02
1164556494.816772 -3.552802e-02
1164556494.816895 -2.116594e-02
1164556494.817017 -1.011412e-02
1164556494.817139 -3.040468e-04
1164556494.817261 1.635600e-02
1164556494.817383 3.250145e-02
1164556494.817505 4.986031e-02
1164556494.817627 6.466765e-02
1164556494.817749 6.616591e-02
1164556494.817871 4.578158e-02
1164556494.817993 2.038008e-02
1164556494.818115 -1.135484e-03
1164556494.818237 -1.465394e-02
1164556494.818359 -2.923904e-02
1164556494.818481 -5.407654e-02
1164556494.818604 -8.235709e-02
1164556494.818726 -9.219332e-02
1164556494.818848 -7.699085e-02
1164556494.818970 -4.164926e-02
1164556494.819092 2.642995e-03
1164556494.819214 4.425892e-02
1164556494.819336 7.353228e-02
1164556494.819458 9.820155e-02
1164556494.819580 1.092593e-01
1164556494.819702 9.298219e-02
1164556494.819824 4.750238e-02
1164556494.819946 -4.354467e-03
1164556494.820068 -4.070377e-02
1164556494.820190 -5.683584e-02
1164556494.820312 -6.641811e-02
1164556494.820435 -7.849935e-02
1164556494.820557 -8.832802e-02
1164556494.820679 -8.230379e-02
1164556494.820801 -5.904145e-02
1164556494.820923 -2.100587e-02
1164556494.821045 2.057979e-02
1164556494.821167 6.550285e-02
1164556494.821289 1.014950e-01
1164556494.821411 1.257731e-01
1164556494.821533 1.273685e-01
1164556494.821655 9.869787e-02
1164556494.821777 3.659054e-02
1164556494.821899 -3.279583e-02
1164556494.822021 -8.661720e-02
1164556494.822144 -1.188439e-01
1164556494.822266 -1.199412e-01
1164556494.822388 -9.628935e-02
1164556494.822510 -7.194814e-02
1164556494.822632 -5.122634e-02
1164556494.822754 -2.137289e-02
1164556494.822876 2.666748e-02
1164556494.822998 8.627950e-02
1164556494.823120 1.255710e-01
1164556494.823242 1.296416e-01
1164556494.823364 1.082722e-01
1164556494.823486 7.302952e-02
1164556494.823608 3.099870e-02
1164556494.823730 -2.627206e-02
1164556494.823853 -8.312559e-02
1164556494.823975 -1.192459e-01
1164556494.824097 -1.203493e-01
1164556494.824219 -9.795238e-02
1164556494.824341 -6.343223e-02
1164556494.824463 -3.065384e-02
1164556494.824585 2.996548e-03
1164556494.824707 3.712704e-02
1164556494.824829 7.050005e-02
1164556494.824951 1.023528e-01
1164556494.825073 1.124781e-01
1164556494.825195 9.335078e-02
1164556494.825317 5.355983e-02
1164556494.825439 1.837022e-03
1164556494.825562 -3.666564e-02
1164556494.825684 -5.806976e-02
1164556494.825806 -7.898048e-02
1164556494.825928 -9.883055e-02
1164556494.826050 -8.944902e-02
1164556494.826172 -4.815666e-02
1164556494.826294 3.633312e-03
1164556494.826416 3.407225e-02
1164556494.826538 3.737646e-02
1164556494.826660 4.304066e-02
1164556494.826782 5.434570e-02
1164556494.826904 5.160945e-02
1164556494.827026 3.717788e-02
1164556494.827148 1.745897e-02
1164556494.827271 -1.149888e-03
1164556494.827393 -1.971108e-02
1164556494.827515 -2.384064e-02
1164556494.827637 -1.469014e-02
1164556494.827759 -8.532085e-04
1164556494.827881 -9.695640e-03
1164556494.828003 -2.683070e-02
1164556494.828125 -3.496518e-02
1164556494.828247 -3.707547e-02
1164556494.828369 -3.251969e-02
1164556494.828491 -1.556995e-02
1164556494.828613 1.058272e-02
1164556494.828735 3.612898e-02
1164556494.828857 4.920818e-02
1164556494.828979 5.190630e-02
1164556494.829102 3.556797e-02
1164556494.829224 1.567069e-02
1164556494.829346 4.672802e-03
1164556494.829468 -3.143736e-03
1164556494.829590 -1.288216e-02
1164556494.829712 -2.039836e-02
1164556494.829834 -2.477075e-02
1164556494.829956 -2.559107e-02
1164556494.830078 -2.026642e-02
1164556494.830200 -8.173740e-03
1164556494.830322 -1.205008e-02
1164556494.830444 -1.736942e-02
1164556494.830566 -2.002635e-02
1164556494.830688 -1.619050e-02
1164556494.830811 -7.675907e-03
1164556494.830933 4.614473e-03
1164556494.831055 2.933441e-02
1164556494.831177 6.215528e-02
1164556494.831299 8.180154e-02
1164556494.831421 8.261243e-02
1164556494.831543 6.071301e-02
1164556494.831665 1.570339e-02
1164556494.831787 -5.186143e-02
1164556494.831909 -1.069093e-01
1164556494.832031 -1.174931e-01
1164556494.832153 -9.434675e-02
1164556494.832275 -6.518847e-02
1164556494.832397 -3.231659e-02
1164556494.832520 5.096128e-03
1164556494.832642 4.499376e-02
1164556494.832764 7.793478e-02
1164556494.832886 9.962714e-02
1164556494.833008 9.955603e-02
1164556494.833130 8.034359e-02
1164556494.833252 5.395827e-02
1164556494.833374 2.175001e-02
1164556494.833496 -2.617590e-02
1164556494.833618 -7.445567e-02
1164556494.833740 -1.100377e-01
1164556494.833862 -1.134446e-01
1164556494.833984 -8.226971e-02
1164556494.834106 -3.638867e-02
1164556494.834229 1.696706e-03
1164556494.834351 1.713520e-02
1164556494.834473 1.616579e-02
1164556494.834595 2.926916e-02
1164556494.834717 6.381787e-02
1164556494.834839 8.795299e-02
1164556494.834961 8.761872e-02
1164556494.835083 7.935211e-02
1164556494.835205 6.284579e-02
1164556494.835327 1.960122e-02
1164556494.835449 -4.908284e-02
1164556494.835571 -1.026837e-01
1164556494.835693 -1.268041e-01
1164556494.835815 -1.265769e-01
1164556494.835938 -9.375243e-02
1164556494.836060 -2.864033e-02
1164556494.836182 2.733098e-02
1164556494.836304 4.989057e-02
1164556494.836426 5.484960e-02
1164556494.836548 6.778156e-02
1164556494.836670 8.409215e-02
1164556494.836792 8.666298e-02
1164556494.836914 7.028554e-02
1164556494.837036 4.311387e-02
1164556494.837158 8.431060e-03
1164556494.837280 -3.329211e-02
1164556494.837402 -8.134103e-02
1164556494.837524 -1.108361e-01
1164556494.837646 -1.207290e-01
1164556494.837769 -9.323335e-02
1164556494.837891 -2.914186e-02
1164556494.838013 3.933085e-02
1164556494.838135 7.631039e-02
1164556494.838257 7.299992e-02
1164556494.838379 3.395631e-02
1164556494.838501 -1.173950e-03
1164556494.838623 1.113182e-03
1164556494.838745 3.783930e-02
1164556494.838867 6.290406e-02
1164556494.838989 5.705027e-02
1164556494.839111 3.199792e-02
1164556494.839233 6.798228e-04
1164556494.839355 -3.787652e-02
1164556494.839478 -7.197358e-02
1164556494.839600 -9.081543e-02
1164556494.839722 -8.635597e-02
1164556494.839844 -7.104341e-02
1164556494.839966 -4.263694e-02
1164556494.840088 4.207384e-03
1164556494.840210 5.076000e-02
1164556494.840332 6.341403e-02
1164556494.840454 6.712440e-02
1164556494.840576 8.393093e-02
1164556494.840698 8.227149e-02
1164556494.840820 5.589389e-02
1164556494.840942 2.537689e-02
1164556494.841064 -1.071018e-02
1164556494.841187 -4.714572e-02
1164556494.841309 -7.817082e-02
1164556494.841431 -8.484053e-02
1164556494.841553 -7.350900e-02
1164556494.841675 -5.253451e-02
1164556494.841797 -3.387577e-02
1164556494.841919 -1.582230e-02
1164556494.842041 1.236783e-03
1164556494.842163 2.675725e-02
1164556494.842285 5.948855e-02
1164556494.842407 8.165283e-02
1164556494.842529 8.224570e-02
1164556494.842651 6.947271e-02
1164556494.842773 4.869728e-02
1164556494.842896 1.820772e-02
1164556494.843018 -1.882962e-02
1164556494.843140 -4.319494e-02
1164556494.843262 -5.613580e-02
1164556494.843384 -6.461960e-02
1164556494.843506 -7.987516e-02
1164556494.843628 -8.375405e-02
1164556494.843750 -7.210944e-02
1164556494.843872 -3.443333e-02
1164556494.843994 1.385522e-02
1164556494.844116 6.320915e-02
1164556494.844238 9.739114e-02
1164556494.844360 1.108581e-01
1164556494.844482 1.092143e-01
1164556494.844604 8.229512e-02
1164556494.844727 2.190136e-02
1164556494.844849 -4.948883e-02
1164556494.844971 -8.089257e-02
1164556494.845093 -6.408654e-02
1164556494.845215 -4.647589e-02
1164556494.845337 -3.669921e-02
1164556494.845459 -3.947822e-02
1164556494.845581 -5.311008e-02
1164556494.845703 -6.034101e-02
1164556494.845825 -3.299606e-02
1164556494.845947 1.753858e-02
1164556494.846069 6.556118e-02
1164556494.846191 8.618441e-02
1164556494.846313 8.444153e-02
1164556494.846436 7.422237e-02
1164556494.846558 5.572726e-02
1164556494.846680 2.227882e-02
1164556494.846802 -1.641625e-02
1164556494.846924 -3.530367e-02
1164556494.847046 -3.143552e-02
1164556494.847168 -3.762423e-02
1164556494.847290 -6.650682e-02
1164556494.847412 -9.441276e-02
1164556494.847534 -9.191220e-02
1164556494.847656 -5.294917e-02
1164556494.847778 9.676901e-03
1164556494.847900 6.343201e-02
1164556494.848022 8.154731e-02
1164556494.848145 6.498925e-02
1164556494.848267 4.369305e-02
1164556494.848389 3.592624e-02
1164556494.848511 4.580866e-02
1164556494.848633 4.568306e-02
1164556494.848755 1.867815e-02
1164556494.848877 -5.983027e-03
1164556494.848999 -2.039420e-03
1164556494.849121 -1.068413e-02
1164556494.849243 -6.423044e-02
1164556494.849365 -1.268525e-01
1164556494.849487 -1.478348e-01
1164556494.849609 -1.182883e-01
1164556494.849731 -4.379204e-02
1164556494.849854 3.901811e-02
1164556494.849976 1.061205e-01
1164556494.850098 1.245821e-01
1164556494.850220 1.121118e-01
1164556494.850342 9.938658e-02
1164556494.850464 1.000113e-01
1164556494.850586 8.590521e-02
1164556494.850708 2.471004e-02
1164556494.850830 -5.248775e-02
1164556494.850952 -9.753400e-02
1164556494.851074 -1.213821e-01
1164556494.851196 -1.415244e-01
1164556494.851318 -1.533901e-01
1164556494.851440 -1.311420e-01
1164556494.851562 -7.202434e-02
1164556494.851685 1.847189e-02
1164556494.851807 1.114706e-01
1164556494.851929 1.753576e-01
1164556494.852051 1.844833e-01
1164556494.852173 1.493180e-01
1164556494.852295 8.635281e-02
1164556494.852417 4.390599e-02
1164556494.852539 1.829177e-02
1164556494.852661 -3.211213e-02
1164556494.852783 -1.195985e-01
1164556494.852905 -1.738174e-01
1164556494.853027 -1.628894e-01
1164556494.853149 -1.183791e-01
1164556494.853271 -8.003294e-02
1164556494.853394 -3.495701e-02
1164556494.853516 2.589972e-02
1164556494.853638 8.160502e-02
1164556494.853760 1.134343e-01
1164556494.853882 1.281908e-01
1164556494.854004 1.278442e-01
1164556494.854126 1.023706e-01
1164556494.854248 5.227387e-02
1164556494.854370 1.871380e-02
1164556494.854492 4.819784e-03
1164556494.854614 -2.133636e-02
1164556494.854736 -8.985285e-02
1164556494.854858 -1.548955e-01
1164556494.854980 -1.645012e-01
1164556494.855103 -1.234699e-01
1164556494.855225 -7.958012e-02
1164556494.855347 -3.024506e-02
1164556494.855469 2.593734e-02
1164556494.855591 7.812973e-02
1164556494.855713 1.205341e-01
1164556494.855835 1.571279e-01
1164556494.855957 1.642302e-01
1164556494.856079 1.345044e-01
1164556494.856201 6.591338e-02
1164556494.856323 -1.090855e-02
1164556494.856445 -6.962195e-02
1164556494.856567 -1.047108e-01
1164556494.856689 -1.455665e-01
1164556494.856812 -1.657230e-01
1164556494.856934 -1.309585e-01
1164556494.857056 -5.096773e-02
1164556494.857178 1.302894e-02
1164556494.857300 3.324019e-02
1164556494.857422 2.828980e-02
1164556494.857544 3.339297e-02
1164556494.857666 6.132104e-02
1164556494.857788 1.122739e-01
1164556494.857910 1.518015e-01
1164556494.858032 1.571427e-01
1164556494.858154 1.108861e-01
1164556494.858276 2.276473e-02
1164556494.858398 -8.798370e-02
1164556494.858521 -1.688018e-01
1164556494.858643 -1.845379e-01
1164556494.858765 -1.510337e-01
1164556494.858887 -1.039810e-01
1164556494.859009 -4.803701e-02
1164556494.859131 5.871753e-03
1164556494.859253 3.851590e-02
1164556494.859375 4.051398e-02
1164556494.859497 5.399498e-02
1164556494.859619 9.284921e-02
1164556494.859741 1.427597e-01
1164556494.859863 1.690576e-01
1164556494.859985 1.445386e-01
1164556494.860107 6.787170e-02
1164556494.860229 -2.735009e-02
1164556494.860352 -1.216212e-01
1164556494.860474 -1.944002e-01
1164556494.860596 -2.125274e-01
1164556494.860718 -1.549594e-01
1164556494.860840 -6.062917e-02
1164556494.860962 2.037946e-02
1164556494.861084 6.006706e-02
1164556494.861206 5.954001e-02
1164556494.861328 4.126326e-02
1164556494.861450 4.689773e-02
1164556494.861572 6.606493e-02
1164556494.861694 9.894461e-02
1164556494.861816 1.355021e-01
1164556494.861938 1.373295e-01
1164556494.862061 6.446315e-02
1164556494.862183 -4.008622e-02
1164556494.862305 -1.167017e-01
1164556494.862427 -1.624818e-01
1164556494.862549 -1.774080e-01
1164556494.862671 -1.326895e-01
1164556494.862793 -4.517595e-02
1164556494.862915 1.375128e-02
1164556494.863037 2.217746e-02
1164556494.863159 1.301568e-02
1164556494.863281 1.015278e-02
1164556494.863403 4.199145e-02
1164556494.863525 1.010362e-01
1164556494.863647 1.608786e-01
1164556494.863770 1.698538e-01
1164556494.863892 1.339925e-01
1164556494.864014 4.941173e-02
1164556494.864136 -5.546625e-02
1164556494.864258 -1.410820e-01
1164556494.864380 -1.663102e-01
1164556494.864502 -1.583336e-01
1164556494.864624 -1.491120e-01
1164556494.864746 -1.093693e-01
1164556494.864868 -2.119001e-02
1164556494.864990 5.290011e-02
1164556494.865112 5.260585e-02
1164556494.865234 3.108752e-02
1164556494.865356 7.244674e-02
1164556494.865479 1.472008e-01
1164556494.865601 1.769623e-01
1164556494.865723 1.491044e-01
1164556494.865845 1.017065e-01
1164556494.865967 1.715243e-02
1164556494.866089 -8.041263e-02
1164556494.866211 -1.448798e-01
1164556494.866333 -1.525453e-01
1164556494.866455 -1.386045e-01
1164556494.866577 -1.392069e-01
1164556494.866699 -1.313125e-01
1164556494.866821 -7.886659e-02
1164556494.866943 7.090746e-03
1164556494.867065 7.483236e-02
1164556494.867188 1.031099e-01
1164556494.867310 1.278751e-01
1164556494.867432 1.727600e-01
1164556494.867554 2.040695e-01
1164556494.867676 1.678000e-01
1164556494.867798 7.316130e-02
1164556494.867920 -3.313669e-02
1164556494.868042 -1.080716e-01
1164556494.868164 -1.647422e-01
1164556494.868286 -1.874142e-01
1164556494.868408 -1.842133e-01
1164556494.868530 -1.535204e-01
1164556494.868652 -1.082246e-01
1164556494.868774 -4.607491e-02
1164556494.868896 5.336715e-02
1164556494.869019 1.448771e-01
1164556494.869141 1.571700e-01
1164556494.869263 1.101973e-01
1164556494.869385 9.144386e-02
1164556494.869507 1.296459e-01
1164556494.869629 1.500002e-01
1164556494.869751 1.270283e-01
1164556494.869873 6.129662e-02
1164556494.869995 -3.468854e-02
1164556494.870117 -1.653394e-01
1164556494.870239 -2.690672e-01
1164556494.870361 -3.021747e-01
1164556494.870483 -2.611702e-01
1164556494.870605 -1.719526e-01
1164556494.870728 -2.129702e-02
1164556494.870850 1.419317e-01
1164556494.870972 2.371528e-01
1164556494.871094 2.541912e-01
1164556494.871216 2.149001e-01
1164556494.871338 1.313625e-01
1164556494.871460 6.171241e-02
1164556494.871582 5.971166e-02
1164556494.871704 7.889734e-02
1164556494.871826 3.807340e-02
1164556494.871948 -5.737710e-02
1164556494.872070 -1.854946e-01
1164556494.872192 -2.966103e-01
1164556494.872314 -3.499206e-01
1164556494.872437 -2.966333e-01
1164556494.872559 -1.436477e-01
1164556494.872681 6.003595e-02
1164556494.872803 2.251328e-01
1164556494.872925 3.033013e-01
1164556494.873047 2.831040e-01
1164556494.873169 1.929086e-01
1164556494.873291 1.020959e-01
1164556494.873413 6.265613e-02
1164556494.873535 5.626218e-02
1164556494.873657 3.694844e-02
1164556494.873779 -1.739888e-02
1164556494.873901 -7.524931e-02
1164556494.874023 -1.867196e-01
1164556494.874146 -3.362697e-01
1164556494.874268 -3.910272e-01
1164556494.874390 -2.778690e-01
1164556494.874512 -1.068516e-01
1164556494.874634 8.149013e-02
1164556494.874756 2.676786e-01
1164556494.874878 3.631252e-01
1164556494.875000 2.977656e-01
1164556494.875122 1.857496e-01
1164556494.875244 1.340145e-01
1164556494.875366 1.136782e-01
1164556494.875488 5.489633e-02
1164556494.875610 -9.571357e-03
1164556494.875732 -7.476771e-02
1164556494.875854 -1.840585e-01
1164556494.875977 -3.005286e-01
1164556494.876099 -3.538134e-01
1164556494.876221 -3.533672e-01
1164556494.876343 -2.537299e-01
1164556494.876465 -4.313485e-02
1164556494.876587 1.887003e-01
1164556494.876709 3.299480e-01
1164556494.876831 3.661368e-01
1164556494.876953 3.103122e-01
1164556494.877075 2.030193e-01
1164556494.877197 9.600025e-02
1164556494.877319 7.188602e-02
1164556494.877441 8.585970e-02
1164556494.877563 5.846683e-03
1164556494.877686 -1.783307e-01
1164556494.877808 -3.103629e-01
1164556494.877930 -3.350579e-01
1164556494.878052 -3.215170e-01
1164556494.878174 -3.049280e-01
1164556494.878296 -2.078222e-01
1164556494.878418 -1.484108e-02
1164556494.878540 1.781288e-01
1164556494.878662 3.045543e-01
1164556494.878784 3.870226e-01
1164556494.878906 3.836363e-01
1164556494.879028 2.838617e-01
1164556494.879150 1.787944e-01
1164556494.879272 1.212859e-01
1164556494.879395 4.501877e-02
1164556494.879517 -1.000571e-01
1164556494.879639 -2.951665e-01
1164556494.879761 -4.476358e-01
1164556494.879883 -4.824962e-01
1164556494.880005 -3.731427e-01
1164556494.880127 -2.072844e-01
1164556494.880249 -8.346136e-02
1164556494.880371 3.725019e-02
1164556494.880493 2.402334e-01
1164556494.880615 4.317580e-01
1164556494.880737 5.017712e-01
1164556494.880859 4.458184e-01
1164556494.880981 3.013620e-01
1164556494.881104 1.049786e-01
1164556494.881226 -5.833240e-02
1164556494.881348 -1.414940e-01
1164556494.881470 -1.710287e-01
1164556494.881592 -2.731535e-01
1164556494.881714 -4.226678e-01
1164556494.881836 -4.686947e-01
1164556494.881958 -3.453924e-01
1164556494.882080 -1.783269e-01
1164556494.882202 -2.496957e-02
1164556494.882324 1.072752e-01
1164556494.882446 2.396006e-01
1164556494.882568 3.828760e-01
1164556494.882690 5.067923e-01
1164556494.882812 5.337402e-01
1164556494.882935 3.832972e-01
1164556494.883057 1.135479e-01
1164556494.883179 -9.392247e-02
1164556494.883301 -2.012295e-01
1164556494.883423 -2.730216e-01
1164556494.883545 -3.433913e-01
1164556494.883667 -3.999247e-01
1164556494.883789 -4.552728e-01
1164556494.883911 -4.120050e-01
1164556494.884033 -2.595821e-01
1164556494.884155 -5.262578e-02
1164556494.884277 1.245126e-01
1164556494.884399 2.922351e-01
1164556494.884521 4.658993e-01
1164556494.884644 6.175030e-01
1164556494.884766 6.678629e-01
1164556494.884888 5.239884e-01
1164556494.885010 2.034614e-01
1164556494.885132 -1.148490e-01
1164556494.885254 -2.981583e-01
1164556494.885376 -3.914378e-01
1164556494.885498 -4.876439e-01
1164556494.885620 -5.604483e-01
1164556494.885742 -6.035594e-01
1164556494.885864 -5.584811e-01
1164556494.885986 -4.021849e-01
1164556494.886108 -1.114953e-01
1164556494.886230 2.522711e-01
1164556494.886353 5.912947e-01
1164556494.886475 8.059955e-01
1164556494.886597 9.031683e-01
1164556494.886719 8.557106e-01
1164556494.886841 6.396870e-01
1164556494.886963 2.516932e-01
1164556494.887085 -2.162491e-01
1164556494.887207 -5.444981e-01
1164556494.887329 -6.858417e-01
1164556494.887451 -8.066733e-01
1164556494.887573 -9.237729e-01
1164556494.887695 -9.358240e-01
1164556494.887817 -7.618663e-01
1164556494.887939 -4.464340e-01
1164556494.888062 1.401321e-02
1164556494.888184 5.775832e-01
1164556494.888306 1.175605e+00
1164556494.888428 1.541569e+00
1164556494.888550 1.556956e+00
1164556494.888672 1.292466e+00
1164556494.888794 8.236992e-01
1164556494.888916 1.275613e-01
1164556494.889038 -7.227343e-01
1164556494.889160 -1.479725e+00
1164556494.889282 -1.957609e+00
1164556494.889404 -2.125477e+00
1164556494.889526 -1.787312e+00
1164556494.889648 -9.650380e-01
1164556494.889771 6.957700e-03
1164556494.889893 8.880246e-01
1164556494.890015 1.617062e+00
1164556494.890137 2.078464e+00
1164556494.890259 2.205677e+00
1164556494.890381 1.940649e+00
1164556494.890503 1.285955e+00
1164556494.890625 2.768918e-01
1164556494.890747 -8.008267e-01
1164556494.890869 -1.653037e+00
1164556494.890991 -2.164002e+00
1164556494.891113 -2.297962e+00
1164556494.891235 -1.987344e+00
1164556494.891357 -1.294069e+00
1164556494.891479 -5.301456e-01
1164556494.891602 2.299888e-01
1164556494.891724 1.102045e+00
1164556494.891846 1.892169e+00
1164556494.891968 2.337152e+00
1164556494.892090 2.347351e+00
1164556494.892212 2.012353e+00
1164556494.892334 1.303119e+00
1164556494.892456 3.126365e-01
1164556494.892578 -9.070164e-01
1164556494.892700 -2.045906e+00
1164556494.892822 -2.758298e+00
1164556494.892944 -2.877224e+00
1164556494.893066 -2.430628e+00
1164556494.893188 -1.516703e+00
1164556494.893311 -2.857027e-01
1164556494.893433 8.756023e-01
1164556494.893555 1.737733e+00
1164556494.893677 2.431781e+00
1164556494.893799 2.910487e+00
1164556494.893921 2.788811e+00
1164556494.894043 2.004736e+00
1164556494.894165 9.249980e-01
1164556494.894287 -3.267497e-01
1164556494.894409 -1.544095e+00
1164556494.894531 -2.521746e+00
1164556494.894653 -3.089115e+00
1164556494.894775 -3.219311e+00
1164556494.894897 -2.678321e+00
1164556494.895020 -1.468909e+00
1164556494.895142 7.464463e-02
1164556494.895264 1.557355e+00
1164556494.895386 2.705130e+00
1164556494.895508 3.291167e+00
1164556494.895630 3.245233e+00
1164556494.895752 2.810276e+00
1164556494.895874 1.994561e+00
1164556494.895996 5.704922e-01
1164556494.896118 -1.182503e+00
1164556494.896240 -2.666207e+00
1164556494.896362 -3.495459e+00
1164556494.896484 -3.793727e+00
1164556494.896606 -3.473117e+00
1164556494.896729 -2.494459e+00
1164556494.896851 -9.140751e-01
1164556494.896973 9.352011e-01
1164556494.897095 2.805791e+00
1164556494.897217 4.316274e+00
1164556494.897339 4.888909e+00
1164556494.897461 4.163867e+00
1164556494.897583 2.442083e+00
1164556494.897705 4.032766e-01
1164556494.897827 -1.621756e+00
1164556494.897949 -3.567645e+00
1164556494.898071 -4.939972e+00
1164556494.898193 -5.156244e+00
1164556494.898315 -4.049600e+00
1164556494.898438 -1.985900e+00
1164556494.898560 5.685272e-01
1164556494.898682 2.860751e+00
1164556494.898804 4.438840e+00
1164556494.898926 5.043290e+00
1164556494.899048 4.625992e+00
1164556494.899170 3.126138e+00
1164556494.899292 8.588652e-01
1164556494.899414 -1.741408e+00
1164556494.899536 -4.123596e+00
1164556494.899658 -5.430440e+00
1164556494.899780 -4.938762e+00
1164556494.899902 -3.003767e+00
1164556494.900024 -6.513540e-01
1164556494.900146 1.632298e+00
1164556494.900269 3.645929e+00
1164556494.900391 4.706641e+00
1164556494.900513 4.342599e+00
1164556494.900635 2.513352e+00
1164556494.900757 -2.894380e-02
1164556494.900879 -2.463760e+00
1164556494.901001 -3.966572e+00
1164556494.901123 -4.109963e+00
1164556494.901245 -2.711327e+00
1164556494.901367 -4.202959e-01
1164556494.901489 1.749401e+00
1164556494.901611 3.147406e+00
1164556494.901733 3.712424e+00
1164556494.901855 3.139155e+00
1164556494.901978 1.018884e+00
1164556494.902100 -2.044016e+00
1164556494.902222 -4.232608e+00
1164556494.902344 -4.548024e+00
1164556494.902466 -2.852466e+00
1164556494.902588 2.127860e-01
1164556494.902710 3.362161e+00
1164556494.902832 4.785212e+00
1164556494.902954 3.960525e+00
1164556494.903076 1.121715e+00
1164556494.903198 -2.322678e+00
1164556494.903320 -4.320700e+00
1164556494.903442 -3.056272e+00
1164556494.903564 4.155998e-01
1164556494.903687 3.093425e+00
1164556494.903809 2.127439e+00
1164556494.903931 -1.474749e+00
1164556494.904053 -2.926438e+00
1164556494.904175 2.514825e-01
1164556494.904297 1.288481e+00
1164556494.904419 2.737859e-02
1164556494.904541 2.922733e-01
1164556494.904663 2.373201e-01
1164556494.904785 2.920343e-01
1164556494.904907 1.802738e-01
1164556494.905029 8.763812e-02
1164556494.905151 8.542007e-02
1164556494.905273 2.840815e-01
1164556494.905396 -2.538936e-03
1164556494.905518 -4.009996e-01
1164556494.905640 -6.930870e-01
1164556494.905762 -5.721477e-01
1164556494.905884 -2.264735e-01
1164556494.906006 2.973845e-01
1164556494.906128 2.585085e-01
1164556494.906250 -1.124987e-01
1164556494.906372 -1.368120e-01
1164556494.906494 2.849709e-01
1164556494.906616 3.676489e-01
1164556494.906738 2.177997e-01
1164556494.906860 1.291572e-01
1164556494.906982 1.635971e-01
1164556494.907104 1.242708e-01
1164556494.907227 7.080656e-02
1164556494.907349 1.444405e-02
1164556494.907471 -1.552713e-01
1164556494.907593 -5.011866e-01
1164556494.907715 -6.231900e-01
1164556494.907837 -3.408446e-01
1164556494.907959 1.682978e-01
1164556494.908081 2.923369e-01
1164556494.908203 3.008253e-02
1164556494.908325 -1.686787e-01
1164556494.908447 1.047854e-01
1164556494.908569 3.443675e-01
1164556494.908691 3.166533e-01
1164556494.908813 2.450025e-01
1164556494.908936 1.869798e-01
1164556494.909058 6.690063e-02
1164556494.909180 3.183576e-03
1164556494.909302 -4.619153e-03
1164556494.909424 -1.459091e-01
1164556494.909546 -4.320947e-01
1164556494.909668 -5.764837e-01
1164556494.909790 -4.682729e-01
1164556494.909912 -1.066504e-01
1164556494.910034 2.298970e-01
1164556494.910156 3.219574e-01
1164556494.910278 1.206641e-01
1164556494.910400 1.042641e-01
1164556494.910522 3.230487e-01
1164556494.910645 4.253646e-01
1164556494.910767 2.133044e-01
1164556494.910889 6.706827e-03
1164556494.911011 -5.944844e-02
1164556494.911133 -8.830838e-02
1164556494.911255 -1.458273e-01
1164556494.911377 -2.041644e-01
1164556494.911499 -2.905501e-01
1164556494.911621 -4.383463e-01
1164556494.911743 -4.592529e-01
1164556494.911865 -1.250029e-01
1164556494.911987 3.127874e-01
1164556494.912109 4.718824e-01
1164556494.912231 2.810761e-01
1164556494.912354 1.805900e-01
1164556494.912476 1.973119e-01
1164556494.912598 1.776171e-01
1164556494.912720 5.666580e-02
1164556494.912842 -1.019222e-02
1164556494.912964 -9.534985e-02
1164556494.913086 -1.829237e-01
1164556494.913208 -1.452193e-01
1164556494.913330 -1.079445e-01
1164556494.913452 -2.071847e-01
1164556494.913574 -3.303021e-01
1164556494.913696 -2.840673e-01
1164556494.913818 -7.049055e-02
1164556494.913940 2.060907e-01
1164556494.914062 4.501504e-01
1164556494.914185 4.063976e-01
1164556494.914307 1.488071e-01
1164556494.914429 -2.283555e-02
1164556494.914551 2.555950e-02
1164556494.914673 -1.017952e-02
1164556494.914795 -5.964232e-02
1164556494.914917 -6.589621e-04
1164556494.915039 1.630055e-02
1164556494.915161 -1.007466e-01
1164556494.915283 -1.908009e-01
1164556494.915405 -2.050131e-01
1164556494.915527 -2.355122e-01
1164556494.915649 -2.210649e-01
1164556494.915771 -7.370555e-02
1164556494.915894 1.855751e-01
1164556494.916016 3.680115e-01
1164556494.916138 3.382815e-01
1164556494.916260 1.643526e-01
1164556494.916382 -1.769907e-02
1164556494.916504 -2.903415e-02
1164556494.916626 -2.080644e-02
1164556494.916748 -2.625190e-02
1164556494.916870 1.491187e-02
1164556494.916992 6.525653e-02
1164556494.917114 -6.614708e-02
1164556494.917236 -2.385000e-01
1164556494.917358 -2.669012e-01
1164556494.917480 -2.231812e-01
1164556494.917603 -1.495756e-01
1164556494.917725 -8.560703e-03
1164556494.917847 1.830971e-01
1164556494.917969 2.942722e-01
1164556494.918091 2.673440e-01
1164556494.918213 1.757430e-01
1164556494.918335 5.392469e-02
1164556494.918457 -1.237927e-02
1164556494.918579 -8.235620e-03
1164556494.918701 -8.442737e-05
1164556494.918823 -5.193214e-02
1164556494.918945 -4.345894e-02
1164556494.919067 -6.834355e-02
1164556494.919189 -2.143602e-01
1164556494.919312 -3.244779e-01
1164556494.919434 -2.288092e-01
1164556494.919556 -2.349346e-02
1164556494.919678 1.333476e-01
1164556494.919800 2.179620e-01
1164556494.919922 2.688714e-01
1164556494.920044 2.404255e-01
1164556494.920166 1.070240e-01
1164556494.920288 -1.184101e-02
1164556494.920410 -1.455070e-02
1164556494.920532 -4.298722e-03
1164556494.920654 -3.543588e-02
1164556494.920776 -1.035900e-01
1164556494.920898 -1.017525e-01
1164556494.921021 -8.204224e-02
1164556494.921143 -1.256028e-01
1164556494.921265 -1.982340e-01
1164556494.921387 -1.473434e-01
1164556494.921509 2.773337e-03
1164556494.921631 1.517627e-01
1164556494.921753 2.326643e-01
1164556494.921875 1.987655e-01
1164556494.921997 1.016989e-01
1164556494.922119 1.523257e-02
1164556494.922241 -2.820980e-02
1164556494.922363 -3.582807e-03
1164556494.922485 2.761607e-02
1164556494.922607 1.950812e-02
1164556494.922729 -4.862769e-02
1164556494.922852 -9.928050e-02
1164556494.922974 -9.569521e-02
1164556494.923096 -6.882907e-02
1164556494.923218 -1.154592e-01
1164556494.923340 -1.560587e-01
1164556494.923462 -1.015876e-01
1164556494.923584 4.246507e-02
1164556494.923706 1.791549e-01
1164556494.923828 2.279139e-01
1164556494.923950 1.675607e-01
1164556494.924072 7.059534e-02
1164556494.924194 2.793190e-02
1164556494.924316 2.981468e-02
1164556494.924438 8.085247e-03
1164556494.924561 -4.472512e-02
1164556494.924683 -1.144784e-01
1164556494.924805 -1.514846e-01
1164556494.924927 -1.291859e-01
1164556494.925049 -4.032391e-02
1164556494.925171 -1.657778e-02
1164556494.925293 -6.634816e-02
1164556494.925415 -8.087728e-02
1164556494.925537 -3.662380e-04
1164556494.925659 1.130686e-01
1164556494.925781 2.018755e-01
1164556494.925903 1.957103e-01
1164556494.926025 9.040796e-02
1164556494.926147 -9.542812e-03
1164556494.926270 -1.555077e-02
1164556494.926392 2.974787e-02
1164556494.926514 2.003468e-03
1164556494.926636 -9.928931e-02
1164556494.926758 -1.397888e-01
1164556494.926880 -1.210913e-01
1164556494.927002 -9.478140e-02
1164556494.927124 -7.173714e-02
1164556494.927246 -4.025726e-02
1164556494.927368 -3.521899e-02
1164556494.927490 -1.763631e-02
1164556494.927612 6.754104e-02
1164556494.927734 2.172199e-01
1164556494.927856 2.828949e-01
1164556494.927979 1.781877e-01
1164556494.928101 1.604818e-02
1164556494.928223 -7.216721e-02
1164556494.928345 -1.018105e-01
1164556494.928467 -9.862850e-02
1164556494.928589 -8.827329e-02
1164556494.928711 -9.113336e-02
1164556494.928833 -9.046675e-02
1164556494.928955 -6.683323e-02
1164556494.929077 -5.451391e-02
1164556494.929199 -6.016683e-02
1164556494.929321 -4.092701e-02
1164556494.929443 4.179330e-02
1164556494.929565 1.367086e-01
1164556494.929688 2.049032e-01
1164556494.929810 2.419681e-01
1164556494.929932 1.827186e-01
1164556494.930054 -9.763514e-03
1164556494.930176 -1.773297e-01
1164556494.930298 -1.786407e-01
1164556494.930420 -7.085950e-02
1164556494.930542 -1.078920e-02
1164556494.930664 -2.463698e-02
1164556494.930786 -4.663877e-02
1164556494.930908 -6.348766e-02
1164556494.931030 -1.111215e-01
1164556494.931152 -1.236716e-01
1164556494.931274 -4.360504e-02
1164556494.931396 8.195497e-02
1164556494.931519 1.792536e-01
1164556494.931641 2.399493e-01
1164556494.931763 2.366026e-01
1164556494.931885 1.416875e-01
1164556494.932007 -2.694271e-02
1164556494.932129 -1.518373e-01
1164556494.932251 -1.772963e-01
1164556494.932373 -1.311073e-01
1164556494.932495 -5.347264e-02
1164556494.932617 7.780787e-03
1164556494.932739 -3.613184e-02
1164556494.932861 -1.142084e-01
1164556494.932983 -1.155418e-01
1164556494.933105 -6.260700e-02
1164556494.933228 3.736206e-03
1164556494.933350 1.212889e-01
1164556494.933472 2.520562e-01
1164556494.933594 2.790399e-01
1164556494.933716 1.750078e-01
1164556494.933838 4.828802e-02
1164556494.933960 -6.969308e-02
1164556494.934082 -1.881793e-01
1164556494.934204 -2.353943e-01
1164556494.934326 -1.408759e-01
1164556494.934448 -2.830994e-02
1164556494.934570 1.233006e-02
1164556494.934692 4.213532e-03
1164556494.934814 -1.520563e-02
1164556494.934937 -5.001298e-02
1164556494.935059 -4.736518e-02
1164556494.935181 1.041081e-02
1164556494.935303 1.056755e-01
1164556494.935425 1.813759e-01
1164556494.935547 1.963881e-01
1164556494.935669 1.469597e-01
1164556494.935791 4.334809e-02
1164556494.935913 -7.133685e-02
1164556494.936035 -1.414600e-01
1164556494.936157 -1.564012e-01
1164556494.936279 -1.376376e-01
1164556494.936401 -1.140239e-01
1164556494.936523 -6.932537e-02
1164556494.936646 -6.141665e-03
1164556494.936768 4.516543e-02
1164556494.936890 5.021325e-02
1164556494.937012 5.500359e-02
1164556494.937134 7.004887e-02
1164556494.937256 7.731260e-02
1164556494.937378 8.822230e-02
1164556494.937500 9.745163e-02
1164556494.937622 6.054899e-02
1164556494.937744 -1.070365e-02
1164556494.937866 -5.605155e-02
1164556494.937988 -7.676627e-02
1164556494.938110 -8.950612e-02
1164556494.938232 -7.850130e-02
1164556494.938354 -6.757096e-02
1164556494.938477 -7.460527e-02
1164556494.938599 -7.374758e-02
1164556494.938721 -8.769649e-03
1164556494.938843 7.540386e-02
1164556494.938965 1.065262e-01
1164556494.939087 7.439575e-02
1164556494.939209 5.999191e-02
1164556494.939331 6.928280e-02
1164556494.939453 6.877423e-02
1164556494.939575 4.531539e-02
1164556494.939697 1.523621e-02
1164556494.939819 -2.792726e-02
1164556494.939941 -8.977479e-02
1164556494.940063 -1.274481e-01
1164556494.940186 -1.191767e-01
1164556494.940308 -7.882657e-02
1164556494.940430 -3.710325e-02
1164556494.940552 -6.474711e-03
1164556494.940674 4.996641e-02
1164556494.940796 1.032862e-01
1164556494.940918 1.084819e-01
1164556494.941040 5.073974e-02
1164556494.941162 -5.653822e-03
1164556494.941284 -5.719877e-03
1164556494.941406 3.697697e-02
1164556494.941528 6.073631e-02
1164556494.941650 3.355285e-02
1164556494.941772 -2.229739e-02
1164556494.941895 -7.215106e-02
1164556494.942017 -1.017812e-01
1164556494.942139 -1.057118e-01
1164556494.942261 -6.464795e-02
1164556494.942383 1.798049e-03
1164556494.942505 4.225574e-02
1164556494.942627 3.716569e-02
1164556494.942749 2.989022e-02
1164556494.942871 4.853165e-02
1164556494.942993 2.786026e-02
1164556494.943115 -2.031873e-02
1164556494.943237 -1.589232e-02
1164556494.943359 5.958850e-02
1164556494.943481 1.115902e-01
1164556494.943604 8.076646e-02
1164556494.943726 3.424580e-03
1164556494.943848 -6.974497e-02
1164556494.943970 -1.220756e-01
1164556494.944092 -1.367446e-01
1164556494.944214 -8.963458e-02
1164556494.944336 -1.083502e-02
1164556494.944458 4.185605e-02
1164556494.944580 5.462755e-02
1164556494.944702 3.802441e-02
1164556494.944824 1.636178e-02
1164556494.944946 -1.380366e-03
1164556494.945068 1.523574e-02
1164556494.945190 4.483799e-02
1164556494.945312 7.636542e-02
1164556494.945435 9.127647e-02
1164556494.945557 7.275123e-02
1164556494.945679 -5.746096e-03
1164556494.945801 -9.459439e-02
1164556494.945923 -1.264374e-01
1164556494.946045 -1.123658e-01
1164556494.946167 -8.347405e-02
1164556494.946289 -3.628296e-02
1164556494.946411 1.925455e-02
1164556494.946533 3.863108e-02
1164556494.946655 2.420588e-02
1164556494.946777 2.031419e-02
1164556494.946899 3.731489e-02
1164556494.947021 6.275716e-02
1164556494.947144 8.715171e-02
1164556494.947266 1.059965e-01
1164556494.947388 9.019019e-02
1164556494.947510 4.037315e-02
1164556494.947632 -4.585058e-02
1164556494.947754 -1.391409e-01
1164556494.947876 -1.862832e-01
1164556494.947998 -1.600142e-01
1164556494.948120 -9.085169e-02
1164556494.948242 -1.174810e-02
1164556494.948364 5.680435e-02
1164556494.948486 1.021604e-01
1164556494.948608 1.131648e-01
1164556494.948730 9.552820e-02
1164556494.948853 5.888399e-02
1164556494.948975 3.154219e-02
1164556494.949097 2.982367e-02
1164556494.949219 2.689689e-02
1164556494.949341 -1.181868e-02
1164556494.949463 -5.737124e-02
1164556494.949585 -8.405528e-02
1164556494.949707 -8.538691e-02
1164556494.949829 -7.103520e-02
1164556494.949951 -3.630794e-02
1164556494.950073 1.200885e-03
1164556494.950195 1.532057e-02
1164556494.950317 8.107621e-03
1164556494.950439 9.323573e-03
1164556494.950562 2.890962e-02
1164556494.950684 6.037344e-02
1164556494.950806 7.322818e-02
1164556494.950928 5.885463e-02
1164556494.951050 2.870206e-02
1164556494.951172 1.684547e-02
1164556494.951294 1.085239e-02
1164556494.951416 -1.855889e-02
1164556494.951538 -6.473462e-02
1164556494.951660 -8.313210e-02
1164556494.951782 -6.517704e-02
1164556494.951904 -4.072209e-02
1164556494.952026 -3.291863e-02
1164556494.952148 -2.483060e-02
1164556494.952271 -1.353245e-02
1164556494.952393 1.337804e-02
1164556494.952515 5.158732e-02
1164556494.952637 9.066688e-02
1164556494.952759 1.040233e-01
1164556494.952881 8.289207e-02
1164556494.953003 2.996137e-02
1164556494.953125 -8.254026e-03
1164556494.953247 -1.493042e-02
1164556494.953369 -2.947133e-02
1164556494.953491 -7.236976e-02
1164556494.953613 -9.577785e-02
1164556494.953735 -8.090376e-02
1164556494.953857 -5.142222e-02
1164556494.953979 -3.323059e-02
1164556494.954102 -1.289374e-02
1164556494.954224 1.929651e-02
1164556494.954346 5.775274e-02
1164556494.954468 8.307516e-02
1164556494.954590 1.023601e-01
1164556494.954712 1.011405e-01
1164556494.954834 5.796000e-02
1164556494.954956 -1.720161e-02
1164556494.955078 -6.490093e-02
1164556494.955200 -4.988563e-02
1164556494.955322 -1.925089e-02
1164556494.955444 -3.046799e-02
1164556494.955566 -6.545359e-02
1164556494.955688 -7.539456e-02
1164556494.955811 -5.495758e-02
1164556494.955933 -3.309782e-02
1164556494.956055 -3.101615e-03
1164556494.956177 3.526951e-02
1164556494.956299 7.123243e-02
1164556494.956421 9.280799e-02
1164556494.956543 1.056834e-01
1164556494.956665 8.809078e-02
1164556494.956787 3.803262e-02
1164556494.956909 -3.592032e-02
1164556494.957031 -9.443499e-02
1164556494.957153 -9.777583e-02
1164556494.957275 -4.807781e-02
1164556494.957397 -7.786886e-03
1164556494.957520 -1.133587e-02
1164556494.957642 -2.966678e-02
1164556494.957764 -2.211475e-02
1164556494.957886 -1.571966e-03
1164556494.958008 1.704876e-02
1164556494.958130 3.367421e-02
1164556494.958252 3.948940e-02
1164556494.958374 3.725399e-02
1164556494.958496 3.282604e-02
1164556494.958618 3.283599e-02
1164556494.958740 3.370421e-02
1164556494.958862 7.301084e-03
1164556494.958984 -3.169685e-02
1164556494.959106 -5.003482e-02
1164556494.959229 -2.180475e-02
1164556494.959351 2.903654e-03
1164556494.959473 -1.833972e-02
1164556494.959595 -5.364517e-02
1164556494.959717 -5.823544e-02
1164556494.959839 -2.996201e-02
1164556494.959961 1.472667e-02
1164556494.960083 5.413932e-02
1164556494.960205 6.325011e-02
1164556494.960327 4.152638e-02
1164556494.960449 1.184140e-02
1164556494.960571 -8.395045e-03
1164556494.960693 -7.518105e-03
1164556494.960815 6.310914e-03
1164556494.960938 1.793034e-02
1164556494.961060 2.590155e-02
1164556494.961182 3.171151e-02
1164556494.961304 1.563016e-02
1164556494.961426 -3.457301e-02
1164556494.961548 -8.695295e-02
1164556494.961670 -9.842944e-02
1164556494.961792 -6.777683e-02
1164556494.961914 -2.456800e-02
1164556494.962036 7.218497e-03
1164556494.962158 2.572867e-02
1164556494.962280 4.489294e-02
1164556494.962402 6.776995e-02
1164556494.962524 8.770880e-02
1164556494.962646 9.541549e-02
1164556494.962769 8.065948e-02
1164556494.962891 4.010934e-02
1164556494.963013 -2.214762e-02
1164556494.963135 -7.193735e-02
1164556494.963257 -9.638136e-02
1164556494.963379 -1.147091e-01
1164556494.963501 -1.274923e-01
1164556494.963623 -9.486665e-02
1164556494.963745 -3.104326e-02
1164556494.963867 3.286535e-02
1164556494.963989 7.903396e-02
1164556494.964111 1.020757e-01
1164556494.964233 1.069918e-01
1164556494.964355 9.602729e-02
1164556494.964478 7.772298e-02
1164556494.964600 4.803728e-02
1164556494.964722 6.508307e-03
1164556494.964844 -3.406227e-02
1164556494.964966 -6.900252e-02
1164556494.965088 -8.969656e-02
1164556494.965210 -1.047474e-01
1164556494.965332 -9.929012e-02
1164556494.965454 -7.335210e-02
1164556494.965576 -3.608255e-02
1164556494.965698 -7.810319e-03
1164556494.965820 2.041692e-02
1164556494.965942 6.093541e-02
1164556494.966064 1.081091e-01
1164556494.966187 1.403178e-01
1164556494.966309 1.427915e-01
1164556494.966431 1.097590e-01
1164556494.966553 4.198414e-02
1164556494.966675 -4.098919e-02
1164556494.966797 -1.136894e-01
1164556494.966919 -1.596775e-01
1164556494.967041 -1.642995e-01
1164556494.967163 -1.270356e-01
1164556494.967285 -6.261472e-02
1164556494.967407 -1.990333e-03
1164556494.967529 4.884243e-02
1164556494.967651 8.805153e-02
1164556494.967773 1.079828e-01
1164556494.967896 9.098279e-02
1164556494.968018 7.156100e-02
1164556494.968140 7.769721e-02
1164556494.968262 6.984095e-02
1164556494.968384 2.966418e-02
1164556494.968506 -2.571207e-02
1164556494.968628 -8.938608e-02
1164556494.968750 -1.397971e-01
1164556494.968872 -1.434714e-01
1164556494.968994 -8.956119e-02
1164556494.969116 -1.628133e-02
1164556494.969238 3.191832e-02
1164556494.969360 4.222187e-02
1164556494.969482 4.336671e-02
1164556494.969604 4.837879e-02
1164556494.969727 4.914287e-02
1164556494.969849 4.478124e-02
1164556494.969971 4.544295e-02
1164556494.970093 4.538123e-02
1164556494.970215 3.948920e-02
1164556494.970337 2.326561e-02
1164556494.970459 -5.522581e-03
1164556494.970581 -5.285120e-02
1164556494.970703 -9.511689e-02
1164556494.970825 -1.089301e-01
1164556494.970947 -9.052288e-02
1164556494.971069 -4.394932e-02
1164556494.971191 1.269665e-02
1164556494.971313 4.265560e-02
1164556494.971436 5.326767e-02
1164556494.971558 5.853965e-02
1164556494.971680 6.594072e-02
1164556494.971802 6.151087e-02
1164556494.971924 3.874621e-02
1164556494.972046 1.548816e-02
1164556494.972168 2.270751e-03
1164556494.972290 -1.460623e-02
1164556494.972412 -4.225693e-02
1164556494.972534 -6.016575e-02
1164556494.972656 -5.702977e-02
1164556494.972778 -4.814111e-02
1164556494.972900 -2.993069e-02
1164556494.973022 7.239534e-03
1164556494.973145 3.396629e-02
1164556494.973267 1.927254e-02
1164556494.973389 -1.022256e-02
1164556494.973511 -1.392973e-02
1164556494.973633 1.094393e-02
1164556494.973755 3.557740e-02
1164556494.973877 4.946265e-02
1164556494.973999 5.806231e-02
1164556494.974121 5.305380e-02
1164556494.974243 3.277937e-02
1164556494.974365 1.932585e-03
1164556494.974487 -3.728968e-02
1164556494.974609 -7.504072e-02
1164556494.974731 -9.147520e-02
1164556494.974854 -7.977178e-02
1164556494.974976 -4.631777e-02
1164556494.975098 -1.119540e-02
1164556494.975220 8.291301e-03
1164556494.975342 2.666345e-02
1164556494.975464 4.819261e-02
1164556494.975586 6.967736e-02
1164556494.975708 8.199273e-02
1164556494.975830 7.172010e-02
1164556494.975952 3.711761e-02
1164556494.976074 1.858780e-03
1164556494.976196 -2.042777e-02
1164556494.976318 -3.785517e-02
1164556494.976440 -5.955014e-02
1164556494.976562 -6.849416e-02
1164556494.976685 -5.961182e-02
1164556494.976807 -4.805492e-02
1164556494.976929 -3.600213e-02
1164556494.977051 -1.355066e-02
1164556494.977173 1.361286e-02
1164556494.977295 3.836356e-02
1164556494.977417 5.707265e-02
1164556494.977539 7.667307e-02
1164556494.977661 8.430389e-02
1164556494.977783 6.632296e-02
1164556494.977905 2.822661e-02
1164556494.978027 -1.570537e-02
1164556494.978149 -4.704109e-02
1164556494.978271 -6.311834e-02
1164556494.978394 -7.042869e-02
1164556494.978516 -5.974174e-02
1164556494.978638 -4.834516e-02
1164556494.978760 -3.244287e-02
1164556494.978882 -9.125341e-03
1164556494.979004 1.551617e-02
1164556494.979126 3.301071e-02
1164556494.979248 4.630595e-02
1164556494.979370 5.799323e-02
1164556494.979492 5.704215e-02
1164556494.979614 4.308155e-02
1164556494.979736 2.396673e-02
1164556494.979858 -8.633508e-04
1164556494.979980 -1.564783e-02
1164556494.980103 -1.923437e-02
1164556494.980225 -2.469266e-02
1164556494.980347 -4.262674e-02
1164556494.980469 -5.860035e-02
1164556494.980591 -5.263185e-02
1164556494.980713 -3.520430e-02
1164556494.980835 -1.322306e-02
1164556494.980957 1.593722e-02
1164556494.981079 3.465514e-02
1164556494.981201 3.944715e-02
1164556494.981323 3.477973e-02
1164556494.981445 4.066261e-02
1164556494.981567 4.809639e-02
1164556494.981689 3.520058e-02
1164556494.981812 2.823206e-03
1164556494.981934 -1.286264e-02
1164556494.982056 -7.034294e-03
1164556494.982178 -8.640833e-03
1164556494.982300 -2.821999e-02
1164556494.982422 -5.730271e-02
1164556494.982544 -6.820016e-02
1164556494.982666 -5.303735e-02
1164556494.982788 -2.937617e-02
1164556494.982910 -3.333388e-03
1164556494.983032 2.124658e-02
1164556494.983154 3.666284e-02
1164556494.983276 4.667000e-02
1164556494.983398 5.939970e-02
1164556494.983521 6.453221e-02
1164556494.983643 6.065172e-02
1164556494.983765 4.756793e-02
1164556494.983887 1.932690e-02
1164556494.984009 -1.196128e-02
1164556494.984131 -4.557105e-02
1164556494.984253 -8.345142e-02
1164556494.984375 -1.172363e-01
1164556494.984497 -1.276550e-01
1164556494.984619 -9.004503e-02
1164556494.984741 -1.532572e-02
1164556494.984863 5.957384e-02
1164556494.984985 1.009769e-01
1164556494.985107 1.113627e-01
1164556494.985229 1.022267e-01
1164556494.985352 8.530895e-02
1164556494.985474 5.415634e-02
1164556494.985596 1.035856e-02
1164556494.985718 -3.222895e-02
1164556494.985840 -6.504647e-02
1164556494.985962 -7.985050e-02
1164556494.986084 -8.363920e-02
1164556494.986206 -7.571492e-02
1164556494.986328 -5.612803e-02
1164556494.986450 -3.592404e-02
1164556494.986572 -1.328162e-02
1164556494.986694 2.370614e-02
1164556494.986816 6.166824e-02
1164556494.986938 8.534472e-02
1164556494.987061 8.946523e-02
1164556494.987183 7.156508e-02
1164556494.987305 4.409069e-02
1164556494.987427 1.809443e-02
1164556494.987549 -1.796461e-03
1164556494.987671 -2.880698e-02
1164556494.987793 -5.856889e-02
1164556494.987915 -8.166037e-02
1164556494.988037 -8.323610e-02
1164556494.988159 -6.763038e-02
1164556494.988281 -4.617614e-02
1164556494.988403 -2.457242e-02
1164556494.988525 5.239307e-03
1164556494.988647 4.901280e-02
1164556494.988770 9.216209e-02
1164556494.988892 1.096675e-01
1164556494.989014 9.230041e-02
1164556494.989136 5.151189e-02
1164556494.989258 5.126745e-03
1164556494.989380 -3.384135e-02
1164556494.989502 -5.431455e-02
1164556494.989624 -6.562432e-02
1164556494.989746 -7.152726e-02
1164556494.989868 -6.361619e-02
1164556494.989990 -3.894975e-02
1164556494.990112 -8.990484e-03
1164556494.990234 1.551205e-02
1164556494.990356 2.916654e-02
1164556494.990479 3.397022e-02
1164556494.990601 3.724019e-02
1164556494.990723 3.906839e-02
1164556494.990845 3.327159e-02
1164556494.990967 2.708254e-02
1164556494.991089 1.770997e-02
1164556494.991211 1.189524e-03
1164556494.991333 -1.672058e-02
1164556494.991455 -2.685577e-02
1164556494.991577 -3.363999e-02
1164556494.991699 -3.216248e-02
1164556494.991821 -2.119559e-02
1164556494.991943 -1.366264e-02
1164556494.992065 -1.636799e-02
1164556494.992188 -1.198683e-02
1164556494.992310 8.577185e-04
1164556494.992432 1.092198e-02
1164556494.992554 1.829445e-02
1164556494.992676 2.561327e-02
1164556494.992798 3.515795e-02
1164556494.992920 4.176538e-02
1164556494.993042 2.910126e-02
1164556494.993164 3.903347e-03
1164556494.993286 -1.493250e-02
1164556494.993408 -2.321235e-02
1164556494.993530 -2.772816e-02
1164556494.993652 -2.784585e-02
1164556494.993774 -2.509788e-02
1164556494.993896 -1.640923e-02
1164556494.994019 -1.099175e-03
1164556494.994141 4.570905e-03
1164556494.994263 -2.734822e-03
1164556494.994385 -7.399361e-03
1164556494.994507 -1.961053e-03
1164556494.994629 9.564525e-03
1164556494.994751 2.234803e-02
1164556494.994873 3.414845e-02
1164556494.994995 4.138703e-02
1164556494.995117 3.438059e-02
1164556494.995239 1.034235e-02
1164556494.995361 -1.700003e-02
1164556494.995483 -3.055130e-02
1164556494.995605 -3.029457e-02
1164556494.995728 -2.986752e-02
1164556494.995850 -2.881059e-02
1164556494.995972 -1.932086e-02
1164556494.996094 -2.828994e-03
1164556494.996216 5.619586e-03
1164556494.996338 -1.530262e-03
1164556494.996460 -7.209614e-03
1164556494.996582 2.384600e-03
1164556494.996704 2.011792e-02
1164556494.996826 2.989456e-02
1164556494.996948 4.218854e-02
1164556494.997070 5.762608e-02
1164556494.997192 4.704879e-02
1164556494.997314 1.054227e-02
1164556494.997437 -2.676391e-02
1164556494.997559 -5.486548e-02
1164556494.997681 -6.929971e-02
1164556494.997803 -6.608548e-02
1164556494.997925 -4.315799e-02
1164556494.998047 -1.688692e-02
1164556494.998169 -1.300131e-03
1164556494.998291 1.073558e-02
1164556494.998413 2.760473e-02
1164556494.998535 5.443214e-02
1164556494.998657 7.288489e-02
1164556494.998779 7.120337e-02
1164556494.998901 4.698950e-02
1164556494.999023 1.122205e-02
1164556494.999146 -2.016838e-02
1164556494.999268 -4.345939e-02
1164556494.999390 -6.295822e-02
1164556494.999512 -7.486610e-02
1164556494.999634 -6.897500e-02
1164556494.999756 -3.888504e-02
1164556494.999878 3.995027e-03
1164556495.000000 3.789044e-02
1164556495.000122 5.251517e-02
1164556495.000244 3.836344e-02
1164556495.000366 2.177294e-02
1164556495.000488 2.005654e-02
1164556495.000610 2.347749e-02
1164556495.000732 2.300208e-02
1164556495.000854 1.371170e-02
1164556495.000977 1.868981e-03
1164556495.001099 -1.061082e-02
1164556495.001221 -2.623604e-02
1164556495.001343 -4.215955e-02
1164556495.001465 -4.467047e-02
1164556495.001587 -3.890488e-02
1164556495.001709 -2.946865e-02
1164556495.001831 -8.248127e-03
1164556495.001953 2.558468e-02
1164556495.002075 4.539403e-02
1164556495.002197 3.828356e-02
1164556495.002319 2.091528e-02
1164556495.002441 1.522853e-02
1164556495.002563 1.435938e-02
1164556495.002686 6.319969e-03
1164556495.002808 -6.456921e-04
1164556495.002930 -4.424489e-03
1164556495.003052 -1.245271e-02
1164556495.003174 -1.436425e-02
1164556495.003296 -1.235474e-02
1164556495.003418 -1.634803e-02
1164556495.003540 -1.808199e-02
1164556495.003662 -1.783797e-02
1164556495.003784 -1.372082e-02
1164556495.003906 -9.677138e-03
1164556495.004028 -5.161373e-04
1164556495.004150 1.089454e-02
1164556495.004272 1.354566e-02
1164556495.004395 1.647214e-02
1164556495.004517 3.247121e-02
1164556495.004639 4.707738e-02
1164556495.004761 4.242692e-02
1164556495.004883 1.891471e-02
1164556495.005005 -7.879519e-03
1164556495.005127 -2.809017e-02
1164556495.005249 -4.671448e-02
1164556495.005371 -6.392540e-02
1164556495.005493 -6.240175e-02
1164556495.005615 -3.680030e-02
1164556495.005737 -1.618852e-03
1164556495.005859 2.886623e-02
1164556495.005981 4.877045e-02
1164556495.006104 5.104317e-02
1164556495.006226 3.757805e-02
1164556495.006348 1.985179e-02
1164556495.006470 7.370946e-03
1164556495.006592 2.935979e-03
1164556495.006714 1.374251e-03
1164556495.006836 -1.977971e-03
1164556495.006958 -7.267766e-03
1164556495.007080 -2.166050e-02
1164556495.007202 -3.391043e-02
1164556495.007324 -3.757354e-02
1164556495.007446 -3.897810e-02
1164556495.007568 -2.760435e-02
1164556495.007690 -2.344491e-03
1164556495.007812 2.206343e-02
1164556495.007935 3.679991e-02
1164556495.008057 4.309057e-02
1164556495.008179 3.973645e-02
1164556495.008301 2.898799e-02
1164556495.008423 1.211980e-02
1164556495.008545 -4.492066e-03
1164556495.008667 -1.361574e-02
1164556495.008789 -1.978773e-02
1164556495.008911 -1.992644e-02
1164556495.009033 -1.795474e-02
1164556495.009155 -2.030163e-02
1164556495.009277 -2.389103e-02
1164556495.009399 -1.895797e-02
1164556495.009521 -8.692176e-03
1164556495.009644 3.959153e-03
1164556495.009766 1.518635e-02
1164556495.009888 2.422084e-02
1164556495.010010 2.741880e-02
1164556495.010132 1.983995e-02
1164556495.010254 1.176709e-02
1164556495.010376 1.210662e-02
1164556495.010498 8.581224e-03
1164556495.010620 -3.047604e-03
1164556495.010742 -1.379873e-02
1164556495.010864 -1.101985e-02
1164556495.010986 -6.004841e-03
1164556495.011108 -8.094782e-03
1164556495.011230 -1.643286e-02
1164556495.011353 -2.800688e-02
1164556495.011475 -3.557133e-02
1164556495.011597 -3.089616e-02
1164556495.011719 -1.032920e-02
1164556495.011841 2.875206e-02
1164556495.011963 6.235356e-02
1164556495.012085 6.140691e-02
1164556495.012207 3.728665e-02
1164556495.012329 1.339009e-02
1164556495.012451 -2.618481e-03
1164556495.012573 -1.702272e-02
1164556495.012695 -2.912790e-02
1164556495.012817 -3.189404e-02
1164556495.012939 -2.972169e-02
1164556495.013062 -2.523815e-02
1164556495.013184 -1.915870e-02
1164556495.013306 -1.490004e-02
1164556495.013428 -8.134239e-03
1164556495.013550 7.324688e-03
1164556495.013672 3.069157e-02
1164556495.013794 4.752959e-02
1164556495.013916 4.330160e-02
1164556495.014038 2.268906e-02
1164556495.014160 -6.901717e-04
1164556495.014282 -1.391391e-02
1164556495.014404 -1.044653e-02
1164556495.014526 -1.001214e-02
1164556495.014648 -2.408405e-02
1164556495.014771 -2.858789e-02
1164556495.014893 -1.404274e-02
1164556495.015015 -4.375004e-04
1164556495.015137 4.329110e-03
1164556495.015259 5.630816e-03
1164556495.015381 5.048692e-03
1164556495.015503 2.531052e-03
1164556495.015625 -1.964933e-03
1164556495.015747 -7.858125e-04
1164556495.015869 7.256485e-03
1164556495.015991 1.199444e-02
1164556495.016113 1.275374e-02
1164556495.016235 1.014887e-02
1164556495.016357 8.546241e-03
1164556495.016479 1.069396e-02
1164556495.016602 9.417675e-03
1164556495.016724 2.252708e-04
1164556495.016846 -1.378365e-02
1164556495.016968 -2.864796e-02
1164556495.017090 -3.767569e-02
1164556495.017212 -3.894937e-02
1164556495.017334 -2.773082e-02
1164556495.017456 -4.881465e-03
1164556495.017578 2.945811e-02
1164556495.017700 5.449122e-02
1164556495.017822 5.105271e-02
1164556495.017944 2.969522e-02
1164556495.018066 3.918652e-03
1164556495.018188 -1.808112e-02
1164556495.018311 -2.264608e-02
1164556495.018433 -7.517793e-03
1164556495.018555 5.663757e-03
1164556495.018677 3.579594e-03
1164556495.018799 -9.289624e-03
1164556495.018921 -2.103669e-02
1164556495.019043 -2.759890e-02
1164556495.019165 -2.966250e-02
1164556495.019287 -2.508983e-02
1164556495.019409 -7.518107e-03
1164556495.019531 1.866143e-02
1164556495.019653 4.077017e-02
1164556495.019775 4.810796e-02
1164556495.019897 3.723300e-02
1164556495.020020 1.634108e-02
1164556495.020142 2.151961e-03
1164556495.020264 1.234668e-03
1164556495.020386 -8.654096e-04
1164556495.020508 -1.782637e-02
1164556495.020630 -3.901858e-02
1164556495.020752 -4.501384e-02
1164556495.020874 -3.663252e-02
1164556495.020996 -2.380993e-02
1164556495.021118 -8.697149e-03
1164556495.021240 4.984846e-03
1164556495.021362 2.340511e-02
1164556495.021484 4.375063e-02
1164556495.021606 4.988419e-02
1164556495.021729 4.335757e-02
1164556495.021851 3.043207e-02
1164556495.021973 1.135808e-02
1164556495.022095 -1.406080e-02
1164556495.022217 -3.577947e-02
1164556495.022339 -4.745192e-02
1164556495.022461 -4.956022e-02
1164556495.022583 -3.947562e-02
1164556495.022705 -1.838963e-02
1164556495.022827 7.201648e-03
1164556495.022949 2.599552e-02
1164556495.023071 3.754585e-02
1164556495.023193 3.665407e-02
1164556495.023315 2.818843e-02
1164556495.023438 1.357250e-02
1164556495.023560 -3.468084e-03
1164556495.023682 -1.399605e-02
1164556495.023804 -1.482118e-02
1164556495.023926 -1.640557e-02
1164556495.024048 -1.793861e-02
1164556495.024170 -1.544532e-02
1164556495.024292 -2.417544e-03
1164556495.024414 1.162943e-02
1164556495.024536 2.053937e-02
1164556495.024658 2.125415e-02
1164556495.024780 1.335752e-02
1164556495.024902 -1.040538e-03
1164556495.025024 -2.098270e-02
1164556495.025146 -3.498594e-02
1164556495.025269 -3.457360e-02
1164556495.025391 -1.800888e-02
1164556495.025513 7.817959e-03
1164556495.025635 3.034654e-02
1164556495.025757 3.752822e-02
1164556495.025879 3.463201e-02
1164556495.026001 2.984205e-02
1164556495.026123 1.847163e-02
1164556495.026245 -1.673984e-03
1164556495.026367 -2.587169e-02
1164556495.026489 -3.852598e-02
1164556495.026611 -3.671073e-02
1164556495.026733 -2.918432e-02
1164556495.026855 -2.138536e-02
1164556495.026978 -1.242026e-02
1164556495.027100 -3.599757e-03
1164556495.027222 9.673597e-03
1164556495.027344 2.479495e-02
1164556495.027466 4.167353e-02
1164556495.027588 5.488491e-02
1164556495.027710 5.109588e-02
1164556495.027832 2.623101e-02
1164556495.027954 -1.173798e-02
1164556495.028076 -4.337789e-02
1164556495.028198 -5.457532e-02
1164556495.028320 -5.057506e-02
1164556495.028442 -3.615308e-02
1164556495.028564 -1.668567e-02
1164556495.028687 3.533147e-03
1164556495.028809 2.406846e-02
1164556495.028931 3.411859e-02
1164556495.029053 2.607705e-02
1164556495.029175 1.084138e-02
1164556495.029297 3.124848e-03
1164556495.029419 8.941345e-03
1164556495.029541 1.803307e-02
1164556495.029663 1.626600e-02
1164556495.029785 3.756613e-03
1164556495.029907 -1.183912e-02
1164556495.030029 -2.303007e-02
1164556495.030151 -2.407221e-02
1164556495.030273 -2.225360e-02
1164556495.030396 -1.986575e-02
1164556495.030518 -1.223628e-02
1164556495.030640 -2.408379e-03
1164556495.030762 6.889794e-03
1164556495.030884 1.390790e-02
1164556495.031006 1.778999e-02
1164556495.031128 2.071082e-02
1164556495.031250 1.834364e-02
1164556495.031372 1.255356e-02
1164556495.031494 8.490334e-03
1164556495.031616 6.622223e-03
1164556495.031738 4.561840e-03
1164556495.031860 -7.860880e-03
1164556495.031982 -2.620279e-02
1164556495.032104 -3.425341e-02
1164556495.032227 -2.692192e-02
1164556495.032349 -1.272393e-02
1164556495.032471 4.671780e-05
1164556495.032593 8.505134e-03
1164556495.032715 1.588782e-02
1164556495.032837 1.818507e-02
1164556495.032959 1.477698e-02
1164556495.033081 1.074107e-02
1164556495.033203 6.959117e-03
1164556495.033325 6.032968e-03
1164556495.033447 5.815475e-03
1164556495.033569 1.969799e-03
1164556495.033691 -6.629136e-03
1164556495.033813 -1.131883e-02
1164556495.033936 -1.139952e-02
1164556495.034058 -8.661813e-03
1164556495.034180 -9.346498e-03
1164556495.034302 -1.063015e-02
1164556495.034424 -6.679668e-03
1164556495.034546 -2.025703e-03
1164556495.034668 6.349417e-04
1164556495.034790 8.456285e-04
1164556495.034912 5.447367e-03
1164556495.035034 1.066959e-02
1164556495.035156 1.439101e-02
1164556495.035278 1.766084e-02
1164556495.035400 1.906741e-02
1164556495.035522 1.720808e-02
1164556495.035645 1.154167e-02
1164556495.035767 -2.188445e-03
1164556495.035889 -1.778729e-02
1164556495.036011 -3.263332e-02
1164556495.036133 -4.308609e-02
1164556495.036255 -4.287080e-02
1164556495.036377 -2.765372e-02
1164556495.036499 -3.381359e-03
1164556495.036621 2.238716e-02
1164556495.036743 4.870325e-02
1164556495.036865 6.325616e-02
1164556495.036987 5.155282e-02
1164556495.037109 1.607204e-02
1164556495.037231 -1.716626e-02
1164556495.037354 -3.367716e-02
1164556495.037476 -2.910180e-02
1164556495.037598 -1.679552e-02
1164556495.037720 -1.342677e-02
1164556495.037842 -1.315333e-02
1164556495.037964 -8.286763e-03
1164556495.038086 -4.986056e-03
1164556495.038208 -5.635666e-03
1164556495.038330 -4.780247e-03
1164556495.038452 4.243377e-03
1164556495.038574 1.876468e-02
1164556495.038696 3.142198e-02
1164556495.038818 3.205223e-02
1164556495.038940 1.716318e-02
1164556495.039062 -4.478615e-03
1164556495.039185 -1.559175e-02
1164556495.039307 -1.252943e-02
1164556495.039429 -5.667170e-03
1164556495.039551 -4.645730e-03
1164556495.039673 -8.929758e-03
1164556495.039795 -1.329541e-02
1164556495.039917 -1.528548e-02
1164556495.040039 -1.496325e-02
1164556495.040161 -8.281534e-03
1164556495.040283 3.490786e-03
1164556495.040405 1.031140e-02
1164556495.040527 1.327942e-02
1164556495.040649 1.978450e-02
1164556495.040771 2.244293e-02
1164556495.040894 1.655828e-02
1164556495.041016 1.073421e-02
1164556495.041138 7.093020e-03
1164556495.041260 5.080474e-04
1164556495.041382 -8.509317e-03
1164556495.041504 -2.199892e-02
1164556495.041626 -3.127534e-02
1164556495.041748 -3.219741e-02
1164556495.041870 -2.335071e-02
1164556495.041992 -1.195831e-02
1164556495.042114 5.463484e-04
1164556495.042236 1.364566e-02
1164556495.042358 2.575579e-02
1164556495.042480 3.485876e-02
1164556495.042603 3.694529e-02
1164556495.042725 2.920224e-02
1164556495.042847 1.655812e-02
1164556495.042969 -3.411548e-03
1164556495.043091 -2.474951e-02
1164556495.043213 -3.374551e-02
1164556495.043335 -2.482143e-02
1164556495.043457 -1.173599e-02
1164556495.043579 -1.451783e-02
1164556495.043701 -2.675128e-02
1164556495.043823 -2.466975e-02
1164556495.043945 -8.642620e-03
1164556495.044067 1.107822e-02
1164556495.044189 3.308767e-02
1164556495.044312 5.099198e-02
1164556495.044434 5.788367e-02
1164556495.044556 5.602584e-02
