1164556494.760498 1.842597e-02
1164556494.760620 2.530838e-02
1164556494.760742 2.488957e-02
1164556494.760864 1.994199e-02
1164556494.760986 1.596001e-02
1164556494.761108 9.125688e-03
1164556494.761230 4.268463e-04
1164556494.761353 -4.867500e-03
1164556494.761475 -5.690077e-03
1164556494.761597 -7.114878e-03
1164556494.761719 -8.286838e-03
1164556494.761841 -8.834012e-03
1164556494.761963 -5.983201e-03
1164556494.762085 -3.277170e-03
1164556494.762207 -1.089812e-03
1164556494.762329 3.391314e-04
1164556494.762451 -8.195256e-04
1164556494.762573 -3.304862e-03
1164556494.762695 -1.984582e-04
1164556494.762817 6.552093e-03
1164556494.762939 9.885926e-03
1164556494.763062 1.023081e-02
1164556494.763184 7.551173e-03
1164556494.763306 1.557737e-03
1164556494.763428 -8.539596e-04
1164556494.763550 1.230090e-03
1164556494.763672 3.465217e-03
1164556494.763794 -1.187476e-03
1164556494.763916 -1.000717e-02
1164556494.764038 -1.600708e-02
1164556494.764160 -1.543483e-02
1164556494.764282 -1.235949e-02
1164556494.764404 -9.274998e-03
1164556494.764526 -2.080090e-03
1164556494.764648 9.958839e-03
1164556494.764771 1.973709e-02
1164556494.764893 2.581347e-02
1164556494.765015 2.497237e-02
1164556494.765137 1.618315e-02
1164556494.765259 2.875809e-03
1164556494.765381 -1.035171e-02
1164556494.765503 -2.101347e-02
1164556494.765625 -2.298998e-02
1164556494.765747 -2.028368e-02
1164556494.765869 -1.524623e-02
1164556494.765991 -6.700562e-03
1164556494.766113 1.621383e-03
1164556494.766235 4.841969e-03
1164556494.766357 7.251335e-03
1164556494.766479 1.034560e-02
1164556494.766602 1.702330e-02
1164556494.766724 2.196186e-02
1164556494.766846 2.047617e-02
1164556494.766968 1.101158e-02
1164556494.767090 -4.431599e-03
1164556494.767212 -1.877402e-02
1164556494.767334 -2.542916e-02
1164556494.767456 -2.326370e-02
1164556494.767578 -1.126432e-02
1164556494.767700 1.519732e-03
1164556494.767822 8.218221e-03
1164556494.767944 6.244265e-03
1164556494.768066 1.687363e-03
1164556494.768188 -3.066929e-04
1164556494.768311 4.929164e-04
1164556494.768433 1.570678e-03
1164556494.768555 4.738499e-03
1164556494.768677 9.091458e-03
1164556494.768799 1.248149e-02
1164556494.768921 1.223263e-02
1164556494.769043 9.533052e-03
1164556494.769165 5.363856e-04
1164556494.769287 -1.151506e-02
1164556494.769409 -1.636428e-02
1164556494.769531 -1.402398e-02
1164556494.769653 -1.157797e-02
1164556494.769775 -9.453459e-03
1164556494.769897 -9.446060e-03
1164556494.770020 -8.735572e-03
1164556494.770142 -3.078877e-03
1164556494.770264 6.801532e-03
1164556494.770386 1.632695e-02
1164556494.770508 2.328840e-02
1164556494.770630 2.596834e-02
1164556494.770752 2.432932e-02
1164556494.770874 1.893990e-02
1164556494.770996 6.510078e-03
1164556494.771118 -1.294535e-02
1164556494.771240 -2.964253e-02
1164556494.771362 -3.919484e-02
1164556494.771484 -3.834887e-02
1164556494.771606 -2.688480e-02
1164556494.771729 -1.010129e-02
1164556494.771851 1.956498e-03
1164556494.771973 1.316278e-02
1164556494.772095 2.741347e-02
1164556494.772217 4.046518e-02
1164556494.772339 4.182777e-02
1164556494.772461 3.078844e-02
1164556494.772583 1.359830e-02
1164556494.772705 -2.720588e-03
1164556494.772827 -1.865543e-02
1164556494.772949 -3.207984e-02
1164556494.773071 -3.832997e-02
1164556494.773193 -3.534148e-02
1164556494.773315 -2.702990e-02
1164556494.773438 -1.450153e-02
1164556494.773560 2.688552e-04
1164556494.773682 1.563285e-02
1164556494.773804 2.701709e-02
1164556494.773926 3.253014e-02
1164556494.774048 3.252161e-02
1164556494.774170 2.662745e-02
1164556494.774292 1.565886e-02
1164556494.774414 1.262919e-03
1164556494.774536 -1.362108e-02
1164556494.774658 -2.144737e-02
1164556494.774780 -2.218967e-02
1164556494.774902 -2.078694e-02
1164556494.775024 -2.191253e-02
1164556494.775146 -2.144523e-02
1164556494.775269 -1.384177e-02
1164556494.775391 8.125379e-04
1164556494.775513 1.479939e-02
1164556494.775635 2.322282e-02
1164556494.775757 2.443850e-02
1164556494.775879 2.351000e-02
1164556494.776001 2.023139e-02
1164556494.776123 1.200638e-02
1164556494.776245 -1.628047e-03
1164556494.776367 -1.442767e-02
1164556494.776489 -2.008309e-02
1164556494.776611 -1.546091e-02
1164556494.776733 -9.104262e-03
1164556494.776855 -6.507157e-03
1164556494.776978 -9.238109e-03
1164556494.777100 -1.159524e-02
1164556494.777222 -7.658792e-03
1164556494.777344 8.947104e-04
1164556494.777466 8.770081e-03
1164556494.777588 1.800703e-02
1164556494.777710 2.113759e-02
1164556494.777832 1.670976e-02
1164556494.777954 9.482073e-03
1164556494.778076 4.807671e-03
1164556494.778198 -2.815323e-03
1164556494.778320 -1.356975e-02
1164556494.778442 -1.871932e-02
1164556494.778564 -1.464661e-02
1164556494.778687 -4.128198e-03
1164556494.778809 3.553525e-03
1164556494.778931 2.966088e-03
1164556494.779053 2.475525e-04
1164556494.779175 -2.540202e-03
1164556494.779297 -3.240238e-03
1164556494.779419 -3.059157e-03
1164556494.779541 1.591173e-03
1164556494.779663 5.775130e-03
1164556494.779785 8.135173e-03
1164556494.779907 8.641060e-03
1164556494.780029 6.049231e-03
1164556494.780151 3.985906e-03
1164556494.780273 2.443248e-03
1164556494.780396 -1.179607e-03
1164556494.780518 -3.099955e-03
1164556494.780640 -2.751604e-03
1164556494.780762 -1.999808e-03
1164556494.780884 -5.113519e-03
1164556494.781006 -9.645910e-03
1164556494.781128 -1.156474e-02
1164556494.781250 -1.022226e-02
1164556494.781372 -6.384018e-03
1164556494.781494 -1.269099e-04
1164556494.781616 4.091265e-03
1164556494.781738 7.715286e-03
1164556494.781860 1.312923e-02
1164556494.781982 1.788226e-02
1164556494.782104 1.615550e-02
1164556494.782227 1.274101e-02
1164556494.782349 9.575379e-03
1164556494.782471 2.153176e-03
1164556494.782593 -7.540093e-03
1164556494.782715 -1.753890e-02
1164556494.782837 -2.577487e-02
1164556494.782959 -2.936322e-02
1164556494.783081 -2.804541e-02
1164556494.783203 -1.858277e-02
1164556494.783325 1.354652e-03
1164556494.783447 2.021176e-02
1164556494.783569 3.074350e-02
1164556494.783691 3.438463e-02
1164556494.783813 3.022296e-02
1164556494.783936 1.964577e-02
1164556494.784058 6.382568e-03
1164556494.784180 -5.711469e-03
1164556494.784302 -1.628335e-02
1164556494.784424 -2.064310e-02
1164556494.784546 -1.994638e-02
1164556494.784668 -1.947151e-02
1164556494.784790 -2.055062e-02
1164556494.784912 -1.818529e-02
1164556494.785034 -1.013232e-02
1164556494.785156 2.380754e-03
1164556494.785278 1.491140e-02
1164556494.785400 2.642934e-02
1164556494.785522 3.026755e-02
1164556494.785645 2.538508e-02
1164556494.785767 1.545398e-02
1164556494.785889 2.869424e-03
1164556494.786011 -6.198738e-03
1164556494.786133 -1.174654e-02
1164556494.786255 -1.782653e-02
1164556494.786377 -1.813879e-02
1164556494.786499 -1.115059e-02
1164556494.786621 -1.228099e-03
1164556494.786743 -7.035175e-04
1164556494.786865 -7.431058e-03
1164556494.786987 -1.419907e-02
1164556494.787109 -1.150297e-02
1164556494.787231 -7.032181e-04
1164556494.787354 9.455627e-03
1164556494.787476 1.831294e-02
1164556494.787598 2.413858e-02
1164556494.787720 2.241846e-02
1164556494.787842 1.730221e-02
1164556494.787964 1.392996e-02
1164556494.788086 9.449357e-03
1164556494.788208 -4.303903e-03
1164556494.788330 -1.925513e-02
1164556494.788452 -3.023439e-02
1164556494.788574 -3.301433e-02
1164556494.788696 -2.934985e-02
1164556494.788818 -2.355324e-02
1164556494.788940 -1.572083e-02
1164556494.789062 -1.808026e-04
1164556494.789185 2.020596e-02
1164556494.789307 3.911585e-02
1164556494.789429 4.534599e-02
1164556494.789551 3.831972e-02
1164556494.789673 2.488781e-02
1164556494.789795 1.168819e-02
1164556494.789917 -2.048320e-03
1164556494.790039 -1.738557e-02
1164556494.790161 -3.423294e-02
1164556494.790283 -4.349539e-02
1164556494.790405 -4.134100e-02
1164556494.790527 -3.008090e-02
1164556494.790649 -1.529096e-02
1164556494.790771 1.630392e-03
1164556494.790894 1.866738e-02
1164556494.791016 3.228759e-02
1164556494.791138 3.743044e-02
1164556494.791260 3.559133e-02
1164556494.791382 2.700940e-02
1164556494.791504 1.527050e-02
1164556494.791626 2.055588e-03
1164556494.791748 -1.235547e-02
1164556494.791870 -2.446821e-02
1164556494.791992 -3.100088e-02
1164556494.792114 -3.179570e-02
1164556494.792236 -2.587050e-02
1164556494.792358 -1.232112e-02
1164556494.792480 7.031730e-03
1164556494.792603 1.908122e-02
1164556494.792725 1.653731e-02
1164556494.792847 6.649960e-03
1164556494.792969 2.484077e-03
1164556494.793091 5.047528e-03
1164556494.793213 8.165785e-03
1164556494.793335 7.423168e-03
1164556494.793457 8.411694e-03
1164556494.793579 1.085104e-02
1164556494.793701 9.435393e-03
1164556494.793823 1.768711e-03
1164556494.793945 -7.276348e-03
1164556494.794067 -1.849187e-02
1164556494.794189 -2.464949e-02
1164556494.794312 -1.975082e-02
1164556494.794434 -7.867534e-03
1164556494.794556 -1.038845e-03
1164556494.794678 9.463261e-04
1164556494.794800 -8.321724e-04
1164556494.794922 -7.538513e-04
1164556494.795044 5.576033e-03
1164556494.795166 1.489526e-02
1164556494.795288 2.191434e-02
1164556494.795410 2.526851e-02
1164556494.795532 2.332146e-02
1164556494.795654 1.593356e-02
1164556494.795776 3.959448e-03
1164556494.795898 -1.406180e-02
1164556494.796021 -3.407987e-02
1164556494.796143 -4.018170e-02
1164556494.796265 -3.190699e-02
1164556494.796387 -1.725392e-02
1164556494.796509 -1.022079e-03
1164556494.796631 8.785360e-03
1164556494.796753 8.260934e-03
1164556494.796875 7.790087e-03
1164556494.796997 1.384156e-02
1164556494.797119 2.444525e-02
1164556494.797241 3.062967e-02
1164556494.797363 2.999711e-02
1164556494.797485 2.103382e-02
1164556494.797607 5.154765e-03
1164556494.797729 -1.424893e-02
1164556494.797852 -3.001076e-02
1164556494.797974 -3.721432e-02
1164556494.798096 -3.477248e-02
1164556494.798218 -2.846847e-02
1164556494.798340 -1.662241e-02
1164556494.798462 -3.439715e-03
1164556494.798584 1.007629e-02
1164556494.798706 2.073147e-02
1164556494.798828 2.507859e-02
1164556494.798950 2.560658e-02
1164556494.799072 2.540930e-02
1164556494.799194 2.327338e-02
1164556494.799316 1.800503e-02
1164556494.799438 6.390317e-03
1164556494.799561 -3.680992e-03
1164556494.799683 -1.419677e-02
1164556494.799805 -2.598174e-02
1164556494.799927 -3.362373e-02
1164556494.800049 -3.529849e-02
1164556494.800171 -3.218760e-02
1164556494.800293 -1.892835e-02
1164556494.800415 -7.583601e-04
1164556494.800537 1.761470e-02
1164556494.800659 2.977306e-02
1164556494.800781 3.121898e-02
1164556494.800903 2.719884e-02
1164556494.801025 2.891444e-02
1164556494.801147 2.807812e-02
1164556494.801270 1.649142e-02
1164556494.801392 -3.072976e-03
1164556494.801514 -2.088771e-02
1164556494.801636 -3.103611e-02
1164556494.801758 -3.440763e-02
1164556494.801880 -3.364686e-02
1164556494.802002 -2.796355e-02
1164556494.802124 -1.936920e-02
1164556494.802246 -8.016539e-03
1164556494.802368 6.252273e-03
1164556494.802490 2.563339e-02
1164556494.802612 3.790519e-02
1164556494.802734 3.827085e-02
1164556494.802856 3.241587e-02
1164556494.802979 1.989111e-02
1164556494.803101 2.990444e-03
1164556494.803223 -9.435440e-03
1164556494.803345 -1.618353e-02
1164556494.803467 -2.005950e-02
1164556494.803589 -2.053083e-02
1164556494.803711 -1.786914e-02
1164556494.803833 -1.823778e-02
1164556494.803955 -2.119277e-02
1164556494.804077 -2.132934e-02
1164556494.804199 -7.004393e-03
1164556494.804321 1.407804e-02
1164556494.804443 2.947981e-02
1164556494.804565 3.344376e-02
1164556494.804688 2.684078e-02
1164556494.804810 1.167949e-02
1164556494.804932 2.143196e-03
1164556494.805054 1.143267e-03
1164556494.805176 3.734013e-03
1164556494.805298 5.372941e-03
1164556494.805420 3.734115e-05
1164556494.805542 -1.302367e-02
1164556494.805664 -2.764676e-02
1164556494.805786 -3.593763e-02
1164556494.805908 -3.396867e-02
1164556494.806030 -2.454846e-02
1164556494.806152 -6.575668e-03
1164556494.806274 1.510079e-02
1164556494.806396 3.463040e-02
1164556494.806519 4.007455e-02
1164556494.806641 3.132788e-02
1164556494.806763 1.975281e-02
1164556494.806885 1.279093e-02
1164556494.807007 6.103188e-03
1164556494.807129 -4.696349e-03
1164556494.807251 -1.572958e-02
1164556494.807373 -1.888067e-02
1164556494.807495 -1.964414e-02
1164556494.807617 -2.293302e-02
1164556494.807739 -2.429948e-02
1164556494.807861 -2.333499e-02
1164556494.807983 -1.978905e-02
1164556494.808105 -5.010565e-03
1164556494.808228 1.515708e-02
1164556494.808350 3.303560e-02
1164556494.808472 4.163671e-02
1164556494.808594 3.826498e-02
1164556494.808716 2.594505e-02
1164556494.808838 1.234990e-02
1164556494.808960 -1.449686e-04
1164556494.809082 -1.393989e-02
1164556494.809204 -2.982131e-02
1164556494.809326 -3.657818e-02
1164556494.809448 -3.266295e-02
1164556494.809570 -1.866897e-02
1164556494.809692 -5.754394e-03
1164556494.809814 1.144124e-03
1164556494.809937 5.880967e-03
1164556494.810059 1.044587e-02
1164556494.810181 1.418287e-02
1164556494.810303 1.822632e-02
1164556494.810425 2.089008e-02
1164556494.810547 1.769563e-02
1164556494.810669 6.469843e-03
1164556494.810791 9.035501e-04
1164556494.810913 -9.849588e-04
1164556494.811035 -3.487522e-03
1164556494.811157 -8.337166e-03
1164556494.811279 -1.193807e-02
1164556494.811401 -8.602076e-03
1164556494.811523 -4.089650e-03
1164556494.811646 -9.849192e-03
1164556494.811768 -2.192333e-02
1164556494.811890 -2.857251e-02
1164556494.812012 -2.123675e-02
1164556494.812134 -2.805992e-04
1164556494.812256 2.761101e-02
1164556494.812378 4.268524e-02
1164556494.812500 4.260715e-02
1164556494.812622 3.082384e-02
1164556494.812744 1.471859e-02
1164556494.812866 -2.514439e-04
1164556494.812988 -1.118224e-02
1164556494.813110 -2.334139e-02
1164556494.813232 -3.059368e-02
1164556494.813354 -2.732006e-02
1164556494.813477 -2.002386e-02
1164556494.813599 -1.588045e-02
1164556494.813721 -1.341741e-02
1164556494.813843 -9.233545e-03
1164556494.813965 1.260364e-03
1164556494.814087 1.583419e-02
1164556494.814209 3.098873e-02
1164556494.814331 4.143151e-02
1164556494.814453 4.197593e-02
1164556494.814575 2.542736e-02
1164556494.814697 3.028339e-04
1164556494.814819 -1.891321e-02
1164556494.814941 -2.521842e-02
1164556494.815063 -2.572908e-02
1164556494.815186 -2.452496e-02
1164556494.815308 -2.032573e-02
1164556494.815430 -1.315877e-02
1164556494.815552 -8.202761e-03
1164556494.815674 -2.254609e-03
1164556494.815796 2.049033e-03
1164556494.815918 9.845178e-03
1164556494.816040 1.981849e-02
1164556494.816162 2.764049e-02
1164556494.816284 2.347603e-02
1164556494.816406 1.217298e-02
1164556494.816528 8.257852e-04
1164556494.816650 -6.997834e-03
1164556494.816772 -1.053247e-02
1164556494.816895 -6.929916e-03
1164556494.817017 -2.503625e-05
1164556494.817139 3.942364e-03
1164556494.817261 -1.026408e-03
1164556494.817383 -1.115716e-02
1164556494.817505 -2.231215e-02
1164556494.817627 -2.736901e-02
1164556494.817749 -2.223904e-02
1164556494.817871 -1.039554e-02
1164556494.817993 3.546225e-03
1164556494.818115 1.948617e-02
1164556494.818237 3.008074e-02
1164556494.818359 3.383912e-02
1164556494.818481 3.317397e-02
1164556494.818604 2.841757e-02
1164556494.818726 1.636911e-02
1164556494.818848 -7.516382e-04
1164556494.818970 -1.821467e-02
1164556494.819092 -3.336496e-02
1164556494.819214 -4.113956e-02
1164556494.819336 -3.893613e-02
1164556494.819458 -2.980192e-02
1164556494.819580 -1.839613e-02
1164556494.819702 -1.174658e-02
1164556494.819824 -8.112859e-04
1164556494.819946 2.099379e-02
1164556494.820068 4.466172e-02
1164556494.820190 5.446577e-02
1164556494.820312 5.069677e-02
1164556494.820435 3.852822e-02
1164556494.820557 1.869829e-02
1164556494.820679 -8.406166e-03
1164556494.820801 -3.350095e-02
1164556494.820923 -4.986168e-02
1164556494.821045 -5.541811e-02
1164556494.821167 -4.570790e-02
1164556494.821289 -2.263617e-02
1164556494.821411 -1.903584e-03
1164556494.821533 6.134170e-03
1164556494.821655 1.017961e-02
1164556494.821777 1.636911e-02
1164556494.821899 2.397306e-02
1164556494.822021 3.286996e-02
1164556494.822144 3.669545e-02
1164556494.822266 3.172472e-02
1164556494.822388 2.039746e-02
1164556494.822510 9.265527e-03
1164556494.822632 -1.563880e-03
1164556494.822754 -1.498026e-02
1164556494.822876 -3.262073e-02
1164556494.822998 -4.810050e-02
1164556494.823120 -5.378572e-02
1164556494.823242 -4.298927e-02
1164556494.823364 -2.053968e-02
1164556494.823486 5.056640e-03
1164556494.823608 2.010910e-02
1164556494.823730 2.653305e-02
1164556494.823853 3.312649e-02
1164556494.823975 4.251904e-02
1164556494.824097 4.831156e-02
1164556494.824219 4.773750e-02
1164556494.824341 2.921567e-02
1164556494.824463 -4.087127e-05
1164556494.824585 -2.682389e-02
1164556494.824707 -4.280765e-02
1164556494.824829 -5.557192e-02
1164556494.824951 -6.288562e-02
1164556494.825073 -5.642616e-02
1164556494.825195 -3.273683e-02
1164556494.825317 -5.869758e-04
1164556494.825439 2.798903e-02
1164556494.825562 4.747227e-02
1164556494.825684 5.353161e-02
1164556494.825806 4.713574e-02
1164556494.825928 3.572415e-02
1164556494.826050 2.667460e-02
1164556494.826172 1.702441e-02
1164556494.826294 2.619947e-03
1164556494.826416 -1.734435e-02
1164556494.826538 -3.909395e-02
1164556494.826660 -4.871465e-02
1164556494.826782 -4.385651e-02
1164556494.826904 -3.464824e-02
1164556494.827026 -3.021881e-02
1164556494.827148 -1.967453e-02
1164556494.827271 4.686889e-03
1164556494.827393 3.131394e-02
1164556494.827515 4.161257e-02
1164556494.827637 3.779466e-02
1164556494.827759 3.248473e-02
1164556494.827881 3.205278e-02
1164556494.828003 3.103738e-02
1164556494.828125 2.376375e-02
1164556494.828247 4.537732e-03
1164556494.828369 -2.094615e-02
1164556494.828491 -4.576563e-02
1164556494.828613 -5.795107e-02
1164556494.828735 -5.796699e-02
1164556494.828857 -4.309889e-02
1164556494.828979 -2.291204e-02
1164556494.829102 -2.623269e-03
1164556494.829224 2.065135e-02
1164556494.829346 4.609117e-02
1164556494.829468 6.099260e-02
1164556494.829590 5.584623e-02
1164556494.829712 3.496879e-02
1164556494.829834 1.365137e-02
1164556494.829956 -1.475015e-03
1164556494.830078 -1.131354e-02
1164556494.830200 -2.399286e-02
1164556494.830322 -3.685157e-02
1164556494.830444 -4.419835e-02
1164556494.830566 -3.854845e-02
1164556494.830688 -2.323508e-02
1164556494.830811 -4.792733e-03
1164556494.830933 9.624806e-03
1164556494.831055 2.061481e-02
1164556494.831177 2.495065e-02
1164556494.831299 2.454941e-02
1164556494.831421 1.952673e-02
1164556494.831543 9.146590e-03
1164556494.831665 1.277667e-03
1164556494.831787 3.271027e-03
1164556494.831909 5.284050e-03
1164556494.832031 4.474755e-03
1164556494.832153 7.371286e-04
1164556494.832275 -6.380133e-03
1164556494.832397 -1.485410e-02
1164556494.832520 -1.476683e-02
1164556494.832642 -1.019747e-02
1164556494.832764 -1.217133e-02
1164556494.832886 -1.792477e-02
1164556494.833008 -1.694944e-02
1164556494.833130 -1.292610e-02
1164556494.833252 -2.704193e-03
1164556494.833374 1.219955e-02
1164556494.833496 2.472785e-02
1164556494.833618 2.849787e-02
1164556494.833740 2.805170e-02
1164556494.833862 2.730175e-02
1164556494.833984 2.528887e-02
1164556494.834106 1.681363e-02
1164556494.834229 1.856471e-03
1164556494.834351 -1.415838e-02
1164556494.834473 -2.883795e-02
1164556494.834595 -4.613971e-02
1164556494.834717 -6.160406e-02
1164556494.834839 -5.976781e-02
1164556494.834961 -3.686359e-02
1164556494.835083 -5.473472e-03
1164556494.835205 3.261035e-02
1164556494.835327 6.430955e-02
1164556494.835449 7.552627e-02
1164556494.835571 6.343093e-02
1164556494.835693 4.039632e-02
1164556494.835815 1.547102e-02
1164556494.835938 -4.588649e-03
1164556494.836060 -2.418621e-02
1164556494.836182 -3.873786e-02
1164556494.836304 -4.639079e-02
1164556494.836426 -4.771444e-02
1164556494.836548 -4.763661e-02
1164556494.836670 -4.027327e-02
1164556494.836792 -2.512867e-02
1164556494.836914 -1.201477e-03
1164556494.837036 2.905586e-02
1164556494.837158 5.591152e-02
1164556494.837280 6.424963e-02
1164556494.837402 5.288895e-02
1164556494.837524 3.457195e-02
1164556494.837646 1.634955e-02
1164556494.837769 4.808747e-04
1164556494.837891 -6.315246e-03
1164556494.838013 -1.659794e-02
1164556494.838135 -3.602445e-02
1164556494.838257 -5.289306e-02
1164556494.838379 -5.455150e-02
1164556494.838501 -4.622312e-02
1164556494.838623 -3.393161e-02
1164556494.838745 -1.304228e-02
1164556494.838867 1.899774e-02
1164556494.838989 4.913889e-02
1164556494.839111 6.612395e-02
1164556494.839233 6.567751e-02
1164556494.839355 4.676114e-02
1164556494.839478 1.322656e-02
1164556494.839600 -1.546540e-02
1164556494.839722 -2.254530e-02
1164556494.839844 -1.394291e-02
1164556494.839966 -1.122639e-02
1164556494.840088 -2.263552e-02
1164556494.840210 -3.779098e-02
1164556494.840332 -4.258331e-02
1164556494.840454 -3.452123e-02
1164556494.840576 -1.594479e-02
1164556494.840698 9.400482e-04
1164556494.840820 1.610996e-02
1164556494.840942 2.730739e-02
1164556494.841064 3.624749e-02
1164556494.841187 3.937337e-02
1164556494.841309 3.740119e-02
1164556494.841431 2.964630e-02
1164556494.841553 1.419684e-02
1164556494.841675 -5.065176e-03
1164556494.841797 -1.440137e-02
1164556494.841919 -1.702623e-02
1164556494.842041 -2.244514e-02
1164556494.842163 -3.608463e-02
1164556494.842285 -4.619398e-02
1164556494.842407 -4.161056e-02
1164556494.842529 -2.442881e-02
1164556494.842651 -8.186124e-03
1164556494.842773 9.632600e-03
1164556494.842896 2.896282e-02
1164556494.843018 4.238932e-02
1164556494.843140 4.490341e-02
1164556494.843262 4.359183e-02
1164556494.843384 3.894104e-02
1164556494.843506 2.333997e-02
1164556494.843628 3.082905e-03
1164556494.843750 -5.413529e-03
1164556494.843872 -1.158855e-02
1164556494.843994 -3.172442e-02
1164556494.844116 -5.798542e-02
1164556494.844238 -7.174838e-02
1164556494.844360 -6.642232e-02
1164556494.844482 -4.390912e-02
1164556494.844604 -1.030549e-02
1164556494.844727 2.567215e-02
1164556494.844849 5.245241e-02
1164556494.844971 7.112209e-02
1164556494.845093 8.210299e-02
1164556494.845215 7.602113e-02
1164556494.845337 5.131878e-02
1164556494.845459 1.941383e-02
1164556494.845581 -1.405072e-02
1164556494.845703 -4.684487e-02
1164556494.845825 -7.419615e-02
1164556494.845947 -8.954988e-02
1164556494.846069 -8.470721e-02
1164556494.846191 -5.863922e-02
1164556494.846313 -2.018256e-02
1164556494.846436 1.607086e-02
1164556494.846558 4.093201e-02
1164556494.846680 5.381646e-02
1164556494.846802 5.986432e-02
1164556494.846924 6.882993e-02
1164556494.847046 6.807970e-02
1164556494.847168 4.624720e-02
1164556494.847290 1.510113e-02
1164556494.847412 -1.513558e-02
1164556494.847534 -4.169702e-02
1164556494.847656 -6.243316e-02
1164556494.847778 -7.115586e-02
1164556494.847900 -6.526260e-02
1164556494.848022 -4.825511e-02
1164556494.848145 -2.233425e-02
1164556494.848267 5.838526e-03
1164556494.848389 2.311454e-02
1164556494.848511 2.725748e-02
1164556494.848633 3.603265e-02
1164556494.848755 4.699174e-02
1164556494.848877 5.308590e-02
1164556494.848999 4.896040e-02
1164556494.849121 4.683456e-02
1164556494.849243 3.538856e-02
1164556494.849365 6.517989e-04
1164556494.849487 -4.258756e-02
1164556494.849609 -7.146354e-02
1164556494.849731 -8.098026e-02
1164556494.849854 -8.198728e-02
1164556494.849976 -6.401318e-02
1164556494.850098 -2.434686e-02
1164556494.850220 2.177958e-02
1164556494.850342 5.035589e-02
1164556494.850464 5.256893e-02
1164556494.850586 4.749666e-02
1164556494.850708 4.767029e-02
1164556494.850830 5.855830e-02
1164556494.850952 6.152716e-02
1164556494.851074 3.766180e-02
1164556494.851196 -8.075794e-03
1164556494.851318 -5.716725e-02
1164556494.851440 -8.611607e-02
1164556494.851562 -8.182473e-02
1164556494.851685 -5.493030e-02
1164556494.851807 -2.410952e-02
1164556494.851929 9.521404e-04
1164556494.852051 1.617435e-02
1164556494.852173 2.901344e-02
1164556494.852295 3.743582e-02
1164556494.852417 2.856548e-02
1164556494.852539 7.307340e-03
1164556494.852661 1.014180e-03
1164556494.852783 2.356532e-02
1164556494.852905 4.809362e-02
1164556494.853027 4.914014e-02
1164556494.853149 2.391749e-02
1164556494.853271 -1.369151e-02
1164556494.853394 -4.791943e-02
1164556494.853516 -5.999637e-02
1164556494.853638 -4.906328e-02
1164556494.853760 -3.121365e-02
1164556494.853882 -2.568082e-02
1164556494.854004 -2.889168e-02
1164556494.854126 -1.993733e-02
1164556494.854248 2.050557e-03
1164556494.854370 2.490744e-02
1164556494.854492 4.407809e-02
1164556494.854614 5.967793e-02
1164556494.854736 7.766417e-02
1164556494.854858 8.070251e-02
1164556494.854980 5.418873e-02
1164556494.855103 2.330408e-03
1164556494.855225 -5.231051e-02
1164556494.855347 -8.990979e-02
1164556494.855469 -9.641806e-02
1164556494.855591 -7.352212e-02
1164556494.855713 -3.510159e-02
1164556494.855835 -6.064874e-03
1164556494.855957 1.926251e-03
1164556494.856079 6.958071e-03
1164556494.856201 2.650847e-02
1164556494.856323 5.401343e-02
1164556494.856445 6.465652e-02
1164556494.856567 5.185202e-02
1164556494.856689 3.578242e-02
1164556494.856812 2.894869e-02
1164556494.856934 2.151745e-02
1164556494.857056 4.154992e-03
1164556494.857178 -2.278900e-02
1164556494.857300 -5.306452e-02
1164556494.857422 -7.198720e-02
1164556494.857544 -7.125117e-02
1164556494.857666 -5.068818e-02
1164556494.857788 -3.028069e-02
1164556494.857910 -1.815842e-02
1164556494.858032 -9.100358e-03
1164556494.858154 1.798523e-02
1164556494.858276 6.351825e-02
1164556494.858398 9.354281e-02
1164556494.858521 8.646603e-02
1164556494.858643 6.378789e-02
1164556494.858765 4.345351e-02
1164556494.858887 1.723958e-02
1164556494.859009 -1.689427e-02
1164556494.859131 -4.807877e-02
1164556494.859253 -7.673163e-02
1164556494.859375 -9.987931e-02
1164556494.859497 -1.051086e-01
1164556494.859619 -8.097327e-02
1164556494.859741 -3.173693e-02
1164556494.859863 2.166841e-02
1164556494.859985 5.569139e-02
1164556494.860107 7.913637e-02
1164556494.860229 1.001283e-01
1164556494.860352 1.015501e-01
1164556494.860474 6.507399e-02
1164556494.860596 1.750607e-02
1164556494.860718 -1.116128e-02
1164556494.860840 -1.884387e-02
1164556494.860962 -2.898409e-02
1164556494.861084 -4.787138e-02
1164556494.861206 -6.944679e-02
1164556494.861328 -8.651240e-02
1164556494.861450 -8.671011e-02
1164556494.861572 -6.462240e-02
1164556494.861694 -2.386489e-02
1164556494.861816 3.185588e-02
1164556494.861938 8.569618e-02
1164556494.862061 1.075981e-01
1164556494.862183 9.373582e-02
1164556494.862305 6.423041e-02
1164556494.862427 3.188079e-02
1164556494.862549 8.315921e-04
1164556494.862671 -2.166733e-02
1164556494.862793 -2.223203e-02
1164556494.862915 -1.969185e-02
1164556494.863037 -3.391536e-02
1164556494.863159 -6.193066e-02
1164556494.863281 -8.791608e-02
1164556494.863403 -9.074059e-02
1164556494.863525 -6.088873e-02
1164556494.863647 -1.120004e-02
1164556494.863770 4.232131e-02
1164556494.863892 8.974262e-02
1164556494.864014 1.116373e-01
1164556494.864136 9.714641e-02
1164556494.864258 5.652689e-02
1164556494.864380 1.047599e-02
1164556494.864502 -1.876989e-02
1164556494.864624 -2.413037e-02
1164556494.864746 -1.277378e-02
1164556494.864868 -1.018125e-02
1164556494.864990 -2.591752e-02
1164556494.865112 -5.671620e-02
1164556494.865234 -9.180567e-02
1164556494.865356 -1.059762e-01
1164556494.865479 -7.319235e-02
1164556494.865601 -3.454703e-03
1164556494.865723 5.793467e-02
1164556494.865845 9.366285e-02
1164556494.865967 1.128161e-01
1164556494.866089 1.062900e-01
1164556494.866211 5.970517e-02
1164556494.866333 2.386335e-03
1164556494.866455 -2.381884e-02
1164556494.866577 -2.006768e-02
1164556494.866699 -5.151858e-03
1164556494.866821 -8.474433e-03
1164556494.866943 -3.983722e-02
1164556494.867065 -8.390550e-02
1164556494.867188 -1.085555e-01
1164556494.867310 -9.908494e-02
1164556494.867432 -6.132011e-02
1164556494.867554 -3.436571e-04
1164556494.867676 6.658569e-02
1164556494.867798 1.071589e-01
1164556494.867920 1.121485e-01
1164556494.868042 1.031656e-01
1164556494.868164 8.793641e-02
1164556494.868286 4.337297e-02
1164556494.868408 -1.731131e-02
1164556494.868530 -4.696129e-02
1164556494.868652 -4.291590e-02
1164556494.868774 -5.211314e-02
1164556494.868896 -8.328506e-02
1164556494.869019 -1.075185e-01
1164556494.869141 -9.585405e-02
1164556494.869263 -5.987854e-02
1164556494.869385 -1.095756e-02
1164556494.869507 4.464359e-02
1164556494.869629 8.710096e-02
1164556494.869751 1.031310e-01
1164556494.869873 9.612533e-02
1164556494.869995 8.206389e-02
1164556494.870117 6.238733e-02
1164556494.870239 2.927904e-02
1164556494.870361 -1.600606e-02
1164556494.870483 -5.564497e-02
1164556494.870605 -6.611576e-02
1164556494.870728 -5.768974e-02
1164556494.870850 -5.778210e-02
1164556494.870972 -7.619010e-02
1164556494.871094 -7.943190e-02
1164556494.871216 -5.466204e-02
1164556494.871338 -1.753869e-02
1164556494.871460 1.969738e-02
1164556494.871582 5.873301e-02
1164556494.871704 9.380436e-02
1164556494.871826 1.111100e-01
1164556494.871948 1.066997e-01
1164556494.872070 8.353623e-02
1164556494.872192 5.248020e-02
1164556494.872314 1.535115e-03
1164556494.872437 -6.489478e-02
1164556494.872559 -1.079661e-01
1164556494.872681 -1.002473e-01
1164556494.872803 -6.974000e-02
1164556494.872925 -6.549859e-02
1164556494.873047 -7.198392e-02
1164556494.873169 -5.892877e-02
1164556494.873291 -2.368124e-02
1164556494.873413 1.393809e-02
1164556494.873535 6.605195e-02
1164556494.873657 1.230174e-01
1164556494.873779 1.509848e-01
1164556494.873901 1.467108e-01
1164556494.874023 1.144485e-01
1164556494.874146 4.585811e-02
1164556494.874268 -4.962907e-02
1164556494.874390 -1.252160e-01
1164556494.874512 -1.506610e-01
1164556494.874634 -1.328973e-01
1164556494.874756 -8.738647e-02
1164556494.874878 -3.938532e-02
1164556494.875000 -1.677185e-02
1164556494.875122 -1.983044e-02
1164556494.875244 -1.230903e-02
1164556494.875366 1.599862e-02
1164556494.875488 6.402243e-02
1164556494.875610 1.186980e-01
1164556494.875732 1.594808e-01
1164556494.875854 1.599141e-01
1164556494.875977 1.093680e-01
1164556494.876099 1.928724e-02
1164556494.876221 -7.614918e-02
1164556494.876343 -1.386797e-01
1164556494.876465 -1.495334e-01
1164556494.876587 -1.156026e-01
1164556494.876709 -6.996568e-02
1164556494.876831 -4.638884e-02
1164556494.876953 -4.268044e-02
1164556494.877075 -4.152955e-02
1164556494.877197 -1.861980e-02
1164556494.877319 1.762020e-02
1164556494.877441 6.968418e-02
1164556494.877563 1.528259e-01
1164556494.877686 2.231568e-01
1164556494.877808 2.054606e-01
1164556494.877930 1.218140e-01
1164556494.878052 2.011648e-02
1164556494.878174 -9.699228e-02
1164556494.878296 -1.964318e-01
1164556494.878418 -2.157844e-01
1164556494.878540 -1.655885e-01
1164556494.878662 -1.159222e-01
1164556494.878784 -8.431246e-02
1164556494.878906 -3.756962e-02
1164556494.879028 2.003054e-02
1164556494.879150 6.222700e-02
1164556494.879272 1.071337e-01
1164556494.879395 1.619328e-01
1164556494.879517 1.886451e-01
1164556494.879639 1.892207e-01
1164556494.879761 1.543545e-01
1164556494.879883 6.240188e-02
1164556494.880005 -6.636737e-02
1164556494.880127 -1.736325e-01
1164556494.880249 -2.209567e-01
1164556494.880371 -2.125510e-01
1164556494.880493 -1.584526e-01
1164556494.880615 -7.152114e-02
1164556494.880737 -7.775311e-03
1164556494.880859 -2.902530e-03
1164556494.880981 1.108253e-02
1164556494.881104 8.635078e-02
1164556494.881226 1.627885e-01
1164556494.881348 1.819502e-01
1164556494.881470 1.583064e-01
1164556494.881592 1.378642e-01
1164556494.881714 1.053151e-01
1164556494.881836 2.019531e-02
1164556494.881958 -9.094099e-02
1164556494.882080 -1.651507e-01
1164556494.882202 -2.026548e-01
1164556494.882324 -1.989269e-01
1164556494.882446 -1.336961e-01
1164556494.882568 -5.254650e-02
1164556494.882690 -1.396257e-02
1164556494.882812 -8.541644e-03
1164556494.882935 1.372336e-02
1164556494.883057 8.329217e-02
1164556494.883179 1.665357e-01
1164556494.883301 2.102940e-01
1164556494.883423 1.905419e-01
1164556494.883545 1.217416e-01
1164556494.883667 5.666621e-02
1164556494.883789 1.436486e-02
1164556494.883911 -5.743644e-02
1164556494.884033 -1.576542e-01
1164556494.884155 -2.200464e-01
1164556494.884277 -2.189388e-01
1164556494.884399 -1.727930e-01
1164556494.884521 -9.304465e-02
1164556494.884644 -1.514492e-02
1164556494.884766 3.520565e-02
1164556494.884888 5.248086e-02
1164556494.885010 8.863726e-02
1164556494.885132 1.746398e-01
1164556494.885254 2.337295e-01
1164556494.885376 2.024400e-01
1164556494.885498 1.259981e-01
1164556494.885620 5.901885e-02
1164556494.885742 3.539859e-03
1164556494.885864 -5.884538e-02
1164556494.885986 -1.385457e-01
1164556494.886108 -2.170846e-01
1164556494.886230 -2.713242e-01
1164556494.886353 -2.489099e-01
1164556494.886475 -1.364746e-01
1164556494.886597 -2.233448e-02
1164556494.886719 3.940100e-02
1164556494.886841 7.652984e-02
1164556494.886963 1.283474e-01
1164556494.887085 1.828219e-01
1164556494.887207 2.436416e-01
1164556494.887329 2.743017e-01
1164556494.887451 2.334933e-01
1164556494.887573 1.351035e-01
1164556494.887695 2.204443e-02
1164556494.887817 -8.415903e-02
1164556494.887939 -2.074228e-01
1164556494.888062 -3.326627e-01
1164556494.888184 -4.130295e-01
1164556494.888306 -3.912520e-01
1164556494.888428 -2.440930e-01
1164556494.888550 -3.276238e-02
1164556494.888672 1.304361e-01
1164556494.888794 2.134819e-01
1164556494.888916 2.795395e-01
1164556494.889038 3.237825e-01
1164556494.889160 3.420462e-01
1164556494.889282 3.358994e-01
1164556494.889404 2.841893e-01
1164556494.889526 1.522909e-01
1164556494.889648 -5.188784e-02
1164556494.889771 -2.656341e-01
1164556494.889893 -4.276221e-01
1164556494.890015 -5.125617e-01
1164556494.890137 -5.219008e-01
1164556494.890259 -4.298273e-01
1164556494.890381 -2.293226e-01
1164556494.890503 3.965607e-02
1164556494.890625 2.638300e-01
1164556494.890747 3.661263e-01
1164556494.890869 4.197517e-01
1164556494.890991 4.760178e-01
1164556494.891113 5.077201e-01
1164556494.891235 4.577657e-01
1164556494.891357 3.252788e-01
1164556494.891479 1.092528e-01
1164556494.891602 -1.728838e-01
1164556494.891724 -4.984063e-01
1164556494.891846 -7.733248e-01
1164556494.891968 -8.711893e-01
1164556494.892090 -7.955019e-01
1164556494.892212 -5.848071e-01
1164556494.892334 -2.544920e-01
1164556494.892456 1.846377e-01
1164556494.892578 6.407102e-01
1164556494.892700 9.710104e-01
1164556494.892822 1.144584e+00
1164556494.892944 1.106276e+00
1164556494.893066 7.736538e-01
1164556494.893188 2.560706e-01
1164556494.893311 -2.685093e-01
1164556494.893433 -7.311427e-01
1164556494.893555 -1.066082e+00
1164556494.893677 -1.218798e+00
1164556494.893799 -1.169876e+00
1164556494.893921 -9.061572e-01
1164556494.894043 -4.228287e-01
1164556494.894165 1.901349e-01
1164556494.894287 7.283717e-01
1164556494.894409 1.093137e+00
1164556494.894531 1.263574e+00
1164556494.894653 1.212211e+00
1164556494.894775 9.109921e-01
1164556494.894897 4.841610e-01
1164556494.895020 7.188169e-02
1164556494.895142 -3.902313e-01
1164556494.895264 -8.764030e-01
1164556494.895386 -1.229023e+00
1164556494.895508 -1.338664e+00
1164556494.895630 -1.231369e+00
1164556494.895752 -9.132148e-01
1164556494.895874 -4.167162e-01
1164556494.895996 2.076248e-01
1164556494.896118 8.827706e-01
1164556494.896240 1.394815e+00
1164556494.896362 1.608249e+00
1164556494.896484 1.488511e+00
1164556494.896606 1.088541e+00
1164556494.896729 4.667772e-01
1164556494.896851 -2.205103e-01
1164556494.896973 -7.865560e-01
1164556494.897095 -1.223144e+00
1164556494.897217 -1.549217e+00
1164556494.897339 -1.621830e+00
1164556494.897461 -1.300747e+00
1164556494.897583 -7.466164e-01
1164556494.897705 -9.190297e-02
1164556494.897827 5.955386e-01
1164556494.897949 1.193436e+00
1164556494.898071 1.589717e+00
1164556494.898193 1.748173e+00
1164556494.898315 1.612812e+00
1164556494.898438 1.095295e+00
1164556494.898560 3.167806e-01
1164556494.898682 -5.120602e-01
1164556494.898804 -1.218637e+00
1164556494.898926 -1.685371e+00
1164556494.899048 -1.810127e+00
1164556494.899170 -1.660538e+00
1164556494.899292 -1.328717e+00
1164556494.899414 -6.899835e-01
1164556494.899536 2.317386e-01
1164556494.899658 1.149220e+00
1164556494.899780 1.749173e+00
1164556494.899902 2.023861e+00
1164556494.900024 2.010397e+00
1164556494.900146 1.641162e+00
1164556494.900269 9.119364e-01
1164556494.900391 -5.952049e-02
1164556494.900513 -1.089485e+00
1164556494.900635 -2.034060e+00
1164556494.900757 -2.606487e+00
1164556494.900879 -2.531308e+00
1164556494.901001 -1.788110e+00
1164556494.901123 -7.068611e-01
1164556494.901245 3.999504e-01
1164556494.901367 1.482849e+00
1164556494.901489 2.401135e+00
1164556494.901611 2.835776e+00
1164556494.901733 2.557121e+00
1164556494.901855 1.649039e+00
1164556494.901978 3.332169e-01
1164556494.902100 -1.026336e+00
1164556494.902222 -2.081863e+00
1164556494.902344 -2.667372e+00
1164556494.902466 -2.702317e+00
1164556494.902588 -2.150778e+00
1164556494.902710 -1.068826e+00
1164556494.902832 2.963976e-01
1164556494.902954 1.698261e+00
1164556494.903076 2.733948e+00
1164556494.903198 2.927917e+00
1164556494.903320 2.176465e+00
1164556494.903442 9.499498e-01
1164556494.903564 -3.104141e-01
1164556494.903687 -1.512355e+00
1164556494.903809 -2.379377e+00
1164556494.903931 -2.561546e+00
1164556494.904053 -1.899544e+00
1164556494.904175 -6.334670e-01
1164556494.904297 7.685167e-01
1164556494.904419 1.856410e+00
1164556494.904541 2.283932e+00
1164556494.904663 1.889902e+00
1164556494.904785 7.972837e-01
1164556494.904907 -4.554055e-01
1164556494.905029 -1.410926e+00
1164556494.905151 -1.917518e+00
1164556494.905273 -1.916557e+00
1164556494.905396 -1.144685e+00
1164556494.905518 3.895331e-01
1164556494.905640 1.892176e+00
1164556494.905762 2.531445e+00
1164556494.905884 2.059572e+00
1164556494.906006 6.425653e-01
1164556494.906128 -1.178925e+00
1164556494.906250 -2.453638e+00
1164556494.906372 -2.526972e+00
1164556494.906494 -1.389473e+00
1164556494.906616 5.011710e-01
1164556494.906738 2.100806e+00
1164556494.906860 2.241376e+00
1164556494.906982 6.945228e-01
1164556494.907104 -1.198681e+00
1164556494.907227 -1.667770e+00
1164556494.907349 -1.293445e-01
1164556494.907471 1.542666e+00
1164556494.907593 7.357944e-01
1164556494.907715 -8.205370e-01
1164556494.907837 -2.593644e-01
1164556494.907959 -8.520051e-02
1164556494.908081 -1.533741e-01
1164556494.908203 -1.169637e-01
1164556494.908325 -9.556319e-02
1164556494.908447 -3.447903e-02
1164556494.908569 7.099871e-03
1164556494.908691 -1.049608e-01
1164556494.908813 -8.797073e-02
1164556494.908936 1.120499e-01
1164556494.909058 3.084998e-01
1164556494.909180 3.329881e-01
1164556494.909302 1.923098e-01
1164556494.909424 -7.928535e-02
1164556494.909546 -2.174191e-01
1164556494.909668 -2.967480e-02
1164556494.909790 1.246255e-01
1164556494.909912 -1.946318e-02
1164556494.910034 -1.784008e-01
1164556494.910156 -1.296193e-01
1164556494.910278 -6.673423e-02
1164556494.910400 -7.159012e-02
1164556494.910522 -8.571770e-02
1164556494.910645 -6.073831e-02
1164556494.910767 -3.959166e-02
1164556494.910889 6.456556e-03
1164556494.911011 1.662194e-01
1164556494.911133 3.199211e-01
1164556494.911255 2.818948e-01
1164556494.911377 3.373351e-02
1164556494.911499 -1.552307e-01
1164556494.911621 -8.890585e-02
1164556494.911743 6.693527e-02
1164556494.911865 2.823147e-02
1164556494.911987 -1.472950e-01
1164556494.912109 -1.733619e-01
1164556494.912231 -1.289659e-01
1164556494.912354 -9.425129e-02
1164556494.912476 -4.931639e-02
1164556494.912598 -7.044761e-03
1164556494.912720 -1.872919e-02
1164556494.912842 -1.295822e-03
1164556494.912964 1.330096e-01
1164556494.913086 2.667538e-01
1164556494.913208 2.778670e-01
1164556494.913330 1.358593e-01
1164556494.913452 -5.157663e-02
1164556494.913574 -1.449596e-01
1164556494.913696 -6.955552e-02
1164556494.913818 1.081446e-02
1164556494.913940 -8.733834e-02
1164556494.914062 -2.147024e-01
1164556494.914185 -1.903491e-01
1164556494.914307 -6.915988e-02
1164556494.914429 -1.254407e-02
1164556494.914551 1.606275e-02
1164556494.914673 4.888932e-02
1164556494.914795 7.910815e-02
1164556494.914917 1.059177e-01
1164556494.915039 1.767099e-01
1164556494.915161 2.633521e-01
1164556494.915283 1.960849e-01
1164556494.915405 -2.548275e-02
1164556494.915527 -1.966831e-01
1164556494.915649 -1.613587e-01
1164556494.915771 -7.784428e-02
1164556494.915894 -9.419478e-02
1164556494.916016 -1.275208e-01
1164556494.916138 -1.077930e-01
1164556494.916260 -6.515839e-02
1164556494.916382 -3.482792e-02
1164556494.916504 4.307394e-02
1164556494.916626 8.406855e-02
1164556494.916748 8.155945e-02
1164556494.916870 1.218921e-01
1164556494.916992 2.017343e-01
1164556494.917114 2.194198e-01
1164556494.917236 1.349323e-01
1164556494.917358 -6.873792e-03
1164556494.917480 -1.823674e-01
1164556494.917603 -2.723482e-01
1164556494.917725 -1.987394e-01
1164556494.917847 -7.245734e-02
1164556494.917969 -4.325974e-02
1164556494.918091 -3.943043e-02
1164556494.918213 2.009600e-02
1164556494.918335 3.434939e-02
1164556494.918457 2.797137e-02
1164556494.918579 6.297697e-02
1164556494.918701 1.185877e-01
1164556494.918823 1.242893e-01
1164556494.918945 1.260247e-01
1164556494.919067 1.282954e-01
1164556494.919189 7.401321e-02
1164556494.919312 -5.785696e-02
1164556494.919434 -1.918162e-01
1164556494.919556 -2.208387e-01
1164556494.919678 -1.525045e-01
1164556494.919800 -3.201608e-02
1164556494.919922 2.585024e-02
1164556494.920044 2.291646e-02
1164556494.920166 3.518861e-02
1164556494.920288 2.539264e-02
1164556494.920410 -2.119855e-02
1164556494.920532 -7.684198e-03
1164556494.920654 9.422884e-02
1164556494.920776 1.382451e-01
1164556494.920898 1.230690e-01
1164556494.921021 9.623818e-02
1164556494.921143 4.474277e-02
1164556494.921265 -6.046496e-02
1164556494.921387 -1.598480e-01
1164556494.921509 -1.676638e-01
1164556494.921631 -1.104649e-01
1164556494.921753 -3.415822e-02
1164556494.921875 1.711769e-02
1164556494.921997 1.889033e-02
1164556494.922119 -4.087951e-03
1164556494.922241 7.168663e-03
1164556494.922363 1.930631e-02
1164556494.922485 8.448172e-03
1164556494.922607 6.783534e-02
1164556494.922729 1.553664e-01
1164556494.922852 1.579750e-01
1164556494.922974 6.302048e-02
1164556494.923096 -3.846212e-02
1164556494.923218 -1.052909e-01
1164556494.923340 -1.351619e-01
1164556494.923462 -1.286893e-01
1164556494.923584 -6.511066e-02
1164556494.923706 1.694280e-02
1164556494.923828 3.012119e-02
1164556494.923950 -2.363250e-03
1164556494.924072 -2.547328e-02
1164556494.924194 -1.238802e-02
1164556494.924316 1.339351e-02
1164556494.924438 2.165770e-02
1164556494.924561 5.266194e-02
1164556494.924683 1.146471e-01
1164556494.924805 1.458409e-01
1164556494.924927 8.541736e-02
1164556494.925049 -1.349530e-02
1164556494.925171 -9.539661e-02
1164556494.925293 -1.156234e-01
1164556494.925415 -8.739272e-02
1164556494.925537 -5.443783e-02
1164556494.925659 -3.525912e-02
1164556494.925781 -3.525529e-02
1164556494.925903 -3.762108e-02
1164556494.926025 -2.945776e-02
1164556494.926147 1.149840e-02
1164556494.926270 7.013990e-02
1164556494.926392 9.481172e-02
1164556494.926514 7.697394e-02
1164556494.926636 7.357294e-02
1164556494.926758 9.708611e-02
1164556494.926880 7.608563e-02
1164556494.927002 6.665558e-03
1164556494.927124 -8.576338e-02
1164556494.927246 -1.470747e-01
1164556494.927368 -1.397637e-01
1164556494.927490 -8.013036e-02
1164556494.927612 -3.218553e-02
1164556494.927734 -1.596713e-02
1164556494.927856 -2.776838e-03
1164556494.927979 2.201043e-02
1164556494.928101 6.066136e-02
1164556494.928223 9.557333e-02
1164556494.928345 1.036145e-01
1164556494.928467 6.242455e-02
1164556494.928589 1.184781e-02
1164556494.928711 1.274019e-02
1164556494.928833 2.597872e-02
1164556494.928955 4.776081e-03
1164556494.929077 -4.920211e-02
1164556494.929199 -1.004986e-01
1164556494.929321 -1.276219e-01
1164556494.929443 -8.874708e-02
1164556494.929565 -9.397226e-03
1164556494.929688 3.499248e-02
1164556494.929810 2.350309e-02
1164556494.929932 8.758144e-03
1164556494.930054 3.640168e-02
1164556494.930176 6.441445e-02
1164556494.930298 5.101423e-02
1164556494.930420 3.319930e-02
1164556494.930542 3.053147e-02
1164556494.930664 2.755035e-02
1164556494.930786 3.099928e-02
1164556494.930908 3.324850e-02
1164556494.931030 -1.064705e-03
1164556494.931152 -7.942434e-02
1164556494.931274 -1.518893e-01
1164556494.931396 -1.334023e-01
1164556494.931519 -4.791226e-02
1164556494.931641 2.014664e-02
1164556494.931763 4.251884e-02
1164556494.931885 4.110120e-02
1164556494.932007 3.470979e-02
1164556494.932129 5.046139e-02
1164556494.932251 7.219855e-02
1164556494.932373 7.070775e-02
1164556494.932495 5.433074e-02
1164556494.932617 4.114632e-02
1164556494.932739 2.042232e-02
1164556494.932861 -2.336930e-02
1164556494.932983 -8.167831e-02
1164556494.933105 -1.190759e-01
1164556494.933228 -1.325499e-01
1164556494.933350 -1.144355e-01
1164556494.933472 -2.733995e-02
1164556494.933594 8.416800e-02
1164556494.933716 1.152746e-01
1164556494.933838 6.415432e-02
1164556494.933960 1.334450e-02
1164556494.934082 1.217862e-02
1164556494.934204 2.790838e-02
1164556494.934326 3.009170e-02
1164556494.934448 3.639269e-02
1164556494.934570 5.651786e-02
1164556494.934692 3.471967e-02
1164556494.934814 -2.786999e-02
1164556494.934937 -7.925683e-02
1164556494.935059 -1.077443e-01
1164556494.935181 -1.179041e-01
1164556494.935303 -8.754242e-02
1164556494.935425 -1.385353e-02
1164556494.935547 5.945123e-02
1164556494.935669 8.814304e-02
1164556494.935791 7.288691e-02
1164556494.935913 3.750204e-02
1164556494.936035 1.519569e-04
1164556494.936157 -2.480964e-03
1164556494.936279 4.329730e-02
1164556494.936401 6.717372e-02
1164556494.936523 5.088417e-02
1164556494.936646 2.244841e-02
1164556494.936768 -2.326426e-02
1164556494.936890 -9.670996e-02
1164556494.937012 -1.449003e-01
1164556494.937134 -1.216802e-01
1164556494.937256 -6.005484e-02
1164556494.937378 -3.327718e-03
1164556494.937500 5.775041e-02
1164556494.937622 1.080025e-01
1164556494.937744 9.431704e-02
1164556494.937866 3.988519e-02
1164556494.937988 1.424030e-02
1164556494.938110 1.664968e-02
1164556494.938232 2.481441e-02
1164556494.938354 3.016343e-02
1164556494.938477 2.211977e-02
1164556494.938599 -1.032056e-02
1164556494.938721 -5.440142e-02
1164556494.938843 -9.716507e-02
1164556494.938965 -1.093248e-01
1164556494.939087 -8.472875e-02
1164556494.939209 -2.996003e-02
1164556494.939331 3.292668e-02
1164556494.939453 7.635918e-02
1164556494.939575 8.442990e-02
1164556494.939697 6.426875e-02
1164556494.939819 3.801702e-02
1164556494.939941 2.103998e-02
1164556494.940063 8.337820e-03
1164556494.940186 -2.624479e-03
1164556494.940308 -6.816820e-03
1164556494.940430 -6.549213e-03
1164556494.940552 -1.720349e-02
1164556494.940674 -2.815320e-02
1164556494.940796 -4.277003e-02
1164556494.940918 -5.921963e-02
1164556494.941040 -5.915142e-02
1164556494.941162 -2.710108e-02
1164556494.941284 1.083781e-02
1164556494.941406 3.399410e-02
1164556494.941528 4.671206e-02
1164556494.941650 4.884355e-02
1164556494.941772 3.835591e-02
1164556494.941895 3.280260e-02
1164556494.942017 3.928724e-02
1164556494.942139 2.215293e-02
1164556494.942261 -1.795473e-02
1164556494.942383 -3.425159e-02
1164556494.942505 -2.176239e-02
1164556494.942627 -1.505941e-02
1164556494.942749 -3.495995e-02
1164556494.942871 -4.948966e-02
1164556494.942993 -4.707294e-02
1164556494.943115 -3.176430e-02
1164556494.943237 -1.291278e-02
1164556494.943359 1.606187e-02
1164556494.943481 4.628566e-02
1164556494.943604 5.812151e-02
1164556494.943726 5.125725e-02
1164556494.943848 3.779679e-02
1164556494.943970 3.262437e-02
1164556494.944092 2.195460e-02
1164556494.944214 -5.942251e-03
1164556494.944336 -3.053491e-02
1164556494.944458 -2.761686e-02
1164556494.944580 -1.428117e-02
1164556494.944702 -2.292025e-02
1164556494.944824 -4.991781e-02
1164556494.944946 -7.430888e-02
1164556494.945068 -6.978769e-02
1164556494.945190 -3.402966e-02
1164556494.945312 2.244514e-02
1164556494.945435 7.377644e-02
1164556494.945557 1.031623e-01
1164556494.945679 9.713430e-02
1164556494.945801 5.941352e-02
1164556494.945923 1.538972e-02
1164556494.946045 -1.277182e-02
1164556494.946167 -2.852103e-02
1164556494.946289 -4.707705e-02
1164556494.946411 -5.108890e-02
1164556494.946533 -2.933347e-02
1164556494.946655 -1.695161e-02
1164556494.946777 -4.202621e-02
1164556494.946899 -7.752387e-02
1164556494.947021 -6.492477e-02
1164556494.947144 -1.024228e-02
1164556494.947266 5.106152e-02
1164556494.947388 1.007599e-01
1164556494.947510 1.260901e-01
1164556494.947632 1.026427e-01
1164556494.947754 4.053157e-02
1164556494.947876 -2.039823e-02
1164556494.947998 -5.179338e-02
1164556494.948120 -6.049219e-02
1164556494.948242 -5.534544e-02
1164556494.948364 -4.039483e-02
1164556494.948486 -2.596938e-02
1164556494.948608 -1.998933e-02
1164556494.948730 -2.447951e-02
1164556494.948853 -3.574858e-02
1164556494.948975 -3.354221e-02
1164556494.949097 2.935153e-03
1164556494.949219 6.413958e-02
1164556494.949341 9.608331e-02
1164556494.949463 8.592335e-02
1164556494.949585 5.756112e-02
1164556494.949707 2.345161e-02
1164556494.949829 -1.699016e-02
1164556494.949951 -4.605119e-02
1164556494.950073 -4.934077e-02
1164556494.950195 -4.040597e-02
1164556494.950317 -3.355752e-02
1164556494.950439 -3.089965e-02
1164556494.950562 -3.133139e-02
1164556494.950684 -3.525763e-02
1164556494.950806 -3.311253e-02
1164556494.950928 -1.219699e-02
1164556494.951050 2.538153e-02
1164556494.951172 7.028661e-02
1164556494.951294 9.865865e-02
1164556494.951416 9.392838e-02
1164556494.951538 5.530627e-02
1164556494.951660 6.528698e-03
1164556494.951782 -3.519485e-02
1164556494.951904 -6.440451e-02
1164556494.952026 -7.522194e-02
1164556494.952148 -6.673338e-02
1164556494.952271 -4.409657e-02
1164556494.952393 -1.678059e-02
1164556494.952515 -7.425687e-04
1164556494.952637 3.724138e-03
1164556494.952759 1.676311e-02
1164556494.952881 3.722329e-02
1164556494.953003 4.560457e-02
1164556494.953125 4.437722e-02
1164556494.953247 3.679600e-02
1164556494.953369 2.212237e-02
1164556494.953491 -3.562071e-03
1164556494.953613 -2.329104e-02
1164556494.953735 -2.417650e-02
1164556494.953857 -1.627929e-02
1164556494.953979 -1.201991e-02
1164556494.954102 -1.498523e-02
1164556494.954224 -2.092209e-02
1164556494.954346 -1.709295e-02
1164556494.954468 -6.317895e-03
1164556494.954590 -9.106374e-03
1164556494.954712 -2.100740e-02
1164556494.954834 -1.364230e-02
1164556494.954956 1.573894e-02
1164556494.955078 4.048698e-02
1164556494.955200 4.137553e-02
1164556494.955322 3.687218e-02
1164556494.955444 3.555327e-02
1164556494.955566 3.054907e-02
1164556494.955688 1.267197e-02
1164556494.955811 -1.251410e-02
1164556494.955933 -4.232895e-02
1164556494.956055 -6.535728e-02
1164556494.956177 -7.243066e-02
1164556494.956299 -5.248194e-02
1164556494.956421 -9.548912e-03
1164556494.956543 2.696992e-02
1164556494.956665 3.051403e-02
1164556494.956787 2.341697e-02
1164556494.956909 3.094897e-02
1164556494.957031 4.085709e-02
1164556494.957153 3.363318e-02
1164556494.957275 1.727326e-02
1164556494.957397 4.233550e-03
1164556494.957520 -1.860748e-03
1164556494.957642 -3.013177e-03
1164556494.957764 -7.868056e-03
1164556494.957886 -2.437165e-02
1164556494.958008 -4.390405e-02
1164556494.958130 -5.435869e-02
1164556494.958252 -3.742931e-02
1164556494.958374 -1.188024e-03
1164556494.958496 2.849088e-02
1164556494.958618 2.518107e-02
1164556494.958740 3.720280e-03
1164556494.958862 -3.802514e-03
1164556494.958984 1.075815e-02
1164556494.959106 3.137332e-02
1164556494.959229 4.551871e-02
1164556494.959351 4.785841e-02
1164556494.959473 3.643235e-02
1164556494.959595 9.699225e-03
1164556494.959717 -2.677849e-02
1164556494.959839 -5.730372e-02
1164556494.959961 -7.448838e-02
1164556494.960083 -7.457317e-02
1164556494.960205 -5.237822e-02
1164556494.960327 -1.045070e-02
1164556494.960449 3.444408e-02
1164556494.960571 5.412494e-02
1164556494.960693 4.490904e-02
1164556494.960815 3.016643e-02
1164556494.960938 3.159599e-02
1164556494.961060 4.050116e-02
1164556494.961182 3.998565e-02
1164556494.961304 1.527348e-02
1164556494.961426 -1.815139e-02
1164556494.961548 -4.645168e-02
1164556494.961670 -6.216661e-02
1164556494.961792 -5.829336e-02
1164556494.961914 -3.966711e-02
1164556494.962036 -1.838066e-02
1164556494.962158 1.092370e-03
1164556494.962280 2.287006e-02
1164556494.962402 4.656932e-02
1164556494.962524 4.942478e-02
1164556494.962646 2.309613e-02
1164556494.962769 -6.746711e-03
1164556494.962891 -9.457452e-03
1164556494.963013 7.731436e-03
1164556494.963135 2.336624e-02
1164556494.963257 2.043760e-02
1164556494.963379 1.363918e-06
1164556494.963501 -2.642466e-02
1164556494.963623 -3.880834e-02
1164556494.963745 -2.971508e-02
1164556494.963867 -1.245480e-02
1164556494.963989 1.169898e-04
1164556494.964111 3.198234e-04
1164556494.964233 -5.644893e-03
1164556494.964355 -4.080386e-03
1164556494.964478 3.836923e-03
1164556494.964600 8.519858e-03
1164556494.964722 1.156176e-02
1164556494.964844 1.684437e-02
1164556494.964966 2.747203e-02
1164556494.965088 3.693807e-02
1164556494.965210 2.635709e-02
1164556494.965332 3.766308e-03
1164556494.965454 -1.637724e-02
1164556494.965576 -2.498729e-02
1164556494.965698 -3.269663e-02
1164556494.965820 -4.002898e-02
1164556494.965942 -3.133144e-02
1164556494.966064 -1.410684e-02
1164556494.966187 -4.116599e-03
1164556494.966309 -2.571588e-03
1164556494.966431 7.822109e-03
1164556494.966553 2.221749e-02
1164556494.966675 2.770190e-02
1164556494.966797 3.005738e-02
1164556494.966919 3.323415e-02
1164556494.967041 3.600052e-02
1164556494.967163 2.474356e-02
1164556494.967285 6.817574e-03
1164556494.967407 -1.536480e-02
1164556494.967529 -3.505101e-02
1164556494.967651 -4.526806e-02
1164556494.967773 -4.415147e-02
1164556494.967896 -4.207940e-02
1164556494.968018 -4.072453e-02
1164556494.968140 -2.889319e-02
1164556494.968262 1.211381e-03
1164556494.968384 3.624252e-02
1164556494.968506 5.851045e-02
1164556494.968628 6.741930e-02
1164556494.968750 6.133367e-02
1164556494.968872 4.148636e-02
1164556494.968994 1.846051e-02
1164556494.969116 -6.225399e-03
1164556494.969238 -2.847283e-02
1164556494.969360 -4.530451e-02
1164556494.969482 -5.396719e-02
1164556494.969604 -5.489824e-02
1164556494.969727 -5.066104e-02
1164556494.969849 -4.160635e-02
1164556494.969971 -2.246582e-02
1164556494.970093 1.138910e-02
1164556494.970215 4.796930e-02
1164556494.970337 6.820553e-02
1164556494.970459 7.009970e-02
1164556494.970581 5.826219e-02
1164556494.970703 3.703567e-02
1164556494.970825 1.428000e-02
1164556494.970947 -6.896619e-03
1164556494.971069 -3.263706e-02
1164556494.971191 -5.562505e-02
1164556494.971313 -6.258844e-02
1164556494.971436 -5.246095e-02
1164556494.971558 -4.167340e-02
1164556494.971680 -3.141787e-02
1164556494.971802 -9.079368e-03
1164556494.971924 2.176231e-02
1164556494.972046 4.598578e-02
1164556494.972168 6.279680e-02
1164556494.972290 6.826656e-02
1164556494.972412 5.371892e-02
1164556494.972534 2.200801e-02
1164556494.972656 -7.700207e-03
1164556494.972778 -2.642208e-02
1164556494.972900 -4.028191e-02
1164556494.973022 -5.136967e-02
1164556494.973145 -4.609103e-02
1164556494.973267 -2.475565e-02
1164556494.973389 7.466516e-04
1164556494.973511 1.279520e-02
1164556494.973633 1.011061e-02
1164556494.973755 1.707491e-03
1164556494.973877 -9.777164e-04
1164556494.973999 3.912742e-03
1164556494.974121 2.023662e-02
1164556494.974243 3.519511e-02
1164556494.974365 3.452115e-02
1164556494.974487 1.624435e-02
1164556494.974609 -4.659682e-03
1164556494.974731 -1.479216e-02
1164556494.974854 -1.119214e-02
1164556494.974976 -7.745019e-03
1164556494.975098 -1.080383e-02
1164556494.975220 -2.119626e-02
1164556494.975342 -2.403808e-02
1164556494.975464 -2.018943e-02
1164556494.975586 -1.515061e-02
1164556494.975708 -1.010029e-02
1164556494.975830 2.161154e-03
1164556494.975952 1.926055e-02
1164556494.976074 3.316297e-02
1164556494.976196 3.916995e-02
1164556494.976318 3.631426e-02
1164556494.976440 1.919340e-02
1164556494.976562 -5.711827e-03
1164556494.976685 -2.036692e-02
1164556494.976807 -1.603989e-02
1164556494.976929 -8.991790e-03
1164556494.977051 -1.147107e-02
1164556494.977173 -1.927674e-02
1164556494.977295 -2.415819e-02
1164556494.977417 -2.618698e-02
1164556494.977539 -2.124877e-02
1164556494.977661 -4.866411e-03
1164556494.977783 1.590169e-02
1164556494.977905 2.915138e-02
1164556494.978027 3.971960e-02
1164556494.978149 4.071759e-02
1164556494.978271 2.706394e-02
1164556494.978394 5.130125e-03
1164556494.978516 -1.382570e-02
1164556494.978638 -2.414746e-02
1164556494.978760 -2.305400e-02
1164556494.978882 -1.489345e-02
1164556494.979004 -9.155508e-03
1164556494.979126 -1.106153e-02
1164556494.979248 -1.074488e-02
1164556494.979370 -6.591608e-03
1164556494.979492 -9.164756e-04
1164556494.979614 1.686893e-03
1164556494.979736 5.344635e-03
1164556494.979858 8.369119e-03
1164556494.979980 1.189969e-02
1164556494.980103 1.160891e-02
1164556494.980225 1.354979e-02
1164556494.980347 1.744205e-02
1164556494.980469 1.562548e-02
1164556494.980591 5.987394e-03
1164556494.980713 1.109907e-03
1164556494.980835 -7.011679e-03
1164556494.980957 -2.103198e-02
1164556494.981079 -3.250464e-02
1164556494.981201 -3.138167e-02
1164556494.981323 -2.005687e-02
1164556494.981445 -6.725243e-03
1164556494.981567 2.421509e-03
1164556494.981689 8.985130e-03
1164556494.981812 1.596517e-02
1164556494.981934 2.336681e-02
1164556494.982056 2.879610e-02
1164556494.982178 3.067651e-02
1164556494.982300 2.233651e-02
1164556494.982422 3.343390e-03
1164556494.982544 -1.448762e-02
1164556494.982666 -2.019884e-02
1164556494.982788 -2.312308e-02
1164556494.982910 -2.181122e-02
1164556494.983032 -1.502795e-02
1164556494.983154 -8.460914e-03
1164556494.983276 -6.167778e-03
1164556494.983398 -2.958863e-03
1164556494.983521 -1.600553e-03
1164556494.983643 -2.792108e-03
1164556494.983765 7.377866e-04
1164556494.983887 1.471518e-02
1164556494.984009 2.685310e-02
1164556494.984131 3.171735e-02
1164556494.984253 2.642484e-02
1164556494.984375 1.339962e-02
1164556494.984497 1.362246e-03
1164556494.984619 -5.408418e-03
1164556494.984741 -1.428056e-02
1164556494.984863 -2.589743e-02
1164556494.984985 -3.672291e-02
1164556494.985107 -3.693765e-02
1164556494.985229 -2.588664e-02
1164556494.985352 -1.011087e-02
1164556494.985474 1.685308e-04
1164556494.985596 9.209506e-03
1164556494.985718 2.287670e-02
1164556494.985840 4.268022e-02
1164556494.985962 5.336284e-02
1164556494.986084 4.590890e-02
1164556494.986206 2.237179e-02
1164556494.986328 -5.614761e-03
1164556494.986450 -2.968788e-02
1164556494.986572 -4.203812e-02
1164556494.986694 -4.014050e-02
1164556494.986816 -3.187083e-02
1164556494.986938 -2.526373e-02
1164556494.987061 -1.572305e-02
1164556494.987183 -3.433651e-03
1164556494.987305 1.425049e-02
1164556494.987427 2.623563e-02
1164556494.987549 2.759158e-02
1164556494.987671 2.079318e-02
1164556494.987793 2.081398e-02
1164556494.987915 2.523115e-02
1164556494.988037 1.896444e-02
1164556494.988159 -3.083155e-03
1164556494.988281 -2.239890e-02
1164556494.988403 -2.606998e-02
1164556494.988525 -1.838848e-02
1164556494.988647 -1.113983e-02
1164556494.988770 -6.672913e-03
1164556494.988892 -5.648221e-03
1164556494.989014 -6.144925e-03
1164556494.989136 -7.363680e-03
1164556494.989258 -5.787407e-03
1164556494.989380 -4.457528e-03
1164556494.989502 7.435991e-05
1164556494.989624 8.950329e-03
1164556494.989746 1.966412e-02
1164556494.989868 3.098111e-02
1164556494.989990 3.788821e-02
1164556494.990112 3.075062e-02
1164556494.990234 7.189040e-03
1164556494.990356 -1.768867e-02
1164556494.990479 -2.919877e-02
1164556494.990601 -2.817195e-02
1164556494.990723 -2.709951e-02
1164556494.990845 -2.928183e-02
1164556494.990967 -2.684169e-02
1164556494.991089 -1.786154e-02
1164556494.991211 -2.029145e-03
1164556494.991333 1.566472e-02
1164556494.991455 2.972403e-02
1164556494.991577 3.179054e-02
1164556494.991699 3.288826e-02
1164556494.991821 3.412291e-02
1164556494.991943 3.203291e-02
1164556494.992065 2.083237e-02
1164556494.992188 -5.815547e-04
1164556494.992310 -3.005457e-02
1164556494.992432 -5.229290e-02
1164556494.992554 -5.814320e-02
1164556494.992676 -4.483980e-02
1164556494.992798 -2.253499e-02
1164556494.992920 -1.264127e-04
1164556494.993042 1.623714e-02
1164556494.993164 2.703026e-02
1164556494.993286 3.229139e-02
1164556494.993408 3.374287e-02
1164556494.993530 2.977459e-02
1164556494.993652 1.972111e-02
1164556494.993774 7.625451e-03
1164556494.993896 2.427891e-03
1164556494.994019 -2.377520e-03
1164556494.994141 -1.335821e-02
1164556494.994263 -2.434150e-02
1164556494.994385 -3.111900e-02
1164556494.994507 -3.264521e-02
1164556494.994629 -2.513916e-02
1164556494.994751 -1.029669e-02
1164556494.994873 1.126021e-03
1164556494.994995 6.699910e-03
1164556494.995117 1.587897e-02
1164556494.995239 2.858950e-02
1164556494.995361 3.317220e-02
1164556494.995483 2.432940e-02
1164556494.995605 1.208777e-02
1164556494.995728 2.673024e-03
1164556494.995850 -3.658321e-03
1164556494.995972 -7.166673e-03
1164556494.996094 -6.642578e-03
1164556494.996216 -8.990986e-03
1164556494.996338 -1.442219e-02
1164556494.996460 -2.327941e-02
1164556494.996582 -2.874635e-02
1164556494.996704 -2.548489e-02
1164556494.996826 -1.459900e-02
1164556494.996948 1.982839e-03
1164556494.997070 2.015588e-02
1164556494.997192 3.101671e-02
1164556494.997314 3.162800e-02
1164556494.997437 2.719541e-02
1164556494.997559 2.210207e-02
1164556494.997681 1.423210e-02
1164556494.997803 6.729142e-03
1164556494.997925 -2.840968e-03
1164556494.998047 -1.557437e-02
1164556494.998169 -2.888170e-02
1164556494.998291 -3.961143e-02
1164556494.998413 -4.432197e-02
1164556494.998535 -3.481763e-02
1164556494.998657 -1.279962e-02
1164556494.998779 1.332321e-02
1164556494.998901 3.255289e-02
1164556494.999023 4.321408e-02
1164556494.999146 4.246361e-02
1164556494.999268 2.828494e-02
1164556494.999390 6.677052e-03
1164556494.999512 -8.337741e-03
1164556494.999634 -1.276114e-02
1164556494.999756 -8.391431e-03
1164556494.999878 -5.571985e-03
1164556495.000000 -8.474737e-03
1164556495.000122 -1.806785e-02
1164556495.000244 -2.112334e-02
1164556495.000366 -1.913886e-02
1164556495.000488 -1.500663e-02
1164556495.000610 -8.365032e-03
1164556495.000732 4.433600e-03
1164556495.000854 1.755803e-02
1164556495.000977 2.509931e-02
1164556495.001099 2.550613e-02
1164556495.001221 2.173760e-02
1164556495.001343 1.169378e-02
1164556495.001465 -1.030508e-04
1164556495.001587 -8.037905e-03
1164556495.001709 -6.734968e-03
1164556495.001831 -1.591367e-03
1164556495.001953 -2.099765e-03
1164556495.002075 -1.363372e-02
1164556495.002197 -2.414639e-02
1164556495.002319 -2.373859e-02
1164556495.002441 -1.459479e-02
1164556495.002563 -1.644805e-03
1164556495.002686 9.108539e-03
1164556495.002808 1.069516e-02
1164556495.002930 1.004461e-02
1164556495.003052 1.242309e-02
1164556495.003174 1.611462e-02
1164556495.003296 1.651407e-02
1164556495.003418 1.468845e-02
1164556495.003540 7.896409e-03
1164556495.003662 5.507190e-03
1164556495.003784 4.052831e-03
1164556495.003906 -5.081307e-03
1164556495.004028 -2.268892e-02
1164556495.004150 -3.522555e-02
1164556495.004272 -3.623536e-02
1164556495.004395 -2.663688e-02
1164556495.004517 -1.243489e-02
1164556495.004639 1.719840e-03
1164556495.004761 1.832735e-02
1164556495.004883 3.379239e-02
1164556495.005005 3.880579e-02
1164556495.005127 3.757643e-02
1164556495.005249 2.583465e-02
1164556495.005371 6.002546e-03
1164556495.005493 -1.371037e-02
1164556495.005615 -2.138753e-02
1164556495.005737 -1.870454e-02
1164556495.005859 -1.592755e-02
1164556495.005981 -1.758306e-02
1164556495.006104 -2.125310e-02
1164556495.006226 -2.124365e-02
1164556495.006348 -1.366247e-02
1164556495.006470 -5.356795e-03
1164556495.006592 5.803772e-03
1164556495.006714 1.722660e-02
1164556495.006836 2.822770e-02
1164556495.006958 3.535707e-02
1164556495.007080 3.595336e-02
1164556495.007202 2.538955e-02
1164556495.007324 5.398233e-03
1164556495.007446 -1.466123e-02
1164556495.007568 -2.673834e-02
1164556495.007690 -3.001142e-02
1164556495.007812 -2.151400e-02
1164556495.007935 -1.501589e-02
1164556495.008057 -1.742942e-02
1164556495.008179 -1.827996e-02
1164556495.008301 -1.065575e-02
1164556495.008423 3.001194e-04
1164556495.008545 1.238130e-02
1164556495.008667 2.563842e-02
1164556495.008789 3.929300e-02
1164556495.008911 4.336676e-02
1164556495.009033 3.042330e-02
1164556495.009155 6.374073e-03
1164556495.009277 -1.581479e-02
1164556495.009399 -2.784578e-02
1164556495.009521 -2.758297e-02
1164556495.009644 -2.314479e-02
1164556495.009766 -1.799342e-02
1164556495.009888 -1.707522e-02
1164556495.010010 -1.640072e-02
1164556495.010132 -1.037199e-02
1164556495.010254 4.140502e-03
1164556495.010376 2.076280e-02
1164556495.010498 3.087256e-02
1164556495.010620 3.256078e-02
1164556495.010742 2.456144e-02
1164556495.010864 1.175998e-02
1164556495.010986 2.824151e-03
1164556495.011108 -7.616904e-03
1164556495.011230 -1.830536e-02
1164556495.011353 -2.208762e-02
1164556495.011475 -1.806002e-02
1164556495.011597 -1.424198e-02
1164556495.011719 -1.005882e-02
1164556495.011841 -5.698905e-03
1164556495.011963 2.212292e-03
1164556495.012085 8.222722e-03
1164556495.012207 1.172311e-02
1164556495.012329 1.248067e-02
1164556495.012451 8.095678e-03
1164556495.012573 6.359141e-04
1164556495.012695 4.345456e-04
1164556495.012817 5.443945e-03
1164556495.012939 6.331086e-03
1164556495.013062 4.293426e-03
1164556495.013184 -3.821720e-04
1164556495.013306 -8.098782e-03
1164556495.013428 -9.419121e-03
1164556495.013550 -3.415671e-03
1164556495.013672 3.496122e-03
1164556495.013794 1.000520e-03
1164556495.013916 -7.708515e-03
1164556495.014038 -1.349746e-02
1164556495.014160 -1.156707e-02
1164556495.014282 -7.704902e-03
1164556495.014404 -5.337163e-03
1164556495.014526 1.438807e-03
1164556495.014648 1.413537e-02
1164556495.014771 2.370636e-02
1164556495.014893 2.888930e-02
1164556495.015015 2.589163e-02
1164556495.015137 1.364827e-02
1164556495.015259 -3.220149e-03
1164556495.015381 -1.881605e-02
1164556495.015503 -3.036804e-02
1164556495.015625 -3.016399e-02
1164556495.015747 -2.402098e-02
1164556495.015869 -1.543894e-02
1164556495.015991 -3.068765e-03
1164556495.016113 8.019335e-03
1164556495.016235 1.140021e-02
1164556495.016357 1.301896e-02
1164556495.016479 1.507846e-02
1164556495.016602 2.172807e-02
1164556495.016724 2.628668e-02
1164556495.016846 2.294606e-02
1164556495.016968 9.965254e-03
1164556495.017090 -9.978558e-03
1164556495.017212 -2.781765e-02
1164556495.017334 -3.524384e-02
1164556495.017456 -3.104642e-02
1164556495.017578 -1.411406e-02
1164556495.017700 3.617913e-03
1164556495.017822 1.320034e-02
1164556495.017944 1.124203e-02
1164556495.018066 5.524108e-03
1164556495.018188 2.603908e-03
1164556495.018311 2.750060e-03
1164556495.018433 2.839924e-03
1164556495.018555 5.438368e-03
1164556495.018677 9.605300e-03
1164556495.018799 1.291135e-02
1164556495.018921 1.221454e-02
1164556495.019043 9.118985e-03
1164556495.019165 -1.360001e-03
1164556495.019287 -1.535710e-02
1164556495.019409 -2.016843e-02
1164556495.019531 -1.607057e-02
1164556495.019653 -1.213865e-02
1164556495.019775 -8.998522e-03
1164556495.019897 -9.030178e-03
1164556495.020020 -8.746524e-03
1164556495.020142 -2.817192e-03
1164556495.020264 8.027479e-03
1164556495.020386 1.837545e-02
1164556495.020508 2.582555e-02
1164556495.020630 2.859145e-02
1164556495.020752 2.681245e-02
1164556495.020874 2.124217e-02
1164556495.020996 7.714626e-03
1164556495.021118 -1.418073e-02
1164556495.021240 -3.292587e-02
1164556495.021362 -4.365252e-02
1164556495.021484 -4.270504e-02
1164556495.021606 -2.979368e-02
1164556495.021729 -1.110305e-02
1164556495.021851 1.534518e-03
1164556495.021973 1.316530e-02
1164556495.022095 2.889281e-02
1164556495.022217 4.395484e-02
1164556495.022339 4.591519e-02
1164556495.022461 3.391744e-02
1164556495.022583 1.522130e-02
1164556495.022705 -2.069297e-03
1164556495.022827 -1.894488e-02
1164556495.022949 -3.331917e-02
1164556495.023071 -4.003936e-02
1164556495.023193 -3.686496e-02
1164556495.023315 -2.844951e-02
1164556495.023438 -1.588331e-02
1164556495.023560 -9.956462e-04
1164556495.023682 1.482696e-02
1164556495.023804 2.662800e-02
1164556495.023926 3.244889e-02
1164556495.024048 3.280678e-02
1164556495.024170 2.723648e-02
1164556495.024292 1.648153e-02
1164556495.024414 2.091130e-03
1164556495.024536 -1.300835e-02
1164556495.024658 -2.048884e-02
1164556495.024780 -2.051253e-02
1164556495.024902 -1.881668e-02
1164556495.025024 -2.078022e-02
1164556495.025146 -2.164972e-02
1164556495.025269 -1.493772e-02
1164556495.025391 -4.111856e-04
1164556495.025513 1.357250e-02
1164556495.025635 2.180544e-02
1164556495.025757 2.262479e-02
1164556495.025879 2.183690e-02
1164556495.026001 1.914440e-02
1164556495.026123 1.148851e-02
1164556495.026245 -1.896799e-03
1164556495.026367 -1.436940e-02
1164556495.026489 -1.920870e-02
1164556495.026611 -1.314611e-02
1164556495.026733 -5.796710e-03
1164556495.026855 -3.200435e-03
1164556495.026978 -7.045707e-03
1164556495.027100 -1.091686e-02
1164556495.027222 -8.117260e-03
1164556495.027344 -3.273202e-04
1164556495.027466 6.816533e-03
1164556495.027588 1.582319e-02
1164556495.027710 1.875034e-02
1164556495.027832 1.411728e-02
1164556495.027954 7.080533e-03
1164556495.028076 3.375097e-03
1164556495.028198 -3.188964e-03
1164556495.028320 -1.315698e-02
1164556495.028442 -1.745412e-02
1164556495.028564 -1.235544e-02
1164556495.028687 -8.150605e-04
1164556495.028809 7.266434e-03
1164556495.028931 6.089475e-03
1164556495.029053 2.303238e-03
1164556495.029175 -1.811293e-03
1164556495.029297 -3.879575e-03
1164556495.029419 -5.019832e-03
1164556495.029541 -1.212374e-03
1164556495.029663 2.452146e-03
1164556495.029785 4.660720e-03
1164556495.029907 5.488833e-03
1164556495.030029 3.624920e-03
1164556495.030151 2.745453e-03
1164556495.030273 2.616520e-03
1164556495.030396 2.447179e-04
1164556495.030518 -6.040166e-04
1164556495.030640 5.743984e-04
1164556495.030762 1.813074e-03
1164556495.030884 -1.339450e-03
1164556495.031006 -6.402838e-03
1164556495.031128 -9.285587e-03
1164556495.031250 -9.313056e-03
1164556495.031372 -7.100228e-03
1164556495.031494 -2.482635e-03
1164556495.031616 2.204658e-04
1164556495.031738 2.792996e-03
1164556495.031860 7.904587e-03
1164556495.031982 1.318729e-02
1164556495.032104 1.273506e-02
1164556495.032227 1.121218e-02
1164556495.032349 1.025305e-02
1164556495.032471 5.016854e-03
1164556495.032593 -2.725807e-03
1164556495.032715 -1.129623e-02
1164556495.032837 -1.894180e-02
1164556495.032959 -2.299327e-02
1164556495.033081 -2.328675e-02
1164556495.033203 -1.649760e-02
1164556495.033325 9.239805e-05
1164556495.033447 1.562054e-02
1164556495.033569 2.358141e-02
1164556495.033691 2.589242e-02
1164556495.033813 2.188801e-02
1164556495.033936 1.290186e-02
1164556495.034058 2.345863e-03
1164556495.034180 -6.397915e-03
1164556495.034302 -1.350649e-02
1164556495.034424 -1.492040e-02
1164556495.034546 -1.220015e-02
1164556495.034668 -1.076445e-02
1164556495.034790 -1.201587e-02
1164556495.034912 -1.115357e-02
1164556495.035034 -5.893635e-03
1164556495.035156 2.942290e-03
1164556495.035278 1.156750e-02
1164556495.035400 1.958013e-02
1164556495.035522 2.117609e-02
1164556495.035645 1.570210e-02
1164556495.035767 6.785976e-03
1164556495.035889 -3.415400e-03
1164556495.036011 -9.380550e-03
1164556495.036133 -1.149687e-02
1164556495.036255 -1.408031e-02
1164556495.036377 -1.169370e-02
1164556495.036499 -3.261682e-03
1164556495.036621 6.955773e-03
1164556495.036743 7.363106e-03
1164556495.036865 -2.123899e-05
1164556495.036987 -8.482730e-03
1164556495.037109 -9.033592e-03
1164556495.037231 -2.522977e-03
1164556495.037354 3.499068e-03
1164556495.037476 8.955429e-03
1164556495.037598 1.272180e-02
1164556495.037720 1.096137e-02
1164556495.037842 7.551170e-03
1164556495.037964 7.066495e-03
1164556495.038086 6.625346e-03
1164556495.038208 -1.750845e-03
1164556495.038330 -1.134116e-02
1164556495.038452 -1.813513e-02
1164556495.038574 -1.889577e-02
1164556495.038696 -1.553471e-02
1164556495.038818 -1.197292e-02
1164556495.038940 -8.108049e-03
1164556495.039062 1.589881e-03
1164556495.039185 1.515798e-02
1164556495.039307 2.771671e-02
1164556495.039429 3.001422e-02
1164556495.039551 2.206339e-02
1164556495.039673 1.026002e-02
1164556495.039795 5.554827e-04
1164556495.039917 -8.000993e-03
1164556495.040039 -1.687462e-02
1164556495.040161 -2.671329e-02
1164556495.040283 -3.035861e-02
1164556495.040405 -2.520819e-02
1164556495.040527 -1.374587e-02
1164556495.040649 -1.019037e-03
1164556495.040771 1.185222e-02
1164556495.040894 2.336583e-02
1164556495.041016 3.083527e-02
1164556495.041138 3.037616e-02
1164556495.041260 2.387738e-02
1164556495.041382 1.216508e-02
1164556495.041504 -1.110815e-03
1164556495.041626 -1.413775e-02
1164556495.041748 -2.653146e-02
1164556495.041870 -3.533732e-02
1164556495.041992 -3.798943e-02
1164556495.042114 -3.478967e-02
