1164556494.810791 -7.743551e-03
1164556494.810913 -1.026438e-02
1164556494.811035 -1.179996e-02
1164556494.811157 -1.197447e-02
1164556494.811279 -1.074905e-02
1164556494.811401 -7.783851e-03
1164556494.811523 -3.904328e-03
1164556494.811646 7.780020e-04
1164556494.811768 6.040101e-03
1164556494.811890 1.035561e-02
1164556494.812012 1.305959e-02
1164556494.812134 1.385532e-02
1164556494.812256 1.176948e-02
1164556494.812378 6.255572e-03
1164556494.812500 2.925157e-05
1164556494.812622 -5.515273e-03
1164556494.812744 -9.912884e-03
1164556494.812866 -1.208436e-02
1164556494.812988 -1.169869e-02
1164556494.813110 -1.011087e-02
1164556494.813232 -7.743002e-03
1164556494.813354 -3.742610e-03
1164556494.813477 2.015552e-03
1164556494.813599 7.058566e-03
1164556494.813721 1.059722e-02
1164556494.813843 1.167180e-02
1164556494.813965 9.952694e-03
1164556494.814087 6.321104e-03
1164556494.814209 2.483071e-03
1164556494.814331 -1.087752e-03
1164556494.814453 -3.063012e-03
1164556494.814575 -3.983748e-03
1164556494.814697 -4.966930e-03
1164556494.814819 -6.630830e-03
1164556494.814941 -7.241969e-03
1164556494.815063 -6.206546e-03
1164556494.815186 -3.835089e-03
1164556494.815308 -1.739692e-03
1164556494.815430 8.462118e-05
1164556494.815552 2.608838e-03
1164556494.815674 5.296300e-03
1164556494.815796 6.907406e-03
1164556494.815918 7.243747e-03
1164556494.816040 6.250680e-03
1164556494.816162 4.834673e-03
1164556494.816284 3.278073e-03
1164556494.816406 7.430738e-04
1164556494.816528 -3.503270e-03
1164556494.816650 -6.447626e-03
1164556494.816772 -7.718084e-03
1164556494.816895 -7.594548e-03
1164556494.817017 -6.134612e-03
1164556494.817139 -4.118543e-03
1164556494.817261 -2.279011e-03
1164556494.817383 9.824751e-04
1164556494.817505 4.557053e-03
1164556494.817627 6.485233e-03
1164556494.817749 6.339456e-03
1164556494.817871 5.413265e-03
1164556494.817993 3.862229e-03
1164556494.818115 2.640106e-03
1164556494.818237 1.373969e-03
1164556494.818359 2.466435e-04
1164556494.818481 -1.399891e-03
1164556494.818604 -3.770714e-03
1164556494.818726 -4.928123e-03
1164556494.818848 -4.440138e-03
1164556494.818970 -4.538430e-03
1164556494.819092 -4.646737e-03
1164556494.819214 -3.132831e-03
1164556494.819336 -1.171191e-03
1164556494.819458 3.817926e-04
1164556494.819580 2.068537e-03
1164556494.819702 3.933231e-03
1164556494.819824 5.948498e-03
1164556494.819946 7.238258e-03
1164556494.820068 6.695308e-03
1164556494.820190 4.625050e-03
1164556494.820312 1.762066e-03
1164556494.820435 -1.499838e-03
1164556494.820557 -4.321895e-03
1164556494.820679 -5.748953e-03
1164556494.820801 -5.786173e-03
1164556494.820923 -6.031923e-03
1164556494.821045 -6.303078e-03
1164556494.821167 -5.339856e-03
1164556494.821289 -2.635648e-03
1164556494.821411 8.495931e-04
1164556494.821533 4.153052e-03
1164556494.821655 6.466785e-03
1164556494.821777 7.233750e-03
1164556494.821899 7.110850e-03
1164556494.822021 7.131617e-03
1164556494.822144 6.217711e-03
1164556494.822266 2.950866e-03
1164556494.822388 -1.658071e-03
1164556494.822510 -5.299820e-03
1164556494.822632 -8.474673e-03
1164556494.822754 -9.942563e-03
1164556494.822876 -9.733262e-03
1164556494.822998 -7.760331e-03
1164556494.823120 -3.552112e-03
1164556494.823242 2.039190e-03
1164556494.823364 6.637891e-03
1164556494.823486 8.124651e-03
1164556494.823608 7.095809e-03
1164556494.823730 5.276189e-03
1164556494.823853 4.177739e-03
1164556494.823975 4.458120e-03
1164556494.824097 3.703450e-03
1164556494.824219 7.785681e-04
1164556494.824341 -3.453154e-03
1164556494.824463 -6.118609e-03
1164556494.824585 -6.386669e-03
1164556494.824707 -6.446781e-03
1164556494.824829 -6.608364e-03
1164556494.824951 -5.200844e-03
1164556494.825073 -2.345486e-03
1164556494.825195 9.333880e-04
1164556494.825317 3.753323e-03
1164556494.825439 5.890187e-03
1164556494.825562 6.546385e-03
1164556494.825684 6.057218e-03
1164556494.825806 4.284164e-03
1164556494.825928 2.636257e-03
1164556494.826050 1.578209e-03
1164556494.826172 6.090578e-04
1164556494.826294 -1.230312e-03
1164556494.826416 -2.627713e-03
1164556494.826538 -4.623736e-03
1164556494.826660 -6.754183e-03
1164556494.826782 -7.549051e-03
1164556494.826904 -6.341630e-03
1164556494.827026 -3.422174e-03
1164556494.827148 3.900981e-04
1164556494.827271 3.691725e-03
1164556494.827393 6.073984e-03
1164556494.827515 6.725162e-03
1164556494.827637 6.675170e-03
1164556494.827759 5.920046e-03
1164556494.827881 4.127792e-03
1164556494.828003 5.069605e-04
1164556494.828125 -2.402947e-03
1164556494.828247 -4.262562e-03
1164556494.828369 -5.315396e-03
1164556494.828491 -5.252565e-03
1164556494.828613 -3.635628e-03
1164556494.828735 -2.029128e-03
1164556494.828857 -9.084998e-04
1164556494.828979 -4.486727e-04
1164556494.829102 -2.693164e-04
1164556494.829224 6.572764e-04
1164556494.829346 2.491361e-03
1164556494.829468 2.479482e-03
1164556494.829590 1.177584e-03
1164556494.829712 7.576423e-04
1164556494.829834 2.350403e-03
1164556494.829956 4.224250e-03
1164556494.830078 5.086639e-03
1164556494.830200 4.542706e-03
1164556494.830322 1.776059e-03
1164556494.830444 -3.014456e-03
1164556494.830566 -6.750366e-03
1164556494.830688 -8.034268e-03
1164556494.830811 -7.235067e-03
1164556494.830933 -5.637605e-03
1164556494.831055 -3.817748e-03
1164556494.831177 -1.471183e-03
1164556494.831299 2.563495e-03
1164556494.831421 5.801214e-03
1164556494.831543 6.878474e-03
1164556494.831665 7.110460e-03
1164556494.831787 7.005554e-03
1164556494.831909 5.610868e-03
1164556494.832031 2.505408e-03
1164556494.832153 -4.314707e-04
1164556494.832275 -2.196001e-03
1164556494.832397 -4.000048e-03
1164556494.832520 -6.328141e-03
1164556494.832642 -8.676071e-03
1164556494.832764 -8.250049e-03
1164556494.832886 -6.208273e-03
1164556494.833008 -3.518010e-03
1164556494.833130 5.037689e-04
1164556494.833252 4.323600e-03
1164556494.833374 6.342140e-03
1164556494.833496 6.807858e-03
1164556494.833618 7.081946e-03
1164556494.833740 8.130314e-03
1164556494.833862 7.133587e-03
1164556494.833984 4.178875e-03
1164556494.834106 3.994738e-04
1164556494.834229 -4.215094e-03
1164556494.834351 -8.483029e-03
1164556494.834473 -1.086612e-02
1164556494.834595 -1.092671e-02
1164556494.834717 -7.925207e-03
1164556494.834839 -3.210754e-03
1164556494.834961 3.504529e-04
1164556494.835083 2.483493e-03
1164556494.835205 5.131594e-03
1164556494.835327 7.245726e-03
1164556494.835449 8.405299e-03
1164556494.835571 7.917117e-03
1164556494.835693 6.473849e-03
1164556494.835815 4.079366e-03
1164556494.835938 1.377201e-03
1164556494.836060 -2.339876e-03
1164556494.836182 -5.472268e-03
1164556494.836304 -7.520415e-03
1164556494.836426 -8.423277e-03
1164556494.836548 -8.126594e-03
1164556494.836670 -6.692780e-03
1164556494.836792 -4.032360e-03
1164556494.836914 3.542917e-04
1164556494.837036 4.135591e-03
1164556494.837158 6.824840e-03
1164556494.837280 7.183991e-03
1164556494.837402 5.863188e-03
1164556494.837524 4.720723e-03
1164556494.837646 4.687020e-03
1164556494.837769 3.998588e-03
1164556494.837891 1.686486e-03
1164556494.838013 -1.590403e-03
1164556494.838135 -4.568987e-03
1164556494.838257 -6.500102e-03
1164556494.838379 -6.837241e-03
1164556494.838501 -6.520448e-03
1164556494.838623 -4.313531e-03
1164556494.838745 -2.223386e-03
1164556494.838867 -1.984008e-03
1164556494.838989 -1.054791e-03
1164556494.839111 1.951794e-03
1164556494.839233 4.753162e-03
1164556494.839355 6.576004e-03
1164556494.839478 7.626574e-03
1164556494.839600 8.198667e-03
1164556494.839722 7.105868e-03
1164556494.839844 4.465964e-03
1164556494.839966 8.345320e-05
1164556494.840088 -4.311245e-03
1164556494.840210 -7.851647e-03
1164556494.840332 -1.001809e-02
1164556494.840454 -1.011544e-02
1164556494.840576 -8.781910e-03
1164556494.840698 -6.636833e-03
1164556494.840820 -2.046450e-03
1164556494.840942 3.254387e-03
1164556494.841064 6.404390e-03
1164556494.841187 8.615204e-03
1164556494.841309 1.070313e-02
1164556494.841431 9.956912e-03
1164556494.841553 7.863584e-03
1164556494.841675 4.609314e-03
1164556494.841797 -1.184083e-04
1164556494.841919 -4.096292e-03
1164556494.842041 -7.029756e-03
1164556494.842163 -1.018731e-02
1164556494.842285 -1.047091e-02
1164556494.842407 -8.033891e-03
1164556494.842529 -5.138699e-03
1164556494.842651 -2.547898e-03
1164556494.842773 7.572727e-04
1164556494.842896 4.805799e-03
1164556494.843018 7.016665e-03
1164556494.843140 6.802702e-03
1164556494.843262 7.569306e-03
1164556494.843384 7.238173e-03
1164556494.843506 5.726157e-03
1164556494.843628 3.388171e-03
1164556494.843750 3.380451e-04
1164556494.843872 -3.148034e-03
1164556494.843994 -5.970032e-03
1164556494.844116 -7.892213e-03
1164556494.844238 -8.890668e-03
1164556494.844360 -9.031781e-03
1164556494.844482 -5.759803e-03
1164556494.844604 -1.287508e-03
1164556494.844727 1.832178e-03
1164556494.844849 4.105395e-03
1164556494.844971 5.836120e-03
1164556494.845093 5.936317e-03
1164556494.845215 5.497430e-03
1164556494.845337 5.800249e-03
1164556494.845459 6.615069e-03
1164556494.845581 5.410229e-03
1164556494.845703 1.757427e-03
1164556494.845825 -3.022878e-03
1164556494.845947 -6.575654e-03
1164556494.846069 -7.363440e-03
1164556494.846191 -7.487844e-03
1164556494.846313 -7.900947e-03
1164556494.846436 -6.906559e-03
1164556494.846558 -4.633535e-03
1164556494.846680 -1.326673e-03
1164556494.846802 2.613646e-03
1164556494.846924 6.712631e-03
1164556494.847046 9.213617e-03
1164556494.847168 1.029485e-02
1164556494.847290 9.216660e-03
1164556494.847412 6.557469e-03
1164556494.847534 2.330232e-03
1164556494.847656 -1.592942e-03
1164556494.847778 -5.150260e-03
1164556494.847900 -7.429025e-03
1164556494.848022 -8.548476e-03
1164556494.848145 -8.358004e-03
1164556494.848267 -7.129507e-03
1164556494.848389 -4.569075e-03
1164556494.848511 -1.542470e-03
1164556494.848633 1.206506e-03
1164556494.848755 4.110994e-03
1164556494.848877 7.075352e-03
1164556494.848999 7.683814e-03
1164556494.849121 6.577389e-03
1164556494.849243 5.026306e-03
1164556494.849365 4.555259e-03
1164556494.849487 3.577533e-03
1164556494.849609 1.485418e-03
1164556494.849731 -2.600351e-03
1164556494.849854 -6.508261e-03
1164556494.849976 -8.990995e-03
1164556494.850098 -9.285261e-03
1164556494.850220 -8.455927e-03
1164556494.850342 -5.314157e-03
1164556494.850464 -1.876591e-03
1164556494.850586 2.238020e-03
1164556494.850708 6.024446e-03
1164556494.850830 8.857240e-03
1164556494.850952 9.036028e-03
1164556494.851074 6.495420e-03
1164556494.851196 3.390091e-03
1164556494.851318 1.275089e-03
1164556494.851440 -5.638209e-04
1164556494.851562 -2.070939e-03
1164556494.851685 -3.110775e-03
1164556494.851807 -3.314191e-03
1164556494.851929 -4.051433e-03
1164556494.852051 -4.188664e-03
1164556494.852173 -3.632712e-03
1164556494.852295 -3.424196e-03
1164556494.852417 -3.628640e-03
1164556494.852539 -2.237615e-03
1164556494.852661 1.100125e-04
1164556494.852783 2.293998e-03
1164556494.852905 4.824974e-03
1164556494.853027 7.172541e-03
1164556494.853149 7.779191e-03
1164556494.853271 6.898929e-03
1164556494.853394 3.805204e-03
1164556494.853516 8.645558e-04
1164556494.853638 -1.077469e-03
1164556494.853760 -3.428192e-03
1164556494.853882 -6.441601e-03
1164556494.854004 -7.896396e-03
1164556494.854126 -8.214490e-03
1164556494.854248 -6.657167e-03
1164556494.854370 -3.582512e-03
1164556494.854492 -6.076535e-04
1164556494.854614 1.245946e-03
1164556494.854736 4.255330e-03
1164556494.854858 6.909062e-03
1164556494.854980 8.369879e-03
1164556494.855103 7.879639e-03
1164556494.855225 5.628876e-03
1164556494.855347 3.233096e-03
1164556494.855469 1.106773e-03
1164556494.855591 -1.452902e-03
1164556494.855713 -3.289375e-03
1164556494.855835 -4.705917e-03
1164556494.855957 -6.742893e-03
1164556494.856079 -9.769233e-03
1164556494.856201 -9.772507e-03
1164556494.856323 -6.666707e-03
1164556494.856445 -1.959453e-03
1164556494.856567 3.117238e-03
1164556494.856689 7.168849e-03
1164556494.856812 8.291055e-03
1164556494.856934 8.269804e-03
1164556494.857056 8.179848e-03
1164556494.857178 7.803673e-03
1164556494.857300 5.485324e-03
1164556494.857422 1.683454e-03
1164556494.857544 -2.585930e-03
1164556494.857666 -5.963812e-03
1164556494.857788 -9.547056e-03
1164556494.857910 -1.171705e-02
1164556494.858032 -1.051459e-02
1164556494.858154 -6.130151e-03
1164556494.858276 -1.856120e-03
1164556494.858398 1.954944e-03
1164556494.858521 4.801474e-03
1164556494.858643 6.156137e-03
1164556494.858765 6.437907e-03
1164556494.858887 6.117268e-03
1164556494.859009 6.696132e-03
1164556494.859131 7.724315e-03
1164556494.859253 5.917940e-03
1164556494.859375 2.282577e-03
1164556494.859497 -2.512148e-03
1164556494.859619 -6.821750e-03
1164556494.859741 -1.020023e-02
1164556494.859863 -1.061538e-02
1164556494.859985 -8.904389e-03
1164556494.860107 -5.815094e-03
1164556494.860229 -2.474992e-03
1164556494.860352 1.230879e-03
1164556494.860474 3.609462e-03
1164556494.860596 5.969258e-03
1164556494.860718 7.900672e-03
1164556494.860840 8.279712e-03
1164556494.860962 6.337029e-03
1164556494.861084 5.204915e-03
1164556494.861206 4.444854e-03
1164556494.861328 3.079013e-03
1164556494.861450 -1.036042e-03
1164556494.861572 -6.103010e-03
1164556494.861694 -1.072298e-02
1164556494.861816 -1.176831e-02
1164556494.861938 -8.967834e-03
1164556494.862061 -3.786503e-03
1164556494.862183 -2.056930e-04
1164556494.862305 6.524479e-04
1164556494.862427 3.065206e-04
1164556494.862549 2.598892e-03
1164556494.862671 6.470041e-03
1164556494.862793 9.427475e-03
1164556494.862915 9.569876e-03
1164556494.863037 8.382539e-03
1164556494.863159 5.954639e-03
1164556494.863281 2.608054e-03
1164556494.863403 -2.008869e-03
1164556494.863525 -6.297545e-03
1164556494.863647 -1.103413e-02
1164556494.863770 -1.271539e-02
1164556494.863892 -1.103915e-02
1164556494.864014 -7.310064e-03
1164556494.864136 -3.281792e-03
1164556494.864258 1.022925e-03
1164556494.864380 4.308632e-03
1164556494.864502 8.449301e-03
1164556494.864624 1.105648e-02
1164556494.864746 1.126892e-02
1164556494.864868 9.320131e-03
1164556494.864990 5.197568e-03
1164556494.865112 -1.218956e-04
1164556494.865234 -3.896518e-03
1164556494.865356 -5.772315e-03
1164556494.865479 -5.929128e-03
1164556494.865601 -6.232313e-03
1164556494.865723 -6.199901e-03
1164556494.865845 -5.926651e-03
1164556494.865967 -4.693637e-03
1164556494.866089 -3.328752e-03
1164556494.866211 -1.196939e-03
1164556494.866333 1.488514e-03
1164556494.866455 4.549217e-03
1164556494.866577 6.341917e-03
1164556494.866699 7.660349e-03
1164556494.866821 7.251366e-03
1164556494.866943 7.108845e-03
1164556494.867065 6.024777e-03
1164556494.867188 2.639792e-03
1164556494.867310 -1.707621e-03
1164556494.867432 -4.444713e-03
1164556494.867554 -6.873790e-03
1164556494.867676 -8.093614e-03
1164556494.867798 -8.895190e-03
1164556494.867920 -9.113784e-03
1164556494.868042 -8.503695e-03
1164556494.868164 -4.898962e-03
1164556494.868286 3.575710e-04
1164556494.868408 5.418349e-03
1164556494.868530 9.425418e-03
1164556494.868652 1.280832e-02
1164556494.868774 1.432609e-02
1164556494.868896 1.337590e-02
1164556494.869019 8.094167e-03
1164556494.869141 6.812778e-04
1164556494.869263 -6.523347e-03
1164556494.869385 -1.142524e-02
1164556494.869507 -1.430764e-02
1164556494.869629 -1.365314e-02
1164556494.869751 -1.017229e-02
1164556494.869873 -6.315668e-03
1164556494.869995 -2.634135e-03
1164556494.870117 2.473604e-03
1164556494.870239 6.729558e-03
1164556494.870361 8.656622e-03
1164556494.870483 8.957294e-03
1164556494.870605 1.045275e-02
1164556494.870728 1.031348e-02
1164556494.870850 6.804741e-03
1164556494.870972 1.093540e-03
1164556494.871094 -2.828403e-03
1164556494.871216 -4.373246e-03
1164556494.871338 -5.785562e-03
1164556494.871460 -8.315640e-03
1164556494.871582 -9.579957e-03
1164556494.871704 -8.750769e-03
1164556494.871826 -6.713919e-03
1164556494.871948 -4.195039e-03
1164556494.872070 1.756486e-05
1164556494.872192 3.153051e-03
1164556494.872314 5.748792e-03
1164556494.872437 8.598554e-03
1164556494.872559 1.107052e-02
1164556494.872681 1.025033e-02
1164556494.872803 7.335682e-03
1164556494.872925 3.792812e-03
1164556494.873047 8.474786e-04
1164556494.873169 -2.946399e-03
1164556494.873291 -6.471730e-03
1164556494.873413 -9.226557e-03
1164556494.873535 -1.082539e-02
1164556494.873657 -1.086870e-02
1164556494.873779 -7.892289e-03
1164556494.873901 -3.718626e-03
1164556494.874023 5.301119e-04
1164556494.874146 2.881436e-03
1164556494.874268 5.081128e-03
1164556494.874390 7.563121e-03
1164556494.874512 1.114349e-02
1164556494.874634 1.150781e-02
1164556494.874756 7.743734e-03
1164556494.874878 3.820402e-03
1164556494.875000 2.190809e-03
1164556494.875122 3.859035e-04
1164556494.875244 -3.782750e-03
1164556494.875366 -9.567373e-03
1164556494.875488 -1.291831e-02
1164556494.875610 -1.359469e-02
1164556494.875732 -1.193586e-02
1164556494.875854 -7.831089e-03
1164556494.875977 -9.611481e-04
1164556494.876099 4.747954e-03
1164556494.876221 8.603868e-03
1164556494.876343 1.149295e-02
1164556494.876465 1.300302e-02
1164556494.876587 1.140927e-02
1164556494.876709 7.926624e-03
1164556494.876831 3.633340e-03
1164556494.876953 1.399776e-03
1164556494.877075 -1.917756e-04
1164556494.877197 -3.635846e-03
1164556494.877319 -9.343214e-03
1164556494.877441 -1.269196e-02
1164556494.877563 -1.435942e-02
1164556494.877686 -1.278772e-02
1164556494.877808 -9.542710e-03
1164556494.877930 -5.443560e-03
1164556494.878052 7.279968e-04
1164556494.878174 8.192562e-03
1164556494.878296 1.390236e-02
1164556494.878418 1.809759e-02
1164556494.878540 1.908714e-02
1164556494.878662 1.570910e-02
1164556494.878784 7.954827e-03
1164556494.878906 3.652509e-04
1164556494.879028 -6.558164e-03
1164556494.879150 -1.314092e-02
1164556494.879272 -1.837779e-02
1164556494.879395 -1.832503e-02
1164556494.879517 -1.599760e-02
1164556494.879639 -1.196593e-02
1164556494.879761 -5.987818e-03
1164556494.879883 2.749237e-03
1164556494.880005 1.137064e-02
1164556494.880127 1.740058e-02
1164556494.880249 1.757098e-02
1164556494.880371 1.429675e-02
1164556494.880493 9.961480e-03
1164556494.880615 6.536048e-03
1164556494.880737 1.965603e-03
1164556494.880859 -3.228115e-03
1164556494.880981 -7.971706e-03
1164556494.881104 -1.036404e-02
1164556494.881226 -1.293482e-02
1164556494.881348 -1.285664e-02
1164556494.881470 -1.110526e-02
1164556494.881592 -8.697963e-03
1164556494.881714 -4.128696e-03
1164556494.881836 9.151037e-04
1164556494.881958 5.058345e-03
1164556494.882080 1.043403e-02
1164556494.882202 1.448014e-02
1164556494.882324 1.547681e-02
1164556494.882446 1.283184e-02
1164556494.882568 8.807976e-03
1164556494.882690 3.793480e-03
1164556494.882812 -1.499104e-03
1164556494.882935 -6.722072e-03
1164556494.883057 -1.089147e-02
1164556494.883179 -1.377627e-02
1164556494.883301 -1.397935e-02
1164556494.883423 -1.258226e-02
1164556494.883545 -9.586719e-03
1164556494.883667 -5.150237e-03
1164556494.883789 1.785087e-03
1164556494.883911 7.433760e-03
1164556494.884033 1.092338e-02
1164556494.884155 1.207841e-02
1164556494.884277 1.333611e-02
1164556494.884399 1.301253e-02
1164556494.884521 9.992831e-03
1164556494.884644 5.632712e-03
1164556494.884766 1.295473e-03
1164556494.884888 -4.359061e-03
1164556494.885010 -9.663500e-03
1164556494.885132 -1.486414e-02
1164556494.885254 -1.788337e-02
1164556494.885376 -1.649911e-02
1164556494.885498 -1.158383e-02
1164556494.885620 -6.298252e-03
1164556494.885742 4.523347e-04
1164556494.885864 7.819774e-03
1164556494.885986 1.469807e-02
1164556494.886108 1.772370e-02
1164556494.886230 1.713869e-02
1164556494.886353 1.371500e-02
1164556494.886475 9.275568e-03
1164556494.886597 3.001435e-03
1164556494.886719 -2.785154e-03
1164556494.886841 -8.031346e-03
1164556494.886963 -1.177028e-02
1164556494.887085 -1.400041e-02
1164556494.887207 -1.433357e-02
1164556494.887329 -1.416134e-02
1164556494.887451 -1.108367e-02
1164556494.887573 -5.652952e-03
1164556494.887695 9.958559e-04
1164556494.887817 7.087000e-03
1164556494.887939 1.274710e-02
1164556494.888062 1.599783e-02
1164556494.888184 1.596030e-02
1164556494.888306 1.264417e-02
1164556494.888428 9.435829e-03
1164556494.888550 5.538877e-03
1164556494.888672 1.285157e-03
1164556494.888794 -4.059129e-03
1164556494.888916 -9.752380e-03
1164556494.889038 -1.617925e-02
1164556494.889160 -1.966976e-02
1164556494.889282 -1.832516e-02
1164556494.889404 -1.333715e-02
1164556494.889526 -6.090185e-03
1164556494.889648 2.430008e-03
1164556494.889771 8.423717e-03
1164556494.889893 1.269375e-02
1164556494.890015 1.601993e-02
1164556494.890137 1.812270e-02
1164556494.890259 1.582361e-02
1164556494.890381 1.255376e-02
1164556494.890503 7.374190e-03
1164556494.890625 1.370012e-03
1164556494.890747 -6.352739e-03
1164556494.890869 -1.373128e-02
1164556494.890991 -2.008385e-02
1164556494.891113 -2.263344e-02
1164556494.891235 -1.988043e-02
1164556494.891357 -1.173436e-02
1164556494.891479 -3.348918e-03
1164556494.891602 4.555963e-03
1164556494.891724 1.098875e-02
1164556494.891846 1.562717e-02
1164556494.891968 1.626729e-02
1164556494.892090 1.514587e-02
1164556494.892212 1.308712e-02
1164556494.892334 1.071098e-02
1164556494.892456 6.267646e-03
1164556494.892578 2.099751e-03
1164556494.892700 -3.664610e-03
1164556494.892822 -1.066915e-02
1164556494.892944 -1.672200e-02
1164556494.893066 -2.085697e-02
1164556494.893188 -2.159541e-02
1164556494.893311 -1.576381e-02
1164556494.893433 -7.845949e-03
1164556494.893555 1.602952e-04
1164556494.893677 7.124206e-03
1164556494.893799 1.456904e-02
1164556494.893921 1.965943e-02
1164556494.894043 2.165201e-02
1164556494.894165 1.889113e-02
1164556494.894287 1.368047e-02
1164556494.894409 7.561817e-03
1164556494.894531 1.695403e-03
1164556494.894653 -5.166058e-03
1164556494.894775 -1.151772e-02
1164556494.894897 -1.853884e-02
1164556494.895020 -2.255406e-02
1164556494.895142 -2.310061e-02
1164556494.895264 -2.006510e-02
1164556494.895386 -1.367573e-02
1164556494.895508 -3.373235e-03
1164556494.895630 6.880325e-03
1164556494.895752 1.744042e-02
1164556494.895874 2.523539e-02
1164556494.895996 2.852844e-02
1164556494.896118 2.590813e-02
1164556494.896240 1.949753e-02
1164556494.896362 1.000352e-02
1164556494.896484 1.788981e-04
1164556494.896606 -1.131101e-02
1164556494.896729 -2.020214e-02
1164556494.896851 -2.553878e-02
1164556494.896973 -2.750979e-02
1164556494.897095 -2.699000e-02
1164556494.897217 -1.997788e-02
1164556494.897339 -9.139169e-03
1164556494.897461 3.245618e-03
1164556494.897583 1.335688e-02
1164556494.897705 2.143434e-02
1164556494.897827 2.585732e-02
1164556494.897949 2.830303e-02
1164556494.898071 2.471033e-02
1164556494.898193 1.596546e-02
1164556494.898315 6.674786e-03
1164556494.898438 3.550353e-04
1164556494.898560 -7.750452e-03
1164556494.898682 -1.803886e-02
1164556494.898804 -2.732666e-02
1164556494.898926 -3.133866e-02
1164556494.899048 -3.021590e-02
1164556494.899170 -2.202258e-02
1164556494.899292 -8.753699e-03
1164556494.899414 4.194648e-03
1164556494.899536 1.385859e-02
1164556494.899658 2.131827e-02
1164556494.899780 2.561527e-02
1164556494.899902 2.887136e-02
1164556494.900024 2.822501e-02
1164556494.900146 2.292234e-02
1164556494.900269 1.246639e-02
1164556494.900391 3.817794e-04
1164556494.900513 -1.186071e-02
1164556494.900635 -2.194597e-02
1164556494.900757 -2.961783e-02
1164556494.900879 -3.285146e-02
1164556494.901001 -3.146512e-02
1164556494.901123 -2.432778e-02
1164556494.901245 -1.343437e-02
1164556494.901367 -1.186373e-03
1164556494.901489 1.013631e-02
1164556494.901611 2.158101e-02
1164556494.901733 3.047809e-02
1164556494.901855 3.776065e-02
1164556494.901978 3.837274e-02
1164556494.902100 3.082074e-02
1164556494.902222 1.681052e-02
1164556494.902344 2.025359e-03
1164556494.902466 -1.312661e-02
1164556494.902588 -2.730650e-02
1164556494.902710 -3.843218e-02
1164556494.902832 -4.230572e-02
1164556494.902954 -4.022863e-02
1164556494.903076 -3.247747e-02
1164556494.903198 -1.960804e-02
1164556494.903320 -1.178529e-03
1164556494.903442 1.703226e-02
1164556494.903564 3.258609e-02
1164556494.903687 4.139252e-02
1164556494.903809 4.621311e-02
1164556494.903931 4.462873e-02
1164556494.904053 3.479286e-02
1164556494.904175 1.873437e-02
1164556494.904297 1.130191e-03
1164556494.904419 -1.770169e-02
1164556494.904541 -3.395413e-02
1164556494.904663 -4.694351e-02
1164556494.904785 -5.143284e-02
1164556494.904907 -4.914552e-02
1164556494.905029 -3.806918e-02
1164556494.905151 -2.147124e-02
1164556494.905273 -2.006652e-03
1164556494.905396 1.725446e-02
1164556494.905518 3.684645e-02
1164556494.905640 5.133344e-02
1164556494.905762 5.879999e-02
1164556494.905884 5.624163e-02
1164556494.906006 4.562348e-02
1164556494.906128 2.764173e-02
1164556494.906250 6.682229e-03
1164556494.906372 -1.701270e-02
1164556494.906494 -4.146012e-02
1164556494.906616 -6.097851e-02
1164556494.906738 -7.078374e-02
1164556494.906860 -7.140055e-02
1164556494.906982 -5.971400e-02
1164556494.907104 -3.821500e-02
1164556494.907227 -8.657284e-03
1164556494.907349 2.357831e-02
1164556494.907471 5.598086e-02
1164556494.907593 7.774974e-02
1164556494.907715 8.853176e-02
1164556494.907837 8.713241e-02
1164556494.907959 7.341897e-02
1164556494.908081 4.728207e-02
1164556494.908203 1.334971e-02
1164556494.908325 -2.744279e-02
1164556494.908447 -6.784168e-02
1164556494.908569 -1.035637e-01
1164556494.908691 -1.248021e-01
1164556494.908813 -1.281784e-01
1164556494.908936 -1.095466e-01
1164556494.909058 -7.161351e-02
1164556494.909180 -1.351808e-02
1164556494.909302 5.674652e-02
1164556494.909424 1.324546e-01
1164556494.909546 1.992098e-01
1164556494.909668 2.332462e-01
1164556494.909790 1.906652e-01
1164556494.909912 8.971754e-02
1164556494.910034 -1.882440e-02
1164556494.910156 -1.136097e-01
1164556494.910278 -1.823723e-01
1164556494.910400 -2.156488e-01
1164556494.910522 -2.140225e-01
1164556494.910645 -1.746636e-01
1164556494.910767 -1.061462e-01
1164556494.910889 -1.883206e-02
1164556494.911011 7.168112e-02
1164556494.911133 1.528930e-01
1164556494.911255 2.073667e-01
1164556494.911377 2.290176e-01
1164556494.911499 2.123370e-01
1164556494.911621 1.594318e-01
1164556494.911743 7.637137e-02
1164556494.911865 -2.356001e-02
1164556494.911987 -1.265876e-01
1164556494.912109 -2.096984e-01
1164556494.912231 -2.564334e-01
1164556494.912354 -2.566298e-01
1164556494.912476 -2.124048e-01
1164556494.912598 -1.279385e-01
1164556494.912720 -1.896386e-02
1164556494.912842 9.829634e-02
1164556494.912964 2.017563e-01
1164556494.913086 2.740306e-01
1164556494.913208 2.968184e-01
1164556494.913330 2.650882e-01
1164556494.913452 1.803135e-01
1164556494.913574 6.046438e-02
1164556494.913696 -7.411835e-02
1164556494.913818 -1.946412e-01
1164556494.913940 -2.819631e-01
1164556494.914062 -3.174869e-01
1164556494.914185 -2.973147e-01
1164556494.914307 -2.219667e-01
1164556494.914429 -1.061262e-01
1164556494.914551 3.355952e-02
1164556494.914673 1.685648e-01
1164556494.914795 2.751889e-01
1164556494.914917 3.309657e-01
1164556494.915039 3.283384e-01
1164556494.915161 2.637629e-01
1164556494.915283 1.523980e-01
1164556494.915405 1.280892e-02
1164556494.915527 -1.304411e-01
1164556494.915649 -2.555868e-01
1164556494.915771 -3.365296e-01
1164556494.915894 -3.596543e-01
1164556494.916016 -3.155423e-01
1164556494.916138 -2.131471e-01
1164556494.916260 -6.666678e-02
1164556494.916382 9.544895e-02
1164556494.916504 2.474782e-01
1164556494.916626 3.583364e-01
1164556494.916748 4.062236e-01
1164556494.916870 3.738320e-01
1164556494.916992 2.671808e-01
1164556494.917114 1.025642e-01
1164556494.917236 -8.708913e-02
1164556494.917358 -2.699335e-01
1164556494.917480 -4.042783e-01
1164556494.917603 -4.613226e-01
1164556494.917725 -4.207188e-01
1164556494.917847 -2.906805e-01
1164556494.917969 -9.213611e-02
1164556494.918091 1.309192e-01
1164556494.918213 3.346584e-01
1164556494.918335 4.688252e-01
1164556494.918457 5.034730e-01
1164556494.918579 4.217816e-01
1164556494.918701 2.426749e-01
1164556494.918823 1.469026e-03
1164556494.918945 -2.408691e-01
1164556494.919067 -4.292390e-01
1164556494.919189 -5.119800e-01
1164556494.919312 -4.725071e-01
1164556494.919434 -3.164229e-01
1164556494.919556 -8.733214e-02
1164556494.919678 1.641731e-01
1164556494.919800 3.682281e-01
1164556494.919922 4.771153e-01
1164556494.920044 4.580210e-01
1164556494.920166 3.214077e-01
1164556494.920288 9.896813e-02
1164556494.920410 -1.433519e-01
1164556494.920532 -3.443961e-01
1164556494.920654 -4.407454e-01
1164556494.920776 -4.091431e-01
1164556494.920898 -2.521979e-01
1164556494.921021 -2.243395e-02
1164556494.921143 2.173104e-01
1164556494.921265 3.824465e-01
1164556494.921387 4.243802e-01
1164556494.921509 3.173738e-01
1164556494.921631 9.822013e-02
1164556494.921753 -1.681789e-01
1164556494.921875 -3.788253e-01
1164556494.921997 -4.587283e-01
1164556494.922119 -3.579152e-01
1164556494.922241 -1.111754e-01
1164556494.922363 2.018435e-01
1164556494.922485 4.467385e-01
1164556494.922607 5.195715e-01
1164556494.922729 3.587842e-01
1164556494.922852 3.025772e-02
1164556494.922974 -3.347329e-01
1164556494.923096 -5.412696e-01
1164556494.923218 -4.776464e-01
1164556494.923340 -1.393029e-01
1164556494.923462 2.815477e-01
1164556494.923584 5.281948e-01
1164556494.923706 3.784868e-01
1164556494.923828 -7.991072e-02
1164556494.923950 -4.926140e-01
1164556494.924072 -3.750970e-01
1164556494.924194 1.961850e-01
1164556494.924316 4.733098e-01
1164556494.924438 -7.930797e-03
1164556494.924561 -1.916203e-01
1164556494.924683 5.842528e-02
1164556494.924805 1.358677e-02
1164556494.924927 -1.718049e-02
1164556494.925049 -3.164128e-02
1164556494.925171 -2.208475e-02
1164556494.925293 -3.483112e-02
1164556494.925415 -1.784803e-02
1164556494.925537 -2.114845e-02
1164556494.925659 -3.831080e-03
1164556494.925781 -2.606238e-04
1164556494.925903 1.466183e-02
1164556494.926025 1.591789e-02
1164556494.926147 2.583702e-02
1164556494.926270 2.523158e-02
1164556494.926392 3.005864e-02
1164556494.926514 2.246055e-02
1164556494.926636 1.629408e-02
1164556494.926758 -1.239908e-03
1164556494.926880 -1.333078e-02
1164556494.927002 -2.810253e-02
1164556494.927124 -3.115524e-02
1164556494.927246 -3.380650e-02
1164556494.927368 -2.539612e-02
1164556494.927490 -1.820101e-02
1164556494.927612 -4.649745e-03
1164556494.927734 5.185190e-03
1164556494.927856 1.783691e-02
1164556494.927979 2.326845e-02
1164556494.928101 2.933525e-02
1164556494.928223 2.648870e-02
1164556494.928345 2.321359e-02
1164556494.928467 1.362867e-02
1164556494.928589 5.004428e-03
1164556494.928711 -7.822958e-03
1164556494.928833 -1.566836e-02
1164556494.928955 -2.275817e-02
1164556494.929077 -2.237835e-02
1164556494.929199 -2.206538e-02
1164556494.929321 -1.822779e-02
1164556494.929443 -1.525564e-02
1164556494.929565 -6.134699e-03
1164556494.929688 1.701643e-03
1164556494.929810 1.261835e-02
1164556494.929932 1.942373e-02
1164556494.930054 2.509338e-02
1164556494.930176 2.438965e-02
1164556494.930298 2.185497e-02
1164556494.930420 1.410796e-02
1164556494.930542 5.979807e-03
1164556494.930664 -5.792839e-03
1164556494.930786 -1.500145e-02
1164556494.930908 -2.274313e-02
1164556494.931030 -2.305067e-02
1164556494.931152 -2.110367e-02
1164556494.931274 -1.599860e-02
1164556494.931396 -1.166921e-02
1164556494.931519 -3.510480e-03
1164556494.931641 4.736679e-03
1164556494.931763 1.358092e-02
1164556494.931885 1.758061e-02
1164556494.932007 2.064143e-02
1164556494.932129 1.962954e-02
1164556494.932251 1.665069e-02
1164556494.932373 9.279982e-03
1164556494.932495 2.463993e-03
1164556494.932617 -4.875164e-03
1164556494.932739 -9.434801e-03
1164556494.932861 -1.397250e-02
1164556494.932983 -1.628687e-02
1164556494.933105 -1.887544e-02
1164556494.933228 -1.734881e-02
1164556494.933350 -1.336832e-02
1164556494.933472 -4.920944e-03
1164556494.933594 2.499333e-03
1164556494.933716 1.016042e-02
1164556494.933838 1.546310e-02
1164556494.933960 1.840290e-02
1164556494.934082 1.707556e-02
1164556494.934204 1.627599e-02
1164556494.934326 1.252018e-02
1164556494.934448 7.609246e-03
1164556494.934570 -6.986386e-04
1164556494.934692 -8.645033e-03
1164556494.934814 -1.728655e-02
1164556494.934937 -2.145757e-02
1164556494.935059 -2.157757e-02
1164556494.935181 -1.601175e-02
1164556494.935303 -9.622921e-03
1164556494.935425 -1.797425e-03
1164556494.935547 3.414056e-03
1164556494.935669 9.217271e-03
1164556494.935791 1.382168e-02
1164556494.935913 1.852871e-02
1164556494.936035 1.939225e-02
1164556494.936157 1.706992e-02
1164556494.936279 9.919540e-03
1164556494.936401 2.132821e-03
1164556494.936523 -4.932149e-03
1164556494.936646 -9.446059e-03
1164556494.936768 -1.499486e-02
1164556494.936890 -1.842357e-02
1164556494.937012 -1.872285e-02
1164556494.937134 -1.452536e-02
1164556494.937256 -8.400188e-03
1164556494.937378 5.463138e-04
1164556494.937500 7.565949e-03
1164556494.937622 1.181003e-02
1164556494.937744 1.305232e-02
1164556494.937866 1.306537e-02
1164556494.937988 1.087186e-02
1164556494.938110 1.022365e-02
1164556494.938232 6.980694e-03
1164556494.938354 2.587887e-03
1164556494.938477 -2.104780e-03
1164556494.938599 -4.696128e-03
1164556494.938721 -8.512448e-03
1164556494.938843 -1.150573e-02
1164556494.938965 -1.433705e-02
1164556494.939087 -1.434391e-02
1164556494.939209 -1.158513e-02
1164556494.939331 -5.119873e-03
1164556494.939453 1.334783e-03
1164556494.939575 8.045861e-03
1164556494.939697 1.151573e-02
1164556494.939819 1.267187e-02
1164556494.939941 1.209090e-02
1164556494.940063 1.222206e-02
1164556494.940186 1.010537e-02
1164556494.940308 7.143369e-03
1164556494.940430 1.830036e-03
1164556494.940552 -3.962446e-03
1164556494.940674 -1.080942e-02
1164556494.940796 -1.513174e-02
1164556494.940918 -1.710170e-02
1164556494.941040 -1.507494e-02
1164556494.941162 -1.180493e-02
1164556494.941284 -6.276623e-03
1164556494.941406 1.306127e-03
1164556494.941528 7.935068e-03
1164556494.941650 1.137365e-02
1164556494.941772 1.532926e-02
1164556494.941895 1.630898e-02
1164556494.942017 1.514976e-02
1164556494.942139 1.103731e-02
1164556494.942261 4.752492e-03
1164556494.942383 -2.798271e-03
1164556494.942505 -8.254436e-03
1164556494.942627 -1.192315e-02
1164556494.942749 -1.447858e-02
1164556494.942871 -1.595590e-02
1164556494.942993 -1.459505e-02
1164556494.943115 -1.101771e-02
1164556494.943237 -3.967638e-03
1164556494.943359 3.164885e-03
1164556494.943481 9.215575e-03
1164556494.943604 1.285755e-02
1164556494.943726 1.594546e-02
1164556494.943848 1.569965e-02
1164556494.943970 1.295197e-02
1164556494.944092 7.954845e-03
1164556494.944214 2.025009e-03
1164556494.944336 -4.657999e-03
1164556494.944458 -8.793562e-03
1164556494.944580 -1.282630e-02
1164556494.944702 -1.465187e-02
1164556494.944824 -1.395769e-02
1164556494.944946 -9.077513e-03
1164556494.945068 -4.122854e-03
1164556494.945190 -1.320216e-03
1164556494.945312 1.859196e-03
1164556494.945435 6.243208e-03
1164556494.945557 9.165493e-03
1164556494.945679 1.143149e-02
1164556494.945801 1.169878e-02
1164556494.945923 1.141808e-02
1164556494.946045 8.125400e-03
1164556494.946167 2.485697e-03
1164556494.946289 -2.378310e-03
1164556494.946411 -4.259910e-03
1164556494.946533 -6.387266e-03
1164556494.946655 -1.028146e-02
1164556494.946777 -1.392515e-02
1164556494.946899 -1.388413e-02
1164556494.947021 -1.111652e-02
1164556494.947144 -6.361189e-03
1164556494.947266 -4.303822e-04
1164556494.947388 6.628622e-03
1164556494.947510 1.214571e-02
1164556494.947632 1.664729e-02
1164556494.947754 1.673430e-02
1164556494.947876 1.256723e-02
1164556494.947998 6.327866e-03
1164556494.948120 7.408762e-04
1164556494.948242 -2.878881e-03
1164556494.948364 -5.089292e-03
1164556494.948486 -8.553594e-03
1164556494.948608 -1.305925e-02
1164556494.948730 -1.644840e-02
1164556494.948853 -1.523847e-02
1164556494.948975 -9.826216e-03
1164556494.949097 -1.866637e-03
1164556494.949219 5.124152e-03
1164556494.949341 1.008918e-02
1164556494.949463 1.192611e-02
1164556494.949585 1.331049e-02
1164556494.949707 1.305542e-02
1164556494.949829 1.144408e-02
1164556494.949951 8.641783e-03
1164556494.950073 2.552857e-03
1164556494.950195 -5.390535e-03
1164556494.950317 -9.859687e-03
1164556494.950439 -1.203390e-02
1164556494.950562 -1.432336e-02
1164556494.950684 -1.558318e-02
1164556494.950806 -1.098118e-02
1164556494.950928 -3.395975e-03
1164556494.951050 3.196518e-03
1164556494.951172 6.993164e-03
1164556494.951294 9.625963e-03
1164556494.951416 1.001578e-02
1164556494.951538 1.025711e-02
1164556494.951660 8.451388e-03
1164556494.951782 5.909703e-03
1164556494.951904 3.666795e-03
1164556494.952026 2.552802e-03
1164556494.952148 -1.006948e-03
1164556494.952271 -5.035951e-03
1164556494.952393 -8.298421e-03
1164556494.952515 -1.074216e-02
1164556494.952637 -1.309863e-02
1164556494.952759 -1.212479e-02
1164556494.952881 -8.291950e-03
1164556494.953003 -1.638461e-03
1164556494.953125 5.042691e-03
1164556494.953247 1.025549e-02
1164556494.953369 1.307938e-02
1164556494.953491 1.334249e-02
1164556494.953613 1.058262e-02
1164556494.953735 7.414839e-03
1164556494.953857 2.550315e-03
1164556494.953979 -2.964617e-03
1164556494.954102 -6.615732e-03
1164556494.954224 -7.615294e-03
1164556494.954346 -7.596968e-03
1164556494.954468 -6.903128e-03
1164556494.954590 -7.929555e-03
1164556494.954712 -8.304914e-03
1164556494.954834 -5.867055e-03
1164556494.954956 -7.116270e-04
1164556494.955078 4.623785e-03
1164556494.955200 8.263440e-03
1164556494.955322 9.431384e-03
1164556494.955444 9.892097e-03
1164556494.955566 8.219447e-03
1164556494.955688 4.516816e-03
1164556494.955811 3.675636e-04
1164556494.955933 -1.569973e-03
1164556494.956055 -3.110062e-03
1164556494.956177 -3.596567e-03
1164556494.956299 -3.510740e-03
1164556494.956421 -5.056063e-03
1164556494.956543 -6.602878e-03
1164556494.956665 -6.978982e-03
1164556494.956787 -7.120048e-03
1164556494.956909 -4.360779e-03
1164556494.957031 3.652221e-04
1164556494.957153 4.718755e-03
1164556494.957275 6.620485e-03
1164556494.957397 7.912230e-03
1164556494.957520 8.689916e-03
1164556494.957642 8.096580e-03
1164556494.957764 5.376542e-03
1164556494.957886 2.949376e-03
1164556494.958008 3.761601e-04
1164556494.958130 -2.249764e-03
1164556494.958252 -5.057764e-03
1164556494.958374 -8.145389e-03
1164556494.958496 -1.148818e-02
1164556494.958618 -1.221540e-02
1164556494.958740 -9.002915e-03
1164556494.958862 -2.552287e-03
1164556494.958984 2.224765e-03
1164556494.959106 6.214089e-03
1164556494.959229 8.682415e-03
1164556494.959351 9.110140e-03
1164556494.959473 8.730646e-03
1164556494.959595 8.948880e-03
1164556494.959717 7.882214e-03
1164556494.959839 4.610203e-03
1164556494.959961 5.274307e-04
1164556494.960083 -4.739342e-03
1164556494.960205 -9.980630e-03
1164556494.960327 -1.280875e-02
1164556494.960449 -1.338680e-02
1164556494.960571 -1.164486e-02
1164556494.960693 -7.305924e-03
1164556494.960815 -5.549077e-04
1164556494.960938 5.252542e-03
1164556494.961060 9.479056e-03
1164556494.961182 1.213215e-02
1164556494.961304 1.277740e-02
1164556494.961426 1.029141e-02
1164556494.961548 5.825824e-03
1164556494.961670 1.392113e-03
1164556494.961792 -2.274025e-03
1164556494.961914 -5.853233e-03
1164556494.962036 -7.792291e-03
1164556494.962158 -8.308410e-03
1164556494.962280 -7.434151e-03
1164556494.962402 -5.552313e-03
1164556494.962524 -3.666379e-03
1164556494.962646 -2.691951e-03
1164556494.962769 -4.759696e-04
1164556494.962891 2.482606e-03
1164556494.963013 4.718860e-03
1164556494.963135 5.201310e-03
1164556494.963257 5.513541e-03
1164556494.963379 6.401324e-03
1164556494.963501 6.968595e-03
1164556494.963623 5.252108e-03
1164556494.963745 2.820102e-03
1164556494.963867 3.314005e-04
1164556494.963989 -3.070851e-03
1164556494.964111 -6.686731e-03
1164556494.964233 -9.729317e-03
1164556494.964355 -1.130131e-02
1164556494.964478 -8.837539e-03
1164556494.964600 -4.350983e-03
1164556494.964722 -7.162554e-04
1164556494.964844 2.770059e-03
1164556494.964966 6.571923e-03
1164556494.965088 8.796242e-03
1164556494.965210 8.941173e-03
1164556494.965332 7.205591e-03
1164556494.965454 5.710357e-03
1164556494.965576 3.297394e-03
1164556494.965698 1.776703e-04
1164556494.965820 -3.032106e-03
1164556494.965942 -5.162761e-03
1164556494.966064 -6.081690e-03
1164556494.966187 -5.981464e-03
1164556494.966309 -5.860511e-03
1164556494.966431 -5.999179e-03
1164556494.966553 -4.898574e-03
1164556494.966675 -1.912317e-03
1164556494.966797 1.111850e-03
1164556494.966919 3.302910e-03
1164556494.967041 5.067605e-03
1164556494.967163 6.824282e-03
1164556494.967285 6.732211e-03
1164556494.967407 6.588842e-03
1164556494.967529 6.844362e-03
1164556494.967651 5.073541e-03
1164556494.967773 2.096100e-03
1164556494.967896 -2.810210e-03
1164556494.968018 -9.531411e-03
1164556494.968140 -1.199156e-02
1164556494.968262 -1.061711e-02
1164556494.968384 -7.388187e-03
1164556494.968506 -4.523612e-03
1164556494.968628 -1.321864e-03
1164556494.968750 2.305663e-03
1164556494.968872 5.998357e-03
1164556494.968994 7.830118e-03
1164556494.969116 8.190872e-03
1164556494.969238 7.510236e-03
1164556494.969360 7.094604e-03
1164556494.969482 5.561632e-03
1164556494.969604 2.012494e-03
1164556494.969727 -1.626745e-03
1164556494.969849 -3.286185e-03
1164556494.969971 -6.385717e-03
1164556494.970093 -1.028561e-02
1164556494.970215 -1.205924e-02
1164556494.970337 -1.046705e-02
1164556494.970459 -6.688129e-03
1164556494.970581 -6.052931e-04
1164556494.970703 6.251945e-03
1164556494.970825 1.060887e-02
1164556494.970947 1.078680e-02
1164556494.971069 9.426115e-03
1164556494.971191 7.803941e-03
1164556494.971313 4.696432e-03
1164556494.971436 7.932615e-04
1164556494.971558 -3.582144e-03
1164556494.971680 -6.642555e-03
1164556494.971802 -5.928986e-03
1164556494.971924 -5.454169e-03
1164556494.972046 -5.819128e-03
1164556494.972168 -5.421788e-03
1164556494.972290 -3.329848e-03
1164556494.972412 -3.197820e-04
1164556494.972534 2.168033e-03
1164556494.972656 2.743793e-03
1164556494.972778 2.638537e-03
1164556494.972900 2.906207e-03
1164556494.973022 2.828388e-03
1164556494.973145 3.691258e-03
1164556494.973267 5.712053e-03
1164556494.973389 5.391080e-03
1164556494.973511 2.031261e-03
1164556494.973633 -8.540813e-04
1164556494.973755 -1.234859e-03
1164556494.973877 -1.818324e-03
1164556494.973999 -5.001553e-03
1164556494.974121 -8.966111e-03
1164556494.974243 -9.635976e-03
1164556494.974365 -6.433783e-03
1164556494.974487 -2.806475e-03
1164556494.974609 5.540115e-04
1164556494.974731 4.078742e-03
1164556494.974854 6.724909e-03
1164556494.974976 8.963002e-03
1164556494.975098 9.385574e-03
1164556494.975220 8.020519e-03
1164556494.975342 4.732917e-03
1164556494.975464 6.724105e-04
1164556494.975586 -3.633724e-03
1164556494.975708 -6.576884e-03
1164556494.975830 -7.281245e-03
1164556494.975952 -7.267514e-03
1164556494.976074 -7.061316e-03
1164556494.976196 -5.024273e-03
1164556494.976318 -1.601573e-03
1164556494.976440 1.170167e-03
1164556494.976562 2.070590e-03
1164556494.976685 2.820815e-03
1164556494.976807 4.056402e-03
1164556494.976929 5.253183e-03
1164556494.977051 6.484376e-03
1164556494.977173 7.270754e-03
1164556494.977295 4.486818e-03
1164556494.977417 -2.149220e-04
1164556494.977539 -2.909475e-03
1164556494.977661 -3.465511e-03
1164556494.977783 -4.219451e-03
1164556494.977905 -5.607514e-03
1164556494.978027 -5.370082e-03
1164556494.978149 -3.482331e-03
1164556494.978271 -2.276153e-03
1164556494.978394 -2.838806e-03
1164556494.978516 -2.783777e-03
1164556494.978638 1.595332e-04
1164556494.978760 3.417538e-03
1164556494.978882 5.717076e-03
1164556494.979004 7.398551e-03
1164556494.979126 8.504851e-03
1164556494.979248 7.369260e-03
1164556494.979370 4.502727e-03
1164556494.979492 1.477707e-03
1164556494.979614 -2.536681e-03
1164556494.979736 -7.241486e-03
1164556494.979858 -9.872631e-03
1164556494.979980 -9.524039e-03
1164556494.980103 -7.217940e-03
1164556494.980225 -4.822783e-03
1164556494.980347 -2.260925e-03
1164556494.980469 5.383297e-04
1164556494.980591 4.135149e-03
1164556494.980713 6.928952e-03
1164556494.980835 7.645539e-03
1164556494.980957 7.297242e-03
1164556494.981079 6.674877e-03
1164556494.981201 5.322936e-03
1164556494.981323 3.683885e-03
1164556494.981445 1.019849e-03
1164556494.981567 -3.051295e-03
1164556494.981689 -7.428118e-03
1164556494.981812 -9.137555e-03
1164556494.981934 -9.270432e-03
1164556494.982056 -8.598280e-03
1164556494.982178 -6.082204e-03
1164556494.982300 -2.427834e-03
1164556494.982422 9.382000e-04
1164556494.982544 4.680031e-03
1164556494.982666 7.482142e-03
1164556494.982788 9.863943e-03
1164556494.982910 1.109019e-02
1164556494.983032 9.608988e-03
1164556494.983154 5.194772e-03
1164556494.983276 -3.119652e-04
1164556494.983398 -4.774544e-03
1164556494.983521 -7.120582e-03
1164556494.983643 -7.974530e-03
1164556494.983765 -7.806260e-03
1164556494.983887 -7.183117e-03
1164556494.984009 -6.112454e-03
1164556494.984131 -4.499709e-03
1164556494.984253 -1.524908e-03
1164556494.984375 2.604391e-03
1164556494.984497 5.587076e-03
1164556494.984619 7.602993e-03
1164556494.984741 9.303894e-03
1164556494.984863 9.186045e-03
1164556494.984985 7.684947e-03
1164556494.985107 3.374315e-03
1164556494.985229 -2.340733e-03
1164556494.985352 -6.040970e-03
1164556494.985474 -6.564590e-03
1164556494.985596 -5.451715e-03
1164556494.985718 -3.840249e-03
1164556494.985840 -4.902639e-03
1164556494.985962 -7.259688e-03
1164556494.986084 -7.007026e-03
1164556494.986206 -2.561722e-03
1164556494.986328 3.232049e-03
1164556494.986450 7.080430e-03
1164556494.986572 8.547519e-03
1164556494.986694 8.588323e-03
1164556494.986816 7.461008e-03
1164556494.986938 5.447359e-03
1164556494.987061 2.516379e-03
1164556494.987183 -1.121361e-03
1164556494.987305 -4.571466e-03
1164556494.987427 -6.415441e-03
1164556494.987549 -5.949614e-03
1164556494.987671 -4.239416e-03
1164556494.987793 -4.012911e-03
1164556494.987915 -4.858977e-03
1164556494.988037 -4.798230e-03
1164556494.988159 -2.666083e-03
1164556494.988281 1.787568e-04
1164556494.988403 3.721799e-03
1164556494.988525 7.411855e-03
1164556494.988647 9.094265e-03
1164556494.988770 8.119271e-03
1164556494.988892 5.870891e-03
1164556494.989014 3.034573e-03
1164556494.989136 3.919860e-04
1164556494.989258 -1.399428e-03
1164556494.989380 -3.397755e-03
1164556494.989502 -6.369218e-03
1164556494.989624 -8.860493e-03
1164556494.989746 -9.332319e-03
1164556494.989868 -8.082991e-03
1164556494.989990 -5.466500e-03
1164556494.990112 -5.094490e-04
1164556494.990234 5.212189e-03
1164556494.990356 8.638550e-03
1164556494.990479 9.847606e-03
1164556494.990601 8.531486e-03
1164556494.990723 6.587636e-03
1164556494.990845 3.505268e-03
1164556494.990967 -1.839071e-05
1164556494.991089 -1.809054e-03
1164556494.991211 -2.412853e-03
1164556494.991333 -4.244861e-03
1164556494.991455 -6.982167e-03
1164556494.991577 -8.172859e-03
1164556494.991699 -6.793797e-03
1164556494.991821 -3.757801e-03
1164556494.991943 -7.442204e-04
1164556494.992065 1.300161e-03
1164556494.992188 2.757983e-03
1164556494.992310 3.770281e-03
1164556494.992432 4.930636e-03
1164556494.992554 6.685304e-03
1164556494.992676 7.332645e-03
1164556494.992798 5.466521e-03
1164556494.992920 3.129956e-03
1164556494.993042 5.723619e-04
1164556494.993164 -3.324056e-03
1164556494.993286 -6.488731e-03
1164556494.993408 -7.604727e-03
1164556494.993530 -7.669028e-03
1164556494.993652 -7.085411e-03
1164556494.993774 -4.888617e-03
1164556494.993896 -7.367635e-04
1164556494.994019 3.240427e-03
1164556494.994141 5.892763e-03
1164556494.994263 5.875934e-03
1164556494.994385 4.801592e-03
1164556494.994507 4.356048e-03
1164556494.994629 3.366594e-03
1164556494.994751 2.285134e-03
1164556494.994873 1.184533e-03
1164556494.994995 -5.779712e-04
1164556494.995117 -1.676871e-03
1164556494.995239 -1.716969e-03
1164556494.995361 -2.808368e-03
1164556494.995483 -4.819356e-03
1164556494.995605 -5.725553e-03
1164556494.995728 -5.808133e-03
1164556494.995850 -4.843728e-03
1164556494.995972 -2.266362e-03
1164556494.996094 1.136936e-03
1164556494.996216 5.002629e-03
1164556494.996338 7.798596e-03
1164556494.996460 7.611729e-03
1164556494.996582 6.540390e-03
1164556494.996704 5.013494e-03
1164556494.996826 2.371181e-03
1164556494.996948 -6.617621e-04
1164556494.997070 -2.996947e-03
1164556494.997192 -5.272054e-03
1164556494.997314 -6.997878e-03
1164556494.997437 -6.675649e-03
1164556494.997559 -5.162506e-03
1164556494.997681 -3.780326e-03
1164556494.997803 -2.367796e-03
1164556494.997925 1.947840e-04
1164556494.998047 3.655190e-03
1164556494.998169 6.054043e-03
1164556494.998291 6.938170e-03
1164556494.998413 6.066267e-03
1164556494.998535 4.015676e-03
1164556494.998657 2.004977e-03
1164556494.998779 5.186976e-04
1164556494.998901 -1.388390e-04
1164556494.999023 -2.229154e-03
1164556494.999146 -4.704733e-03
1164556494.999268 -6.097340e-03
1164556494.999390 -5.583892e-03
1164556494.999512 -3.784507e-03
1164556494.999634 -1.819157e-03
1164556494.999756 -2.038474e-04
1164556494.999878 1.682899e-03
1164556495.000000 3.308491e-03
1164556495.000122 3.515121e-03
1164556495.000244 2.681060e-03
1164556495.000366 2.268438e-03
1164556495.000488 2.269717e-03
1164556495.000610 1.611808e-03
1164556495.000732 1.100552e-03
1164556495.000854 4.043517e-04
1164556495.000977 -1.331949e-04
1164556495.001099 -5.852909e-04
1164556495.001221 -8.213526e-04
1164556495.001343 -1.366055e-03
1164556495.001465 -2.193335e-03
1164556495.001587 -3.352761e-03
1164556495.001709 -4.935191e-03
1164556495.001831 -5.633193e-03
1164556495.001953 -4.276469e-03
1164556495.002075 -7.486465e-04
1164556495.002197 3.683412e-03
1164556495.002319 7.188556e-03
1164556495.002441 7.973380e-03
1164556495.002563 5.987293e-03
1164556495.002686 4.274991e-03
1164556495.002808 3.512989e-03
1164556495.002930 1.907701e-03
1164556495.003052 -1.371058e-03
1164556495.003174 -4.417654e-03
1164556495.003296 -7.052038e-03
1164556495.003418 -7.868391e-03
1164556495.003540 -7.634202e-03
1164556495.003662 -6.232135e-03
1164556495.003784 -3.186481e-03
1164556495.003906 6.285194e-04
1164556495.004028 3.486550e-03
1164556495.004150 5.674179e-03
1164556495.004272 7.978788e-03
1164556495.004395 8.986776e-03
1164556495.004517 6.929265e-03
1164556495.004639 4.174271e-03
1164556495.004761 1.774089e-03
1164556495.004883 -1.330477e-03
1164556495.005005 -4.104568e-03
1164556495.005127 -6.213227e-03
1164556495.005249 -7.627945e-03
1164556495.005371 -7.753815e-03
1164556495.005493 -6.517926e-03
1164556495.005615 -4.314883e-03
1164556495.005737 -2.339970e-03
1164556495.005859 7.914383e-04
1164556495.005981 5.674641e-03
1164556495.006104 8.077697e-03
1164556495.006226 8.175155e-03
1164556495.006348 8.032085e-03
1164556495.006470 6.562165e-03
1164556495.006592 3.384707e-03
1164556495.006714 -9.647699e-04
1164556495.006836 -3.774751e-03
1164556495.006958 -5.511920e-03
1164556495.007080 -7.300735e-03
1164556495.007202 -7.299446e-03
1164556495.007324 -5.744175e-03
1164556495.007446 -4.152228e-03
1164556495.007568 -1.457550e-03
1164556495.007690 5.455033e-04
1164556495.007812 1.758794e-03
1164556495.007935 4.533091e-03
1164556495.008057 6.689835e-03
1164556495.008179 6.214365e-03
1164556495.008301 5.408377e-03
1164556495.008423 4.018242e-03
1164556495.008545 1.537335e-03
1164556495.008667 -9.276176e-04
1164556495.008789 -2.694569e-03
1164556495.008911 -4.155103e-03
1164556495.009033 -4.215642e-03
1164556495.009155 -3.658803e-03
1164556495.009277 -3.605386e-03
1164556495.009399 -4.188071e-03
1164556495.009521 -4.228375e-03
1164556495.009644 -1.862829e-03
1164556495.009766 1.957659e-03
1164556495.009888 4.299781e-03
1164556495.010010 4.775067e-03
1164556495.010132 4.758768e-03
1164556495.010254 3.968361e-03
1164556495.010376 1.949422e-03
1164556495.010498 1.568222e-03
1164556495.010620 2.317526e-03
1164556495.010742 1.828221e-03
1164556495.010864 7.058990e-05
1164556495.010986 -2.439267e-03
1164556495.011108 -4.372026e-03
1164556495.011230 -5.157112e-03
1164556495.011353 -6.058876e-03
1164556495.011475 -6.539814e-03
1164556495.011597 -5.583133e-03
1164556495.011719 -2.753634e-03
1164556495.011841 1.220750e-03
1164556495.011963 5.602166e-03
1164556495.012085 8.731028e-03
1164556495.012207 9.425631e-03
1164556495.012329 8.452669e-03
1164556495.012451 5.683567e-03
1164556495.012573 1.883706e-03
1164556495.012695 -1.635651e-03
1164556495.012817 -4.514592e-03
1164556495.012939 -5.852886e-03
1164556495.013062 -6.717550e-03
1164556495.013184 -7.734820e-03
1164556495.013306 -7.560883e-03
1164556495.013428 -5.291815e-03
1164556495.013550 -1.179752e-03
1164556495.013672 2.817096e-03
1164556495.013794 4.830823e-03
1164556495.013916 5.415698e-03
1164556495.014038 5.724002e-03
1164556495.014160 5.131972e-03
1164556495.014282 3.991327e-03
1164556495.014404 4.041125e-03
1164556495.014526 4.000369e-03
1164556495.014648 3.006415e-03
1164556495.014771 2.355673e-04
1164556495.014893 -3.945442e-03
1164556495.015015 -7.905436e-03
1164556495.015137 -9.302417e-03
1164556495.015259 -9.735519e-03
1164556495.015381 -8.968467e-03
1164556495.015503 -5.551477e-03
1164556495.015625 -7.261694e-04
1164556495.015747 4.080600e-03
1164556495.015869 8.419193e-03
1164556495.015991 1.165586e-02
1164556495.016113 1.289809e-02
1164556495.016235 9.935780e-03
1164556495.016357 5.394819e-03
1164556495.016479 1.378238e-03
1164556495.016602 -2.784249e-03
1164556495.016724 -6.730159e-03
1164556495.016846 -9.569858e-03
1164556495.016968 -1.036663e-02
1164556495.017090 -9.600048e-03
1164556495.017212 -8.719393e-03
1164556495.017334 -5.958298e-03
1164556495.017456 -6.055116e-04
1164556495.017578 5.656185e-03
1164556495.017700 8.933946e-03
1164556495.017822 9.376544e-03
1164556495.017944 8.712919e-03
1164556495.018066 7.465973e-03
1164556495.018188 6.097384e-03
1164556495.018311 4.055379e-03
1164556495.018433 7.160310e-04
1164556495.018555 -3.068656e-03
1164556495.018677 -6.931489e-03
1164556495.018799 -1.000047e-02
1164556495.018921 -1.030629e-02
1164556495.019043 -7.876566e-03
1164556495.019165 -5.428541e-03
1164556495.019287 -3.144934e-03
1164556495.019409 2.432910e-04
1164556495.019531 4.617384e-03
1164556495.019653 7.796548e-03
1164556495.019775 8.841458e-03
1164556495.019897 8.579281e-03
1164556495.020020 6.835252e-03
1164556495.020142 4.118410e-03
1164556495.020264 1.576467e-03
1164556495.020386 -8.712068e-04
1164556495.020508 -2.774474e-03
1164556495.020630 -4.131558e-03
1164556495.020752 -6.117102e-03
1164556495.020874 -8.580830e-03
1164556495.020996 -9.119168e-03
1164556495.021118 -7.122994e-03
1164556495.021240 -3.896693e-03
1164556495.021362 3.704580e-04
1164556495.021484 4.602576e-03
1164556495.021606 7.617221e-03
1164556495.021729 8.909407e-03
1164556495.021851 8.639206e-03
1164556495.021973 6.967671e-03
1164556495.022095 4.222536e-03
1164556495.022217 1.308987e-03
1164556495.022339 -1.363465e-03
1164556495.022461 -3.349322e-03
1164556495.022583 -5.459187e-03
1164556495.022705 -6.507295e-03
1164556495.022827 -6.286642e-03
1164556495.022949 -6.178785e-03
1164556495.023071 -5.648521e-03
1164556495.023193 -4.017819e-03
1164556495.023315 -1.662333e-03
1164556495.023438 1.595795e-03
1164556495.023560 5.512055e-03
1164556495.023682 9.019950e-03
1164556495.023804 1.035775e-02
1164556495.023926 8.303258e-03
1164556495.024048 3.832618e-03
1164556495.024170 7.728227e-04
1164556495.024292 -1.771087e-04
1164556495.024414 -1.288091e-03
1164556495.024536 -4.224142e-03
1164556495.024658 -6.803017e-03
1164556495.024780 -8.152818e-03
1164556495.024902 -7.564845e-03
1164556495.025024 -5.975016e-03
1164556495.025146 -4.133882e-03
1164556495.025269 -2.044311e-03
1164556495.025391 5.182665e-04
1164556495.025513 3.908225e-03
1164556495.025635 7.588944e-03
1164556495.025757 9.580955e-03
1164556495.025879 1.030435e-02
1164556495.026001 9.834232e-03
1164556495.026123 8.493859e-03
1164556495.026245 5.375604e-03
