1164556494.745850 4.126731e-02
1164556494.745972 3.478928e-02
1164556494.746094 4.875018e-02
1164556494.746216 7.346942e-02
1164556494.746338 7.762336e-02
1164556494.746460 7.481282e-02
1164556494.746582 6.675037e-02
1164556494.746704 3.879963e-02
1164556494.746826 1.103396e-02
1164556494.746948 -9.088682e-03
1164556494.747070 -4.157304e-02
1164556494.747192 -6.510168e-02
1164556494.747314 -8.031747e-02
1164556494.747437 -8.153835e-02
1164556494.747559 -7.817027e-02
1164556494.747681 -5.675880e-02
1164556494.747803 -1.932651e-02
1164556494.747925 1.050441e-02
1164556494.748047 4.050224e-02
1164556494.748169 9.448675e-02
1164556494.748291 1.409081e-01
1164556494.748413 1.426307e-01
1164556494.748535 9.513045e-02
1164556494.748657 2.990156e-02
1164556494.748779 -3.080167e-02
1164556494.748901 -9.089697e-02
1164556494.749023 -1.511364e-01
1164556494.749146 -1.690029e-01
1164556494.749268 -1.252831e-01
1164556494.749390 -4.678389e-02
1164556494.749512 2.806442e-02
1164556494.749634 8.359314e-02
1164556494.749756 1.023162e-01
1164556494.749878 8.623688e-02
1164556494.750000 5.558811e-02
1164556494.750122 3.324899e-02
1164556494.750244 2.571423e-02
1164556494.750366 2.522169e-02
1164556494.750488 1.845534e-02
1164556494.750610 6.590532e-03
1164556494.750732 -2.873985e-02
1164556494.750854 -6.490550e-02
1164556494.750977 -8.467691e-02
1164556494.751099 -1.000054e-01
1164556494.751221 -8.816336e-02
1164556494.751343 -3.802453e-02
1164556494.751465 1.951874e-02
1164556494.751587 6.359287e-02
1164556494.751709 8.949374e-02
1164556494.751831 9.184936e-02
1164556494.751953 7.407950e-02
1164556494.752075 4.498510e-02
1164556494.752197 1.269220e-02
1164556494.752319 -7.371126e-03
1164556494.752441 -2.819057e-02
1164556494.752563 -3.900592e-02
1164556494.752686 -4.360200e-02
1164556494.752808 -5.237764e-02
1164556494.752930 -6.299768e-02
1164556494.753052 -5.212854e-02
1164556494.753174 -2.724025e-02
1164556494.753296 4.208627e-03
1164556494.753418 2.942011e-02
1164556494.753540 4.821815e-02
1164556494.753662 5.623149e-02
1164556494.753784 4.317203e-02
1164556494.753906 2.502870e-02
1164556494.754028 2.698069e-02
1164556494.754150 2.276768e-02
1164556494.754272 1.769082e-03
1164556494.754395 -2.017250e-02
1164556494.754517 -1.238026e-02
1164556494.754639 -8.291391e-04
1164556494.754761 -9.320554e-03
1164556494.754883 -3.522823e-02
1164556494.755005 -6.803164e-02
1164556494.755127 -9.284017e-02
1164556494.755249 -8.901149e-02
1164556494.755371 -4.636609e-02
1164556494.755493 4.659388e-02
1164556494.755615 1.363974e-01
1164556494.755737 1.478812e-01
1164556494.755859 9.911800e-02
1164556494.755981 4.707550e-02
1164556494.756104 1.021893e-02
1164556494.756226 -2.479757e-02
1164556494.756348 -5.909045e-02
1164556494.756470 -7.140299e-02
1164556494.756592 -7.146918e-02
1164556494.756714 -6.582312e-02
1164556494.756836 -5.564561e-02
1164556494.756958 -4.749592e-02
1164556494.757080 -3.277398e-02
1164556494.757202 6.224654e-03
1164556494.757324 6.648101e-02
1164556494.757446 1.144151e-01
1164556494.757568 1.109989e-01
1164556494.757690 6.557769e-02
1164556494.757812 8.420839e-03
1164556494.757935 -2.771569e-02
1164556494.758057 -2.085029e-02
1164556494.758179 -1.436860e-02
1164556494.758301 -4.996726e-02
1164556494.758423 -7.041049e-02
1164556494.758545 -4.258522e-02
1164556494.758667 -1.076166e-02
1164556494.758789 4.330448e-04
1164556494.758911 4.450906e-03
1164556494.759033 2.679551e-03
1164556494.759155 -1.876514e-03
1164556494.759277 -8.722886e-03
1164556494.759399 9.770688e-04
1164556494.759521 2.802990e-02
1164556494.759644 4.468441e-02
1164556494.759766 4.690065e-02
1164556494.759888 3.941821e-02
1164556494.760010 2.979285e-02
1164556494.760132 2.843720e-02
1164556494.760254 2.032079e-02
1164556494.760376 -5.000880e-03
1164556494.760498 -4.440686e-02
1164556494.760620 -8.779326e-02
1164556494.760742 -1.155319e-01
1164556494.760864 -1.183208e-01
1164556494.760986 -8.474796e-02
1164556494.761108 -1.568719e-02
1164556494.761230 8.337258e-02
1164556494.761353 1.612850e-01
1164556494.761475 1.600688e-01
1164556494.761597 1.049707e-01
1164556494.761719 3.067597e-02
1164556494.761841 -3.709233e-02
1164556494.761963 -6.228141e-02
1164556494.762085 -3.108825e-02
1164556494.762207 -2.372332e-03
1164556494.762329 -1.261167e-02
1164556494.762451 -5.127015e-02
1164556494.762573 -8.112240e-02
1164556494.762695 -9.091114e-02
1164556494.762817 -8.390835e-02
1164556494.762939 -6.051205e-02
1164556494.763062 -3.164624e-03
1164556494.763184 7.569072e-02
1164556494.763306 1.411809e-01
1164556494.763428 1.592656e-01
1164556494.763550 1.224216e-01
1164556494.763672 5.378624e-02
1164556494.763794 2.842888e-03
1164556494.763916 -1.171504e-02
1164556494.764038 -2.469147e-02
1164556494.764160 -7.593111e-02
1164556494.764282 -1.379500e-01
1164556494.764404 -1.568199e-01
1164556494.764526 -1.250001e-01
1164556494.764648 -7.347402e-02
1164556494.764771 -1.241711e-02
1164556494.764893 4.045439e-02
1164556494.765015 1.000470e-01
1164556494.765137 1.603380e-01
1164556494.765259 1.758165e-01
1164556494.765381 1.466584e-01
1164556494.765503 9.607311e-02
1164556494.765625 2.396382e-02
1164556494.765747 -6.490574e-02
1164556494.765869 -1.392749e-01
1164556494.765991 -1.744254e-01
1164556494.766113 -1.757814e-01
1164556494.766235 -1.352508e-01
1164556494.766357 -6.078959e-02
1164556494.766479 2.940774e-02
1164556494.766602 9.462633e-02
1164556494.766724 1.343723e-01
1164556494.766846 1.334306e-01
1164556494.766968 1.070432e-01
1164556494.767090 6.001470e-02
1164556494.767212 3.394097e-03
1164556494.767334 -3.848463e-02
1164556494.767456 -4.961425e-02
1164556494.767578 -6.028949e-02
1164556494.767700 -6.878638e-02
1164556494.767822 -6.718350e-02
1164556494.767944 -3.340700e-02
1164556494.768066 1.113197e-02
1164556494.768188 4.743594e-02
1164556494.768311 6.181527e-02
1164556494.768433 4.951356e-02
1164556494.768555 1.554598e-02
1164556494.768677 -3.990243e-02
1164556494.768799 -8.671604e-02
1164556494.768921 -9.395974e-02
1164556494.769043 -5.157531e-02
1164556494.769165 2.538378e-02
1164556494.769287 9.604819e-02
1164556494.769409 1.197616e-01
1164556494.769531 1.050155e-01
1164556494.769653 8.339865e-02
1164556494.769775 4.431132e-02
1164556494.769897 -1.647057e-02
1164556494.770020 -9.039938e-02
1164556494.770142 -1.304451e-01
1164556494.770264 -1.251327e-01
1164556494.770386 -9.801841e-02
1164556494.770508 -6.986643e-02
1164556494.770630 -3.682279e-02
1164556494.770752 -4.720387e-03
1164556494.770874 4.140432e-02
1164556494.770996 9.282906e-02
1164556494.771118 1.480535e-01
1164556494.771240 1.920501e-01
1164556494.771362 1.846765e-01
1164556494.771484 1.050969e-01
1164556494.771606 -2.782322e-02
1164556494.771729 -1.520769e-01
1164556494.771851 -2.067986e-01
1164556494.771973 -2.022855e-01
1164556494.772095 -1.547357e-01
1164556494.772217 -8.362993e-02
1164556494.772339 -5.806037e-03
1164556494.772461 7.458503e-02
1164556494.772583 1.251682e-01
1164556494.772705 1.131307e-01
1164556494.772827 7.072114e-02
1164556494.772949 4.686057e-02
1164556494.773071 6.344262e-02
1164556494.773193 8.527397e-02
1164556494.773315 6.720488e-02
1164556494.773438 8.764959e-03
1164556494.773560 -5.804732e-02
1164556494.773682 -1.074396e-01
1164556494.773804 -1.181255e-01
1164556494.773926 -1.137239e-01
1164556494.774048 -9.990535e-02
1164556494.774170 -6.117777e-02
1164556494.774292 -1.105125e-02
1164556494.774414 3.353136e-02
1164556494.774536 6.810341e-02
1164556494.774658 8.661299e-02
1164556494.774780 9.895624e-02
1164556494.774902 9.287812e-02
1164556494.775024 7.346980e-02
1164556494.775146 5.520626e-02
1164556494.775269 3.821651e-02
1164556494.775391 1.455914e-02
1164556494.775513 -4.351486e-02
1164556494.775635 -1.222527e-01
1164556494.775757 -1.611447e-01
1164556494.775879 -1.388819e-01
1164556494.776001 -8.220017e-02
1164556494.776123 -2.404756e-02
1164556494.776245 2.341104e-02
1164556494.776367 6.682864e-02
1164556494.776489 9.292131e-02
1164556494.776611 9.020512e-02
1164556494.776733 7.833825e-02
1164556494.776855 6.076353e-02
1164556494.776978 4.946295e-02
1164556494.777100 3.667137e-02
1164556494.777222 1.171934e-02
1164556494.777344 -3.025924e-02
1164556494.777466 -5.792781e-02
1164556494.777588 -7.052023e-02
1164556494.777710 -7.074186e-02
1164556494.777832 -7.485227e-02
1164556494.777954 -7.420617e-02
1164556494.778076 -4.960347e-02
1164556494.778198 -1.653089e-02
1164556494.778320 1.116373e-02
1164556494.778442 2.796989e-02
1164556494.778564 5.514816e-02
1164556494.778687 8.237646e-02
1164556494.778809 9.608819e-02
1164556494.778931 1.011312e-01
1164556494.779053 9.239813e-02
1164556494.779175 6.870144e-02
1164556494.779297 2.990615e-02
1164556494.779419 -3.438861e-02
1164556494.779541 -1.016285e-01
1164556494.779663 -1.575013e-01
1164556494.779785 -1.957959e-01
1164556494.779907 -1.931157e-01
1164556494.780029 -1.327220e-01
1164556494.780151 -2.798457e-02
1164556494.780273 8.459453e-02
1164556494.780396 2.019222e-01
1164556494.780518 2.763708e-01
1164556494.780640 2.490157e-01
1164556494.780762 1.164039e-01
1164556494.780884 -2.203388e-02
1164556494.781006 -1.062338e-01
1164556494.781128 -1.119342e-01
1164556494.781250 -8.070790e-02
1164556494.781372 -7.521556e-02
1164556494.781494 -8.390855e-02
1164556494.781616 -7.221188e-02
1164556494.781738 -5.879004e-02
1164556494.781860 -5.378916e-02
1164556494.781982 -4.467134e-02
1164556494.782104 -1.865094e-03
1164556494.782227 6.785097e-02
1164556494.782349 1.375077e-01
1164556494.782471 1.600192e-01
1164556494.782593 1.159640e-01
1164556494.782715 3.257823e-02
1164556494.782837 -1.893683e-02
1164556494.782959 -1.817095e-02
1164556494.783081 -1.535920e-03
1164556494.783203 -1.155041e-02
1164556494.783325 -4.593835e-02
1164556494.783447 -8.394881e-02
1164556494.783569 -1.085654e-01
1164556494.783691 -1.191824e-01
1164556494.783813 -9.545284e-02
1164556494.783936 -3.729580e-02
1164556494.784058 1.558029e-02
1164556494.784180 5.218804e-02
1164556494.784302 1.007354e-01
1164556494.784424 1.330562e-01
1164556494.784546 1.266976e-01
1164556494.784668 1.072021e-01
1164556494.784790 8.899962e-02
1164556494.784912 4.832095e-02
1164556494.785034 -8.056253e-03
1164556494.785156 -8.607424e-02
1164556494.785278 -1.470753e-01
1164556494.785400 -1.737189e-01
1164556494.785522 -1.530317e-01
1164556494.785645 -1.112347e-01
1164556494.785767 -5.817902e-02
1164556494.785889 5.282230e-04
1164556494.786011 6.307930e-02
1164556494.786133 1.233586e-01
1164556494.786255 1.641940e-01
1164556494.786377 1.611884e-01
1164556494.786499 1.306897e-01
1164556494.786621 6.306281e-02
1164556494.786743 -2.023878e-02
1164556494.786865 -6.652736e-02
1164556494.786987 -4.916605e-02
1164556494.787109 -1.975510e-02
1164556494.787231 -5.895894e-02
1164556494.787354 -1.466706e-01
1164556494.787476 -1.751515e-01
1164556494.787598 -1.365326e-01
1164556494.787720 -7.013542e-02
1164556494.787842 2.076602e-02
1164556494.787964 1.122812e-01
1164556494.788086 1.646292e-01
1164556494.788208 1.869915e-01
1164556494.788330 1.595448e-01
1164556494.788452 8.046719e-02
1164556494.788574 -8.425386e-03
1164556494.788696 -6.004036e-02
1164556494.788818 -6.557587e-02
1164556494.788940 -4.535214e-02
1164556494.789062 -4.203369e-02
1164556494.789185 -6.815226e-02
1164556494.789307 -1.097620e-01
1164556494.789429 -1.042609e-01
1164556494.789551 -3.863333e-02
1164556494.789673 1.689208e-02
1164556494.789795 2.346059e-02
1164556494.789917 2.083402e-02
1164556494.790039 4.021333e-02
1164556494.790161 6.157934e-02
1164556494.790283 5.845388e-02
1164556494.790405 6.872257e-02
1164556494.790527 7.989508e-02
1164556494.790649 6.862476e-02
1164556494.790771 4.733988e-02
1164556494.790894 2.825909e-02
1164556494.791016 1.438769e-02
1164556494.791138 -1.766716e-02
1164556494.791260 -1.010458e-01
1164556494.791382 -1.915805e-01
1164556494.791504 -2.282113e-01
1164556494.791626 -2.088922e-01
1164556494.791748 -1.380608e-01
1164556494.791870 -1.560400e-02
1164556494.791992 1.372942e-01
1164556494.792114 2.526107e-01
1164556494.792236 2.943795e-01
1164556494.792358 2.763752e-01
1164556494.792480 1.978520e-01
1164556494.792603 8.027233e-02
1164556494.792725 -4.641514e-02
1164556494.792847 -1.419063e-01
1164556494.792969 -1.898501e-01
1164556494.793091 -2.129405e-01
1164556494.793213 -2.205034e-01
1164556494.793335 -2.012671e-01
1164556494.793457 -1.652053e-01
1164556494.793579 -1.057561e-01
1164556494.793701 -5.458251e-03
1164556494.793823 1.158496e-01
1164556494.793945 2.309999e-01
1164556494.794067 3.178554e-01
1164556494.794189 3.417968e-01
1164556494.794312 2.928641e-01
1164556494.794434 1.554689e-01
1164556494.794556 -1.502597e-02
1164556494.794678 -1.602302e-01
1164556494.794800 -2.648114e-01
1164556494.794922 -3.307446e-01
1164556494.795044 -3.213201e-01
1164556494.795166 -2.678309e-01
1164556494.795288 -1.776211e-01
1164556494.795410 -4.309677e-02
1164556494.795532 9.827728e-02
1164556494.795654 2.190838e-01
1164556494.795776 3.004908e-01
1164556494.795898 3.198396e-01
1164556494.796021 2.799931e-01
1164556494.796143 1.914011e-01
1164556494.796265 8.872622e-02
1164556494.796387 -2.838086e-02
1164556494.796509 -1.633029e-01
1164556494.796631 -2.681400e-01
1164556494.796753 -2.808986e-01
1164556494.796875 -2.311058e-01
1164556494.796997 -1.756025e-01
1164556494.797119 -1.220648e-01
1164556494.797241 -4.314561e-02
1164556494.797363 5.075417e-02
1164556494.797485 1.266507e-01
1164556494.797607 1.616742e-01
1164556494.797729 1.928236e-01
1164556494.797852 2.334204e-01
1164556494.797974 2.407183e-01
1164556494.798096 1.910309e-01
1164556494.798218 1.040005e-01
1164556494.798340 -3.524499e-02
1164556494.798462 -1.947665e-01
1164556494.798584 -3.068895e-01
1164556494.798706 -3.286826e-01
1164556494.798828 -2.664109e-01
1164556494.798950 -1.663119e-01
1164556494.799072 -4.623345e-02
1164556494.799194 5.868603e-02
1164556494.799316 1.302740e-01
1164556494.799438 2.134236e-01
1164556494.799561 2.494857e-01
1164556494.799683 2.032322e-01
1164556494.799805 1.334611e-01
1164556494.799927 1.015702e-01
1164556494.800049 6.508491e-02
1164556494.800171 -9.563816e-03
1164556494.800293 -1.111063e-01
1164556494.800415 -1.849511e-01
1164556494.800537 -2.348747e-01
1164556494.800659 -2.323695e-01
1164556494.800781 -1.558948e-01
1164556494.800903 -3.629907e-02
1164556494.801025 3.765853e-02
1164556494.801147 6.565488e-02
1164556494.801270 8.156810e-02
1164556494.801392 1.192404e-01
1164556494.801514 1.501834e-01
1164556494.801636 1.435497e-01
1164556494.801758 9.763146e-02
1164556494.801880 6.937677e-02
1164556494.802002 4.960822e-02
1164556494.802124 1.855735e-02
1164556494.802246 -2.752785e-02
1164556494.802368 -1.224646e-01
1164556494.802490 -2.116410e-01
1164556494.802612 -2.218247e-01
1164556494.802734 -1.443284e-01
1164556494.802856 -2.717585e-02
1164556494.802979 5.056821e-02
1164556494.803101 7.150508e-02
1164556494.803223 5.115629e-02
1164556494.803345 3.636265e-02
1164556494.803467 4.849753e-02
1164556494.803589 7.961477e-02
1164556494.803711 1.063807e-01
1164556494.803833 1.410670e-01
1164556494.803955 1.466820e-01
1164556494.804077 1.082237e-01
1164556494.804199 9.332410e-03
1164556494.804321 -9.204643e-02
1164556494.804443 -1.728007e-01
1164556494.804565 -2.382686e-01
1164556494.804688 -2.620409e-01
1164556494.804810 -2.014539e-01
1164556494.804932 -7.998519e-02
1164556494.805054 2.230242e-02
1164556494.805176 1.024556e-01
1164556494.805298 1.988623e-01
1164556494.805420 2.359141e-01
1164556494.805542 1.891955e-01
1164556494.805664 1.260188e-01
1164556494.805786 9.647578e-02
1164556494.805908 7.538271e-02
1164556494.806030 1.497711e-02
1164556494.806152 -7.782692e-02
1164556494.806274 -1.502444e-01
1164556494.806396 -1.889389e-01
1164556494.806519 -2.046509e-01
1164556494.806641 -2.070250e-01
1164556494.806763 -1.586938e-01
1164556494.806885 -7.236438e-02
1164556494.807007 2.281391e-02
1164556494.807129 9.948944e-02
1164556494.807251 1.691995e-01
1164556494.807373 2.260807e-01
1164556494.807495 2.482195e-01
1164556494.807617 2.094933e-01
1164556494.807739 1.355143e-01
1164556494.807861 6.362006e-02
1164556494.807983 -1.503227e-03
1164556494.808105 -1.053674e-01
1164556494.808228 -2.238796e-01
1164556494.808350 -3.073959e-01
1164556494.808472 -3.193865e-01
1164556494.808594 -2.515325e-01
1164556494.808716 -1.304358e-01
1164556494.808838 -3.209471e-03
1164556494.808960 1.452980e-01
1164556494.809082 2.790472e-01
1164556494.809204 3.351029e-01
1164556494.809326 2.869139e-01
1164556494.809448 1.927088e-01
1164556494.809570 8.307153e-02
1164556494.809692 -1.171773e-02
1164556494.809814 -1.016360e-01
1164556494.809937 -1.736936e-01
1164556494.810059 -1.910763e-01
1164556494.810181 -1.623797e-01
1164556494.810303 -1.405999e-01
1164556494.810425 -1.059910e-01
1164556494.810547 -6.935748e-02
1164556494.810669 -4.102891e-02
1164556494.810791 -1.476618e-02
1164556494.810913 3.756246e-02
1164556494.811035 9.029575e-02
1164556494.811157 1.500162e-01
1164556494.811279 2.031278e-01
1164556494.811401 2.175034e-01
1164556494.811523 1.589481e-01
1164556494.811646 7.976962e-02
1164556494.811768 9.685331e-03
1164556494.811890 -3.548870e-02
1164556494.812012 -8.460329e-02
1164556494.812134 -1.678647e-01
1164556494.812256 -2.669724e-01
1164556494.812378 -3.060867e-01
1164556494.812500 -2.611808e-01
1164556494.812622 -1.471225e-01
1164556494.812744 -4.383465e-03
1164556494.812866 1.344314e-01
1164556494.812988 2.344244e-01
1164556494.813110 3.181843e-01
1164556494.813232 3.576570e-01
1164556494.813354 3.103216e-01
1164556494.813477 1.641935e-01
1164556494.813599 -8.936908e-03
1164556494.813721 -1.342876e-01
1164556494.813843 -1.859985e-01
1164556494.813965 -2.105352e-01
1164556494.814087 -2.429820e-01
1164556494.814209 -2.747658e-01
1164556494.814331 -2.600721e-01
1164556494.814453 -1.959087e-01
1164556494.814575 -8.054376e-02
1164556494.814697 4.964226e-02
1164556494.814819 1.935125e-01
1164556494.814941 3.115936e-01
1164556494.815063 3.981016e-01
1164556494.815186 4.158350e-01
1164556494.815308 3.350007e-01
1164556494.815430 1.418585e-01
1164556494.815552 -8.469321e-02
1164556494.815674 -2.678467e-01
1164556494.815796 -3.825011e-01
1164556494.815918 -3.937960e-01
1164556494.816040 -3.167467e-01
1164556494.816162 -2.354291e-01
1164556494.816284 -1.699344e-01
1164556494.816406 -8.027033e-02
1164556494.816528 6.803740e-02
1164556494.816650 2.601017e-01
1164556494.816772 3.992471e-01
1164556494.816895 4.240858e-01
1164556494.817017 3.643755e-01
1164556494.817139 2.520485e-01
1164556494.817261 1.169027e-01
1164556494.817383 -7.121303e-02
1164556494.817505 -2.621426e-01
1164556494.817627 -3.897391e-01
1164556494.817749 -4.014771e-01
1164556494.817871 -3.317257e-01
1164556494.817993 -2.155584e-01
1164556494.818115 -1.024963e-01
1164556494.818237 1.216494e-02
1164556494.818359 1.272957e-01
1164556494.818481 2.355781e-01
1164556494.818604 3.342812e-01
1164556494.818726 3.633091e-01
1164556494.818848 2.943179e-01
1164556494.818970 1.649035e-01
1164556494.819092 -2.678643e-04
1164556494.819214 -1.225624e-01
1164556494.819336 -1.858831e-01
1164556494.819458 -2.416960e-01
1164556494.819580 -3.033372e-01
1164556494.819702 -2.804487e-01
1164556494.819824 -1.562324e-01
1164556494.819946 7.401913e-03
1164556494.820068 1.062274e-01
1164556494.820190 1.158727e-01
1164556494.820312 1.282310e-01
1164556494.820435 1.677115e-01
1164556494.820557 1.644896e-01
1164556494.820679 1.241864e-01
1164556494.820801 6.051510e-02
1164556494.820923 -1.680331e-03
1164556494.821045 -6.600187e-02
1164556494.821167 -8.069492e-02
1164556494.821289 -5.194209e-02
1164556494.821411 -2.546597e-03
1164556494.821533 -2.116419e-02
1164556494.821655 -7.129718e-02
1164556494.821777 -9.786218e-02
1164556494.821899 -1.093542e-01
1164556494.822021 -1.058075e-01
1164556494.822144 -6.351538e-02
1164556494.822266 1.029876e-02
1164556494.822388 9.290109e-02
1164556494.822510 1.424339e-01
1164556494.822632 1.656587e-01
1164556494.822754 1.280267e-01
1164556494.822876 7.067597e-02
1164556494.822998 3.320136e-02
1164556494.823120 1.792910e-03
1164556494.823242 -3.903532e-02
1164556494.823364 -6.973026e-02
1164556494.823486 -8.875922e-02
1164556494.823608 -9.183575e-02
1164556494.823730 -7.375467e-02
1164556494.823853 -2.452984e-02
1164556494.823975 -2.897311e-02
1164556494.824097 -5.017143e-02
1164556494.824219 -6.593063e-02
1164556494.824341 -5.850210e-02
1164556494.824463 -3.070830e-02
1164556494.824585 1.005225e-02
1164556494.824707 8.741687e-02
1164556494.824829 1.954044e-01
1164556494.824951 2.639905e-01
1164556494.825073 2.717951e-01
1164556494.825195 2.035936e-01
1164556494.825317 6.272076e-02
1164556494.825439 -1.522586e-01
1164556494.825562 -3.353696e-01
1164556494.825684 -3.802790e-01
1164556494.825806 -3.113720e-01
1164556494.825928 -2.187681e-01
1164556494.826050 -1.125749e-01
1164556494.826172 6.475842e-03
1164556494.826294 1.350706e-01
1164556494.826416 2.420257e-01
1164556494.826538 3.157848e-01
1164556494.826660 3.226506e-01
1164556494.826782 2.678611e-01
1164556494.826904 1.858504e-01
1164556494.827026 8.610776e-02
1164556494.827148 -6.785781e-02
1164556494.827271 -2.293602e-01
1164556494.827393 -3.547382e-01
1164556494.827515 -3.771537e-01
1164556494.827637 -2.817225e-01
1164556494.827759 -1.318284e-01
1164556494.827881 -2.200037e-03
1164556494.828003 5.661026e-02
1164556494.828125 5.318391e-02
1164556494.828247 8.968028e-02
1164556494.828369 2.032575e-01
1164556494.828491 2.926368e-01
1164556494.828613 2.933112e-01
1164556494.828735 2.619111e-01
1164556494.828857 2.076485e-01
1164556494.828979 7.242195e-02
1164556494.829102 -1.561701e-01
1164556494.829224 -3.423304e-01
1164556494.829346 -4.252232e-01
1164556494.829468 -4.199637e-01
1164556494.829590 -3.106728e-01
1164556494.829712 -9.038940e-02
1164556494.829834 1.061708e-01
1164556494.829956 1.879187e-01
1164556494.830078 1.947846e-01
1164556494.830200 2.195752e-01
1164556494.830322 2.557707e-01
1164556494.830444 2.540293e-01
1164556494.830566 1.960870e-01
1164556494.830688 1.169014e-01
1164556494.830811 2.198915e-02
1164556494.830933 -9.111204e-02
1164556494.831055 -2.344187e-01
1164556494.831177 -3.244525e-01
1164556494.831299 -3.597998e-01
1164556494.831421 -2.887582e-01
1164556494.831543 -1.038640e-01
1164556494.831665 1.047137e-01
1164556494.831787 2.198538e-01
1164556494.831909 2.151923e-01
1164556494.832031 1.002020e-01
1164556494.832153 -4.594255e-03
1164556494.832275 5.726857e-03
1164556494.832397 1.273158e-01
1164556494.832520 2.103514e-01
1164556494.832642 1.894397e-01
1164556494.832764 1.045633e-01
1164556494.832886 4.903674e-03
1164556494.833008 -1.147613e-01
1164556494.833130 -2.197374e-01
1164556494.833252 -2.818875e-01
1164556494.833374 -2.727523e-01
1164556494.833496 -2.293079e-01
1164556494.833618 -1.463027e-01
1164556494.833740 -5.296923e-03
1164556494.833862 1.474590e-01
1164556494.833984 1.980422e-01
1164556494.834106 2.087049e-01
1164556494.834229 2.610276e-01
1164556494.834351 2.662545e-01
1164556494.834473 1.888170e-01
1164556494.834595 9.598202e-02
1164556494.834717 -1.982615e-02
1164556494.834839 -1.387118e-01
1164556494.834961 -2.439550e-01
1164556494.835083 -2.710365e-01
1164556494.835205 -2.373396e-01
1164556494.835327 -1.690727e-01
1164556494.835449 -1.103364e-01
1164556494.835571 -5.920222e-02
1164556494.835693 -1.340480e-02
1164556494.835815 6.447824e-02
1164556494.835938 1.759358e-01
1164556494.836060 2.605771e-01
1164556494.836182 2.705637e-01
1164556494.836304 2.324624e-01
1164556494.836426 1.660769e-01
1164556494.836548 7.351020e-02
1164556494.836670 -4.388037e-02
1164556494.836792 -1.256292e-01
1164556494.836914 -1.749122e-01
1164556494.837036 -2.050705e-01
1164556494.837158 -2.575485e-01
1164556494.837280 -2.778284e-01
1164556494.837402 -2.516660e-01
1164556494.837524 -1.361160e-01
1164556494.837646 2.614944e-02
1164556494.837769 1.950101e-01
1164556494.837891 3.146062e-01
1164556494.838013 3.615891e-01
1164556494.838135 3.596166e-01
1164556494.838257 2.844912e-01
1164556494.838379 1.005428e-01
1164556494.838501 -1.343096e-01
1164556494.838623 -2.592324e-01
1164556494.838745 -2.181167e-01
1164556494.838867 -1.632450e-01
1164556494.838989 -1.335799e-01
1164556494.839111 -1.420699e-01
1164556494.839233 -1.801771e-01
1164556494.839355 -1.992897e-01
1164556494.839478 -1.087905e-01
1164556494.839600 5.863107e-02
1164556494.839722 2.195833e-01
1164556494.839844 2.895330e-01
1164556494.839966 2.818283e-01
1164556494.840088 2.448130e-01
1164556494.840210 1.826770e-01
1164556494.840332 7.314848e-02
1164556494.840454 -5.476671e-02
1164556494.840576 -1.231924e-01
1164556494.840698 -1.124963e-01
1164556494.840820 -1.272067e-01
1164556494.840942 -2.137728e-01
1164556494.841064 -3.033615e-01
1164556494.841187 -2.961908e-01
1164556494.841309 -1.707599e-01
1164556494.841431 3.626209e-02
1164556494.841553 2.160742e-01
1164556494.841675 2.794422e-01
1164556494.841797 2.194567e-01
1164556494.841919 1.365613e-01
1164556494.842041 9.572522e-02
1164556494.842163 1.235344e-01
1164556494.842285 1.337618e-01
1164556494.842407 5.879765e-02
1164556494.842529 -2.288985e-02
1164556494.842651 -8.452108e-03
1164556494.842773 -2.057282e-02
1164556494.842896 -1.774278e-01
1164556494.843018 -3.838050e-01
1164556494.843140 -4.629856e-01
1164556494.843262 -3.832761e-01
1164556494.843384 -1.539778e-01
1164556494.843506 1.078982e-01
1164556494.843628 3.298551e-01
1164556494.843750 3.986447e-01
1164556494.843872 3.560078e-01
1164556494.843994 3.038977e-01
1164556494.844116 2.987439e-01
1164556494.844238 2.622948e-01
1164556494.844360 8.640655e-02
1164556494.844482 -1.490973e-01
1164556494.844604 -2.846022e-01
1164556494.844727 -3.562124e-01
1164556494.844849 -4.234506e-01
1164556494.844971 -4.777810e-01
1164556494.845093 -4.265667e-01
1164556494.845215 -2.556673e-01
1164556494.845337 2.371982e-02
1164556494.845459 3.194934e-01
1164556494.845581 5.351667e-01
1164556494.845703 5.809633e-01
1164556494.845825 4.868080e-01
1164556494.845947 2.931328e-01
1164556494.846069 1.541842e-01
1164556494.846191 7.352407e-02
1164556494.846313 -7.702569e-02
1164556494.846436 -3.576300e-01
1164556494.846558 -5.486858e-01
1164556494.846680 -5.253214e-01
1164556494.846802 -3.808222e-01
1164556494.846924 -2.585818e-01
1164556494.847046 -1.272280e-01
1164556494.847168 5.609321e-02
1164556494.847290 2.368922e-01
1164556494.847412 3.480918e-01
1164556494.847534 4.069271e-01
1164556494.847656 4.155083e-01
1164556494.847778 3.424097e-01
1164556494.847900 1.783474e-01
1164556494.848022 6.205140e-02
1164556494.848145 1.613100e-02
1164556494.848267 -5.351994e-02
1164556494.848389 -2.612489e-01
1164556494.848511 -4.785617e-01
1164556494.848633 -5.303853e-01
1164556494.848755 -4.059046e-01
1164556494.848877 -2.615296e-01
1164556494.848999 -1.041499e-01
1164556494.849121 7.205969e-02
1164556494.849243 2.364774e-01
1164556494.849365 3.644214e-01
1164556494.849487 4.794715e-01
1164556494.849609 5.109884e-01
1164556494.849731 4.319978e-01
1164556494.849854 2.274009e-01
1164556494.849976 -8.240991e-03
1164556494.850098 -1.913011e-01
1164556494.850220 -2.991598e-01
1164556494.850342 -4.331881e-01
1164556494.850464 -5.212872e-01
1164556494.850586 -4.414948e-01
1164556494.850708 -2.016199e-01
1164556494.850830 8.627923e-03
1164556494.850952 8.562500e-02
1164556494.851074 7.813406e-02
1164556494.851196 9.896281e-02
1164556494.851318 1.883553e-01
1164556494.851440 3.555625e-01
1164556494.851562 4.936132e-01
1164556494.851685 5.253476e-01
1164556494.851807 3.883231e-01
1164556494.851929 1.083382e-01
1164556494.852051 -2.559191e-01
1164556494.852173 -5.373760e-01
1164556494.852295 -6.095119e-01
1164556494.852417 -5.108880e-01
1164556494.852539 -3.607118e-01
1164556494.852661 -1.756597e-01
1164556494.852783 1.061522e-02
1164556494.852905 1.335074e-01
1164556494.853027 1.454726e-01
1164556494.853149 1.780324e-01
1164556494.853271 2.916760e-01
1164556494.853394 4.475858e-01
1164556494.853516 5.363126e-01
1164556494.853638 4.678126e-01
1164556494.853760 2.290718e-01
1164556494.853882 -7.462434e-02
1164556494.854004 -3.759482e-01
1164556494.854126 -6.125364e-01
1164556494.854248 -6.837185e-01
1164556494.854370 -5.083469e-01
1164556494.854492 -2.023702e-01
1164556494.854614 6.615391e-02
1164556494.854736 1.975359e-01
1164556494.854858 1.956299e-01
1164556494.854980 1.259232e-01
1164556494.855103 1.321696e-01
1164556494.855225 1.895348e-01
1164556494.855347 2.944382e-01
1164556494.855469 4.224392e-01
1164556494.855591 4.536289e-01
1164556494.855713 2.416350e-01
1164556494.855835 -9.596602e-02
1164556494.855957 -3.516001e-01
1164556494.856079 -5.055824e-01
1164556494.856201 -5.704629e-01
1164556494.856323 -4.477580e-01
1164556494.856445 -1.697312e-01
1164556494.856567 3.755257e-02
1164556494.856689 7.443632e-02
1164556494.856812 4.393216e-02
1164556494.856934 2.308818e-02
1164556494.857056 1.169635e-01
1164556494.857178 3.059604e-01
1164556494.857300 5.100661e-01
1164556494.857422 5.506577e-01
1164556494.857544 4.411798e-01
1164556494.857666 1.763728e-01
1164556494.857788 -1.577644e-01
1164556494.857910 -4.358262e-01
1164556494.858032 -5.253748e-01
1164556494.858154 -4.997505e-01
1164556494.858276 -4.764577e-01
1164556494.858398 -3.676637e-01
1164556494.858521 -9.237101e-02
1164556494.858643 1.648703e-01
1164556494.858765 1.838859e-01
1164556494.858887 1.015164e-01
1164556494.859009 2.090666e-01
1164556494.859131 4.422840e-01
1164556494.859253 5.489289e-01
1164556494.859375 4.660867e-01
1164556494.859497 3.278884e-01
1164556494.859619 8.080204e-02
1164556494.859741 -2.209903e-01
1164556494.859863 -4.326656e-01
1164556494.859985 -4.666059e-01
1164556494.860107 -4.218719e-01
1164556494.860229 -4.268071e-01
1164556494.860352 -4.204131e-01
1164556494.860474 -2.794851e-01
1164556494.860596 -2.420677e-02
1164556494.860718 1.926954e-01
1164556494.860840 2.901538e-01
1164556494.860962 3.778705e-01
1164556494.861084 5.340510e-01
1164556494.861206 6.639017e-01
1164556494.861328 5.782612e-01
1164556494.861450 2.929057e-01
1164556494.861572 -5.300898e-02
1164556494.861694 -3.043370e-01
1164556494.861816 -5.025641e-01
1164556494.861938 -5.995019e-01
1164556494.862061 -6.118900e-01
1164556494.862183 -5.302728e-01
1164556494.862305 -3.885630e-01
1164556494.862427 -1.905032e-01
1164556494.862549 1.321408e-01
1164556494.862671 4.533784e-01
1164556494.862793 5.233740e-01
1164556494.862915 3.795220e-01
1164556494.863037 2.973189e-01
1164556494.863159 4.114618e-01
1164556494.863281 4.878937e-01
1164556494.863403 4.296471e-01
1164556494.863525 2.252660e-01
1164556494.863647 -7.982292e-02
1164556494.863770 -5.026606e-01
1164556494.863892 -8.526510e-01
1164556494.864014 -9.795610e-01
1164556494.864136 -8.625581e-01
1164556494.864258 -5.884693e-01
1164556494.864380 -1.164378e-01
1164556494.864502 4.197462e-01
1164556494.864624 7.503167e-01
1164556494.864746 8.223109e-01
1164556494.864868 7.091553e-01
1164556494.864990 4.440493e-01
1164556494.865112 2.058902e-01
1164556494.865234 1.833560e-01
1164556494.865356 2.581488e-01
1164556494.865479 1.499713e-01
1164556494.865601 -1.407556e-01
1164556494.865723 -5.529011e-01
1164556494.865845 -9.265655e-01
1164556494.865967 -1.127432e+00
1164556494.866089 -9.915651e-01
1164556494.866211 -5.270836e-01
1164556494.866333 1.260460e-01
1164556494.866455 6.832312e-01
1164556494.866577 9.687827e-01
1164556494.866699 9.319456e-01
1164556494.866821 6.537118e-01
1164556494.866943 3.515658e-01
1164556494.867065 2.125128e-01
1164556494.867188 1.876062e-01
1164556494.867310 1.352633e-01
1164556494.867432 -3.952863e-02
1164556494.867554 -2.235212e-01
1164556494.867676 -5.628392e-01
1164556494.867798 -1.045623e+00
1164556494.867920 -1.270268e+00
1164556494.868042 -9.446312e-01
1164556494.868164 -3.972493e-01
1164556494.868286 2.070374e-01
1164556494.868408 8.132646e-01
1164556494.868530 1.158854e+00
1164556494.868652 9.881420e-01
1164556494.868774 6.272773e-01
1164556494.868896 4.463939e-01
1164556494.869019 3.842055e-01
1164556494.869141 2.016303e-01
1164556494.869263 -1.293011e-02
1164556494.869385 -2.192066e-01
1164556494.869507 -5.601664e-01
1164556494.869629 -9.467843e-01
1164556494.869751 -1.136311e+00
1164556494.869873 -1.155662e+00
1164556494.869995 -8.678487e-01
1164556494.870117 -2.063576e-01
1164556494.870239 5.612768e-01
1164556494.870361 1.052824e+00
1164556494.870483 1.195363e+00
1164556494.870605 1.024115e+00
1164556494.870728 6.737964e-01
1164556494.870850 3.119595e-01
1164556494.870972 2.134080e-01
1164556494.871094 2.721368e-01
1164556494.871216 5.905496e-02
1164556494.871338 -5.138562e-01
1164556494.871460 -9.600250e-01
1164556494.871582 -1.059143e+00
1164556494.871704 -1.020753e+00
1164556494.871826 -9.857814e-01
1164556494.871948 -7.144751e-01
1164556494.872070 -1.201519e-01
1164556494.872192 5.062578e-01
1164556494.872314 9.258334e-01
1164556494.872437 1.212527e+00
1164556494.872559 1.243401e+00
1164556494.872681 9.490565e-01
1164556494.872803 6.073738e-01
1164556494.872925 4.254264e-01
1164556494.873047 2.019348e-01
1164556494.873169 -2.454519e-01
1164556494.873291 -8.818271e-01
1164556494.873413 -1.410827e+00
1164556494.873535 -1.577530e+00
1164556494.873657 -1.266881e+00
1164556494.873779 -7.320389e-01
1164556494.873901 -3.143602e-01
1164556494.874023 6.263405e-02
1164556494.874146 7.047445e-01
1164556494.874268 1.351310e+00
1164556494.874390 1.623112e+00
1164556494.874512 1.475227e+00
1164556494.874634 1.035776e+00
1164556494.874756 4.084648e-01
1164556494.874878 -1.380417e-01
1164556494.875000 -4.380751e-01
1164556494.875122 -5.362874e-01
1164556494.875244 -8.439177e-01
1164556494.875366 -1.334957e+00
1164556494.875488 -1.532911e+00
1164556494.875610 -1.169091e+00
1164556494.875732 -6.288215e-01
1164556494.875854 -1.295098e-01
1164556494.875977 3.029461e-01
1164556494.876099 7.289155e-01
1164556494.876221 1.193156e+00
1164556494.876343 1.613421e+00
1164556494.876465 1.747954e+00
1164556494.876587 1.319170e+00
1164556494.876709 4.536982e-01
1164556494.876831 -2.509712e-01
1164556494.876953 -6.232129e-01
1164556494.877075 -8.614434e-01
1164556494.877197 -1.099806e+00
1164556494.877319 -1.282986e+00
1164556494.877441 -1.471962e+00
1164556494.877563 -1.366428e+00
1164556494.877686 -9.002936e-01
1164556494.877808 -2.355527e-01
1164556494.877930 3.483182e-01
1164556494.878052 8.942381e-01
1164556494.878174 1.467040e+00
1164556494.878296 1.977130e+00
1164556494.878418 2.179491e+00
1164556494.878540 1.770104e+00
1164556494.878662 7.602227e-01
1164556494.878784 -2.947552e-01
1164556494.878906 -9.303162e-01
1164556494.879028 -1.242948e+00
1164556494.879150 -1.558628e+00
1164556494.879272 -1.802173e+00
1164556494.879395 -1.957855e+00
1164556494.879517 -1.842225e+00
1164556494.879639 -1.370281e+00
1164556494.879761 -4.588252e-01
1164556494.879883 7.146105e-01
1164556494.880005 1.840595e+00
1164556494.880127 2.580049e+00
1164556494.880249 2.929947e+00
1164556494.880371 2.814731e+00
1164556494.880493 2.151826e+00
1164556494.880615 9.308407e-01
1164556494.880737 -5.906269e-01
1164556494.880859 -1.712836e+00
1164556494.880981 -2.197788e+00
1164556494.881104 -2.581469e+00
1164556494.881226 -2.966419e+00
1164556494.881348 -3.045731e+00
1164556494.881470 -2.524132e+00
1164556494.881592 -1.540829e+00
1164556494.881714 -8.484908e-02
1164556494.881836 1.713936e+00
1164556494.881958 3.663109e+00
1164556494.882080 4.930548e+00
1164556494.882202 5.060496e+00
1164556494.882324 4.265090e+00
1164556494.882446 2.809889e+00
1164556494.882568 6.268506e-01
1164556494.882690 -2.105827e+00
1164556494.882812 -4.613682e+00
1164556494.882935 -6.233614e+00
1164556494.883057 -6.875414e+00
1164556494.883179 -5.934145e+00
1164556494.883301 -3.368951e+00
1164556494.883423 -2.269637e-01
1164556494.883545 2.649696e+00
1164556494.883667 5.055485e+00
1164556494.883789 6.626217e+00
1164556494.883911 7.130744e+00
1164556494.884033 6.379955e+00
1164556494.884155 4.377270e+00
1164556494.884277 1.199709e+00
1164556494.884399 -2.304588e+00
1164556494.884521 -5.139739e+00
1164556494.884644 -6.891166e+00
1164556494.884766 -7.436940e+00
1164556494.884888 -6.565970e+00
1164556494.885010 -4.400883e+00
1164556494.885132 -1.924098e+00
1164556494.885254 5.095733e-01
1164556494.885376 3.314289e+00
1164556494.885498 5.931033e+00
1164556494.885620 7.492860e+00
1164556494.885742 7.635067e+00
1164556494.885864 6.653399e+00
1164556494.885986 4.456019e+00
1164556494.886108 1.323505e+00
1164556494.886230 -2.585020e+00
1164556494.886353 -6.352548e+00
1164556494.886475 -8.806065e+00
1164556494.886597 -9.358263e+00
1164556494.886719 -8.048313e+00
1164556494.886841 -5.205627e+00
1164556494.886963 -1.266119e+00
1164556494.887085 2.558820e+00
1164556494.887207 5.416438e+00
1164556494.887329 7.693293e+00
1164556494.887451 9.341359e+00
1164556494.887573 9.151695e+00
1164556494.887695 6.744199e+00
1164556494.887817 3.307707e+00
1164556494.887939 -7.133023e-01
1164556494.888062 -4.687018e+00
1164556494.888184 -7.943180e+00
1164556494.888306 -9.893825e+00
1164556494.888428 -1.044959e+01
1164556494.888550 -8.898150e+00
1164556494.888672 -5.129354e+00
1164556494.888794 -1.792111e-01
1164556494.888916 4.672216e+00
1164556494.889038 8.499941e+00
1164556494.889160 1.056746e+01
1164556494.889282 1.056479e+01
1164556494.889404 9.236513e+00
1164556494.889526 6.743740e+00
1164556494.889648 2.295519e+00
1164556494.889771 -3.352994e+00
1164556494.889893 -8.305073e+00
1164556494.890015 -1.115769e+01
1164556494.890137 -1.226276e+01
1164556494.890259 -1.140317e+01
1164556494.890381 -8.414743e+00
1164556494.890503 -3.432648e+00
1164556494.890625 2.522949e+00
1164556494.890747 8.601748e+00
1164556494.890869 1.365529e+01
1164556494.890991 1.581952e+01
1164556494.891113 1.381274e+01
1164556494.891235 8.419922e+00
1164556494.891357 1.838686e+00
1164556494.891479 -4.713556e+00
1164556494.891602 -1.106395e+01
1164556494.891724 -1.572791e+01
1164556494.891846 -1.678209e+01
1164556494.891968 -1.352241e+01
1164556494.892090 -7.060898e+00
1164556494.892212 1.154241e+00
1164556494.892334 8.711984e+00
1164556494.892456 1.404387e+01
1164556494.892578 1.627362e+01
1164556494.892700 1.520730e+01
1164556494.892822 1.063294e+01
1164556494.892944 3.447511e+00
1164556494.893066 -4.925946e+00
1164556494.893188 -1.278931e+01
1164556494.893311 -1.742279e+01
1164556494.893433 -1.632840e+01
1164556494.893555 -1.032972e+01
1164556494.893677 -2.738532e+00
1164556494.893799 4.670890e+00
1164556494.893921 1.133451e+01
1164556494.894043 1.510083e+01
1164556494.894165 1.434548e+01
1164556494.894287 8.755854e+00
1164556494.894409 6.202692e-01
1164556494.894531 -7.387130e+00
1164556494.894653 -1.257425e+01
1164556494.894775 -1.344883e+01
1164556494.894897 -9.309040e+00
1164556494.895020 -2.005923e+00
1164556494.895142 5.147926e+00
1164556494.895264 9.896507e+00
1164556494.895386 1.196193e+01
1164556494.895508 1.048608e+01
1164556494.895630 4.049494e+00
1164556494.895752 -5.811759e+00
1164556494.895874 -1.330444e+01
1164556494.895996 -1.487438e+01
1164556494.896118 -9.886999e+00
1164556494.896240 -2.236637e-01
1164556494.896362 1.017749e+01
1164556494.896484 1.537467e+01
1164556494.896606 1.330685e+01
1164556494.896729 4.554485e+00
1164556494.896851 -6.667613e+00
1164556494.896973 -1.380834e+01
1164556494.897095 -1.062117e+01
1164556494.897217 3.569098e-01
1164556494.897339 9.663304e+00
1164556494.897461 7.622311e+00
1164556494.897583 -3.816686e+00
1164556494.897705 -9.766102e+00
1164556494.897827 -1.333961e-01
1164556494.897949 4.486883e+00
1164556494.898071 2.069978e-01
1164556494.898193 8.799309e-01
1164556494.898315 7.945987e-01
1164556494.898438 9.473233e-01
1164556494.898560 6.227737e-01
1164556494.898682 3.162647e-01
1164556494.898804 2.225432e-01
1164556494.898926 9.082909e-01
1164556494.899048 9.105337e-02
1164556494.899170 -1.204854e+00
1164556494.899292 -2.225660e+00
1164556494.899414 -1.919334e+00
1164556494.899536 -8.666533e-01
1164556494.899658 8.690277e-01
1164556494.899780 9.342966e-01
1164556494.899902 -2.677293e-01
1164556494.900024 -5.020486e-01
1164556494.900146 8.363433e-01
1164556494.900269 1.228812e+00
1164556494.900391 7.427557e-01
1164556494.900513 4.168412e-01
1164556494.900635 5.141833e-01
1164556494.900757 4.113471e-01
1164556494.900879 2.265939e-01
1164556494.901001 5.216060e-02
1164556494.901123 -4.365159e-01
1164556494.901245 -1.546232e+00
1164556494.901367 -2.038153e+00
1164556494.901489 -1.229088e+00
1164556494.901611 4.471090e-01
1164556494.901733 1.001363e+00
1164556494.901855 2.176638e-01
1164556494.901978 -5.247816e-01
1164556494.902100 2.503862e-01
1164556494.902222 1.092263e+00
1164556494.902344 1.026960e+00
1164556494.902466 7.755439e-01
1164556494.902588 5.927747e-01
1164556494.902710 2.223738e-01
1164556494.902832 2.265190e-04
1164556494.902954 -6.475665e-03
1164556494.903076 -3.945705e-01
1164556494.903198 -1.307861e+00
1164556494.903320 -1.828096e+00
1164556494.903442 -1.556995e+00
1164556494.903564 -4.335427e-01
1164556494.903687 6.815725e-01
1164556494.903809 1.062037e+00
1164556494.903931 4.329956e-01
1164556494.904053 2.816734e-01
1164556494.904175 9.647203e-01
1164556494.904297 1.372512e+00
1164556494.904419 7.535084e-01
1164556494.904541 5.026733e-02
1164556494.904663 -1.810035e-01
1164556494.904785 -2.677764e-01
1164556494.904907 -4.396445e-01
1164556494.905029 -6.277890e-01
1164556494.905151 -8.975420e-01
1164556494.905273 -1.378185e+00
1164556494.905396 -1.527627e+00
1164556494.905518 -5.285266e-01
1164556494.905640 9.096637e-01
1164556494.905762 1.537580e+00
1164556494.905884 9.670383e-01
1164556494.906006 5.895356e-01
1164556494.906128 6.339060e-01
1164556494.906250 5.905454e-01
1164556494.906372 2.085823e-01
1164556494.906494 -2.962268e-02
1164556494.906616 -2.790826e-01
1164556494.906738 -5.838453e-01
1164556494.906860 -4.872077e-01
1164556494.906982 -3.415766e-01
1164556494.907104 -6.245704e-01
1164556494.907227 -1.043148e+00
1164556494.907349 -9.534773e-01
1164556494.907471 -2.923707e-01
1164556494.907593 5.900876e-01
1164556494.907715 1.421272e+00
1164556494.907837 1.363279e+00
1164556494.907959 5.482637e-01
1164556494.908081 -6.958194e-02
1164556494.908203 6.150689e-02
1164556494.908325 -9.904219e-03
1164556494.908447 -1.976336e-01
1164556494.908569 -2.029822e-02
1164556494.908691 6.423142e-02
1164556494.908813 -2.900046e-01
1164556494.908936 -6.074632e-01
1164556494.909058 -6.519044e-01
1164556494.909180 -7.460666e-01
1164556494.909302 -7.263344e-01
1164556494.909424 -2.920398e-01
1164556494.909546 5.298159e-01
1164556494.909668 1.164336e+00
1164556494.909790 1.117565e+00
1164556494.909912 5.851225e-01
1164556494.910034 -3.076056e-02
1164556494.910156 -1.014326e-01
1164556494.910278 -5.942939e-02
1164556494.910400 -8.597873e-02
1164556494.910522 2.629987e-02
1164556494.910645 2.067074e-01
1164556494.910767 -1.655805e-01
1164556494.910889 -7.463197e-01
1164556494.911011 -8.670990e-01
1164556494.911133 -7.345954e-01
1164556494.911255 -5.052371e-01
1164556494.911377 -6.712036e-02
1164556494.911499 5.542668e-01
1164556494.911621 9.480736e-01
1164556494.911743 8.858251e-01
1164556494.911865 6.017999e-01
1164556494.911987 2.036934e-01
1164556494.912109 -3.856442e-02
1164556494.912231 -4.625476e-02
1164556494.912354 -9.589994e-03
1164556494.912476 -1.721325e-01
1164556494.912598 -1.553868e-01
1164556494.912720 -1.943483e-01
1164556494.912842 -6.435069e-01
1164556494.912964 -1.037300e+00
1164556494.913086 -7.795829e-01
1164556494.913208 -1.126576e-01
1164556494.913330 4.190722e-01
1164556494.913452 7.037478e-01
1164556494.913574 8.717262e-01
1164556494.913696 7.990066e-01
1164556494.913818 3.754299e-01
1164556494.913940 -4.605035e-02
1164556494.914062 -8.298766e-02
1164556494.914185 -3.745280e-02
1164556494.914307 -1.109045e-01
1164556494.914429 -3.208690e-01
1164556494.914551 -3.271611e-01
1164556494.914673 -2.462025e-01
1164556494.914795 -3.640998e-01
1164556494.914917 -6.069735e-01
1164556494.915039 -4.875623e-01
1164556494.915161 -2.149467e-02
1164556494.915283 4.545313e-01
1164556494.915405 7.338768e-01
1164556494.915527 6.446121e-01
1164556494.915649 3.306061e-01
1164556494.915771 4.421703e-02
1164556494.915894 -1.050829e-01
1164556494.916016 -2.684498e-02
1164556494.916138 9.177039e-02
1164556494.916260 9.173038e-02
1164556494.916382 -1.151054e-01
1164556494.916504 -2.977980e-01
1164556494.916626 -3.118483e-01
1164556494.916748 -2.261914e-01
1164556494.916870 -3.590399e-01
1164556494.916992 -5.064607e-01
1164556494.917114 -3.556432e-01
1164556494.917236 9.245548e-02
1164556494.917358 5.495086e-01
1164556494.917480 7.357650e-01
1164556494.917603 5.655702e-01
1164556494.917725 2.455140e-01
1164556494.917847 8.838320e-02
1164556494.917969 9.064184e-02
1164556494.918091 2.992346e-02
1164556494.918213 -1.314880e-01
1164556494.918335 -3.553573e-01
1164556494.918457 -4.836203e-01
1164556494.918579 -4.243955e-01
1164556494.918701 -1.344883e-01
1164556494.918823 -2.688535e-02
1164556494.918945 -1.887636e-01
1164556494.919067 -2.646526e-01
1164556494.919189 -3.606269e-02
1164556494.919312 3.215452e-01
1164556494.919434 6.147080e-01
1164556494.919556 6.290175e-01
1164556494.919678 3.108247e-01
1164556494.919800 -1.813200e-02
1164556494.919922 -5.542589e-02
1164556494.920044 1.002073e-01
1164556494.920166 4.184192e-02
1164556494.920288 -2.828391e-01
1164556494.920410 -4.385211e-01
1164556494.920532 -3.886077e-01
1164556494.920654 -3.099732e-01
1164556494.920776 -2.444263e-01
1164556494.920898 -1.455723e-01
1164556494.921021 -1.243092e-01
1164556494.921143 -7.989901e-02
1164556494.921265 1.792456e-01
1164556494.921387 6.635722e-01
1164556494.921509 9.189612e-01
1164556494.921631 6.151586e-01
1164556494.921753 8.658130e-02
1164556494.921875 -2.173861e-01
1164556494.921997 -3.172457e-01
1164556494.922119 -3.113780e-01
1164556494.922241 -2.748659e-01
1164556494.922363 -2.869867e-01
1164556494.922485 -2.944980e-01
1164556494.922607 -2.257880e-01
1164556494.922729 -1.835734e-01
1164556494.922852 -2.077328e-01
1164556494.922974 -1.598928e-01
1164556494.923096 1.004853e-01
1164556494.923218 4.237823e-01
1164556494.923340 6.572909e-01
1164556494.923462 7.932162e-01
1164556494.923584 6.378634e-01
1164556494.923706 3.378701e-02
1164556494.923828 -5.490809e-01
1164556494.923950 -6.064553e-01
1164556494.924072 -2.690634e-01
1164556494.924194 -4.899940e-02
1164556494.924316 -8.150873e-02
1164556494.924438 -1.561700e-01
1164556494.924561 -2.006394e-01
1164556494.924683 -3.358058e-01
1164556494.924805 -3.852085e-01
1164556494.924927 -1.469096e-01
1164556494.925049 2.502025e-01
1164556494.925171 5.622205e-01
1164556494.925293 7.554470e-01
1164556494.925415 7.562902e-01
1164556494.925537 4.723272e-01
1164556494.925659 -6.277762e-02
1164556494.925781 -4.857964e-01
1164556494.925903 -5.828765e-01
1164556494.926025 -4.360884e-01
1164556494.926147 -1.799556e-01
1164556494.926270 4.227351e-02
1164556494.926392 -6.850089e-02
1164556494.926514 -3.372200e-01
1164556494.926636 -3.749889e-01
1164556494.926758 -2.205089e-01
1164556494.926880 -1.925262e-02
1164556494.927002 3.393808e-01
1164556494.927124 7.668327e-01
1164556494.927246 8.915055e-01
1164556494.927368 5.870284e-01
1164556494.927490 1.835818e-01
1164556494.927612 -1.906666e-01
1164556494.927734 -5.715759e-01
1164556494.927856 -7.484773e-01
1164556494.927979 -4.683509e-01
1164556494.928101 -9.575057e-02
1164556494.928223 4.428120e-02
1164556494.928345 1.489575e-02
1164556494.928467 -5.204727e-02
1164556494.928589 -1.654359e-01
1164556494.928711 -1.710981e-01
1164556494.928833 6.657712e-03
1164556494.928955 3.124580e-01
1164556494.929077 5.757370e-01
1164556494.929199 6.418381e-01
1164556494.929321 4.959064e-01
1164556494.929443 1.660337e-01
1164556494.929565 -2.095418e-01
1164556494.929688 -4.499937e-01
1164556494.929810 -5.084480e-01
1164556494.929932 -4.475730e-01
1164556494.930054 -3.656287e-01
1164556494.930176 -2.238258e-01
1164556494.930298 -2.051444e-02
1164556494.930420 1.499939e-01
1164556494.930542 1.672379e-01
1164556494.930664 1.647344e-01
1164556494.930786 2.063135e-01
1164556494.930908 2.270129e-01
1164556494.931030 2.631167e-01
1164556494.931152 3.041192e-01
1164556494.931274 2.076202e-01
1164556494.931396 -1.753414e-02
1164556494.931519 -1.675583e-01
1164556494.931641 -2.272812e-01
1164556494.931763 -2.635312e-01
1164556494.931885 -2.329880e-01
1164556494.932007 -2.027626e-01
1164556494.932129 -2.337132e-01
1164556494.932251 -2.524313e-01
1164556494.932373 -6.823511e-02
1164556494.932495 2.045093e-01
1164556494.932617 3.247086e-01
1164556494.932739 2.333124e-01
1164556494.932861 1.810025e-01
1164556494.932983 2.184505e-01
1164556494.933105 2.293031e-01
1164556494.933228 1.683673e-01
1164556494.933350 7.897180e-02
1164556494.933472 -4.984573e-02
1164556494.933594 -2.549508e-01
1164556494.933716 -3.976862e-01
1164556494.933838 -3.942424e-01
1164556494.933960 -2.786468e-01
1164556494.934082 -1.468492e-01
1164556494.934204 -5.266114e-02
1164556494.934326 1.216148e-01
1164556494.934448 3.064140e-01
1164556494.934570 3.516661e-01
1164556494.934692 1.953021e-01
1164556494.934814 1.521333e-02
1164556494.934937 1.392852e-03
1164556494.935059 1.242123e-01
1164556494.935181 2.007756e-01
1164556494.935303 1.134432e-01
1164556494.935425 -6.837370e-02
1164556494.935547 -2.338979e-01
1164556494.935669 -3.305403e-01
1164556494.935791 -3.510199e-01
1164556494.935913 -2.279204e-01
1164556494.936035 -1.150299e-02
1164556494.936157 1.336017e-01
1164556494.936279 1.288125e-01
1164556494.936401 1.011957e-01
1164556494.936523 1.616807e-01
1164556494.936646 1.055425e-01
1164556494.936768 -6.236797e-02
1164556494.936890 -7.355657e-02
1164556494.937012 1.642375e-01
1164556494.937134 3.606494e-01
1164556494.937256 2.863816e-01
1164556494.937378 4.166319e-02
1164556494.937500 -2.053055e-01
1164556494.937622 -3.867737e-01
1164556494.937744 -4.505568e-01
1164556494.937866 -3.133112e-01
1164556494.937988 -5.893077e-02
1164556494.938110 1.203106e-01
1164556494.938232 1.713087e-01
1164556494.938354 1.259937e-01
1164556494.938477 6.432894e-02
1164556494.938599 7.136474e-03
1164556494.938721 5.184343e-02
1164556494.938843 1.452419e-01
1164556494.938965 2.456647e-01
1164556494.939087 2.979380e-01
1164556494.939209 2.432503e-01
1164556494.939331 -3.661941e-03
1164556494.939453 -3.062583e-01
1164556494.939575 -4.237386e-01
1164556494.939697 -3.795104e-01
1164556494.939819 -2.810541e-01
1164556494.939941 -1.256977e-01
1164556494.940063 6.801772e-02
1164556494.940186 1.474974e-01
1164556494.940308 1.013411e-01
1164556494.940430 7.480555e-02
1164556494.940552 1.164980e-01
1164556494.940674 1.882255e-01
1164556494.940796 2.575962e-01
1164556494.940918 3.171388e-01
1164556494.941040 2.775787e-01
1164556494.941162 1.329185e-01
1164556494.941284 -1.251072e-01
1164556494.941406 -4.198946e-01
1164556494.941528 -5.789470e-01
1164556494.941650 -5.067145e-01
1164556494.941772 -2.921604e-01
1164556494.941895 -4.665819e-02
1164556494.942017 1.673127e-01
1164556494.942139 3.119801e-01
1164556494.942261 3.544635e-01
1164556494.942383 3.046197e-01
1164556494.942505 1.898732e-01
1164556494.942627 9.689209e-02
1164556494.942749 8.930207e-02
1164556494.942871 8.906087e-02
1164556494.942993 -2.661207e-02
1164556494.943115 -1.754793e-01
1164556494.943237 -2.624558e-01
1164556494.943359 -2.645681e-01
1164556494.943481 -2.169969e-01
1164556494.943604 -1.123037e-01
1164556494.943726 4.534036e-03
1164556494.943848 4.765476e-02
1164556494.943970 1.854062e-02
1164556494.944092 1.274896e-02
1164556494.944214 7.025151e-02
1164556494.944336 1.746969e-01
1164556494.944458 2.294422e-01
1164556494.944580 1.952858e-01
1164556494.944702 1.022708e-01
1164556494.944824 6.114156e-02
1164556494.944946 4.846316e-02
1164556494.945068 -3.823243e-02
1164556494.945190 -1.883933e-01
1164556494.945312 -2.611907e-01
1164556494.945435 -2.125181e-01
1164556494.945557 -1.348902e-01
1164556494.945679 -1.126874e-01
1164556494.945801 -9.393649e-02
1164556494.945923 -5.929438e-02
1164556494.946045 2.629449e-02
1164556494.946167 1.507716e-01
1164556494.946289 2.797722e-01
1164556494.946411 3.323896e-01
1164556494.946533 2.755311e-01
1164556494.946655 1.172618e-01
1164556494.946777 -4.804924e-03
1164556494.946899 -2.557550e-02
1164556494.947021 -7.110787e-02
1164556494.947144 -2.186014e-01
1164556494.947266 -3.197525e-01
1164556494.947388 -2.882085e-01
1164556494.947510 -1.917886e-01
1164556494.947632 -1.204050e-01
1164556494.947754 -4.874669e-02
1164556494.947876 5.771284e-02
1164556494.947998 1.844132e-01
1164556494.948120 2.704802e-01
1164556494.948242 3.326462e-01
1164556494.948364 3.371444e-01
1164556494.948486 2.046210e-01
1164556494.948608 -4.003072e-02
1164556494.948730 -2.121618e-01
1164556494.948853 -1.741211e-01
1164556494.948975 -6.538914e-02
1164556494.949097 -8.478527e-02
1164556494.949219 -1.983940e-01
1164556494.949341 -2.442803e-01
1164556494.949463 -1.897086e-01
1164556494.949585 -1.226179e-01
1164556494.949707 -2.628597e-02
1164556494.949829 1.055063e-01
1164556494.949951 2.311914e-01
1164556494.950073 3.042193e-01
1164556494.950195 3.435590e-01
1164556494.950317 2.921022e-01
1164556494.950439 1.357885e-01
1164556494.950562 -9.779120e-02
1164556494.950684 -2.969165e-01
1164556494.950806 -3.253170e-01
1164556494.950928 -1.745809e-01
1164556494.951050 -3.102880e-02
1164556494.951172 -2.919650e-02
1164556494.951294 -8.806786e-02
1164556494.951416 -7.291874e-02
1164556494.951538 -8.939824e-03
1164556494.951660 4.565090e-02
1164556494.951782 9.953280e-02
1164556494.951904 1.242910e-01
1164556494.952026 1.250207e-01
1164556494.952148 1.143857e-01
1164556494.952271 1.132466e-01
1164556494.952393 1.155631e-01
1164556494.952515 3.084841e-02
1164556494.952637 -1.037003e-01
1164556494.952759 -1.739823e-01
1164556494.952881 -8.863117e-02
1164556494.953003 7.934879e-03
1164556494.953125 -4.654206e-02
1164556494.953247 -1.597293e-01
1164556494.953369 -1.844145e-01
1164556494.953491 -1.001676e-01
1164556494.953613 3.835480e-02
1164556494.953735 1.704616e-01
1164556494.953857 2.086798e-01
1164556494.953979 1.435924e-01
1164556494.954102 4.344545e-02
1164556494.954224 -2.947608e-02
1164556494.954346 -3.753378e-02
1164556494.954468 4.216941e-03
1164556494.954590 4.369994e-02
1164556494.954712 7.524509e-02
1164556494.954834 1.031359e-01
1164556494.954956 7.104584e-02
1164556494.955078 -7.671891e-02
1164556494.955200 -2.505819e-01
1164556494.955322 -3.087015e-01
1164556494.955444 -2.261610e-01
1164556494.955566 -9.413694e-02
1164556494.955688 7.607013e-03
1164556494.955811 6.364213e-02
1164556494.955933 1.224997e-01
1164556494.956055 1.973128e-01
1164556494.956177 2.687932e-01
1164556494.956299 3.059578e-01
1164556494.956421 2.722384e-01
1164556494.956543 1.549340e-01
1164556494.956665 -3.550282e-02
1164556494.956787 -1.985162e-01
1164556494.956909 -2.875831e-01
1164556494.957031 -3.613942e-01
1164556494.957153 -4.232569e-01
1164556494.957275 -3.388728e-01
1164556494.957397 -1.361102e-01
1164556494.957520 7.430080e-02
1164556494.957642 2.347019e-01
1164556494.957764 3.212191e-01
1164556494.957886 3.521835e-01
1164556494.958008 3.280894e-01
1164556494.958130 2.734039e-01
1164556494.958252 1.787740e-01
1164556494.958374 4.308380e-02
1164556494.958496 -9.474441e-02
1164556494.958618 -2.226026e-01
1164556494.958740 -3.051355e-01
1164556494.958862 -3.589035e-01
1164556494.958984 -3.386806e-01
1164556494.959106 -2.423480e-01
1164556494.959229 -1.092455e-01
1164556494.959351 -9.233609e-03
1164556494.959473 7.348441e-02
1164556494.959595 1.911391e-01
1164556494.959717 3.320823e-01
1164556494.959839 4.326143e-01
1164556494.959961 4.411133e-01
1164556494.960083 3.467161e-01
1164556494.960205 1.465562e-01
1164556494.960327 -1.037927e-01
1164556494.960449 -3.296701e-01
1164556494.960571 -4.801112e-01
1164556494.960693 -5.124809e-01
1164556494.960815 -4.185253e-01
1164556494.960938 -2.321110e-01
1164556494.961060 -4.171147e-02
1164556494.961182 1.263456e-01
1164556494.961304 2.648174e-01
1164556494.961426 3.459873e-01
1164556494.961548 3.089984e-01
1164556494.961670 2.430387e-01
1164556494.961792 2.562681e-01
1164556494.961914 2.340019e-01
1164556494.962036 1.102357e-01
1164556494.962158 -6.659443e-02
1164556494.962280 -2.725768e-01
1164556494.962402 -4.455262e-01
1164556494.962524 -4.745580e-01
1164556494.962646 -3.137347e-01
1164556494.962769 -7.139415e-02
1164556494.962891 1.001046e-01
1164556494.963013 1.430795e-01
1164556494.963135 1.419544e-01
1164556494.963257 1.548653e-01
1164556494.963379 1.572314e-01
1164556494.963501 1.437190e-01
1164556494.963623 1.457640e-01
1164556494.963745 1.488010e-01
1164556494.963867 1.309563e-01
1164556494.963989 7.897183e-02
1164556494.964111 -1.389273e-02
1164556494.964233 -1.636701e-01
1164556494.964355 -3.032565e-01
1164556494.964478 -3.527575e-01
1164556494.964600 -2.995087e-01
1164556494.964722 -1.503527e-01
1164556494.964844 4.078111e-02
1164556494.964966 1.475231e-01
1164556494.965088 1.776526e-01
1164556494.965210 1.874409e-01
1164556494.965332 2.039705e-01
1164556494.965454 1.917276e-01
1164556494.965576 1.186970e-01
1164556494.965698 4.328654e-02
1164556494.965820 1.476086e-03
1164556494.965942 -4.455838e-02
1164556494.966064 -1.278215e-01
1164556494.966187 -1.841211e-01
1164556494.966309 -1.750294e-01
1164556494.966431 -1.462112e-01
1164556494.966553 -9.338967e-02
1164556494.966675 2.525341e-02
1164556494.966797 1.166945e-01
1164556494.966919 6.948666e-02
1164556494.967041 -4.045899e-02
1164556494.967163 -6.589986e-02
1164556494.967285 9.923639e-03
1164556494.967407 9.661353e-02
1164556494.967529 1.490289e-01
1164556494.967651 1.880179e-01
1164556494.967773 1.817982e-01
1164556494.967896 1.229150e-01
1164556494.968018 2.721102e-02
1164556494.968140 -9.742707e-02
1164556494.968262 -2.263146e-01
1164556494.968384 -2.900546e-01
1164556494.968506 -2.630166e-01
1164556494.968628 -1.615560e-01
1164556494.968750 -4.655063e-02
1164556494.968872 1.940248e-02
1164556494.968994 7.422656e-02
1164556494.969116 1.390403e-01
1164556494.969238 2.044641e-01
1164556494.969360 2.491938e-01
1164556494.969482 2.303332e-01
1164556494.969604 1.358624e-01
1164556494.969727 2.970171e-02
1164556494.969849 -4.071725e-02
1164556494.969971 -9.801324e-02
1164556494.970093 -1.745006e-01
1164556494.970215 -2.215811e-01
1164556494.970337 -2.063729e-01
1164556494.970459 -1.728348e-01
1164556494.970581 -1.310302e-01
1164556494.970703 -5.416254e-02
1164556494.970825 3.837982e-02
1164556494.970947 1.198994e-01
1164556494.971069 1.799948e-01
1164556494.971191 2.400739e-01
1164556494.971313 2.671985e-01
1164556494.971436 2.121727e-01
1164556494.971558 9.556725e-02
1164556494.971680 -3.789011e-02
1164556494.971802 -1.323893e-01
1164556494.971924 -1.815891e-01
1164556494.972046 -2.099126e-01
1164556494.972168 -1.841568e-01
1164556494.972290 -1.538726e-01
1164556494.972412 -1.165534e-01
1164556494.972534 -5.187060e-02
1164556494.972656 2.257798e-02
1164556494.972778 8.269197e-02
1164556494.972900 1.301632e-01
1164556494.973022 1.792457e-01
1164556494.973145 1.913428e-01
1164556494.973267 1.580684e-01
1164556494.973389 1.021711e-01
1164556494.973511 2.190995e-02
1164556494.973633 -3.664948e-02
1164556494.973755 -5.709794e-02
1164556494.973877 -7.849707e-02
1164556494.973999 -1.356528e-01
1164556494.974121 -1.959115e-01
1164556494.974243 -1.856003e-01
1164556494.974365 -1.296166e-01
1164556494.974487 -5.648332e-02
1164556494.974609 3.938039e-02
1164556494.974731 1.059296e-01
1164556494.974854 1.283043e-01
1164556494.974976 1.184258e-01
1164556494.975098 1.359313e-01
1164556494.975220 1.654501e-01
1164556494.975342 1.302721e-01
1164556494.975464 2.406449e-02
1164556494.975586 -4.178478e-02
1164556494.975708 -2.902293e-02
1164556494.975830 -3.244717e-02
1164556494.975952 -8.928833e-02
1164556494.976074 -1.819122e-01
1164556494.976196 -2.224470e-01
1164556494.976318 -1.792049e-01
1164556494.976440 -1.019626e-01
1164556494.976562 -1.622090e-02
1164556494.976685 6.619350e-02
1164556494.976807 1.154255e-01
1164556494.976929 1.452324e-01
1164556494.977051 1.851651e-01
1164556494.977173 2.079495e-01
1164556494.977295 2.006074e-01
1164556494.977417 1.671116e-01
1164556494.977539 7.991480e-02
1164556494.977661 -2.351478e-02
1164556494.977783 -1.378843e-01
1164556494.977905 -2.666941e-01
1164556494.978027 -3.822062e-01
1164556494.978149 -4.244480e-01
1164556494.978271 -3.122590e-01
1164556494.978394 -6.977777e-02
1164556494.978516 1.816877e-01
1164556494.978638 3.267986e-01
1164556494.978760 3.641562e-01
1164556494.978882 3.354466e-01
1164556494.979004 2.797179e-01
1164556494.979126 1.839753e-01
1164556494.979248 4.299997e-02
1164556494.979370 -9.554728e-02
1164556494.979492 -2.054110e-01
1164556494.979614 -2.535369e-01
1164556494.979736 -2.662796e-01
1164556494.979858 -2.454368e-01
1164556494.979980 -1.869135e-01
1164556494.980103 -1.211548e-01
1164556494.980225 -5.255513e-02
1164556494.980347 6.275126e-02
1164556494.980469 1.888659e-01
1164556494.980591 2.705642e-01
1164556494.980713 2.872860e-01
1164556494.980835 2.347327e-01
1164556494.980957 1.504420e-01
1164556494.981079 6.777414e-02
1164556494.981201 4.072654e-03
1164556494.981323 -7.989497e-02
1164556494.981445 -1.788985e-01
1164556494.981567 -2.606384e-01
1164556494.981689 -2.742577e-01
1164556494.981812 -2.251176e-01
1164556494.981934 -1.561919e-01
1164556494.982056 -8.464852e-02
1164556494.982178 8.325895e-03
1164556494.982300 1.461700e-01
1164556494.982422 2.868424e-01
1164556494.982544 3.534484e-01
1164556494.982666 3.053773e-01
1164556494.982788 1.747669e-01
1164556494.982910 2.079574e-02
1164556494.983032 -1.065126e-01
1164556494.983154 -1.710448e-01
1164556494.983276 -2.001815e-01
1164556494.983398 -2.174639e-01
1164556494.983521 -1.970879e-01
1164556494.983643 -1.278216e-01
1164556494.983765 -3.908215e-02
1164556494.983887 3.397354e-02
1164556494.984009 7.914812e-02
1164556494.984131 9.878927e-02
1164556494.984253 1.154803e-01
1164556494.984375 1.274852e-01
1164556494.984497 1.127163e-01
1164556494.984619 9.155385e-02
1164556494.984741 6.530910e-02
1164556494.984863 1.653830e-02
1164556494.984985 -4.317335e-02
1164556494.985107 -8.504678e-02
1164556494.985229 -1.127761e-01
1164556494.985352 -1.132102e-01
1164556494.985474 -7.496017e-02
1164556494.985596 -4.112700e-02
1164556494.985718 -4.332055e-02
1164556494.985840 -3.653490e-02
1164556494.985962 -2.016998e-03
1164556494.986084 2.616292e-02
1164556494.986206 4.970272e-02
1164556494.986328 7.491656e-02
1164556494.986450 1.112689e-01
1164556494.986572 1.386525e-01
1164556494.986694 1.033078e-01
1164556494.986816 1.946457e-02
1164556494.986938 -4.487924e-02
1164556494.987061 -7.360562e-02
1164556494.987183 -8.740838e-02
1164556494.987305 -8.939948e-02
1164556494.987427 -7.868943e-02
1164556494.987549 -5.147097e-02
1164556494.987671 -1.449510e-03
1164556494.987793 1.697389e-02
1164556494.987915 -9.427631e-03
1164556494.988037 -3.214277e-02
1164556494.988159 -1.917958e-02
1164556494.988281 1.642502e-02
1164556494.988403 6.248096e-02
1164556494.988525 1.065800e-01
1164556494.988647 1.400187e-01
1164556494.988770 1.283919e-01
1164556494.988892 5.746592e-02
1164556494.989014 -3.804239e-02
1164556494.989136 -9.613416e-02
1164556494.989258 -1.068569e-01
1164556494.989380 -1.081689e-01
1164556494.989502 -1.065067e-01
1164556494.989624 -7.302959e-02
1164556494.989746 -1.264749e-02
1164556494.989868 2.726087e-02
1164556494.989990 9.766628e-03
1164556494.990112 -1.459067e-02
1164556494.990234 9.011189e-04
1164556494.990356 5.020295e-02
1164556494.990479 8.233732e-02
1164556494.990601 1.244043e-01
1164556494.990723 1.817545e-01
1164556494.990845 1.633065e-01
1164556494.990967 5.424699e-02
1164556494.991089 -6.522103e-02
1164556494.991211 -1.622634e-01
1164556494.991333 -2.184261e-01
1164556494.991455 -2.199089e-01
1164556494.991577 -1.522250e-01
1164556494.991699 -6.492734e-02
1164556494.991821 -1.102226e-02
1164556494.991943 2.649015e-02
1164556494.992065 7.850784e-02
1164556494.992188 1.633625e-01
1164556494.992310 2.281180e-01
1164556494.992432 2.299012e-01
1164556494.992554 1.624927e-01
1164556494.992676 5.248149e-02
1164556494.992798 -4.628045e-02
1164556494.992920 -1.225870e-01
1164556494.993042 -1.889825e-01
1164556494.993164 -2.373773e-01
1164556494.993286 -2.288745e-01
1164556494.993408 -1.436277e-01
1164556494.993530 -9.533704e-03
1164556494.993652 1.016311e-01
1164556494.993774 1.604156e-01
1164556494.993896 1.260802e-01
1164556494.994019 7.514266e-02
1164556494.994141 7.095081e-02
1164556494.994263 8.463454e-02
1164556494.994385 8.294332e-02
1164556494.994507 4.971900e-02
1164556494.994629 5.630137e-03
1164556494.994751 -3.441401e-02
1164556494.994873 -8.016946e-02
1164556494.994995 -1.295399e-01
1164556494.995117 -1.415531e-01
1164556494.995239 -1.238932e-01
1164556494.995361 -9.680533e-02
1164556494.995483 -3.424529e-02
1164556494.995605 7.016126e-02
1164556494.995728 1.381682e-01
1164556494.995850 1.185869e-01
1164556494.995972 6.229297e-02
1164556494.996094 4.169636e-02
1164556494.996216 4.545690e-02
1164556494.996338 2.750265e-02
1164556494.996460 1.185594e-02
1164556494.996582 2.156348e-03
1164556494.996704 -2.606739e-02
1164556494.996826 -4.285756e-02
1164556494.996948 -4.080060e-02
1164556494.997070 -5.653450e-02
1164556494.997192 -6.165955e-02
1164556494.997314 -6.119144e-02
1164556494.997437 -4.960463e-02
1164556494.997559 -4.250985e-02
1164556494.997681 -1.857603e-02
1164556494.997803 2.076870e-02
1164556494.997925 4.082668e-02
1164556494.998047 5.749468e-02
1164556494.998169 1.122079e-01
1164556494.998291 1.615631e-01
1164556494.998413 1.521509e-01
1164556494.998535 7.934215e-02
1164556494.998657 -9.241318e-03
1164556494.998779 -8.205494e-02
1164556494.998901 -1.494334e-01
1164556494.999023 -2.170008e-01
1164556494.999146 -2.245517e-01
1164556494.999268 -1.460340e-01
1164556494.999390 -2.339567e-02
1164556494.999512 8.644506e-02
1164556494.999634 1.615678e-01
1164556494.999756 1.776700e-01
1164556494.999878 1.389558e-01
1164556495.000000 7.766125e-02
1164556495.000122 2.978809e-02
1164556495.000244 7.461687e-03
1164556495.000366 5.717633e-04
1164556495.000488 -9.899632e-03
1164556495.000610 -2.214813e-02
1164556495.000732 -6.371085e-02
1164556495.000854 -1.033351e-01
1164556495.000977 -1.179508e-01
1164556495.001099 -1.279360e-01
1164556495.001221 -1.020849e-01
1164556495.001343 -2.571949e-02
1164556495.001465 5.619141e-02
1164556495.001587 1.141215e-01
1164556495.001709 1.431324e-01
1164556495.001831 1.367471e-01
1164556495.001953 1.018343e-01
1164556495.002075 5.217145e-02
1164556495.002197 4.444321e-04
1164556495.002319 -3.085432e-02
1164556495.002441 -6.026862e-02
1164556495.002563 -7.272127e-02
1164556495.002686 -7.379407e-02
1164556495.002808 -7.943507e-02
1164556495.002930 -8.719991e-02
1164556495.003052 -6.525398e-02
1164556495.003174 -2.511632e-02
1164556495.003296 2.164189e-02
1164556495.003418 5.699861e-02
1164556495.003540 8.096825e-02
1164556495.003662 8.835879e-02
1164556495.003784 6.531452e-02
1164556495.003906 3.482900e-02
1164556495.004028 3.242360e-02
1164556495.004150 2.221874e-02
1164556495.004272 -1.002605e-02
1164556495.004395 -4.170709e-02
1164556495.004517 -3.030624e-02
1164556495.004639 -1.136065e-02
1164556495.004761 -1.775334e-02
1164556495.004883 -4.653108e-02
1164556495.005005 -8.528442e-02
1164556495.005127 -1.151389e-01
1164556495.005249 -1.088349e-01
1164556495.005371 -5.249224e-02
1164556495.005493 6.989021e-02
1164556495.005615 1.869982e-01
1164556495.005737 1.984470e-01
1164556495.005859 1.299956e-01
1164556495.005981 5.840098e-02
1164556495.006104 8.436978e-03
1164556495.006226 -3.834984e-02
1164556495.006348 -8.352028e-02
1164556495.006470 -9.879493e-02
1164556495.006592 -9.723008e-02
1164556495.006714 -8.775675e-02
1164556495.006836 -7.196575e-02
1164556495.006958 -5.924603e-02
1164556495.007080 -3.883456e-02
1164556495.007202 1.169401e-02
1164556495.007324 8.877586e-02
1164556495.007446 1.493771e-01
1164556495.007568 1.438633e-01
1164556495.007690 8.479442e-02
1164556495.007812 1.112989e-02
1164556495.007935 -3.552184e-02
1164556495.008057 -2.671002e-02
1164556495.008179 -1.867919e-02
1164556495.008301 -6.508194e-02
1164556495.008423 -9.203550e-02
1164556495.008545 -5.658797e-02
1164556495.008667 -1.523990e-02
1164556495.008789 6.127051e-04
1164556495.008911 7.571579e-03
1164556495.009033 6.744972e-03
1164556495.009155 8.447591e-04
1164556495.009277 -9.386792e-03
1164556495.009399 6.374086e-04
1164556495.009521 3.254808e-02
1164556495.009644 5.165024e-02
1164556495.009766 5.369640e-02
1164556495.009888 4.473117e-02
1164556495.010010 3.427428e-02
1164556495.010132 3.500227e-02
1164556495.010254 2.798595e-02
1164556495.010376 -3.201301e-04
1164556495.010498 -4.659252e-02
1164556495.010620 -9.917502e-02
1164556495.010742 -1.341999e-01
1164556495.010864 -1.405651e-01
1164556495.010986 -1.038028e-01
1164556495.011108 -2.462877e-02
1164556495.011230 9.141237e-02
1164556495.011353 1.831718e-01
1164556495.011475 1.812711e-01
1164556495.011597 1.171813e-01
1164556495.011719 3.254585e-02
1164556495.011841 -4.339891e-02
1164556495.011963 -6.862644e-02
1164556495.012085 -2.749238e-02
1164556495.012207 9.056171e-03
1164556495.012329 -2.713653e-03
1164556495.012451 -4.977257e-02
1164556495.012573 -8.754682e-02
1164556495.012695 -1.026278e-01
1164556495.012817 -9.920023e-02
1164556495.012939 -7.735063e-02
1164556495.013062 -1.538546e-02
1164556495.013184 7.316204e-02
1164556495.013306 1.482599e-01
1164556495.013428 1.706475e-01
1164556495.013550 1.316311e-01
1164556495.013672 5.790824e-02
1164556495.013794 6.277863e-03
1164556495.013916 -2.869694e-03
1164556495.014038 -1.159243e-02
1164556495.014160 -6.713768e-02
1164556495.014282 -1.383296e-01
1164556495.014404 -1.629365e-01
1164556495.014526 -1.324110e-01
1164556495.014648 -8.195949e-02
1164556495.014771 -2.172226e-02
1164556495.014893 2.978788e-02
1164556495.015015 9.131781e-02
1164556495.015137 1.573730e-01
1164556495.015259 1.765011e-01
1164556495.015381 1.490795e-01
1164556495.015503 1.009605e-01
1164556495.015625 3.067207e-02
1164556495.015747 -5.863130e-02
1164556495.015869 -1.339083e-01
1164556495.015991 -1.691101e-01
1164556495.016113 -1.711198e-01
1164556495.016235 -1.310734e-01
1164556495.016357 -5.720827e-02
1164556495.016479 3.208689e-02
1164556495.016602 9.385978e-02
1164556495.016724 1.302995e-01
1164556495.016846 1.259573e-01
1164556495.016968 9.739729e-02
1164556495.017090 4.892669e-02
1164556495.017212 -8.133190e-03
1164556495.017334 -4.769220e-02
1164556495.017456 -5.314122e-02
1164556495.017578 -5.870472e-02
1164556495.017700 -6.307215e-02
1164556495.017822 -5.819274e-02
1164556495.017944 -2.037256e-02
1164556495.018066 2.698993e-02
1164556495.018188 6.330587e-02
1164556495.018311 7.424057e-02
1164556495.018433 5.569731e-02
1164556495.018555 1.432045e-02
1164556495.018677 -4.906610e-02
1164556495.018799 -1.021518e-01
1164556495.018921 -1.124658e-01
1164556495.019043 -6.953907e-02
1164556495.019165 1.097164e-02
1164556495.019287 8.648432e-02
1164556495.019409 1.146726e-01
1164556495.019531 1.049186e-01
1164556495.019653 8.998732e-02
1164556495.019775 5.726719e-02
1164556495.019897 9.920954e-04
1164556495.020020 -7.131965e-02
1164556495.020142 -1.115783e-01
1164556495.020264 -1.085249e-01
1164556495.020386 -8.666374e-02
1164556495.020508 -6.662316e-02
1164556495.020630 -4.297264e-02
1164556495.020752 -2.039083e-02
1164556495.020874 1.821371e-02
1164556495.020996 6.545546e-02
1164556495.021118 1.212875e-01
1164556495.021240 1.709363e-01
1164556495.021362 1.728651e-01
1164556495.021484 1.044771e-01
1164556495.021606 -1.701555e-02
1164556495.021729 -1.309166e-01
1164556495.021851 -1.778789e-01
1164556495.021973 -1.703136e-01
1164556495.022095 -1.252342e-01
1164556495.022217 -6.171376e-02
1164556495.022339 4.591776e-03
1164556495.022461 7.161822e-02
1164556495.022583 1.096153e-01
1164556495.022705 8.803019e-02
1164556495.022827 4.007201e-02
1164556495.022949 1.463716e-02
1164556495.023071 3.378321e-02
1164556495.023193 6.249602e-02
1164556495.023315 5.541697e-02
1164556495.023438 1.093594e-02
1164556495.023560 -4.151870e-02
1164556495.023682 -7.906119e-02
1164556495.023804 -8.263038e-02
1164556495.023926 -7.677343e-02
1164556495.024048 -6.739611e-02
1164556495.024170 -3.862424e-02
1164556495.024292 -2.050107e-03
1164556495.024414 2.796773e-02
1164556495.024536 4.913834e-02
1164556495.024658 5.730822e-02
1164556495.024780 6.329625e-02
1164556495.024902 5.574293e-02
1164556495.025024 3.998942e-02
1164556495.025146 3.022879e-02
1164556495.025269 2.584204e-02
1164556495.025391 1.744146e-02
1164556495.025513 -2.390228e-02
1164556495.025635 -8.735799e-02
1164556495.025757 -1.174547e-01
1164556495.025879 -9.538540e-02
1164556495.026001 -4.666836e-02
1164556495.026123 -1.486923e-03
1164556495.026245 3.039932e-02
1164556495.026367 5.723469e-02
1164556495.026489 6.865838e-02
1164556495.026611 5.609122e-02
1164556495.026733 3.953178e-02
1164556495.026855 2.240931e-02
1164556495.026978 1.580538e-02
1164556495.027100 1.203316e-02
1164556495.027222 4.121592e-04
1164556495.027344 -2.525414e-02
1164556495.027466 -3.768802e-02
1164556495.027588 -3.810521e-02
1164556495.027710 -3.086557e-02
1164556495.027832 -3.225757e-02
1164556495.027954 -3.477039e-02
1164556495.028076 -2.034595e-02
1164556495.028198 -1.818968e-03
1164556495.028320 9.707617e-03
1164556495.028442 1.098626e-02
1164556495.028564 2.331920e-02
1164556495.028687 3.909814e-02
1164556495.028809 4.721234e-02
1164556495.028931 5.301602e-02
1164556495.029053 5.213192e-02
1164556495.029175 4.308416e-02
1164556495.029297 2.441281e-02
1164556495.029419 -1.538523e-02
1164556495.029541 -5.904506e-02
1164556495.029663 -9.685807e-02
1164556495.029785 -1.256868e-01
1164556495.029907 -1.261520e-01
1164556495.030029 -8.375662e-02
1164556495.030151 -8.800812e-03
1164556495.030273 6.964065e-02
1164556495.030396 1.529401e-01
1164556495.030518 2.031517e-01
1164556495.030640 1.714778e-01
1164556495.030762 5.565446e-02
1164556495.030884 -5.802547e-02
1164556495.031006 -1.190873e-01
1164556495.031128 -1.086587e-01
1164556495.031250 -6.501127e-02
1164556495.031372 -4.438653e-02
1164556495.031494 -3.883135e-02
1164556495.031616 -2.018634e-02
1164556495.031738 -5.944142e-03
1164556495.031860 -5.110790e-03
1164556495.031982 -6.789958e-03
1164556495.032104 1.512022e-02
1164556495.032227 5.660156e-02
1164556495.032349 9.786692e-02
1164556495.032471 1.020576e-01
1164556495.032593 5.509948e-02
1164556495.032715 -1.901013e-02
1164556495.032837 -5.985469e-02
1164556495.032959 -5.050280e-02
1164556495.033081 -2.238683e-02
1164556495.033203 -1.303509e-02
1164556495.033325 -2.270809e-02
1164556495.033447 -3.691082e-02
1164556495.033569 -4.434153e-02
1164556495.033691 -4.684026e-02
1164556495.033813 -2.854264e-02
1164556495.033936 1.027597e-02
1164556495.034058 3.810279e-02
1164556495.034180 4.815610e-02
1164556495.034302 6.701946e-02
1164556495.034424 7.459005e-02
1164556495.034546 5.529297e-02
1164556495.034668 3.216381e-02
1164556495.034790 1.782951e-02
1164556495.034912 -7.290310e-03
1164556495.035034 -3.802213e-02
1164556495.035156 -8.091387e-02
1164556495.035278 -1.074989e-01
1164556495.035400 -1.073352e-01
1164556495.035522 -7.288889e-02
1164556495.035645 -2.788682e-02
1164556495.035767 1.783225e-02
1164556495.035889 5.873472e-02
1164556495.036011 9.400484e-02
1164556495.036133 1.204239e-01
1164556495.036255 1.271316e-01
1164556495.036377 9.799759e-02
1164556495.036499 4.967098e-02
1164556495.036621 -2.286077e-02
1164556495.036743 -1.010281e-01
1164556495.036865 -1.423613e-01
1164556495.036987 -1.250751e-01
1164556495.037109 -8.963480e-02
1164556495.037231 -1.001874e-01
