1164556494.760498 2.204484e-02
1164556494.760620 3.017377e-02
1164556494.760742 2.955818e-02
1164556494.760864 2.343196e-02
1164556494.760986 1.835969e-02
1164556494.761108 1.008297e-02
1164556494.761230 -1.445924e-04
1164556494.761353 -6.177640e-03
1164556494.761475 -6.881913e-03
1164556494.761597 -8.257840e-03
1164556494.761719 -9.373922e-03
1164556494.761841 -9.842915e-03
1164556494.761963 -6.456578e-03
1164556494.762085 -3.343781e-03
1164556494.762207 -9.729136e-04
1164556494.762329 4.070883e-04
1164556494.762451 -1.217087e-03
1164556494.762573 -4.294804e-03
1164556494.762695 -7.334830e-04
1164556494.762817 7.188395e-03
1164556494.762939 1.120886e-02
1164556494.763062 1.182142e-02
1164556494.763184 8.973214e-03
1164556494.763306 2.273728e-03
1164556494.763428 -3.723669e-04
1164556494.763550 1.981778e-03
1164556494.763672 4.285713e-03
1164556494.763794 -1.479239e-03
1164556494.763916 -1.200382e-02
1164556494.764038 -1.911039e-02
1164556494.764160 -1.842868e-02
1164556494.764282 -1.474016e-02
1164556494.764404 -1.096240e-02
1164556494.764526 -2.330694e-03
1164556494.764648 1.193018e-02
1164556494.764771 2.347512e-02
1164556494.764893 3.056465e-02
1164556494.765015 2.939417e-02
1164556494.765137 1.880842e-02
1164556494.765259 2.983736e-03
1164556494.765381 -1.260039e-02
1164556494.765503 -2.497810e-02
1164556494.765625 -2.703567e-02
1164556494.765747 -2.356733e-02
1164556494.765869 -1.744557e-02
1164556494.765991 -7.368313e-03
1164556494.766113 2.286520e-03
1164556494.766235 5.897907e-03
1164556494.766357 8.550913e-03
1164556494.766479 1.198583e-02
1164556494.766602 1.957314e-02
1164556494.766724 2.518475e-02
1164556494.766846 2.341405e-02
1164556494.766968 1.251303e-02
1164556494.767090 -5.210929e-03
1164556494.767212 -2.166701e-02
1164556494.767334 -2.929495e-02
1164556494.767456 -2.677206e-02
1164556494.767578 -1.288894e-02
1164556494.767700 1.906372e-03
1164556494.767822 9.665684e-03
1164556494.767944 7.308730e-03
1164556494.768066 1.882631e-03
1164556494.768188 -5.918007e-04
1164556494.768311 2.191581e-04
1164556494.768433 1.491001e-03
1164556494.768555 5.327293e-03
1164556494.768677 1.057570e-02
1164556494.768799 1.468868e-02
1164556494.768921 1.453380e-02
1164556494.769043 1.143891e-02
1164556494.769165 9.389162e-04
1164556494.769287 -1.318716e-02
1164556494.769409 -1.901348e-02
1164556494.769531 -1.650109e-02
1164556494.769653 -1.386393e-02
1164556494.769775 -1.153871e-02
1164556494.769897 -1.147874e-02
1164556494.770020 -1.036679e-02
1164556494.770142 -3.355560e-03
1164556494.770264 8.553009e-03
1164556494.770386 1.980026e-02
1164556494.770508 2.769995e-02
1164556494.770630 3.038806e-02
1164556494.770752 2.798456e-02
1164556494.770874 2.132887e-02
1164556494.770996 6.750366e-03
1164556494.771118 -1.574507e-02
1164556494.771240 -3.484064e-02
1164556494.771362 -4.549279e-02
1164556494.771484 -4.406589e-02
1164556494.771606 -3.043057e-02
1164556494.771729 -1.081475e-02
1164556494.771851 2.984822e-03
1164556494.771973 1.551810e-02
1164556494.772095 3.154693e-02
1164556494.772217 4.628241e-02
1164556494.772339 4.765400e-02
1164556494.772461 3.491121e-02
1164556494.772583 1.525944e-02
1164556494.772705 -3.232462e-03
1164556494.772827 -2.123952e-02
1164556494.772949 -3.646890e-02
1164556494.773071 -4.359316e-02
1164556494.773193 -4.023464e-02
1164556494.773315 -3.097296e-02
1164556494.773438 -1.694893e-02
1164556494.773560 -2.441730e-04
1164556494.773682 1.733699e-02
1164556494.773804 3.055173e-02
1164556494.773926 3.718304e-02
1164556494.774048 3.753264e-02
1164556494.774170 3.108904e-02
1164556494.774292 1.869522e-02
1164556494.774414 2.149921e-03
1164556494.774536 -1.513482e-02
1164556494.774658 -2.439437e-02
1164556494.774780 -2.558992e-02
1164556494.774902 -2.432030e-02
1164556494.775024 -2.591135e-02
1164556494.775146 -2.551415e-02
1164556494.775269 -1.664287e-02
1164556494.775391 5.379072e-04
1164556494.775513 1.700220e-02
1164556494.775635 2.707988e-02
1164556494.775757 2.880042e-02
1164556494.775879 2.793925e-02
1164556494.776001 2.418306e-02
1164556494.776123 1.441311e-02
1164556494.776245 -1.846428e-03
1164556494.776367 -1.713682e-02
1164556494.776489 -2.399942e-02
1164556494.776611 -1.866837e-02
1164556494.776733 -1.103686e-02
1164556494.776855 -7.653756e-03
1164556494.776978 -1.050066e-02
1164556494.777100 -1.302152e-02
1164556494.777222 -8.392735e-03
1164556494.777344 1.500608e-03
1164556494.777466 1.056575e-02
1164556494.777588 2.108731e-02
1164556494.777710 2.441086e-02
1164556494.777832 1.895087e-02
1164556494.777954 1.032458e-02
1164556494.778076 4.907257e-03
1164556494.778198 -3.663393e-03
1164556494.778320 -1.576164e-02
1164556494.778442 -2.135723e-02
1164556494.778564 -1.635057e-02
1164556494.778687 -4.088972e-03
1164556494.778809 4.680313e-03
1164556494.778931 3.705537e-03
1164556494.779053 1.639801e-04
1164556494.779175 -3.398571e-03
1164556494.779297 -4.386809e-03
1164556494.779419 -4.186177e-03
1164556494.779541 1.380331e-03
1164556494.779663 6.495988e-03
1164556494.779785 9.504086e-03
1164556494.779907 1.038537e-02
1164556494.780029 7.618628e-03
1164556494.780151 5.306614e-03
1164556494.780273 3.421198e-03
1164556494.780396 -1.082729e-03
1164556494.780518 -3.719887e-03
1164556494.780640 -3.657877e-03
1164556494.780762 -2.990940e-03
1164556494.780884 -6.626879e-03
1164556494.781006 -1.170351e-02
1164556494.781128 -1.363877e-02
1164556494.781250 -1.173582e-02
1164556494.781372 -6.907922e-03
1164556494.781494 5.779326e-04
1164556494.781616 5.449784e-03
1164556494.781738 9.429449e-03
1164556494.781860 1.533034e-02
1164556494.781982 2.045094e-02
1164556494.782104 1.816279e-02
1164556494.782227 1.405965e-02
1164556494.782349 1.046649e-02
1164556494.782471 2.167974e-03
1164556494.782593 -8.676393e-03
1164556494.782715 -1.989566e-02
1164556494.782837 -2.919105e-02
1164556494.782959 -3.335736e-02
1164556494.783081 -3.204840e-02
1164556494.783203 -2.140893e-02
1164556494.783325 1.306758e-03
1164556494.783447 2.282525e-02
1164556494.783569 3.489160e-02
1164556494.783691 3.921130e-02
1164556494.783813 3.471857e-02
1164556494.783936 2.288436e-02
1164556494.784058 7.829019e-03
1164556494.784180 -5.993108e-03
1164556494.784302 -1.818467e-02
1164556494.784424 -2.335316e-02
1164556494.784546 -2.277712e-02
1164556494.784668 -2.256478e-02
1164556494.784790 -2.424445e-02
1164556494.784912 -2.185027e-02
1164556494.785034 -1.264029e-02
1164556494.785156 1.995477e-03
1164556494.785278 1.690699e-02
1164556494.785400 3.076975e-02
1164556494.785522 3.566968e-02
1164556494.785645 3.032408e-02
1164556494.785767 1.886629e-02
1164556494.785889 4.018343e-03
1164556494.786011 -6.936352e-03
1164556494.786133 -1.386013e-02
1164556494.786255 -2.130037e-02
1164556494.786377 -2.180317e-02
1164556494.786499 -1.362846e-02
1164556494.786621 -1.923612e-03
1164556494.786743 -1.037297e-03
1164556494.786865 -8.547342e-03
1164556494.786987 -1.607749e-02
1164556494.787109 -1.263633e-02
1164556494.787231 -1.635553e-05
1164556494.787354 1.154770e-02
1164556494.787476 2.137420e-02
1164556494.787598 2.760295e-02
1164556494.787720 2.525786e-02
1164556494.787842 1.933274e-02
1164556494.787964 1.570887e-02
1164556494.788086 1.095075e-02
1164556494.788208 -4.592309e-03
1164556494.788330 -2.174551e-02
1164556494.788452 -3.451104e-02
1164556494.788574 -3.793526e-02
1164556494.788696 -3.401877e-02
1164556494.788818 -2.763150e-02
1164556494.788940 -1.879647e-02
1164556494.789062 -8.862320e-04
1164556494.789185 2.289609e-02
1164556494.789307 4.521680e-02
1164556494.789429 5.288927e-02
1164556494.789551 4.510583e-02
1164556494.789673 2.966943e-02
1164556494.789795 1.421881e-02
1164556494.789917 -2.021695e-03
1164556494.790039 -2.020516e-02
1164556494.790161 -4.015055e-02
1164556494.790283 -5.116345e-02
1164556494.790405 -4.874165e-02
1164556494.790527 -3.555710e-02
1164556494.790649 -1.807004e-02
1164556494.790771 1.979629e-03
1164556494.790894 2.211948e-02
1164556494.791016 3.817788e-02
1164556494.791138 4.415841e-02
1164556494.791260 4.181514e-02
1164556494.791382 3.155795e-02
1164556494.791504 1.763117e-02
1164556494.791626 2.062461e-03
1164556494.791748 -1.479583e-02
1164556494.791870 -2.890712e-02
1164556494.791992 -3.643320e-02
1164556494.792114 -3.718976e-02
1164556494.792236 -3.012695e-02
1164556494.792358 -1.419406e-02
1164556494.792480 8.483202e-03
1164556494.792603 2.258727e-02
1164556494.792725 1.967202e-02
1164556494.792847 8.167336e-03
1164556494.792969 3.191179e-03
1164556494.793091 5.906641e-03
1164556494.793213 9.155813e-03
1164556494.793335 7.920639e-03
1164556494.793457 8.955830e-03
1164556494.793579 1.202334e-02
1164556494.793701 1.081254e-02
1164556494.793823 2.413768e-03
1164556494.793945 -7.728522e-03
1164556494.794067 -2.070537e-02
1164556494.794189 -2.803732e-02
1164556494.794312 -2.265307e-02
1164556494.794434 -9.218625e-03
1164556494.794556 -1.626232e-03
1164556494.794678 4.130225e-04
1164556494.794800 -1.787843e-03
1164556494.794922 -1.545332e-03
1164556494.795044 6.228917e-03
1164556494.795166 1.757715e-02
1164556494.795288 2.620350e-02
1164556494.795410 3.031557e-02
1164556494.795532 2.791993e-02
1164556494.795654 1.894544e-02
1164556494.795776 4.512809e-03
1164556494.795898 -1.690999e-02
1164556494.796021 -4.041725e-02
1164556494.796143 -4.747500e-02
1164556494.796265 -3.763070e-02
1164556494.796387 -2.026713e-02
1164556494.796509 -1.066192e-03
1164556494.796631 1.065101e-02
1164556494.796753 1.029962e-02
1164556494.796875 9.798654e-03
1164556494.796997 1.662049e-02
1164556494.797119 2.857203e-02
1164556494.797241 3.536702e-02
1164556494.797363 3.437993e-02
1164556494.797485 2.392100e-02
1164556494.797607 5.538043e-03
1164556494.797729 -1.689880e-02
1164556494.797852 -3.508296e-02
1164556494.797974 -4.329555e-02
1164556494.798096 -4.021152e-02
1164556494.798218 -3.261720e-02
1164556494.798340 -1.872983e-02
1164556494.798462 -3.506204e-03
1164556494.798584 1.192569e-02
1164556494.798706 2.395311e-02
1164556494.798828 2.874198e-02
1164556494.798950 2.928262e-02
1164556494.799072 2.913898e-02
1164556494.799194 2.686988e-02
1164556494.799316 2.097488e-02
1164556494.799438 7.608490e-03
1164556494.799561 -4.027171e-03
1164556494.799683 -1.622399e-02
1164556494.799805 -2.996879e-02
1164556494.799927 -3.896556e-02
1164556494.800049 -4.110627e-02
1164556494.800171 -3.772685e-02
1164556494.800293 -2.241980e-02
1164556494.800415 -1.192695e-03
1164556494.800537 2.043063e-02
1164556494.800659 3.490294e-02
1164556494.800781 3.679220e-02
1164556494.800903 3.205911e-02
1164556494.801025 3.381228e-02
1164556494.801147 3.257867e-02
1164556494.801270 1.891227e-02
1164556494.801392 -3.932326e-03
1164556494.801514 -2.468072e-02
1164556494.801636 -3.645053e-02
1164556494.801758 -4.019635e-02
1164556494.801880 -3.904825e-02
1164556494.802002 -3.221856e-02
1164556494.802124 -2.211489e-02
1164556494.802246 -8.924696e-03
1164556494.802368 7.593310e-03
1164556494.802490 3.004804e-02
1164556494.802612 4.420141e-02
1164556494.802734 4.441241e-02
1164556494.802856 3.731657e-02
1164556494.802979 2.249174e-02
1164556494.803101 2.778963e-03
1164556494.803223 -1.145313e-02
1164556494.803345 -1.889997e-02
1164556494.803467 -2.297577e-02
1164556494.803589 -2.324606e-02
1164556494.803711 -2.011960e-02
1164556494.803833 -2.068546e-02
1164556494.803955 -2.430598e-02
1164556494.804077 -2.465660e-02
1164556494.804199 -8.221190e-03
1164556494.804321 1.599748e-02
1164556494.804443 3.356760e-02
1164556494.804565 3.799280e-02
1164556494.804688 3.043683e-02
1164556494.804810 1.327135e-02
1164556494.804932 2.866032e-03
1164556494.805054 2.280580e-03
1164556494.805176 5.468556e-03
1164556494.805298 7.115470e-03
1164556494.805420 3.826483e-04
1164556494.805542 -1.538618e-02
1164556494.805664 -3.282045e-02
1164556494.805786 -4.266700e-02
1164556494.805908 -4.034959e-02
1164556494.806030 -2.912524e-02
1164556494.806152 -7.797827e-03
1164556494.806274 1.789847e-02
1164556494.806396 4.103095e-02
1164556494.806519 4.752667e-02
1164556494.806641 3.716147e-02
1164556494.806763 2.326186e-02
1164556494.806885 1.468372e-02
1164556494.807007 6.546623e-03
1164556494.807129 -6.151350e-03
1164556494.807251 -1.892594e-02
1164556494.807373 -2.239338e-02
1164556494.807495 -2.298462e-02
1164556494.807617 -2.649061e-02
1164556494.807739 -2.781592e-02
1164556494.807861 -2.654647e-02
1164556494.807983 -2.243993e-02
1164556494.808105 -5.458155e-03
1164556494.808228 1.768975e-02
1164556494.808350 3.818602e-02
1164556494.808472 4.800651e-02
1164556494.808594 4.407124e-02
1164556494.808716 2.984069e-02
1164556494.808838 1.415363e-02
1164556494.808960 -2.774931e-04
1164556494.809082 -1.622676e-02
1164556494.809204 -3.457848e-02
1164556494.809326 -4.230476e-02
1164556494.809448 -3.764186e-02
1164556494.809570 -2.131317e-02
1164556494.809692 -6.322175e-03
1164556494.809814 1.537400e-03
1164556494.809937 6.779558e-03
1164556494.810059 1.180234e-02
1164556494.810181 1.595801e-02
1164556494.810303 2.067587e-02
1164556494.810425 2.397867e-02
1164556494.810547 2.053506e-02
1164556494.810669 7.721252e-03
1164556494.810791 1.408406e-03
1164556494.810913 -7.486683e-04
1164556494.811035 -3.708363e-03
1164556494.811157 -9.481155e-03
1164556494.811279 -1.390439e-02
1164556494.811401 -1.024998e-02
1164556494.811523 -5.113625e-03
1164556494.811646 -1.176974e-02
1164556494.811768 -2.561005e-02
1164556494.811890 -3.308743e-02
1164556494.812012 -2.442308e-02
1164556494.812134 -6.739316e-05
1164556494.812256 3.224109e-02
1164556494.812378 4.955489e-02
1164556494.812500 4.927510e-02
1164556494.812622 3.549506e-02
1164556494.812744 1.682896e-02
1164556494.812866 -3.578368e-04
1164556494.812988 -1.279290e-02
1164556494.813110 -2.674995e-02
1164556494.813232 -3.513238e-02
1164556494.813354 -3.142171e-02
1164556494.813477 -2.318170e-02
1164556494.813599 -1.861196e-02
1164556494.813721 -1.591620e-02
1164556494.813843 -1.114329e-02
1164556494.813965 1.076012e-03
1164556494.814087 1.813266e-02
1164556494.814209 3.592424e-02
1164556494.814331 4.828508e-02
1164556494.814453 4.910188e-02
1164556494.814575 2.994512e-02
1164556494.814697 7.455715e-04
1164556494.814819 -2.168864e-02
1164556494.814941 -2.923606e-02
1164556494.815063 -3.005768e-02
1164556494.815186 -2.880682e-02
1164556494.815308 -2.392426e-02
1164556494.815430 -1.545782e-02
1164556494.815552 -9.586106e-03
1164556494.815674 -2.694504e-03
1164556494.815796 2.212846e-03
1164556494.815918 1.125209e-02
1164556494.816040 2.301104e-02
1164556494.816162 3.239742e-02
1164556494.816284 2.773711e-02
1164556494.816406 1.457615e-02
1164556494.816528 1.228325e-03
1164556494.816650 -8.094361e-03
1164556494.816772 -1.238859e-02
1164556494.816895 -8.317103e-03
1164556494.817017 -3.942641e-04
1164556494.817139 4.156494e-03
1164556494.817261 -1.571514e-03
1164556494.817383 -1.317027e-02
1164556494.817505 -2.579947e-02
1164556494.817627 -3.131699e-02
1164556494.817749 -2.520876e-02
1164556494.817871 -1.153822e-02
1164556494.817993 4.366206e-03
1164556494.818115 2.246447e-02
1164556494.818237 3.443992e-02
1164556494.818359 3.871105e-02
1164556494.818481 3.807568e-02
1164556494.818604 3.285517e-02
1164556494.818726 1.917488e-02
1164556494.818848 -5.342037e-04
1164556494.818970 -2.073282e-02
1164556494.819092 -3.833236e-02
1164556494.819214 -4.747876e-02
1164556494.819336 -4.510594e-02
1164556494.819458 -3.476223e-02
1164556494.819580 -2.182006e-02
1164556494.819702 -1.429235e-02
1164556494.819824 -1.559589e-03
1164556494.819946 2.403954e-02
1164556494.820068 5.197863e-02
1164556494.820190 6.377829e-02
1164556494.820312 5.961040e-02
1164556494.820435 4.547324e-02
1164556494.820557 2.220318e-02
1164556494.820679 -9.678887e-03
1164556494.820801 -3.924117e-02
1164556494.820923 -5.854535e-02
1164556494.821045 -6.506050e-02
1164556494.821167 -5.358881e-02
1164556494.821289 -2.650232e-02
1164556494.821411 -2.166344e-03
1164556494.821533 7.370178e-03
1164556494.821655 1.219428e-02
1164556494.821777 1.945199e-02
1164556494.821899 2.827675e-02
1164556494.822021 3.847156e-02
1164556494.822144 4.269755e-02
1164556494.822266 3.667062e-02
1164556494.822388 2.327130e-02
1164556494.822510 1.024159e-02
1164556494.822632 -2.233559e-03
1164556494.822754 -1.757186e-02
1164556494.822876 -3.772262e-02
1164556494.822998 -5.541330e-02
1164556494.823120 -6.195218e-02
1164556494.823242 -4.953745e-02
1164556494.823364 -2.374560e-02
1164556494.823486 5.611713e-03
1164556494.823608 2.283555e-02
1164556494.823730 3.024033e-02
1164556494.823853 3.804376e-02
1164556494.823975 4.929834e-02
1164556494.824097 5.641968e-02
1164556494.824219 5.601877e-02
1164556494.824341 3.462150e-02
1164556494.824463 5.291566e-04
1164556494.824585 -3.091878e-02
1164556494.824707 -4.985289e-02
1164556494.824829 -6.501373e-02
1164556494.824951 -7.375844e-02
1164556494.825073 -6.628396e-02
1164556494.825195 -3.857483e-02
1164556494.825317 -8.938737e-04
1164556494.825439 3.272458e-02
1164556494.825562 5.571507e-02
1164556494.825684 6.294340e-02
1164556494.825806 5.552739e-02
1164556494.825928 4.199478e-02
1164556494.826050 3.100688e-02
1164556494.826172 1.938909e-02
1164556494.826294 2.454927e-03
1164556494.826416 -2.067652e-02
1164556494.826538 -4.569910e-02
1164556494.826660 -5.666951e-02
1164556494.826782 -5.095163e-02
1164556494.826904 -4.028149e-02
1164556494.827026 -3.521286e-02
1164556494.827148 -2.287858e-02
1164556494.827271 5.702944e-03
1164556494.827393 3.685615e-02
1164556494.827515 4.886100e-02
1164556494.827637 4.426985e-02
1164556494.827759 3.780610e-02
1164556494.827881 3.706293e-02
1164556494.828003 3.574204e-02
1164556494.828125 2.716545e-02
1164556494.828247 4.782786e-03
1164556494.828369 -2.475799e-02
1164556494.828491 -5.343616e-02
1164556494.828613 -6.726646e-02
1164556494.828735 -6.691785e-02
1164556494.828857 -4.941806e-02
1164556494.828979 -2.590903e-02
1164556494.829102 -2.556082e-03
1164556494.829224 2.400058e-02
1164556494.829346 5.308055e-02
1164556494.829468 7.010516e-02
1164556494.829590 6.411227e-02
1164556494.829712 4.019302e-02
1164556494.829834 1.591493e-02
1164556494.829956 -1.235369e-03
1164556494.830078 -1.238725e-02
1164556494.830200 -2.715822e-02
1164556494.830322 -4.245002e-02
1164556494.830444 -5.143762e-02
1164556494.830566 -4.529401e-02
1164556494.830688 -2.772560e-02
1164556494.830811 -6.170750e-03
1164556494.830933 1.090769e-02
1164556494.831055 2.400096e-02
1164556494.831177 2.928840e-02
1164556494.831299 2.893351e-02
1164556494.831421 2.315590e-02
1164556494.831543 1.114142e-02
1164556494.831665 1.871323e-03
1164556494.831787 3.846980e-03
1164556494.831909 5.763582e-03
1164556494.832031 4.500161e-03
1164556494.832153 1.453824e-04
1164556494.832275 -7.807375e-03
1164556494.832397 -1.725759e-02
1164556494.832520 -1.685294e-02
1164556494.832642 -1.142648e-02
1164556494.832764 -1.379268e-02
1164556494.832886 -2.055068e-02
1164556494.833008 -1.944790e-02
1164556494.833130 -1.485931e-02
1164556494.833252 -3.134763e-03
1164556494.833374 1.397784e-02
1164556494.833496 2.835130e-02
1164556494.833618 3.271160e-02
1164556494.833740 3.228403e-02
1164556494.833862 3.151486e-02
1164556494.833984 2.935290e-02
1164556494.834106 1.969814e-02
1164556494.834229 2.472892e-03
1164556494.834351 -1.597999e-02
1164556494.834473 -3.298023e-02
1164556494.834595 -5.321660e-02
1164556494.834717 -7.148764e-02
1164556494.834839 -6.980296e-02
1164556494.834961 -4.360894e-02
1164556494.835083 -7.220306e-03
1164556494.835205 3.731544e-02
1164556494.835327 7.467770e-02
1164556494.835449 8.828302e-02
1164556494.835571 7.451153e-02
1164556494.835693 4.768517e-02
1164556494.835815 1.849145e-02
1164556494.835938 -5.139599e-03
1164556494.836060 -2.826364e-02
1164556494.836182 -4.548738e-02
1164556494.836304 -5.465446e-02
1164556494.836426 -5.628197e-02
1164556494.836548 -5.595808e-02
1164556494.836670 -4.695169e-02
1164556494.836792 -2.880346e-02
1164556494.836914 -5.474274e-04
1164556494.837036 3.472392e-02
1164556494.837158 6.571820e-02
1164556494.837280 7.499816e-02
1164556494.837402 6.128384e-02
1164556494.837524 3.955975e-02
1164556494.837646 1.816320e-02
1164556494.837769 -2.652251e-04
1164556494.837891 -7.891067e-03
1164556494.838013 -1.942245e-02
1164556494.838135 -4.160926e-02
1164556494.838257 -6.088208e-02
1164556494.838379 -6.265228e-02
1164556494.838501 -5.307143e-02
1164556494.838623 -3.903441e-02
1164556494.838745 -1.507670e-02
1164556494.838867 2.183489e-02
1164556494.838989 5.666207e-02
1164556494.839111 7.633112e-02
1164556494.839233 7.584781e-02
1164556494.839355 5.402440e-02
1164556494.839478 1.520820e-02
1164556494.839600 -1.799463e-02
1164556494.839722 -2.599084e-02
1164556494.839844 -1.578483e-02
1164556494.839966 -1.252765e-02
1164556494.840088 -2.579120e-02
1164556494.840210 -4.358916e-02
1164556494.840332 -4.948129e-02
1164556494.840454 -4.039659e-02
1164556494.840576 -1.903582e-02
1164556494.840698 4.927327e-04
1164556494.840820 1.828487e-02
1164556494.840942 3.158531e-02
1164556494.841064 4.228946e-02
1164556494.841187 4.618286e-02
1164556494.841309 4.392900e-02
1164556494.841431 3.476369e-02
1164556494.841553 1.660603e-02
1164556494.841675 -6.006777e-03
1164556494.841797 -1.699204e-02
1164556494.841919 -1.999062e-02
1164556494.842041 -2.619885e-02
1164556494.842163 -4.198146e-02
1164556494.842285 -5.368168e-02
1164556494.842407 -4.834113e-02
1164556494.842529 -2.828150e-02
1164556494.842651 -9.256773e-03
1164556494.842773 1.147236e-02
1164556494.842896 3.377094e-02
1164556494.843018 4.906998e-02
1164556494.843140 5.167709e-02
1164556494.843262 5.010136e-02
1164556494.843384 4.497277e-02
1164556494.843506 2.724425e-02
1164556494.843628 4.057379e-03
1164556494.843750 -5.699995e-03
1164556494.843872 -1.303988e-02
1164556494.843994 -3.669428e-02
1164556494.844116 -6.741663e-02
1164556494.844238 -8.353323e-02
1164556494.844360 -7.739043e-02
1164556494.844482 -5.131500e-02
1164556494.844604 -1.241689e-02
1164556494.844727 2.932616e-02
1164556494.844849 6.054187e-02
1164556494.844971 8.256162e-02
1164556494.845093 9.582408e-02
1164556494.845215 8.911292e-02
1164556494.845337 6.042825e-02
1164556494.845459 2.310360e-02
1164556494.845581 -1.617050e-02
1164556494.845703 -5.462780e-02
1164556494.845825 -8.663454e-02
1164556494.845947 -1.046554e-01
1164556494.846069 -9.912453e-02
1164556494.846191 -6.875798e-02
1164556494.846313 -2.384353e-02
1164556494.846436 1.869967e-02
1164556494.846558 4.810470e-02
1164556494.846680 6.340833e-02
1164556494.846802 7.045213e-02
1164556494.846924 8.062472e-02
1164556494.847046 7.931865e-02
1164556494.847168 5.346393e-02
1164556494.847290 1.686837e-02
1164556494.847412 -1.853397e-02
1164556494.847534 -4.937047e-02
1164556494.847656 -7.308476e-02
1164556494.847778 -8.264169e-02
1164556494.847900 -7.522066e-02
1164556494.848022 -5.511696e-02
1164556494.848145 -2.502140e-02
1164556494.848267 7.395013e-03
1164556494.848389 2.699932e-02
1164556494.848511 3.131501e-02
1164556494.848633 4.115843e-02
1164556494.848755 5.378818e-02
1164556494.848877 6.100394e-02
1164556494.848999 5.651618e-02
1164556494.849121 5.439055e-02
1164556494.849243 4.141152e-02
1164556494.849365 1.329189e-03
1164556494.849487 -4.873820e-02
1164556494.849609 -8.229961e-02
1164556494.849731 -9.358601e-02
1164556494.849854 -9.519692e-02
1164556494.849976 -7.481352e-02
1164556494.850098 -2.903274e-02
1164556494.850220 2.454372e-02
1164556494.850342 5.796720e-02
1164556494.850464 6.084305e-02
1164556494.850586 5.517932e-02
1164556494.850708 5.555586e-02
1164556494.850830 6.838170e-02
1164556494.850952 7.195502e-02
1164556494.851074 4.427356e-02
1164556494.851196 -8.864086e-03
1164556494.851318 -6.599995e-02
1164556494.851440 -9.985115e-02
1164556494.851562 -9.518229e-02
1164556494.851685 -6.434064e-02
1164556494.851807 -2.885884e-02
1164556494.851929 1.672210e-04
1164556494.852051 1.804558e-02
1164556494.852173 3.345771e-02
1164556494.852295 4.389441e-02
1164556494.852417 3.408389e-02
1164556494.852539 9.542034e-03
1164556494.852661 2.050102e-03
1164556494.852783 2.779131e-02
1164556494.852905 5.575234e-02
1164556494.853027 5.653436e-02
1164556494.853149 2.698352e-02
1164556494.853271 -1.667066e-02
1164556494.853394 -5.615191e-02
1164556494.853516 -6.982480e-02
1164556494.853638 -5.678098e-02
1164556494.853760 -3.574297e-02
1164556494.853882 -2.914764e-02
1164556494.854004 -3.292229e-02
1164556494.854126 -2.285057e-02
1164556494.854248 2.098139e-03
1164556494.854370 2.811043e-02
1164556494.854492 5.022790e-02
1164556494.854614 6.870578e-02
1164556494.854736 9.032100e-02
1164556494.854858 9.454377e-02
1164556494.854980 6.403148e-02
1164556494.855103 3.582034e-03
1164556494.855225 -6.041325e-02
1164556494.855347 -1.046611e-01
1164556494.855469 -1.126221e-01
1164556494.855591 -8.623083e-02
1164556494.855713 -4.163271e-02
1164556494.855835 -7.741114e-03
1164556494.855957 1.884800e-03
1164556494.856079 8.253921e-03
1164556494.856201 3.154862e-02
1164556494.856323 6.386623e-02
1164556494.856445 7.615714e-02
1164556494.856567 6.081732e-02
1164556494.856689 4.150603e-02
1164556494.856812 3.304610e-02
1164556494.856934 2.421833e-02
1164556494.857056 4.109389e-03
1164556494.857178 -2.699801e-02
1164556494.857300 -6.193705e-02
1164556494.857422 -8.369752e-02
1164556494.857544 -8.258079e-02
1164556494.857666 -5.839916e-02
1164556494.857788 -3.453779e-02
1164556494.857910 -2.052681e-02
1164556494.858032 -1.022153e-02
1164556494.858154 2.093738e-02
1164556494.858276 7.353769e-02
1164556494.858398 1.082174e-01
1164556494.858521 9.990195e-02
1164556494.858643 7.360876e-02
1164556494.858765 5.018653e-02
1164556494.858887 2.001189e-02
1164556494.859009 -1.931856e-02
1164556494.859131 -5.525272e-02
1164556494.859253 -8.848308e-02
1164556494.859375 -1.155927e-01
1164556494.859497 -1.220101e-01
1164556494.859619 -9.432423e-02
1164556494.859741 -3.737016e-02
1164556494.859863 2.458861e-02
1164556494.859985 6.415500e-02
1164556494.860107 9.155371e-02
1164556494.860229 1.162273e-01
1164556494.860352 1.182155e-01
1164556494.860474 7.615542e-02
1164556494.860596 2.111529e-02
1164556494.860718 -1.221418e-02
1164556494.860840 -2.144270e-02
1164556494.860962 -3.369260e-02
1164556494.861084 -5.609125e-02
1164556494.861206 -8.141231e-02
1164556494.861328 -1.012359e-01
1164556494.861450 -1.013035e-01
1164556494.861572 -7.542716e-02
1164556494.861694 -2.780352e-02
1164556494.861816 3.726815e-02
1164556494.861938 1.001600e-01
1164556494.862061 1.257831e-01
1164556494.862183 1.095735e-01
1164556494.862305 7.498551e-02
1164556494.862427 3.704006e-02
1164556494.862549 6.941042e-04
1164556494.862671 -2.556885e-02
1164556494.862793 -2.625513e-02
1164556494.862915 -2.332349e-02
1164556494.863037 -3.983019e-02
1164556494.863159 -7.226332e-02
1164556494.863281 -1.022283e-01
1164556494.863403 -1.052039e-01
1164556494.863525 -7.028478e-02
1164556494.863647 -1.246612e-02
1164556494.863770 4.967421e-02
1164556494.863892 1.045817e-01
1164556494.864014 1.297323e-01
1164556494.864136 1.126373e-01
1164556494.864258 6.527733e-02
1164556494.864380 1.172404e-02
1164556494.864502 -2.215070e-02
1164556494.864624 -2.820961e-02
1164556494.864746 -1.482053e-02
1164556494.864868 -1.158124e-02
1164556494.864990 -2.973267e-02
1164556494.865112 -6.555633e-02
1164556494.865234 -1.065276e-01
1164556494.865356 -1.232953e-01
1164556494.865479 -8.542598e-02
1164556494.865601 -4.367313e-03
1164556494.865723 6.717852e-02
1164556494.865845 1.089827e-01
1164556494.865967 1.314703e-01
1164556494.866089 1.238804e-01
1164556494.866211 6.956798e-02
1164556494.866333 2.777251e-03
1164556494.866455 -2.781295e-02
1164556494.866577 -2.353599e-02
1164556494.866699 -6.248746e-03
1164556494.866821 -1.014285e-02
1164556494.866943 -4.655558e-02
1164556494.867065 -9.764862e-02
1164556494.867188 -1.261428e-01
1164556494.867310 -1.149098e-01
1164556494.867432 -7.077801e-02
1164556494.867554 1.985065e-04
1164556494.867676 7.789689e-02
1164556494.867798 1.247071e-01
1164556494.867920 1.300093e-01
1164556494.868042 1.192119e-01
1164556494.868164 1.014672e-01
1164556494.868286 4.991091e-02
1164556494.868408 -2.024017e-02
1164556494.868530 -5.439716e-02
1164556494.868652 -4.954619e-02
1164556494.868774 -6.016062e-02
1164556494.868896 -9.640318e-02
1164556494.869019 -1.246097e-01
1164556494.869141 -1.110697e-01
1164556494.869263 -6.938626e-02
1164556494.869385 -1.279711e-02
1164556494.869507 5.149768e-02
1164556494.869629 1.005116e-01
1164556494.869751 1.189895e-01
1164556494.869873 1.110640e-01
1164556494.869995 9.524124e-02
1164556494.870117 7.303846e-02
1164556494.870239 3.508877e-02
1164556494.870361 -1.751407e-02
1164556494.870483 -6.399515e-02
1164556494.870605 -7.672736e-02
1164556494.870728 -6.747774e-02
1164556494.870850 -6.793626e-02
1164556494.870972 -8.940644e-02
1164556494.871094 -9.307352e-02
1164556494.871216 -6.403138e-02
1164556494.871338 -2.047099e-02
1164556494.871460 2.326823e-02
1164556494.871582 6.910199e-02
1164556494.871704 1.101444e-01
1164556494.871826 1.300908e-01
1164556494.871948 1.244192e-01
1164556494.872070 9.679609e-02
1164556494.872192 6.007847e-02
1164556494.872314 5.864896e-04
1164556494.872437 -7.645637e-02
1164556494.872559 -1.260253e-01
1164556494.872681 -1.163768e-01
1164556494.872803 -8.031849e-02
1164556494.872925 -7.511209e-02
1164556494.873047 -8.267783e-02
1164556494.873169 -6.781758e-02
1164556494.873291 -2.738481e-02
1164556494.873413 1.578629e-02
1164556494.873535 7.595351e-02
1164556494.873657 1.420372e-01
1164556494.873779 1.747810e-01
1164556494.873901 1.702534e-01
1164556494.874023 1.331646e-01
1164556494.874146 5.375996e-02
1164556494.874268 -5.708322e-02
1164556494.874390 -1.449452e-01
1164556494.874512 -1.746027e-01
1164556494.874634 -1.541876e-01
1164556494.874756 -1.016320e-01
1164556494.874878 -4.615333e-02
1164556494.875000 -2.010545e-02
1164556494.875122 -2.369812e-02
1164556494.875244 -1.470428e-02
1164556494.875366 1.854329e-02
1164556494.875488 7.464822e-02
1164556494.875610 1.383634e-01
1164556494.875732 1.857207e-01
1164556494.875854 1.861115e-01
1164556494.875977 1.273128e-01
1164556494.876099 2.255578e-02
1164556494.876221 -8.844782e-02
1164556494.876343 -1.612443e-01
1164556494.876465 -1.740904e-01
1164556494.876587 -1.348327e-01
1164556494.876709 -8.175418e-02
1164556494.876831 -5.417441e-02
1164556494.876953 -4.957050e-02
1164556494.877075 -4.793355e-02
1164556494.877197 -2.118000e-02
1164556494.877319 2.093582e-02
1164556494.877441 8.133798e-02
1164556494.877563 1.777129e-01
1164556494.877686 2.591681e-01
1164556494.877808 2.383990e-01
1164556494.877930 1.410918e-01
1164556494.878052 2.297016e-02
1164556494.878174 -1.129925e-01
1164556494.878296 -2.284114e-01
1164556494.878418 -2.506246e-01
1164556494.878540 -1.919505e-01
1164556494.878662 -1.340000e-01
1164556494.878784 -9.721697e-02
1164556494.878906 -4.314622e-02
1164556494.879028 2.322453e-02
1164556494.879150 7.160155e-02
1164556494.879272 1.233315e-01
1164556494.879395 1.870087e-01
1164556494.879517 2.185433e-01
1164556494.879639 2.199234e-01
1164556494.879761 1.800961e-01
1164556494.879883 7.372248e-02
1164556494.880005 -7.588394e-02
1164556494.880127 -2.009148e-01
1164556494.880249 -2.564864e-01
1164556494.880371 -2.473382e-01
1164556494.880493 -1.849196e-01
1164556494.880615 -8.406223e-02
1164556494.880737 -1.001248e-02
1164556494.880859 -4.229296e-03
1164556494.880981 1.239456e-02
1164556494.881104 1.004140e-01
1164556494.881226 1.898943e-01
1164556494.881348 2.126418e-01
1164556494.881470 1.851725e-01
1164556494.881592 1.610350e-01
1164556494.881714 1.226258e-01
1164556494.881836 2.306349e-02
1164556494.881958 -1.064963e-01
1164556494.882080 -1.927943e-01
1164556494.882202 -2.362508e-01
1164556494.882324 -2.316239e-01
1164556494.882446 -1.554575e-01
1164556494.882568 -6.087125e-02
1164556494.882690 -1.578878e-02
1164556494.882812 -9.349962e-03
1164556494.882935 1.649260e-02
1164556494.883057 9.721300e-02
1164556494.883179 1.936702e-01
1164556494.883301 2.440864e-01
1164556494.883423 2.208606e-01
1164556494.883545 1.409483e-01
1164556494.883667 6.560554e-02
1164556494.883789 1.681962e-02
1164556494.883911 -6.646562e-02
1164556494.884033 -1.829993e-01
1164556494.884155 -2.555451e-01
1164556494.884277 -2.542288e-01
1164556494.884399 -2.005713e-01
1164556494.884521 -1.079489e-01
1164556494.884644 -1.772348e-02
1164556494.884766 4.035156e-02
1164556494.884888 6.019449e-02
1164556494.885010 1.023471e-01
1164556494.885132 2.028062e-01
1164556494.885254 2.720820e-01
1164556494.885376 2.360208e-01
1164556494.885498 1.471962e-01
1164556494.885620 6.922191e-02
1164556494.885742 4.484231e-03
1164556494.885864 -6.833109e-02
1164556494.885986 -1.612937e-01
1164556494.886108 -2.529406e-01
1164556494.886230 -3.161842e-01
1164556494.886353 -2.900558e-01
1164556494.886475 -1.591249e-01
1164556494.886597 -2.605163e-02
1164556494.886719 4.613367e-02
1164556494.886841 8.954862e-02
1164556494.886963 1.499056e-01
1164556494.887085 2.132162e-01
1164556494.887207 2.837231e-01
1164556494.887329 3.190701e-01
1164556494.887451 2.712396e-01
1164556494.887573 1.563920e-01
1164556494.887695 2.468886e-02
1164556494.887817 -9.870205e-02
1164556494.887939 -2.416172e-01
1164556494.888062 -3.865735e-01
1164556494.888184 -4.794299e-01
1164556494.888306 -4.539063e-01
1164556494.888428 -2.829662e-01
1164556494.888550 -3.764856e-02
1164556494.888672 1.516145e-01
1164556494.888794 2.477786e-01
1164556494.888916 3.242879e-01
1164556494.889038 3.755368e-01
1164556494.889160 3.968508e-01
1164556494.889282 3.900672e-01
1164556494.889404 3.305295e-01
1164556494.889526 1.778398e-01
1164556494.889648 -5.913515e-02
1164556494.889771 -3.076689e-01
1164556494.889893 -4.963951e-01
1164556494.890015 -5.958023e-01
1164556494.890137 -6.073757e-01
1164556494.890259 -5.008405e-01
1164556494.890381 -2.679471e-01
1164556494.890503 4.492212e-02
1164556494.890625 3.060643e-01
1164556494.890747 4.257183e-01
1164556494.890869 4.888544e-01
1164556494.890991 5.548555e-01
1164556494.891113 5.917851e-01
1164556494.891235 5.332828e-01
1164556494.891357 3.785655e-01
1164556494.891479 1.266816e-01
1164556494.891602 -2.018686e-01
1164556494.891724 -5.805887e-01
1164556494.891846 -9.002661e-01
1164556494.891968 -1.013844e+00
1164556494.892090 -9.254453e-01
1164556494.892212 -6.799455e-01
1164556494.892334 -2.952333e-01
1164556494.892456 2.158800e-01
1164556494.892578 7.462614e-01
1164556494.892700 1.129971e+00
1164556494.892822 1.331151e+00
1164556494.892944 1.285905e+00
1164556494.893066 8.987369e-01
1164556494.893188 2.968516e-01
1164556494.893311 -3.129570e-01
1164556494.893433 -8.506064e-01
1164556494.893555 -1.239810e+00
1164556494.893677 -1.417177e+00
1164556494.893799 -1.360000e+00
1164556494.893921 -1.053019e+00
1164556494.894043 -4.907808e-01
1164556494.894165 2.219766e-01
1164556494.894287 8.474522e-01
1164556494.894409 1.270894e+00
1164556494.894531 1.468437e+00
1164556494.894653 1.408436e+00
1164556494.894775 1.058400e+00
1164556494.894897 5.626571e-01
1164556494.895020 8.381486e-02
1164556494.895142 -4.531996e-01
1164556494.895264 -1.018421e+00
1164556494.895386 -1.428534e+00
1164556494.895508 -1.556186e+00
1164556494.895630 -1.431618e+00
1164556494.895752 -1.061983e+00
1164556494.895874 -4.849962e-01
1164556494.895996 2.407645e-01
1164556494.896118 1.025783e+00
1164556494.896240 1.621415e+00
1164556494.896362 1.870016e+00
1164556494.896484 1.731238e+00
1164556494.896606 1.266537e+00
1164556494.896729 5.436875e-01
1164556494.896851 -2.557442e-01
1164556494.896973 -9.144717e-01
1164556494.897095 -1.422734e+00
1164556494.897217 -1.802345e+00
1164556494.897339 -1.886841e+00
1164556494.897461 -1.513194e+00
1164556494.897583 -8.683474e-01
1164556494.897705 -1.064699e-01
1164556494.897827 6.932782e-01
1164556494.897949 1.388563e+00
1164556494.898071 1.849156e+00
1164556494.898193 2.033062e+00
1164556494.898315 1.875294e+00
1164556494.898438 1.273293e+00
1164556494.898560 3.678824e-01
1164556494.898682 -5.960235e-01
1164556494.898804 -1.417655e+00
1164556494.898926 -1.960288e+00
1164556494.899048 -2.105077e+00
1164556494.899170 -1.930613e+00
1164556494.899292 -1.544262e+00
1164556494.899414 -8.013476e-01
1164556494.899536 2.702786e-01
1164556494.899658 1.336718e+00
1164556494.899780 2.033880e+00
1164556494.899902 2.352938e+00
1164556494.900024 2.337002e+00
1164556494.900146 1.907472e+00
1164556494.900269 1.059561e+00
1164556494.900391 -6.977229e-02
1164556494.900513 -1.266926e+00
1164556494.900635 -2.364711e+00
1164556494.900757 -3.029926e+00
1164556494.900879 -2.942392e+00
1164556494.901001 -2.078316e+00
1164556494.901123 -8.213480e-01
1164556494.901245 4.651903e-01
1164556494.901367 1.723820e+00
1164556494.901489 2.791028e+00
1164556494.901611 3.296079e+00
1164556494.901733 2.972114e+00
1164556494.901855 1.916697e+00
1164556494.901978 3.874949e-01
1164556494.902100 -1.192518e+00
1164556494.902222 -2.419302e+00
1164556494.902344 -3.100000e+00
1164556494.902466 -3.140975e+00
1164556494.902588 -2.500378e+00
1164556494.902710 -1.243149e+00
1164556494.902832 3.435809e-01
1164556494.902954 1.973193e+00
1164556494.903076 3.177391e+00
1164556494.903198 3.403233e+00
1164556494.903320 2.530140e+00
1164556494.903442 1.104948e+00
1164556494.903564 -3.596115e-01
1164556494.903687 -1.756632e+00
1164556494.903809 -2.764797e+00
1164556494.903931 -2.977231e+00
1164556494.904053 -2.208512e+00
1164556494.904175 -7.374286e-01
1164556494.904297 8.919963e-01
1164556494.904419 2.156721e+00
1164556494.904541 2.654118e+00
1164556494.904663 2.196625e+00
1164556494.904785 9.270296e-01
1164556494.904907 -5.286640e-01
1164556494.905029 -1.639057e+00
1164556494.905151 -2.227916e+00
1164556494.905273 -2.227082e+00
1164556494.905396 -1.330262e+00
1164556494.905518 4.527580e-01
1164556494.905640 2.199128e+00
1164556494.905762 2.941916e+00
1164556494.905884 2.393212e+00
1164556494.906006 7.461050e-01
1164556494.906128 -1.370974e+00
1164556494.906250 -2.852337e+00
1164556494.906372 -2.937121e+00
1164556494.906494 -1.614470e+00
1164556494.906616 5.835273e-01
1164556494.906738 2.443025e+00
1164556494.906860 2.606037e+00
1164556494.906982 8.071195e-01
1164556494.907104 -1.394369e+00
1164556494.907227 -1.939847e+00
1164556494.907349 -1.509683e-01
1164556494.907471 1.793415e+00
1164556494.907593 8.556265e-01
1164556494.907715 -9.535948e-01
1164556494.907837 -3.008559e-01
1164556494.907959 -9.841160e-02
1164556494.908081 -1.780001e-01
1164556494.908203 -1.360964e-01
1164556494.908325 -1.115658e-01
1164556494.908447 -4.066227e-02
1164556494.908569 7.774991e-03
1164556494.908691 -1.223263e-01
1164556494.908813 -1.023427e-01
1164556494.908936 1.304402e-01
1164556494.909058 3.590210e-01
1164556494.909180 3.876074e-01
1164556494.909302 2.240452e-01
1164556494.909424 -9.186345e-02
1164556494.909546 -2.526466e-01
1164556494.909668 -3.457532e-02
1164556494.909790 1.445677e-01
1164556494.909912 -2.318735e-02
1164556494.910034 -2.080559e-01
1164556494.910156 -1.511831e-01
1164556494.910278 -7.770262e-02
1164556494.910400 -8.297294e-02
1164556494.910522 -9.918636e-02
1164556494.910645 -7.006744e-02
1164556494.910767 -4.552413e-02
1164556494.910889 7.881775e-03
1164556494.911011 1.934655e-01
1164556494.911133 3.719380e-01
1164556494.911255 3.274080e-01
1164556494.911377 3.855298e-02
1164556494.911499 -1.813269e-01
1164556494.911621 -1.040812e-01
1164556494.911743 7.759568e-02
1164556494.911865 3.318202e-02
1164556494.911987 -1.704664e-01
1164556494.912109 -2.005933e-01
1164556494.912231 -1.491232e-01
1164556494.912354 -1.092001e-01
1164556494.912476 -5.750118e-02
1164556494.912598 -8.809401e-03
1164556494.912720 -2.264849e-02
1164556494.912842 -2.369713e-03
1164556494.912964 1.540073e-01
1164556494.913086 3.098968e-01
1164556494.913208 3.233462e-01
1164556494.913330 1.587301e-01
1164556494.913452 -5.891310e-02
1164556494.913574 -1.675279e-01
1164556494.913696 -8.026015e-02
1164556494.913818 1.254678e-02
1164556494.913940 -1.021886e-01
1164556494.914062 -2.506778e-01
1164556494.914185 -2.224775e-01
1164556494.914307 -8.137246e-02
1164556494.914429 -1.507443e-02
1164556494.914551 1.890007e-02
1164556494.914673 5.782023e-02
1164556494.914795 9.339357e-02
1164556494.914917 1.244846e-01
1164556494.915039 2.062085e-01
1164556494.915161 3.061209e-01
1164556494.915283 2.272461e-01
1164556494.915405 -3.065416e-02
1164556494.915527 -2.296974e-01
1164556494.915649 -1.884186e-01
1164556494.915771 -9.100832e-02
1164556494.915894 -1.096684e-01
1164556494.916016 -1.479673e-01
1164556494.916138 -1.245928e-01
1164556494.916260 -7.476279e-02
1164556494.916382 -3.944476e-02
1164556494.916504 5.089993e-02
1164556494.916626 9.801674e-02
1164556494.916748 9.445586e-02
1164556494.916870 1.408255e-01
1164556494.916992 2.333690e-01
1164556494.917114 2.540433e-01
1164556494.917236 1.562525e-01
1164556494.917358 -8.049778e-03
1164556494.917480 -2.115225e-01
1164556494.917603 -3.157846e-01
1164556494.917725 -2.301503e-01
1164556494.917847 -8.347479e-02
1164556494.917969 -4.983278e-02
1164556494.918091 -4.579868e-02
1164556494.918213 2.303580e-02
1164556494.918335 3.931284e-02
1164556494.918457 3.170926e-02
1164556494.918579 7.244507e-02
1164556494.918701 1.373267e-01
1164556494.918823 1.443687e-01
1164556494.918945 1.469800e-01
1164556494.919067 1.501335e-01
1164556494.919189 8.715340e-02
1164556494.919312 -6.651928e-02
1164556494.919434 -2.229945e-01
1164556494.919556 -2.574508e-01
1164556494.919678 -1.782955e-01
1164556494.919800 -3.805479e-02
1164556494.919922 2.966161e-02
1164556494.920044 2.673094e-02
1164556494.920166 4.128764e-02
1164556494.920288 3.003174e-02
1164556494.920410 -2.406561e-02
1164556494.920532 -8.368480e-03
1164556494.920654 1.099723e-01
1164556494.920776 1.608133e-01
1164556494.920898 1.426672e-01
1164556494.921021 1.110464e-01
1164556494.921143 5.103748e-02
1164556494.921265 -7.106148e-02
1164556494.921387 -1.860156e-01
1164556494.921509 -1.944137e-01
1164556494.921631 -1.274843e-01
1164556494.921753 -3.870809e-02
1164556494.921875 2.060778e-02
1164556494.921997 2.216771e-02
1164556494.922119 -4.964538e-03
1164556494.922241 7.861216e-03
1164556494.922363 2.179273e-02
1164556494.922485 9.118041e-03
1164556494.922607 7.822769e-02
1164556494.922729 1.802140e-01
1164556494.922852 1.836923e-01
1164556494.922974 7.375932e-02
1164556494.923096 -4.393446e-02
1164556494.923218 -1.215471e-01
1164556494.923340 -1.564862e-01
1164556494.923462 -1.494007e-01
1164556494.923584 -7.589814e-02
1164556494.923706 1.918941e-02
1164556494.923828 3.431918e-02
1164556494.923950 -3.461858e-03
1164556494.924072 -3.019855e-02
1164556494.924194 -1.466039e-02
1164556494.924316 1.579364e-02
1164556494.924438 2.578537e-02
1164556494.924561 6.198360e-02
1164556494.924683 1.339725e-01
1164556494.924805 1.699417e-01
1164556494.924927 9.931695e-02
1164556494.925049 -1.596787e-02
1164556494.925171 -1.113924e-01
1164556494.925293 -1.350127e-01
1164556494.925415 -1.022027e-01
1164556494.925537 -6.380036e-02
1164556494.925659 -4.117256e-02
1164556494.925781 -4.065864e-02
1164556494.925903 -4.296839e-02
1164556494.926025 -3.329194e-02
1164556494.926147 1.412839e-02
1164556494.926270 8.177407e-02
1164556494.926392 1.099104e-01
1164556494.926514 8.881318e-02
1164556494.926636 8.471947e-02
1164556494.926758 1.121694e-01
1164556494.926880 8.800025e-02
1164556494.927002 7.608648e-03
1164556494.927124 -9.943848e-02
1164556494.927246 -1.703598e-01
1164556494.927368 -1.616808e-01
1164556494.927490 -9.235942e-02
1164556494.927612 -3.688362e-02
1164556494.927734 -1.849295e-02
1164556494.927856 -3.573025e-03
1164556494.927979 2.492276e-02
1164556494.928101 6.967213e-02
1164556494.928223 1.103161e-01
1164556494.928345 1.198857e-01
1164556494.928467 7.237234e-02
1164556494.928589 1.411415e-02
1164556494.928711 1.565344e-02
1164556494.928833 3.130921e-02
1164556494.928955 6.588580e-03
1164556494.929077 -5.670110e-02
1164556494.929199 -1.171082e-01
1164556494.929321 -1.491842e-01
1164556494.929443 -1.041565e-01
1164556494.929565 -1.170759e-02
1164556494.929688 4.028684e-02
1164556494.929810 2.723528e-02
1164556494.929932 1.034322e-02
1164556494.930054 4.279908e-02
1164556494.930176 7.561562e-02
1164556494.930298 6.007435e-02
1164556494.930420 3.912169e-02
1164556494.930542 3.547281e-02
1164556494.930664 3.145289e-02
1164556494.930786 3.522236e-02
1164556494.930908 3.796139e-02
1164556494.931030 -1.500984e-03
1164556494.931152 -9.214846e-02
1164556494.931274 -1.761843e-01
1164556494.931396 -1.546470e-01
1164556494.931519 -5.528046e-02
1164556494.931641 2.372354e-02
1164556494.931763 4.956395e-02
1164556494.931885 4.767711e-02
1164556494.932007 3.995603e-02
1164556494.932129 5.812124e-02
1164556494.932251 8.339715e-02
1164556494.932373 8.182981e-02
1164556494.932495 6.319389e-02
1164556494.932617 4.828648e-02
1164556494.932739 2.439483e-02
1164556494.932861 -2.655736e-02
1164556494.932983 -9.462997e-02
1164556494.933105 -1.384738e-01
1164556494.933228 -1.543107e-01
1164556494.933350 -1.332757e-01
1164556494.933472 -3.200929e-02
1164556494.933594 9.761935e-02
1164556494.933716 1.336294e-01
1164556494.933838 7.406462e-02
1164556494.933960 1.512657e-02
1164556494.934082 1.410473e-02
1164556494.934204 3.281467e-02
1164556494.934326 3.575517e-02
1164556494.934448 4.321849e-02
1164556494.934570 6.644255e-02
1164556494.934692 4.071991e-02
1164556494.934814 -3.260801e-02
1164556494.934937 -9.284749e-02
1164556494.935059 -1.261839e-01
1164556494.935181 -1.379541e-01
1164556494.935303 -1.023745e-01
1164556494.935425 -1.630186e-02
1164556494.935547 6.928228e-02
1164556494.935669 1.030042e-01
1164556494.935791 8.561505e-02
1164556494.935913 4.458031e-02
1164556494.936035 9.616892e-04
1164556494.936157 -2.556935e-03
1164556494.936279 5.002856e-02
1164556494.936401 7.723812e-02
1164556494.936523 5.803130e-02
1164556494.936646 2.508313e-02
1164556494.936768 -2.756720e-02
1164556494.936890 -1.123034e-01
1164556494.937012 -1.677806e-01
1164556494.937134 -1.404449e-01
1164556494.937256 -6.882035e-02
1164556494.937378 -3.290942e-03
1164556494.937500 6.713096e-02
1164556494.937622 1.250198e-01
1164556494.937744 1.088333e-01
1164556494.937866 4.561574e-02
1164556494.937988 1.603643e-02
1164556494.938110 1.916153e-02
1164556494.938232 2.905819e-02
1164556494.938354 3.562280e-02
1164556494.938477 2.647503e-02
1164556494.938599 -1.123270e-02
1164556494.938721 -6.281407e-02
1164556494.938843 -1.130790e-01
1164556494.938965 -1.277051e-01
1164556494.939087 -9.939852e-02
1164556494.939209 -3.563389e-02
1164556494.939331 3.793075e-02
1164556494.939453 8.893500e-02
1164556494.939575 9.869392e-02
1164556494.939697 7.540864e-02
1164556494.939819 4.475317e-02
1164556494.939941 2.474361e-02
1164556494.940063 9.716331e-03
1164556494.940186 -3.292615e-03
1164556494.940308 -8.327070e-03
1164556494.940430 -8.036002e-03
1164556494.940552 -2.036551e-02
1164556494.940674 -3.290158e-02
1164556494.940796 -4.962296e-02
1164556494.940918 -6.857671e-02
1164556494.941040 -6.844968e-02
1164556494.941162 -3.123679e-02
1164556494.941284 1.274138e-02
1164556494.941406 3.956254e-02
1164556494.941528 5.424372e-02
1164556494.941650 5.655267e-02
1164556494.941772 4.426080e-02
1164556494.941895 3.782803e-02
1164556494.942017 4.552600e-02
1164556494.942139 2.589330e-02
1164556494.942261 -2.048840e-02
1164556494.942383 -3.938057e-02
1164556494.942505 -2.498184e-02
1164556494.942627 -1.745353e-02
1164556494.942749 -4.086726e-02
1164556494.942871 -5.784391e-02
1164556494.942993 -5.497446e-02
1164556494.943115 -3.709955e-02
1164556494.943237 -1.517180e-02
1164556494.943359 1.842380e-02
1164556494.943481 5.355852e-02
1164556494.943604 6.757536e-02
1164556494.943726 5.999713e-02
1164556494.943848 4.469005e-02
1164556494.943970 3.878328e-02
1164556494.944092 2.606115e-02
1164556494.944214 -6.975543e-03
1164556494.944336 -3.612689e-02
1164556494.944458 -3.305012e-02
1164556494.944580 -1.747961e-02
1164556494.944702 -2.717234e-02
1164556494.944824 -5.816970e-02
1164556494.944946 -8.616121e-02
1164556494.945068 -8.060198e-02
1164556494.945190 -3.892199e-02
1164556494.945312 2.670937e-02
1164556494.945435 8.631962e-02
1164556494.945557 1.202965e-01
1164556494.945679 1.130177e-01
1164556494.945801 6.882920e-02
1164556494.945923 1.725384e-02
1164556494.946045 -1.573870e-02
1164556494.946167 -3.400270e-02
1164556494.946289 -5.525556e-02
1164556494.946411 -5.939585e-02
1164556494.946533 -3.359277e-02
1164556494.946655 -1.896558e-02
1164556494.946777 -4.812684e-02
1164556494.946899 -8.954278e-02
1164556494.947021 -7.515248e-02
1164556494.947144 -1.185115e-02
1164556494.947266 5.915081e-02
1164556494.947388 1.166842e-01
1164556494.947510 1.459983e-01
1164556494.947632 1.187258e-01
1164556494.947754 4.661435e-02
1164556494.947876 -2.396931e-02
1164556494.947998 -6.010887e-02
1164556494.948120 -6.984917e-02
1164556494.948242 -6.357640e-02
1164556494.948364 -4.619413e-02
1164556494.948486 -2.974226e-02
1164556494.948608 -2.323085e-02
1164556494.948730 -2.883966e-02
1164556494.948853 -4.214376e-02
1164556494.948975 -3.958583e-02
1164556494.949097 2.936233e-03
1164556494.949219 7.431651e-02
1164556494.949341 1.117815e-01
1164556494.949463 1.002740e-01
1164556494.949585 6.750667e-02
1164556494.949707 2.788564e-02
1164556494.949829 -1.937000e-02
1164556494.949951 -5.354787e-02
1164556494.950073 -5.773920e-02
1164556494.950195 -4.757301e-02
1164556494.950317 -3.958183e-02
1164556494.950439 -3.625747e-02
1164556494.950562 -3.646191e-02
1164556494.950684 -4.073835e-02
1164556494.950806 -3.804595e-02
1164556494.950928 -1.371527e-02
1164556494.951050 2.987662e-02
1164556494.951172 8.191798e-02
1164556494.951294 1.146828e-01
1164556494.951416 1.089777e-01
1164556494.951538 6.388850e-02
1164556494.951660 7.057455e-03
1164556494.951782 -4.137269e-02
1164556494.951904 -7.504299e-02
1164556494.952026 -8.728440e-02
1164556494.952148 -7.717277e-02
1164556494.952271 -5.078630e-02
1164556494.952393 -1.911683e-02
1164556494.952515 -5.917250e-04
1164556494.952637 4.460459e-03
1164556494.952759 1.941381e-02
1164556494.952881 4.293532e-02
1164556494.953003 5.244234e-02
1164556494.953125 5.096436e-02
1164556494.953247 4.239527e-02
1164556494.953369 2.577500e-02
1164556494.953491 -3.689420e-03
1164556494.953613 -2.642866e-02
1164556494.953735 -2.749818e-02
1164556494.953857 -1.852130e-02
1164556494.953979 -1.385976e-02
1164556494.954102 -1.764535e-02
1164556494.954224 -2.486010e-02
1164556494.954346 -2.061685e-02
1164556494.954468 -8.096850e-03
1164556494.954590 -1.106222e-02
1164556494.954712 -2.437791e-02
1164556494.954834 -1.525019e-02
1164556494.954956 1.931465e-02
1164556494.955078 4.816289e-02
1164556494.955200 4.884902e-02
1164556494.955322 4.297986e-02
1164556494.955444 4.076617e-02
1164556494.955566 3.443535e-02
1164556494.955688 1.347228e-02
1164556494.955811 -1.559811e-02
1164556494.955933 -4.971120e-02
1164556494.956055 -7.570850e-02
1164556494.956177 -8.319489e-02
1164556494.956299 -5.964975e-02
1164556494.956421 -9.857169e-03
1164556494.956543 3.209514e-02
1164556494.956665 3.549426e-02
1164556494.956787 2.658856e-02
1164556494.956909 3.497262e-02
1164556494.957031 4.643587e-02
1164556494.957153 3.824141e-02
1164556494.957275 1.959077e-02
1164556494.957397 4.873370e-03
1164556494.957520 -1.717409e-03
1164556494.957642 -2.651983e-03
1164556494.957764 -8.207859e-03
1164556494.957886 -2.762806e-02
1164556494.958008 -5.075489e-02
1164556494.958130 -6.332372e-02
1164556494.958252 -4.385820e-02
1164556494.958374 -1.723303e-03
1164556494.958496 3.281521e-02
1164556494.958618 2.892232e-02
1164556494.958740 3.867517e-03
1164556494.958862 -4.933137e-03
1164556494.958984 1.218841e-02
1164556494.959106 3.658681e-02
1164556494.959229 5.347845e-02
1164556494.959351 5.644550e-02
1164556494.959473 4.308306e-02
1164556494.959595 1.166242e-02
1164556494.959717 -3.111476e-02
1164556494.959839 -6.683536e-02
1164556494.959961 -8.695688e-02
1164556494.960083 -8.716984e-02
1164556494.960205 -6.148118e-02
1164556494.960327 -1.276435e-02
1164556494.960449 3.965163e-02
1164556494.960571 6.300194e-02
1164556494.960693 5.282293e-02
1164556494.960815 3.600798e-02
1164556494.960938 3.758188e-02
1164556494.961060 4.748289e-02
1164556494.961182 4.632009e-02
1164556494.961304 1.712544e-02
1164556494.961426 -2.194868e-02
1164556494.961548 -5.471537e-02
1164556494.961670 -7.259309e-02
1164556494.961792 -6.759002e-02
1164556494.961914 -4.553600e-02
1164556494.962036 -2.068702e-02
1164556494.962158 1.784809e-03
1164556494.962280 2.681291e-02
1164556494.962402 5.403476e-02
1164556494.962524 5.708310e-02
1164556494.962646 2.635885e-02
1164556494.962769 -8.319714e-03
1164556494.962891 -1.131650e-02
1164556494.963013 8.932248e-03
1164556494.963135 2.735062e-02
1164556494.963257 2.413985e-02
1164556494.963379 5.019275e-04
1164556494.963501 -3.025830e-02
1164556494.963623 -4.484242e-02
1164556494.963745 -3.453580e-02
1164556494.963867 -1.478911e-02
1164556494.963989 -4.317348e-04
1164556494.964111 -2.383964e-04
1164556494.964233 -6.976116e-03
1164556494.964355 -4.759975e-03
1164556494.964478 4.833391e-03
1164556494.964600 1.041639e-02
1164556494.964722 1.386379e-02
1164556494.964844 1.982299e-02
1164556494.964966 3.198244e-02
1164556494.965088 4.283721e-02
1164556494.965210 3.044988e-02
1164556494.965332 4.116887e-03
1164556494.965454 -1.931917e-02
1164556494.965576 -2.927692e-02
1164556494.965698 -3.813773e-02
1164556494.965820 -4.649371e-02
1164556494.965942 -3.620792e-02
1164556494.966064 -1.606858e-02
1164556494.966187 -4.410858e-03
1164556494.966309 -2.681852e-03
1164556494.966431 9.181824e-03
1164556494.966553 2.562772e-02
1164556494.966675 3.177922e-02
1164556494.966797 3.444080e-02
1164556494.966919 3.823575e-02
1164556494.967041 4.164718e-02
1164556494.967163 2.880758e-02
1164556494.967285 8.254287e-03
1164556494.967407 -1.730634e-02
1164556494.967529 -4.012038e-02
1164556494.967651 -5.213894e-02
1164556494.967773 -5.118730e-02
1164556494.967896 -4.916262e-02
1164556494.968018 -4.782034e-02
1164556494.968140 -3.416694e-02
1164556494.968262 8.216343e-04
1164556494.968384 4.163814e-02
1164556494.968506 6.772072e-02
1164556494.968628 7.845676e-02
1164556494.968750 7.186450e-02
1164556494.968872 4.911813e-02
1164556494.968994 2.236994e-02
1164556494.969116 -6.640930e-03
1164556494.969238 -3.307829e-02
1164556494.969360 -5.315892e-02
1164556494.969482 -6.342469e-02
1164556494.969604 -6.446309e-02
1164556494.969727 -5.938040e-02
1164556494.969849 -4.869654e-02
1164556494.969971 -2.633497e-02
1164556494.970093 1.321912e-02
1164556494.970215 5.606617e-02
1164556494.970337 7.990866e-02
1164556494.970459 8.231990e-02
1164556494.970581 6.850913e-02
1164556494.970703 4.341600e-02
1164556494.970825 1.639584e-02
1164556494.970947 -8.672394e-03
1164556494.971069 -3.877595e-02
1164556494.971191 -6.533454e-02
1164556494.971313 -7.309571e-02
1164556494.971436 -6.102723e-02
1164556494.971558 -4.825903e-02
1164556494.971680 -3.618025e-02
1164556494.971802 -1.009325e-02
1164556494.971924 2.586924e-02
1164556494.972046 5.397777e-02
1164556494.972168 7.322220e-02
1164556494.972290 7.917005e-02
1164556494.972412 6.185969e-02
1164556494.972534 2.481112e-02
1164556494.972656 -9.562096e-03
1164556494.972778 -3.094792e-02
1164556494.972900 -4.660891e-02
1164556494.973022 -5.910043e-02
1164556494.973145 -5.281422e-02
1164556494.973267 -2.815664e-02
1164556494.973389 1.134526e-03
1164556494.973511 1.464242e-02
1164556494.973633 1.111559e-02
1164556494.973755 1.208269e-03
1164556494.973877 -1.822355e-03
1164556494.973999 4.215082e-03
1164556494.974121 2.369551e-02
1164556494.974243 4.148206e-02
1164556494.974365 4.089578e-02
1164556494.974487 1.960855e-02
1164556494.974609 -4.997793e-03
1164556494.974731 -1.716036e-02
1164556494.974854 -1.331544e-02
1164556494.974976 -9.607762e-03
1164556494.975098 -1.326298e-02
1164556494.975220 -2.521693e-02
1164556494.975342 -2.826362e-02
1164556494.975464 -2.341902e-02
1164556494.975586 -1.722878e-02
1164556494.975708 -1.121921e-02
1164556494.975830 3.047925e-03
1164556494.975952 2.283630e-02
1164556494.976074 3.876108e-02
1164556494.976196 4.550650e-02
1164556494.976318 4.200018e-02
1164556494.976440 2.194032e-02
1164556494.976562 -7.061805e-03
1164556494.976685 -2.406562e-02
1164556494.976807 -1.893162e-02
1164556494.976929 -1.052156e-02
1164556494.977051 -1.317290e-02
1164556494.977173 -2.209283e-02
1164556494.977295 -2.767077e-02
1164556494.977417 -3.006167e-02
1164556494.977539 -2.448810e-02
1164556494.977661 -5.600682e-03
1164556494.977783 1.840764e-02
1164556494.977905 3.369566e-02
1164556494.978027 4.587298e-02
1164556494.978149 4.688721e-02
1164556494.978271 3.097240e-02
1164556494.978394 5.686310e-03
1164556494.978516 -1.594856e-02
1164556494.978638 -2.750376e-02
1164556494.978760 -2.596647e-02
1164556494.978882 -1.663641e-02
1164556494.979004 -1.044334e-02
1164556494.979126 -1.316099e-02
1164556494.979248 -1.314683e-02
1164556494.979370 -8.385860e-03
1164556494.979492 -1.617915e-03
1164556494.979614 1.670427e-03
1164556494.979736 6.268725e-03
1164556494.979858 1.015244e-02
1164556494.979980 1.448660e-02
1164556494.980103 1.420435e-02
1164556494.980225 1.629190e-02
1164556494.980347 2.039800e-02
1164556494.980469 1.785313e-02
1164556494.980591 6.362643e-03
1164556494.980713 6.010757e-04
1164556494.980835 -8.658133e-03
1164556494.980957 -2.462618e-02
1164556494.981079 -3.767712e-02
1164556494.981201 -3.618735e-02
1164556494.981323 -2.297012e-02
1164556494.981445 -7.507042e-03
1164556494.981567 3.141860e-03
1164556494.981689 1.073349e-02
1164556494.981812 1.862971e-02
1164556494.981934 2.697483e-02
1164556494.982056 3.311175e-02
1164556494.982178 3.531380e-02
1164556494.982300 2.584227e-02
1164556494.982422 3.964855e-03
1164556494.982544 -1.676422e-02
1164556494.982666 -2.354964e-02
1164556494.982788 -2.711045e-02
1164556494.982910 -2.557127e-02
1164556494.983032 -1.739848e-02
1164556494.983154 -9.441263e-03
1164556494.983276 -6.636164e-03
1164556494.983398 -3.015097e-03
1164556494.983521 -1.759573e-03
1164556494.983643 -3.475816e-03
1164556494.983765 4.300005e-04
1164556494.983887 1.660181e-02
1164556494.984009 3.080148e-02
1164556494.984131 3.671835e-02
1164556494.984253 3.086752e-02
1164556494.984375 1.598801e-02
1164556494.984497 2.097966e-03
1164556494.984619 -5.924495e-03
1164556494.984741 -1.649781e-02
1164556494.984863 -3.027263e-02
1164556494.984985 -4.308975e-02
1164556494.985107 -4.339359e-02
1164556494.985229 -3.043465e-02
1164556494.985352 -1.190929e-02
1164556494.985474 3.404012e-04
1164556494.985596 1.116633e-02
1164556494.985718 2.719943e-02
1164556494.985840 5.017914e-02
1164556494.985962 6.230668e-02
1164556494.986084 5.314489e-02
1164556494.986206 2.535190e-02
1164556494.986328 -7.402558e-03
1164556494.986450 -3.528974e-02
1164556494.986572 -4.915647e-02
1164556494.986694 -4.633001e-02
1164556494.986816 -3.630281e-02
1164556494.986938 -2.851088e-02
1164556494.987061 -1.763839e-02
1164556494.987183 -3.735311e-03
1164556494.987305 1.652934e-02
1164556494.987427 3.022609e-02
1164556494.987549 3.157988e-02
1164556494.987671 2.353801e-02
1164556494.987793 2.353210e-02
1164556494.987915 2.884317e-02
1164556494.988037 2.197563e-02
1164556494.988159 -3.208557e-03
1164556494.988281 -2.535066e-02
1164556494.988403 -2.950519e-02
1164556494.988525 -2.077877e-02
1164556494.988647 -1.274476e-02
1164556494.988770 -7.916790e-03
1164556494.988892 -7.003245e-03
1164556494.989014 -7.705552e-03
1164556494.989136 -9.090660e-03
1164556494.989258 -7.126108e-03
1164556494.989380 -5.331956e-03
1164556494.989502 2.252058e-04
1164556494.989624 1.072448e-02
1164556494.989746 2.328535e-02
1164556494.989868 3.647314e-02
1164556494.989990 4.438416e-02
1164556494.990112 3.589042e-02
1164556494.990234 8.254109e-03
1164556494.990356 -2.091192e-02
1164556494.990479 -3.441335e-02
1164556494.990601 -3.320205e-02
1164556494.990723 -3.180581e-02
1164556494.990845 -3.402844e-02
1164556494.990967 -3.086899e-02
1164556494.991089 -2.027282e-02
1164556494.991211 -1.866960e-03
1164556494.991333 1.850125e-02
1164556494.991455 3.449819e-02
1164556494.991577 3.662113e-02
1164556494.991699 3.776690e-02
1164556494.991821 3.925716e-02
1164556494.991943 3.707337e-02
1164556494.992065 2.432619e-02
1164556494.992188 -4.077401e-04
1164556494.992310 -3.461729e-02
1164556494.992432 -6.056276e-02
1164556494.992554 -6.753967e-02
1164556494.992676 -5.217974e-02
1164556494.992798 -2.629667e-02
1164556494.992920 -2.496885e-04
1164556494.993042 1.880454e-02
1164556494.993164 3.134625e-02
1164556494.993286 3.744741e-02
1164556494.993408 3.918885e-02
1164556494.993530 3.465823e-02
1164556494.993652 2.301836e-02
1164556494.993774 8.961455e-03
1164556494.993896 2.860545e-03
1164556494.994019 -2.783814e-03
1164556494.994141 -1.557721e-02
1164556494.994263 -2.837613e-02
1164556494.994385 -3.623050e-02
1164556494.994507 -3.790052e-02
1164556494.994629 -2.907369e-02
1164556494.994751 -1.180101e-02
1164556494.994873 1.374923e-03
1164556494.994995 7.665167e-03
1164556494.995117 1.821847e-02
1164556494.995239 3.303618e-02
1164556494.995361 3.850868e-02
1164556494.995483 2.841553e-02
1164556494.995605 1.427330e-02
1164556494.995728 3.253976e-03
1164556494.995850 -4.260947e-03
1164556494.995972 -8.490101e-03
1164556494.996094 -7.942421e-03
1164556494.996216 -1.059104e-02
1164556494.996338 -1.675623e-02
1164556494.996460 -2.691889e-02
1164556494.996582 -3.315055e-02
1164556494.996704 -2.931919e-02
1164556494.996826 -1.673840e-02
1164556494.996948 2.404724e-03
1164556494.997070 2.331755e-02
1164556494.997192 3.569381e-02
1164556494.997314 3.621016e-02
1164556494.997437 3.098779e-02
1164556494.997559 2.524727e-02
1164556494.997681 1.657692e-02
1164556494.997803 8.387699e-03
1164556494.997925 -2.413469e-03
1164556494.998047 -1.720877e-02
1164556494.998169 -3.302432e-02
1164556494.998291 -4.600769e-02
1164556494.998413 -5.190836e-02
1164556494.998535 -4.112976e-02
1164556494.998657 -1.564987e-02
1164556494.998779 1.474339e-02
1164556494.998901 3.726179e-02
1164556494.999023 5.002906e-02
1164556494.999146 4.970342e-02
1164556494.999268 3.367140e-02
1164556494.999390 8.721245e-03
1164556494.999512 -8.880279e-03
1164556494.999634 -1.441931e-02
1164556494.999756 -9.800185e-03
1164556494.999878 -6.902075e-03
1164556495.000000 -1.050851e-02
1164556495.000122 -2.169793e-02
1164556495.000244 -2.511049e-02
1164556495.000366 -2.256800e-02
1164556495.000488 -1.749082e-02
1164556495.000610 -9.534202e-03
1164556495.000732 5.506442e-03
1164556495.000854 2.090485e-02
1164556495.000977 2.973461e-02
1164556495.001099 3.012156e-02
1164556495.001221 2.553323e-02
1164556495.001343 1.356439e-02
1164556495.001465 -4.577955e-04
1164556495.001587 -9.897972e-03
1164556495.001709 -8.464811e-03
1164556495.001831 -2.398712e-03
1164556495.001953 -2.711639e-03
1164556495.002075 -1.576553e-02
1164556495.002197 -2.765476e-02
1164556495.002319 -2.693032e-02
1164556495.002441 -1.626884e-02
1164556495.002563 -1.425443e-03
1164556495.002686 1.072592e-02
1164556495.002808 1.217649e-02
1164556495.002930 1.108752e-02
1164556495.003052 1.369866e-02
1164556495.003174 1.804874e-02
1164556495.003296 1.881421e-02
1164556495.003418 1.719568e-02
1164556495.003540 9.774292e-03
1164556495.003662 7.248104e-03
1164556495.003784 5.497745e-03
1164556495.003906 -5.494902e-03
1164556495.004028 -2.647069e-02
1164556495.004150 -4.144638e-02
1164556495.004272 -4.282037e-02
1164556495.004395 -3.164255e-02
1164556495.004517 -1.490390e-02
1164556495.004639 1.873274e-03
1164556495.004761 2.151891e-02
1164556495.004883 3.977965e-02
1164556495.005005 4.571839e-02
1164556495.005127 4.420893e-02
1164556495.005249 3.034040e-02
1164556495.005371 6.986426e-03
1164556495.005493 -1.623140e-02
1164556495.005615 -2.535662e-02
1164556495.005737 -2.228150e-02
1164556495.005859 -1.890666e-02
1164556495.005981 -2.052841e-02
1164556495.006104 -2.449410e-02
1164556495.006226 -2.431530e-02
1164556495.006348 -1.551114e-02
1164556495.006470 -5.990339e-03
1164556495.006592 6.808243e-03
1164556495.006714 1.994515e-02
1164556495.006836 3.265346e-02
1164556495.006958 4.091695e-02
1164556495.007080 4.162861e-02
1164556495.007202 2.938961e-02
1164556495.007324 6.230415e-03
1164556495.007446 -1.698472e-02
1164556495.007568 -3.093115e-02
1164556495.007690 -3.468393e-02
1164556495.007812 -2.483446e-02
1164556495.007935 -1.736624e-02
1164556495.008057 -2.025008e-02
1164556495.008179 -2.128720e-02
1164556495.008301 -1.250490e-02
1164556495.008423 9.131059e-05
1164556495.008545 1.399059e-02
1164556495.008667 2.939306e-02
1164556495.008789 4.551637e-02
1164556495.008911 5.067037e-02
1164556495.009033 3.599554e-02
1164556495.009155 8.175691e-03
1164556495.009277 -1.781433e-02
1164556495.009399 -3.224562e-02
1164556495.009521 -3.237882e-02
1164556495.009644 -2.746234e-02
1164556495.009766 -2.152482e-02
1164556495.009888 -2.038437e-02
1164556495.010010 -1.949201e-02
1164556495.010132 -1.231952e-02
1164556495.010254 4.853866e-03
1164556495.010376 2.457321e-02
1164556495.010498 3.668349e-02
1164556495.010620 3.880768e-02
1164556495.010742 2.931776e-02
1164556495.010864 1.390586e-02
1164556495.010986 2.900878e-03
1164556495.011108 -9.688638e-03
1164556495.011230 -2.225521e-02
1164556495.011353 -2.645860e-02
1164556495.011475 -2.140227e-02
1164556495.011597 -1.655333e-02
1164556495.011719 -1.133019e-02
1164556495.011841 -6.014556e-03
1164556495.011963 3.296418e-03
1164556495.012085 1.024990e-02
1164556495.012207 1.408920e-02
1164556495.012329 1.458366e-02
1164556495.012451 9.101019e-03
1164556495.012573 1.599487e-04
1164556495.012695 -1.595996e-04
1164556495.012817 5.740746e-03
1164556495.012939 6.940994e-03
1164556495.013062 4.836321e-03
1164556495.013184 -2.476729e-04
1164556495.013306 -8.850495e-03
1164556495.013428 -1.015542e-02
1164556495.013550 -3.248621e-03
1164556495.013672 4.409119e-03
1164556495.013794 1.048701e-03
1164556495.013916 -9.420959e-03
1164556495.014038 -1.631333e-02
1164556495.014160 -1.404303e-02
1164556495.014282 -9.411097e-03
1164556495.014404 -6.421603e-03
1164556495.014526 1.790156e-03
1164556495.014648 1.688443e-02
1164556495.014771 2.823497e-02
1164556495.014893 3.429202e-02
1164556495.015015 3.055601e-02
1164556495.015137 1.584346e-02
1164556495.015259 -4.225395e-03
1164556495.015381 -2.262094e-02
1164556495.015503 -3.602425e-02
1164556495.015625 -3.547008e-02
1164556495.015747 -2.790761e-02
1164556495.015869 -1.758532e-02
1164556495.015991 -3.019163e-03
1164556495.016113 9.846393e-03
1164556495.016235 1.360742e-02
1164556495.016357 1.530379e-02
1164556495.016479 1.749448e-02
1164556495.016602 2.500156e-02
1164556495.016724 3.013311e-02
1164556495.016846 2.618728e-02
1164556495.016968 1.121790e-02
1164556495.017090 -1.168452e-02
1164556495.017212 -3.215738e-02
1164556495.017334 -4.066306e-02
1164556495.017456 -3.578292e-02
1164556495.017578 -1.618112e-02
1164556495.017700 4.360219e-03
1164556495.017822 1.548450e-02
1164556495.017944 1.314982e-02
1164556495.018066 6.356320e-03
1164556495.018188 2.772405e-03
1164556495.018311 2.791922e-03
1164556495.018433 2.911528e-03
1164556495.018555 6.110148e-03
1164556495.018677 1.117017e-02
1164556495.018799 1.520992e-02
1164556495.018921 1.455534e-02
1164556495.019043 1.100762e-02
1164556495.019165 -1.218932e-03
1164556495.019287 -1.762033e-02
1164556495.019409 -2.343008e-02
1164556495.019531 -1.890756e-02
1164556495.019653 -1.458360e-02
1164556495.019775 -1.111485e-02
1164556495.019897 -1.110081e-02
1164556495.020020 -1.043544e-02
1164556495.020142 -3.021263e-03
1164556495.020264 1.009976e-02
1164556495.020386 2.234830e-02
1164556495.020508 3.078750e-02
1164556495.020630 3.350046e-02
1164556495.020752 3.084245e-02
1164556495.020874 2.390010e-02
1164556495.020996 8.013383e-03
1164556495.021118 -1.731125e-02
1164556495.021240 -3.874949e-02
1164556495.021362 -5.070197e-02
1164556495.021484 -4.908757e-02
1164556495.021606 -3.371425e-02
1164556495.021729 -1.184863e-02
1164556495.021851 2.609296e-03
1164556495.021973 1.557649e-02
1164556495.022095 3.325633e-02
1164556495.022217 5.027346e-02
1164556495.022339 5.230878e-02
1164556495.022461 3.845513e-02
1164556495.022583 1.708054e-02
1164556495.022705 -2.497168e-03
1164556495.022827 -2.154623e-02
1164556495.022949 -3.784179e-02
1164556495.023071 -4.549698e-02
1164556495.023193 -4.193026e-02
1164556495.023315 -3.258720e-02
1164556495.023438 -1.857130e-02
1164556495.023560 -1.768750e-03
1164556495.023682 1.632866e-02
1164556495.023804 3.003630e-02
1164556495.023926 3.705228e-02
1164556495.024048 3.785839e-02
1164556495.024170 3.181960e-02
1164556495.024292 1.969501e-02
1164556495.024414 3.162087e-03
1164556495.024536 -1.437603e-02
1164556495.024658 -2.324554e-02
1164556495.024780 -2.363021e-02
1164556495.024902 -2.204345e-02
1164556495.025024 -2.462520e-02
1164556495.025146 -2.579039e-02
1164556495.025269 -1.795342e-02
1164556495.025391 -9.170129e-04
1164556495.025513 1.554785e-02
1164556495.025635 2.541920e-02
1164556495.025757 2.670405e-02
1164556495.025879 2.603191e-02
1164556495.026001 2.297506e-02
1164556495.026123 1.386199e-02
1164556495.026245 -2.133198e-03
1164556495.026367 -1.707223e-02
1164556495.026489 -2.301100e-02
1164556495.026611 -1.601588e-02
1164556495.026733 -7.221692e-03
1164556495.026855 -3.825399e-03
1164556495.026978 -7.957714e-03
1164556495.027100 -1.223239e-02
1164556495.027222 -8.923718e-03
1164556495.027344 8.632889e-05
1164556495.027466 8.311678e-03
1164556495.027588 1.856883e-02
1164556495.027710 2.164917e-02
1164556495.027832 1.593830e-02
1164556495.027954 7.519792e-03
1164556495.028076 3.224247e-03
1164556495.028198 -4.107508e-03
1164556495.028320 -1.528158e-02
1164556495.028442 -1.987869e-02
1164556495.028564 -1.367575e-02
1164556495.028687 -2.302273e-04
1164556495.028809 8.997790e-03
1164556495.028931 7.332976e-03
1164556495.029053 2.545912e-03
1164556495.029175 -2.558389e-03
1164556495.029297 -5.132109e-03
1164556495.029419 -6.461786e-03
1164556495.029541 -1.871002e-03
1164556495.029663 2.638834e-03
1164556495.029785 5.462411e-03
1164556495.029907 6.710990e-03
1164556495.030029 4.787466e-03
1164556495.030151 3.852996e-03
1164556495.030273 3.617801e-03
1164556495.030396 5.767556e-04
1164556495.030518 -8.059123e-04
1164556495.030640 2.296740e-04
1164556495.030762 1.466517e-03
1164556495.030884 -2.218006e-03
1164556495.031006 -7.922606e-03
1164556495.031128 -1.099597e-02
1164556495.031250 -1.070389e-02
1164556495.031372 -7.776515e-03
1164556495.031494 -2.198427e-03
1164556495.031616 9.204200e-04
1164556495.031738 3.695553e-03
1164556495.031860 9.266999e-03
1164556495.031982 1.502395e-02
1164556495.032104 1.423060e-02
1164556495.032227 1.232726e-02
1164556495.032349 1.128762e-02
1164556495.032471 5.509572e-03
1164556495.032593 -3.092756e-03
1164556495.032715 -1.267481e-02
1164556495.032837 -2.129763e-02
1164556495.032959 -2.600149e-02
1164556495.033081 -2.654915e-02
1164556495.033203 -1.899001e-02
1164556495.033325 -1.353529e-04
1164556495.033447 1.753615e-02
1164556495.033569 2.662136e-02
1164556495.033691 2.938465e-02
1164556495.033813 2.505010e-02
1164556495.033936 1.503419e-02
1164556495.034058 3.097929e-03
1164556495.034180 -6.848076e-03
1164556495.034302 -1.501821e-02
1164556495.034424 -1.674939e-02
1164556495.034546 -1.379315e-02
1164556495.034668 -1.242624e-02
1164556495.034790 -1.426680e-02
1164556495.034912 -1.359227e-02
1164556495.035034 -7.624821e-03
1164556495.035156 2.713924e-03
1164556495.035278 1.303985e-02
1164556495.035400 2.277276e-02
1164556495.035522 2.501902e-02
1164556495.035645 1.895819e-02
1164556495.035767 8.682242e-03
1164556495.035889 -3.361592e-03
1164556495.036011 -1.065419e-02
1164556495.036133 -1.352792e-02
1164556495.036255 -1.685389e-02
1164556495.036377 -1.419620e-02
1164556495.036499 -4.348878e-03
1164556495.036621 7.668515e-03
1164556495.036743 8.369734e-03
1164556495.036865 4.152588e-05
1164556495.036987 -9.508259e-03
1164556495.037109 -9.878409e-03
1164556495.037231 -2.249092e-03
1164556495.037354 4.538315e-03
1164556495.037476 1.047030e-02
1164556495.037598 1.437232e-02
1164556495.037720 1.202699e-02
1164556495.037842 8.092149e-03
1164556495.037964 7.798673e-03
1164556495.038086 7.689644e-03
1164556495.038208 -1.650574e-03
1164556495.038330 -1.259802e-02
1164556495.038452 -2.049906e-02
1164556495.038574 -2.155524e-02
1164556495.038696 -1.795480e-02
1164556495.038818 -1.412898e-02
1164556495.038940 -9.881139e-03
1164556495.039062 1.245217e-03
1164556495.039185 1.707734e-02
1164556495.039307 3.195963e-02
1164556495.039429 3.499536e-02
1164556495.039551 2.608414e-02
1164556495.039673 1.252449e-02
1164556495.039795 1.168572e-03
1164556495.039917 -8.986123e-03
1164556495.040039 -1.957643e-02
1164556495.040161 -3.129780e-02
1164556495.040283 -3.572978e-02
1164556495.040405 -2.981030e-02
1164556495.040527 -1.641552e-02
1164556495.040649 -1.392324e-03
1164556495.040771 1.386099e-02
1164556495.040894 2.749222e-02
1164556495.041016 3.632994e-02
1164556495.041138 3.576859e-02
1164556495.041260 2.802368e-02
1164556495.041382 1.417121e-02
1164556495.041504 -1.484122e-03
1164556495.041626 -1.677820e-02
1164556495.041748 -3.124813e-02
1164556495.041870 -4.148607e-02
1164556495.041992 -4.449143e-02
1164556495.042114 -4.061415e-02
