1164556494.792358 9.575853e-02
1164556494.792480 5.564602e-02
1164556494.792603 -2.936123e-02
1164556494.792725 -1.152705e-01
1164556494.792847 -1.655569e-01
1164556494.792969 -1.662884e-01
1164556494.793091 -1.319627e-01
1164556494.793213 -6.003305e-02
1164556494.793335 1.439722e-02
1164556494.793457 8.106582e-02
1164556494.793579 1.082940e-01
1164556494.793701 1.183372e-01
1164556494.793823 1.276026e-01
1164556494.793945 1.376955e-01
1164556494.794067 1.174107e-01
1164556494.794189 6.794704e-02
1164556494.794312 -2.185774e-02
1164556494.794434 -1.037329e-01
1164556494.794556 -1.432095e-01
1164556494.794678 -1.529795e-01
1164556494.794800 -1.282580e-01
1164556494.794922 -8.344412e-02
1164556494.795044 -4.767989e-02
1164556494.795166 -1.231761e-02
1164556494.795288 2.005545e-02
1164556494.795410 4.545327e-02
1164556494.795532 7.304603e-02
1164556494.795654 8.278314e-02
1164556494.795776 9.151132e-02
1164556494.795898 1.040104e-01
1164556494.796021 1.042934e-01
1164556494.796143 9.424393e-02
1164556494.796265 7.946321e-02
1164556494.796387 2.440113e-02
1164556494.796509 -8.155561e-02
1164556494.796631 -1.693789e-01
1164556494.796753 -2.136974e-01
1164556494.796875 -2.197402e-01
1164556494.796997 -1.711360e-01
1164556494.797119 -8.182159e-02
1164556494.797241 2.803220e-03
1164556494.797363 6.741838e-02
1164556494.797485 1.420623e-01
1164556494.797607 2.230159e-01
1164556494.797729 2.577918e-01
1164556494.797852 2.428960e-01
1164556494.797974 1.677278e-01
1164556494.798096 3.612328e-02
1164556494.798218 -1.048809e-01
1164556494.798340 -2.073089e-01
1164556494.798462 -2.574372e-01
1164556494.798584 -2.316457e-01
1164556494.798706 -1.586371e-01
1164556494.798828 -8.684814e-02
1164556494.798950 -4.038381e-02
1164556494.799072 1.560371e-02
1164556494.799194 8.698659e-02
1164556494.799316 1.540613e-01
1164556494.799438 1.724782e-01
1164556494.799561 1.526999e-01
1164556494.799683 1.328603e-01
1164556494.799805 1.055613e-01
1164556494.799927 5.612281e-02
1164556494.800049 -1.286629e-02
1164556494.800171 -8.593023e-02
1164556494.800293 -1.279329e-01
1164556494.800415 -1.271208e-01
1164556494.800537 -1.254662e-01
1164556494.800659 -1.472283e-01
1164556494.800781 -1.282649e-01
1164556494.800903 -7.698379e-02
1164556494.801025 -7.633562e-03
1164556494.801147 7.162741e-02
1164556494.801270 1.278912e-01
1164556494.801392 1.473284e-01
1164556494.801514 1.737365e-01
1164556494.801636 1.816715e-01
1164556494.801758 1.331786e-01
1164556494.801880 4.399616e-02
1164556494.802002 -4.357490e-02
1164556494.802124 -1.227117e-01
1164556494.802246 -1.632181e-01
1164556494.802368 -1.675758e-01
1164556494.802490 -1.329145e-01
1164556494.802612 -9.589462e-02
1164556494.802734 -7.195235e-02
1164556494.802856 -1.566532e-02
1164556494.802979 6.430250e-02
1164556494.803101 9.980129e-02
1164556494.803223 1.055942e-01
1164556494.803345 1.184265e-01
1164556494.803467 1.065919e-01
1164556494.803589 6.634787e-02
1164556494.803711 2.561033e-02
1164556494.803833 -1.858454e-03
1164556494.803955 -1.319949e-02
1164556494.804077 -2.179146e-02
1164556494.804199 -4.680757e-02
1164556494.804321 -7.194755e-02
1164556494.804443 -9.094497e-02
1164556494.804565 -1.024434e-01
1164556494.804688 -9.412515e-02
1164556494.804810 -4.512004e-02
1164556494.804932 2.158747e-02
1164556494.805054 4.987804e-02
1164556494.805176 4.126745e-02
1164556494.805298 3.970474e-02
1164556494.805420 6.153672e-02
1164556494.805542 8.653552e-02
1164556494.805664 9.423780e-02
1164556494.805786 8.095966e-02
1164556494.805908 3.911568e-02
1164556494.806030 -3.174423e-03
1164556494.806152 -1.666387e-02
1164556494.806274 -2.374004e-02
1164556494.806396 -6.669408e-02
1164556494.806519 -1.172161e-01
1164556494.806641 -1.371611e-01
1164556494.806763 -1.448581e-01
1164556494.806885 -1.149391e-01
1164556494.807007 -6.410877e-02
1164556494.807129 2.705123e-03
1164556494.807251 1.004886e-01
1164556494.807373 2.054589e-01
1164556494.807495 2.612591e-01
1164556494.807617 2.180748e-01
1164556494.807739 1.077342e-01
1164556494.807861 -1.388700e-02
1164556494.807983 -8.501078e-02
1164556494.808105 -9.226640e-02
1164556494.808228 -9.955520e-02
1164556494.808350 -1.386506e-01
1164556494.808472 -1.803311e-01
1164556494.808594 -1.577086e-01
1164556494.808716 -7.691097e-02
1164556494.808838 -1.865742e-02
1164556494.808960 1.621660e-02
1164556494.809082 6.586302e-02
1164556494.809204 1.297577e-01
1164556494.809326 1.757743e-01
1164556494.809448 1.887378e-01
1164556494.809570 1.632815e-01
1164556494.809692 9.871686e-02
1164556494.809814 1.176907e-02
1164556494.809937 -8.323587e-02
1164556494.810059 -1.414347e-01
1164556494.810181 -1.506056e-01
1164556494.810303 -1.355001e-01
1164556494.810425 -1.159620e-01
1164556494.810547 -7.305057e-02
1164556494.810669 -5.152479e-02
1164556494.810791 -4.451746e-02
1164556494.810913 -1.702455e-02
1164556494.811035 3.586356e-02
1164556494.811157 1.068273e-01
1164556494.811279 1.702442e-01
1164556494.811401 1.993459e-01
1164556494.811523 1.859480e-01
1164556494.811646 1.219181e-01
1164556494.811768 4.151340e-02
1164556494.811890 -3.907526e-02
1164556494.812012 -1.228410e-01
1164556494.812134 -2.142879e-01
1164556494.812256 -2.419950e-01
1164556494.812378 -2.096303e-01
1164556494.812500 -1.432114e-01
1164556494.812622 -4.910219e-02
1164556494.812744 6.557624e-02
1164556494.812866 1.506904e-01
1164556494.812988 1.936976e-01
1164556494.813110 1.926003e-01
1164556494.813232 1.527517e-01
1164556494.813354 1.104326e-01
1164556494.813477 7.360958e-02
1164556494.813599 -1.930247e-02
1164556494.813721 -1.348224e-01
1164556494.813843 -1.940741e-01
1164556494.813965 -1.622936e-01
1164556494.814087 -8.712890e-02
1164556494.814209 -7.533900e-03
1164556494.814331 5.265875e-02
1164556494.814453 5.269614e-02
1164556494.814575 1.139739e-03
1164556494.814697 -3.001909e-02
1164556494.814819 -1.610471e-02
1164556494.814941 2.227299e-02
1164556494.815063 4.845203e-02
1164556494.815186 4.494811e-02
1164556494.815308 3.581140e-02
1164556494.815430 5.827248e-02
1164556494.815552 5.957340e-02
1164556494.815674 2.817240e-02
1164556494.815796 4.959762e-03
1164556494.815918 -9.586388e-03
1164556494.816040 -3.878828e-02
1164556494.816162 -8.160356e-02
1164556494.816284 -8.267722e-02
1164556494.816406 -4.677748e-02
1164556494.816528 -1.835217e-02
1164556494.816650 -2.409091e-02
1164556494.816772 -4.833316e-02
1164556494.816895 -2.331352e-02
1164556494.817017 1.067486e-02
1164556494.817139 3.447988e-02
1164556494.817261 7.999803e-02
1164556494.817383 1.108839e-01
1164556494.817505 9.760870e-02
1164556494.817627 4.883930e-02
1164556494.817749 1.963090e-02
1164556494.817871 3.284951e-02
1164556494.817993 1.648460e-02
1164556494.818115 -2.294744e-02
1164556494.818237 -6.360620e-02
1164556494.818359 -1.199687e-01
1164556494.818481 -1.643461e-01
1164556494.818604 -1.708851e-01
1164556494.818726 -1.276208e-01
1164556494.818848 -2.282274e-02
1164556494.818970 9.764447e-02
1164556494.819092 1.483288e-01
1164556494.819214 1.449374e-01
1164556494.819336 1.432113e-01
1164556494.819458 1.315053e-01
1164556494.819580 1.068058e-01
1164556494.819702 5.751710e-02
1164556494.819824 -4.531671e-03
1164556494.819946 -6.703081e-02
1164556494.820068 -1.094978e-01
1164556494.820190 -1.539385e-01
1164556494.820312 -1.690113e-01
1164556494.820435 -1.518692e-01
1164556494.820557 -1.131766e-01
1164556494.820679 -5.482738e-02
1164556494.820801 9.557833e-03
1164556494.820923 8.079670e-02
1164556494.821045 1.612071e-01
1164556494.821167 2.001949e-01
1164556494.821289 1.973370e-01
1164556494.821411 1.324307e-01
1164556494.821533 4.116604e-02
1164556494.821655 -1.999256e-02
1164556494.821777 -4.104766e-02
1164556494.821899 -6.818091e-02
1164556494.822021 -1.157487e-01
1164556494.822144 -1.549280e-01
1164556494.822266 -1.639401e-01
1164556494.822388 -1.343980e-01
1164556494.822510 -7.297177e-02
1164556494.822632 -6.147135e-03
1164556494.822754 8.730489e-02
1164556494.822876 1.347943e-01
1164556494.822998 9.946670e-02
1164556494.823120 7.227386e-02
1164556494.823242 8.364882e-02
1164556494.823364 8.318870e-02
1164556494.823486 6.391916e-02
1164556494.823608 4.345081e-02
1164556494.823730 2.791880e-02
1164556494.823853 -2.770920e-03
1164556494.823975 -4.547667e-02
1164556494.824097 -1.090859e-01
1164556494.824219 -1.548036e-01
1164556494.824341 -1.703641e-01
1164556494.824463 -1.545951e-01
1164556494.824585 -9.647464e-02
1164556494.824707 -3.162328e-02
1164556494.824829 2.719622e-02
1164556494.824951 1.222299e-01
1164556494.825073 2.008272e-01
1164556494.825195 1.966406e-01
1164556494.825317 1.727858e-01
1164556494.825439 1.517785e-01
1164556494.825562 8.219310e-02
1164556494.825684 1.056525e-02
1164556494.825806 -7.017291e-02
1164556494.825928 -1.661718e-01
1164556494.826050 -2.086048e-01
1164556494.826172 -2.126560e-01
1164556494.826294 -2.137643e-01
1164556494.826416 -1.440815e-01
1164556494.826538 -2.946537e-02
1164556494.826660 6.209324e-02
1164556494.826782 1.182906e-01
1164556494.826904 1.688161e-01
1164556494.827026 2.184070e-01
1164556494.827148 1.949759e-01
1164556494.827271 1.198419e-01
1164556494.827393 8.418034e-02
1164556494.827515 3.055488e-02
1164556494.827637 -3.174441e-02
1164556494.827759 -8.878715e-02
1164556494.827881 -1.426092e-01
1164556494.828003 -1.835037e-01
1164556494.828125 -1.875109e-01
1164556494.828247 -1.584244e-01
1164556494.828369 -1.185277e-01
1164556494.828491 -6.813047e-02
1164556494.828613 4.682951e-02
1164556494.828735 1.528458e-01
1164556494.828857 1.948070e-01
1164556494.828979 1.964772e-01
1164556494.829102 1.645020e-01
1164556494.829224 9.003893e-02
1164556494.829346 2.154571e-02
1164556494.829468 2.826342e-03
1164556494.829590 1.324603e-02
1164556494.829712 -1.763665e-02
1164556494.829834 -9.578188e-02
1164556494.829956 -1.794510e-01
1164556494.830078 -2.077299e-01
1164556494.830200 -1.531933e-01
1164556494.830322 -9.557460e-02
1164556494.830444 -5.502463e-02
1164556494.830566 -2.445413e-03
1164556494.830688 5.476610e-02
1164556494.830811 1.098528e-01
1164556494.830933 1.669444e-01
1164556494.831055 2.086293e-01
1164556494.831177 2.047281e-01
1164556494.831299 1.671743e-01
1164556494.831421 9.277169e-02
1164556494.831543 -1.507145e-03
1164556494.831665 -1.116972e-01
1164556494.831787 -1.938596e-01
1164556494.831909 -2.423439e-01
1164556494.832031 -2.365626e-01
1164556494.832153 -1.892428e-01
1164556494.832275 -1.148833e-01
1164556494.832397 -2.989405e-02
1164556494.832520 6.485375e-02
1164556494.832642 1.427311e-01
1164556494.832764 1.813646e-01
1164556494.832886 2.079351e-01
1164556494.833008 2.141949e-01
1164556494.833130 1.551337e-01
1164556494.833252 6.258267e-02
1164556494.833374 -1.603413e-02
1164556494.833496 -5.067656e-02
1164556494.833618 -7.678959e-02
1164556494.833740 -1.102409e-01
1164556494.833862 -1.695755e-01
1164556494.833984 -2.057483e-01
1164556494.834106 -1.959044e-01
1164556494.834229 -1.407332e-01
1164556494.834351 -6.987822e-02
1164556494.834473 3.492383e-02
1164556494.834595 1.186128e-01
1164556494.834717 2.030903e-01
1164556494.834839 2.602795e-01
1164556494.834961 2.717028e-01
1164556494.835083 1.982585e-01
1164556494.835205 6.122737e-02
1164556494.835327 -6.433227e-02
1164556494.835449 -1.403909e-01
1164556494.835571 -1.813910e-01
1164556494.835693 -1.903247e-01
1164556494.835815 -1.675391e-01
1164556494.835938 -1.163412e-01
1164556494.836060 -7.324010e-02
1164556494.836182 -1.458687e-02
1164556494.836304 4.355478e-02
1164556494.836426 6.630980e-02
1164556494.836548 6.434665e-02
1164556494.836670 8.536269e-02
1164556494.836792 1.034149e-01
1164556494.836914 9.671629e-02
1164556494.837036 1.002999e-01
1164556494.837158 9.940990e-02
1164556494.837280 6.618220e-02
1164556494.837402 1.082411e-02
1164556494.837524 -7.151131e-02
1164556494.837646 -1.144361e-01
1164556494.837769 -1.107619e-01
1164556494.837891 -1.186855e-01
1164556494.838013 -1.400210e-01
1164556494.838135 -1.257209e-01
1164556494.838257 -9.302540e-02
1164556494.838379 -2.823903e-02
1164556494.838501 5.873730e-02
1164556494.838623 1.182950e-01
1164556494.838745 1.359044e-01
1164556494.838867 1.662136e-01
1164556494.838989 1.709167e-01
1164556494.839111 1.473852e-01
1164556494.839233 8.417226e-02
1164556494.839355 -1.048231e-02
1164556494.839478 -8.060647e-02
1164556494.839600 -1.178538e-01
1164556494.839722 -1.398138e-01
1164556494.839844 -1.314966e-01
1164556494.839966 -1.095384e-01
1164556494.840088 -1.163083e-01
1164556494.840210 -1.500687e-01
1164556494.840332 -1.081449e-01
1164556494.840454 -7.129463e-03
1164556494.840576 1.057847e-01
1164556494.840698 2.068540e-01
1164556494.840820 2.541619e-01
1164556494.840942 2.131027e-01
1164556494.841064 1.457757e-01
1164556494.841187 9.171559e-02
1164556494.841309 4.432813e-02
1164556494.841431 -3.028741e-02
1164556494.841553 -1.158081e-01
1164556494.841675 -1.818532e-01
1164556494.841797 -2.138910e-01
1164556494.841919 -2.513736e-01
1164556494.842041 -2.511442e-01
1164556494.842163 -1.600013e-01
1164556494.842285 -1.911345e-03
1164556494.842407 1.295040e-01
1164556494.842529 2.226916e-01
1164556494.842651 2.620814e-01
1164556494.842773 2.379777e-01
1164556494.842896 1.732229e-01
1164556494.843018 8.866999e-02
1164556494.843140 4.751227e-02
1164556494.843262 2.740290e-02
1164556494.843384 -3.828181e-02
1164556494.843506 -1.209099e-01
1164556494.843628 -2.024844e-01
1164556494.843750 -2.521422e-01
1164556494.843872 -2.603037e-01
1164556494.843994 -1.901513e-01
1164556494.844116 -7.812731e-02
1164556494.844238 3.724688e-02
1164556494.844360 1.280831e-01
1164556494.844482 1.937036e-01
1164556494.844604 2.061648e-01
1164556494.844727 2.089904e-01
1164556494.844849 1.916971e-01
1164556494.844971 1.247480e-01
1164556494.845093 2.053875e-02
1164556494.845215 -3.071547e-02
1164556494.845337 -4.825355e-02
1164556494.845459 -6.997520e-02
1164556494.845581 -1.475550e-01
1164556494.845703 -2.316656e-01
1164556494.845825 -2.840791e-01
1164556494.845947 -2.344153e-01
1164556494.846069 -9.118695e-02
1164556494.846191 8.935182e-02
1164556494.846313 1.923757e-01
1164556494.846436 1.840243e-01
1164556494.846558 1.196232e-01
1164556494.846680 1.130023e-01
1164556494.846802 1.480776e-01
1164556494.846924 1.589528e-01
1164556494.847046 1.085016e-01
1164556494.847168 4.650747e-02
1164556494.847290 -1.777417e-02
1164556494.847412 -8.720088e-02
1164556494.847534 -1.654831e-01
1164556494.847656 -2.175978e-01
1164556494.847778 -2.679666e-01
1164556494.847900 -2.387518e-01
1164556494.848022 -1.440596e-01
1164556494.848145 -2.558442e-02
1164556494.848267 7.708808e-02
1164556494.848389 1.625644e-01
1164556494.848511 2.100671e-01
1164556494.848633 2.727003e-01
1164556494.848755 2.809662e-01
1164556494.848877 2.279437e-01
1164556494.848999 1.268654e-01
1164556494.849121 -2.176137e-02
1164556494.849243 -1.772605e-01
1164556494.849365 -2.609930e-01
1164556494.849487 -2.636435e-01
1164556494.849609 -2.094217e-01
1164556494.849731 -1.541531e-01
1164556494.849854 -8.857028e-02
1164556494.849976 -2.438654e-02
1164556494.850098 4.036468e-02
1164556494.850220 8.180795e-02
1164556494.850342 1.181897e-01
1164556494.850464 1.481247e-01
1164556494.850586 1.661308e-01
1164556494.850708 1.506010e-01
1164556494.850830 1.266829e-01
1164556494.850952 6.862488e-02
1164556494.851074 3.962611e-02
1164556494.851196 3.052791e-03
1164556494.851318 -7.566830e-02
1164556494.851440 -1.529827e-01
1164556494.851562 -1.737636e-01
1164556494.851685 -1.773730e-01
1164556494.851807 -1.462270e-01
1164556494.851929 -1.183658e-01
1164556494.852051 -1.000181e-01
1164556494.852173 -7.778138e-02
1164556494.852295 9.840546e-03
1164556494.852417 1.224513e-01
1164556494.852539 2.134456e-01
1164556494.852661 2.698127e-01
1164556494.852783 3.053615e-01
1164556494.852905 2.891088e-01
1164556494.853027 2.047272e-01
1164556494.853149 2.416140e-02
1164556494.853271 -1.715083e-01
1164556494.853394 -3.184255e-01
1164556494.853516 -3.803598e-01
1164556494.853638 -3.809877e-01
1164556494.853760 -2.861939e-01
1164556494.853882 -1.318128e-01
1164556494.854004 2.470411e-03
1164556494.854126 1.100872e-01
1164556494.854248 2.288606e-01
1164556494.854370 2.977573e-01
1164556494.854492 2.859940e-01
1164556494.854614 2.337338e-01
1164556494.854736 2.141869e-01
1164556494.854858 1.523081e-01
1164556494.854980 1.738278e-02
1164556494.855103 -1.472960e-01
1164556494.855225 -2.337133e-01
1164556494.855347 -2.348783e-01
1164556494.855469 -2.201263e-01
1164556494.855591 -2.234579e-01
1164556494.855713 -1.908774e-01
1164556494.855835 -1.091452e-01
1164556494.855957 -1.796078e-02
1164556494.856079 6.623204e-02
1164556494.856201 1.634316e-01
1164556494.856323 2.044476e-01
1164556494.856445 2.173926e-01
1164556494.856567 2.313492e-01
1164556494.856689 2.292431e-01
1164556494.856812 1.479974e-01
1164556494.856934 3.308093e-02
1164556494.857056 -6.996401e-02
1164556494.857178 -1.369162e-01
1164556494.857300 -2.058521e-01
1164556494.857422 -2.459198e-01
1164556494.857544 -2.499524e-01
1164556494.857666 -2.201867e-01
1164556494.857788 -1.545564e-01
1164556494.857910 -3.606192e-02
1164556494.858032 8.234299e-02
1164556494.858154 1.686946e-01
1164556494.858276 1.836759e-01
1164556494.858398 1.856433e-01
1164556494.858521 1.956763e-01
1164556494.858643 2.361778e-01
1164556494.858765 1.883019e-01
1164556494.858887 5.064627e-02
1164556494.859009 -6.010812e-02
1164556494.859131 -8.948779e-02
1164556494.859253 -1.080867e-01
1164556494.859375 -1.748192e-01
1164556494.859497 -2.631194e-01
1164556494.859619 -2.829925e-01
1164556494.859741 -2.439830e-01
1164556494.859863 -1.631443e-01
1164556494.859985 -3.479533e-02
1164556494.860107 1.358460e-01
1164556494.860229 2.453203e-01
1164556494.860352 2.917771e-01
1164556494.860474 3.102530e-01
1164556494.860596 2.848558e-01
1164556494.860718 1.853941e-01
1164556494.860840 5.436191e-02
1164556494.860962 -6.694601e-02
1164556494.861084 -1.098388e-01
1164556494.861206 -1.211415e-01
1164556494.861328 -1.740109e-01
1164556494.861450 -2.621802e-01
1164556494.861572 -2.818649e-01
1164556494.861694 -2.679832e-01
1164556494.861816 -1.826192e-01
1164556494.861938 -8.420481e-02
1164556494.862061 1.169626e-02
1164556494.862183 1.442284e-01
1164556494.862305 2.860777e-01
1164556494.862427 3.762033e-01
1164556494.862549 4.270908e-01
1164556494.862671 3.970865e-01
1164556494.862793 2.605586e-01
1164556494.862915 3.999822e-02
1164556494.863037 -1.463615e-01
1164556494.863159 -2.955933e-01
1164556494.863281 -4.239997e-01
1164556494.863403 -4.957137e-01
1164556494.863525 -4.244526e-01
1164556494.863647 -3.087310e-01
1164556494.863770 -1.667778e-01
1164556494.863892 7.316768e-03
1164556494.864014 2.331969e-01
1164556494.864136 4.282648e-01
1164556494.864258 5.229385e-01
1164556494.864380 4.531332e-01
1164556494.864502 3.059338e-01
1164556494.864624 1.539259e-01
1164556494.864746 4.408313e-02
1164556494.864868 -8.488284e-02
1164556494.864990 -2.180955e-01
1164556494.865112 -3.200615e-01
1164556494.865234 -3.485880e-01
1164556494.865356 -3.719029e-01
1164556494.865479 -3.093494e-01
1164556494.865601 -2.123812e-01
1164556494.865723 -1.017213e-01
1164556494.865845 5.131226e-02
1164556494.865967 1.831298e-01
1164556494.866089 2.705080e-01
1164556494.866211 3.701912e-01
1164556494.866333 4.143058e-01
1164556494.866455 3.680101e-01
1164556494.866577 2.321651e-01
1164556494.866699 8.392267e-02
1164556494.866821 -6.232703e-02
1164556494.866943 -1.914994e-01
1164556494.867065 -2.983368e-01
1164556494.867188 -3.688656e-01
1164556494.867310 -3.954053e-01
1164556494.867432 -3.444974e-01
1164556494.867554 -2.468300e-01
1164556494.867676 -1.147555e-01
1164556494.867798 3.828676e-02
1164556494.867920 2.220774e-01
1164556494.868042 3.371282e-01
1164556494.868164 3.728968e-01
1164556494.868286 3.395588e-01
1164556494.868408 3.110410e-01
1164556494.868530 2.406761e-01
1164556494.868652 1.158299e-01
1164556494.868774 -1.257019e-02
1164556494.868896 -1.197114e-01
1164556494.869019 -2.432960e-01
1164556494.869141 -3.384157e-01
1164556494.869263 -4.202239e-01
1164556494.869385 -4.389501e-01
1164556494.869507 -3.430880e-01
1164556494.869629 -1.731684e-01
1164556494.869751 -7.450091e-03
1164556494.869873 1.770967e-01
1164556494.869995 3.494016e-01
1164556494.870117 4.777084e-01
1164556494.870239 4.919573e-01
1164556494.870361 4.121106e-01
1164556494.870483 2.677108e-01
1164556494.870605 1.089596e-01
1164556494.870728 -7.581757e-02
1164556494.870850 -2.234429e-01
1164556494.870972 -3.389792e-01
1164556494.871094 -3.998880e-01
1164556494.871216 -4.083131e-01
1164556494.871338 -3.636216e-01
1164556494.871460 -3.020684e-01
1164556494.871582 -1.657725e-01
1164556494.871704 1.249833e-02
1164556494.871826 1.958728e-01
1164556494.871948 3.410329e-01
1164556494.872070 4.496865e-01
1164556494.872192 4.700261e-01
1164556494.872314 3.881827e-01
1164556494.872437 2.371865e-01
1164556494.872559 1.129348e-01
1164556494.872681 -1.443372e-02
1164556494.872803 -1.345336e-01
1164556494.872925 -2.592407e-01
1164556494.873047 -3.715709e-01
1164556494.873169 -4.838026e-01
1164556494.873291 -4.939991e-01
1164556494.873413 -3.779902e-01
1164556494.873535 -1.960002e-01
1164556494.873657 2.298346e-02
1164556494.873779 2.401779e-01
1164556494.873901 3.621964e-01
1164556494.874023 4.236941e-01
1164556494.874146 4.559034e-01
1164556494.874268 4.398386e-01
1164556494.874390 3.181133e-01
1164556494.874512 1.924485e-01
1164556494.874634 3.504480e-02
1164556494.874756 -1.210791e-01
1164556494.874878 -3.021007e-01
1164556494.875000 -4.582660e-01
1164556494.875122 -5.763224e-01
1164556494.875244 -5.808545e-01
1164556494.875366 -4.391316e-01
1164556494.875488 -1.738456e-01
1164556494.875610 7.275610e-02
1164556494.875732 2.889939e-01
1164556494.875854 4.428379e-01
1164556494.875977 5.184830e-01
1164556494.876099 4.684444e-01
1164556494.876221 3.702111e-01
1164556494.876343 2.594582e-01
1164556494.876465 1.555514e-01
1164556494.876587 1.356058e-02
1164556494.876709 -1.058827e-01
1164556494.876831 -2.551710e-01
1164556494.876953 -4.021316e-01
1164556494.877075 -4.968836e-01
1164556494.877197 -5.378375e-01
1164556494.877319 -4.817103e-01
1164556494.877441 -2.673093e-01
1164556494.877563 -2.988191e-02
1164556494.877686 1.788481e-01
1164556494.877808 3.390022e-01
1164556494.877930 4.904906e-01
1164556494.878052 5.594292e-01
1164556494.878174 5.387604e-01
1164556494.878296 4.026771e-01
1164556494.878418 2.250373e-01
1164556494.878540 4.576326e-02
1164556494.878662 -1.100004e-01
1164556494.878784 -2.704625e-01
1164556494.878906 -4.044549e-01
1164556494.879028 -5.432439e-01
1164556494.879150 -5.874082e-01
1164556494.879272 -5.436535e-01
1164556494.879395 -4.176263e-01
1164556494.879517 -2.083182e-01
1164556494.879639 8.406865e-02
1164556494.879761 3.439338e-01
1164556494.879883 5.806762e-01
1164556494.880005 7.216943e-01
1164556494.880127 7.440899e-01
1164556494.880249 6.197578e-01
1164556494.880371 3.982097e-01
1164556494.880493 1.100270e-01
1164556494.880615 -1.671854e-01
1164556494.880737 -4.650096e-01
1164556494.880859 -6.627416e-01
1164556494.880981 -7.458428e-01
1164556494.881104 -7.348552e-01
1164556494.881226 -6.548306e-01
1164556494.881348 -4.019471e-01
1164556494.881470 -6.653278e-02
1164556494.881592 2.782200e-01
1164556494.881714 5.291582e-01
1164556494.881836 6.990064e-01
1164556494.881958 7.541923e-01
1164556494.882080 7.496392e-01
1164556494.882202 5.724013e-01
1164556494.882324 2.788958e-01
1164556494.882446 4.363978e-03
1164556494.882568 -1.673277e-01
1164556494.882690 -3.745105e-01
1164556494.882812 -6.097032e-01
1164556494.882935 -7.935065e-01
1164556494.883057 -8.271325e-01
1164556494.883179 -7.303372e-01
1164556494.883301 -4.475964e-01
1164556494.883423 -5.378662e-02
1164556494.883545 2.963198e-01
1164556494.883667 5.342390e-01
1164556494.883789 6.886442e-01
1164556494.883911 7.466131e-01
1164556494.884033 7.706044e-01
1164556494.884155 6.835417e-01
1164556494.884277 4.814503e-01
1164556494.884399 1.628586e-01
1164556494.884521 -1.719579e-01
1164556494.884644 -4.900173e-01
1164556494.884766 -7.254553e-01
1164556494.884888 -8.693123e-01
1164556494.885010 -8.759786e-01
1164556494.885132 -7.617522e-01
1164556494.885254 -5.123220e-01
1164556494.885376 -1.910065e-01
1164556494.885498 1.381001e-01
1164556494.885620 4.316792e-01
1164556494.885742 7.110950e-01
1164556494.885864 9.096832e-01
1164556494.885986 1.047181e+00
1164556494.886108 9.824192e-01
1164556494.886230 6.986719e-01
1164556494.886353 2.658602e-01
1164556494.886475 -1.515713e-01
1164556494.886597 -5.506410e-01
1164556494.886719 -8.960187e-01
1164556494.886841 -1.129141e+00
1164556494.886963 -1.151839e+00
1164556494.887085 -1.016351e+00
1164556494.887207 -7.370284e-01
1164556494.887329 -3.291209e-01
1164556494.887451 1.915813e-01
1164556494.887573 6.670435e-01
1164556494.887695 1.038626e+00
1164556494.887817 1.209524e+00
1164556494.887939 1.265237e+00
1164556494.888062 1.130330e+00
1164556494.888184 7.807175e-01
1164556494.888306 2.976993e-01
1164556494.888428 -2.023781e-01
1164556494.888550 -7.001481e-01
1164556494.888672 -1.093365e+00
1164556494.888794 -1.362758e+00
1164556494.888916 -1.387150e+00
1164556494.889038 -1.232105e+00
1164556494.889160 -8.503859e-01
1164556494.889282 -3.566669e-01
1164556494.889404 1.765547e-01
1164556494.889526 6.758548e-01
1164556494.889648 1.156490e+00
1164556494.889771 1.470305e+00
1164556494.889893 1.583605e+00
1164556494.890015 1.428657e+00
1164556494.890137 1.074677e+00
1164556494.890259 5.435309e-01
1164556494.890381 -3.746011e-02
1164556494.890503 -6.755289e-01
1164556494.890625 -1.303958e+00
1164556494.890747 -1.761186e+00
1164556494.890869 -1.942547e+00
1164556494.890991 -1.862076e+00
1164556494.891113 -1.454827e+00
1164556494.891235 -8.062109e-01
1164556494.891357 1.849835e-02
1164556494.891479 8.875554e-01
1164556494.891602 1.723004e+00
1164556494.891724 2.232058e+00
1164556494.891846 2.428351e+00
1164556494.891968 2.283470e+00
1164556494.892090 1.816246e+00
1164556494.892212 1.043523e+00
1164556494.892334 8.668682e-02
1164556494.892456 -1.022158e+00
1164556494.892578 -2.084736e+00
1164556494.892700 -2.979319e+00
1164556494.892822 -3.447205e+00
1164556494.892944 -3.415745e+00
1164556494.893066 -2.790575e+00
1164556494.893188 -1.653146e+00
1164556494.893311 3.745407e-03
1164556494.893433 1.942332e+00
1164556494.893555 3.973599e+00
1164556494.893677 5.692436e+00
1164556494.893799 6.373596e+00
1164556494.893921 4.882462e+00
1164556494.894043 1.978424e+00
1164556494.894165 -1.001200e+00
1164556494.894287 -3.540391e+00
1164556494.894409 -5.307652e+00
1164556494.894531 -6.073925e+00
1164556494.894653 -5.850926e+00
1164556494.894775 -4.586207e+00
1164556494.894897 -2.565167e+00
1164556494.895020 -9.260049e-02
1164556494.895142 2.398519e+00
1164556494.895264 4.564052e+00
1164556494.895386 5.936123e+00
1164556494.895508 6.383635e+00
1164556494.895630 5.755780e+00
1164556494.895752 4.142331e+00
1164556494.895874 1.734864e+00
1164556494.895996 -1.080729e+00
1164556494.896118 -3.911152e+00
1164556494.896240 -6.115922e+00
1164556494.896362 -7.265950e+00
1164556494.896484 -7.102617e+00
1164556494.896606 -5.700682e+00
1164556494.896729 -3.202896e+00
1164556494.896851 -8.372637e-02
1164556494.896973 3.189492e+00
1164556494.897095 5.998254e+00
1164556494.897217 7.865418e+00
1164556494.897339 8.301492e+00
1164556494.897461 7.205032e+00
1164556494.897583 4.667660e+00
1164556494.897705 1.230629e+00
1164556494.897827 -2.528736e+00
1164556494.897949 -5.818089e+00
1164556494.898071 -8.119613e+00
1164556494.898193 -8.927552e+00
1164556494.898315 -8.172728e+00
1164556494.898438 -5.900330e+00
1164556494.898560 -2.552378e+00
1164556494.898682 1.391137e+00
1164556494.898804 5.116075e+00
1164556494.898926 7.977713e+00
1164556494.899048 9.364140e+00
1164556494.899170 9.096049e+00
1164556494.899292 7.108060e+00
1164556494.899414 3.876530e+00
1164556494.899536 -8.096652e-02
1164556494.899658 -4.063361e+00
1164556494.899780 -7.456958e+00
1164556494.899902 -9.551645e+00
1164556494.900024 -1.000803e+01
1164556494.900146 -8.591861e+00
1164556494.900269 -5.593311e+00
1164556494.900391 -1.428915e+00
1164556494.900513 3.087463e+00
1164556494.900635 7.250223e+00
1164556494.900757 1.019429e+01
1164556494.900879 1.133531e+01
1164556494.901001 1.022221e+01
1164556494.901123 7.077687e+00
1164556494.901245 2.390559e+00
1164556494.901367 -2.902025e+00
1164556494.901489 -7.910903e+00
1164556494.901611 -1.146986e+01
1164556494.901733 -1.281270e+01
1164556494.901855 -1.142992e+01
1164556494.901978 -7.620812e+00
1164556494.902100 -2.002922e+00
1164556494.902222 4.170506e+00
1164556494.902344 9.678151e+00
1164556494.902466 1.314062e+01
1164556494.902588 1.379761e+01
1164556494.902710 1.125579e+01
1164556494.902832 6.120090e+00
1164556494.902954 -5.956182e-01
1164556494.903076 -7.176136e+00
1164556494.903198 -1.212714e+01
1164556494.903320 -1.407501e+01
1164556494.903442 -1.265696e+01
1164556494.903564 -8.102195e+00
1164556494.903687 -1.686730e+00
1164556494.903809 5.159917e+00
1164556494.903931 1.050902e+01
1164556494.904053 1.313969e+01
1164556494.904175 1.222291e+01
1164556494.904297 8.159916e+00
1164556494.904419 1.897555e+00
1164556494.904541 -4.681007e+00
1164556494.904663 -9.919078e+00
1164556494.904785 -1.212534e+01
1164556494.904907 -1.080226e+01
1164556494.905029 -6.138047e+00
1164556494.905151 3.100584e-01
1164556494.905273 6.780160e+00
1164556494.905396 1.094096e+01
1164556494.905518 1.158268e+01
1164556494.905640 8.117928e+00
1164556494.905762 1.761638e+00
1164556494.905884 -5.605965e+00
1164556494.906006 -1.110208e+01
1164556494.906128 -1.277194e+01
1164556494.906250 -9.383767e+00
1164556494.906372 -2.160719e+00
1164556494.906494 6.549594e+00
1164556494.906616 1.294426e+01
1164556494.906738 1.430701e+01
1164556494.906860 9.200450e+00
1164556494.906982 -1.907762e-01
1164556494.907104 -1.007905e+01
1164556494.907227 -1.506406e+01
1164556494.907349 -1.243269e+01
1164556494.907471 -2.511785e+00
1164556494.907593 8.870533e+00
1164556494.907715 1.462255e+01
1164556494.907837 9.154907e+00
1164556494.907959 -3.999047e+00
1164556494.908081 -1.433827e+01
1164556494.908203 -9.035771e+00
1164556494.908325 7.177289e+00
1164556494.908447 1.247786e+01
1164556494.908569 -1.860612e+00
1164556494.908691 -4.411354e+00
1164556494.908813 2.031764e+00
1164556494.908936 3.089566e-01
1164556494.909058 -3.668061e-01
1164556494.909180 -7.673568e-01
1164556494.909302 -5.936895e-01
1164556494.909424 -9.787813e-01
1164556494.909546 -5.569320e-01
1164556494.909668 -6.983301e-01
1164556494.909790 -2.245088e-01
1164556494.909912 -1.509880e-01
1164556494.910034 3.004501e-01
1164556494.910156 3.686798e-01
1164556494.910278 7.163547e-01
1164556494.910400 7.357980e-01
1164556494.910522 9.154877e-01
1164556494.910645 7.114334e-01
1164556494.910767 5.606434e-01
1164556494.910889 5.241268e-02
1164556494.911011 -2.901602e-01
1164556494.911133 -7.266419e-01
1164556494.911255 -8.264566e-01
1164556494.911377 -9.468377e-01
1164556494.911499 -7.482521e-01
1164556494.911621 -5.935415e-01
1164556494.911743 -2.232949e-01
1164556494.911865 4.395892e-02
1164556494.911987 4.125330e-01
1164556494.912109 5.771584e-01
1164556494.912231 7.824301e-01
1164556494.912354 7.281319e-01
1164556494.912476 6.790564e-01
1164556494.912598 4.324834e-01
1164556494.912720 2.199617e-01
1164556494.912842 -1.210755e-01
1164556494.912964 -3.142818e-01
1164556494.913086 -5.236385e-01
1164556494.913208 -5.446552e-01
1164556494.913330 -6.018937e-01
1164556494.913452 -5.503853e-01
1164556494.913574 -5.179297e-01
1164556494.913696 -2.874369e-01
1164556494.913818 -8.280385e-02
1164556494.913940 2.396355e-01
1164556494.914062 4.470815e-01
1164556494.914185 6.529930e-01
1164556494.914307 6.793740e-01
1164556494.914429 6.614989e-01
1164556494.914551 4.733716e-01
1164556494.914673 2.723349e-01
1164556494.914795 -5.008502e-02
1164556494.914917 -3.026895e-01
1164556494.915039 -5.415332e-01
1164556494.915161 -5.789825e-01
1164556494.915283 -5.800516e-01
1164556494.915405 -4.914320e-01
1164556494.915527 -4.236873e-01
1164556494.915649 -2.141812e-01
1164556494.915771 1.123330e-02
1164556494.915894 2.734200e-01
1164556494.916016 4.072808e-01
1164556494.916138 5.391870e-01
1164556494.916260 5.474531e-01
1164556494.916382 5.005686e-01
1164556494.916504 3.191421e-01
1164556494.916626 1.604635e-01
1164556494.916748 -2.735720e-02
1164556494.916870 -1.455206e-01
1164556494.916992 -2.906576e-01
1164556494.917114 -3.856751e-01
1164556494.917236 -5.033628e-01
1164556494.917358 -5.042469e-01
1164556494.917480 -4.445348e-01
1164556494.917603 -2.458757e-01
1164556494.917725 -6.805297e-02
1164556494.917847 1.475740e-01
1164556494.917969 3.145699e-01
1164556494.918091 4.431761e-01
1164556494.918213 4.686136e-01
1164556494.918335 5.089800e-01
1164556494.918457 4.408860e-01
1164556494.918579 3.278107e-01
1164556494.918701 1.020031e-01
1164556494.918823 -1.199318e-01
1164556494.918945 -3.832010e-01
1164556494.919067 -5.308182e-01
1164556494.919189 -5.820877e-01
1164556494.919312 -4.768880e-01
1164556494.919434 -3.559749e-01
1164556494.919556 -1.811893e-01
1164556494.919678 -5.699920e-02
1164556494.919800 1.282436e-01
1164556494.919922 2.931974e-01
1164556494.920044 4.736131e-01
1164556494.920166 5.372703e-01
1164556494.920288 5.199482e-01
1164556494.920410 3.585265e-01
1164556494.920532 1.780362e-01
1164556494.920654 -9.022319e-03
1164556494.920776 -1.461169e-01
1164556494.920898 -3.339470e-01
1164556494.921021 -4.560012e-01
1164556494.921143 -5.048301e-01
1164556494.921265 -4.362228e-01
1164556494.921387 -3.153460e-01
1164556494.921509 -9.522483e-02
1164556494.921631 8.144147e-02
1164556494.921753 2.096940e-01
1164556494.921875 2.683317e-01
1164556494.921997 2.988922e-01
1164556494.922119 2.762152e-01
1164556494.922241 3.106167e-01
1164556494.922363 2.661327e-01
1164556494.922485 1.900257e-01
1164556494.922607 8.277223e-02
1164556494.922729 1.053764e-02
1164556494.922852 -1.257069e-01
1164556494.922974 -2.510785e-01
1164556494.923096 -3.885613e-01
1164556494.923218 -4.398517e-01
1164556494.923340 -4.108423e-01
1164556494.923462 -2.633024e-01
1164556494.923584 -1.028590e-01
1164556494.923706 8.982989e-02
1164556494.923828 2.067505e-01
1164556494.923950 2.864704e-01
1164556494.924072 3.289015e-01
1164556494.924194 3.944945e-01
1164556494.924316 3.799170e-01
1164556494.924438 3.267340e-01
1164556494.924561 1.790821e-01
1164556494.924683 7.452345e-03
1164556494.924805 -2.073846e-01
1164556494.924927 -3.554508e-01
1164556494.925049 -4.602683e-01
1164556494.925171 -4.602438e-01
1164556494.925293 -4.267331e-01
1164556494.925415 -2.929792e-01
1164556494.925537 -9.222323e-02
1164556494.925659 9.266386e-02
1164556494.925781 2.148455e-01
1164556494.925903 3.752086e-01
1164556494.926025 4.486268e-01
1164556494.926147 4.701407e-01
1164556494.926270 3.902629e-01
1164556494.926392 2.421693e-01
1164556494.926514 4.156462e-02
1164556494.926636 -1.096265e-01
1164556494.926758 -2.386814e-01
1164556494.926880 -3.470674e-01
1164556494.927002 -4.314528e-01
1164556494.927124 -4.357472e-01
1164556494.927246 -3.768872e-01
1164556494.927368 -2.098311e-01
1164556494.927490 -3.516108e-02
1164556494.927612 1.308531e-01
1164556494.927734 2.520820e-01
1164556494.927856 3.788327e-01
1164556494.927979 4.136072e-01
1164556494.928101 3.883963e-01
1164556494.928223 2.928399e-01
1164556494.928345 1.627909e-01
1164556494.928467 -5.062481e-03
1164556494.928589 -1.207295e-01
1164556494.928711 -2.569231e-01
1164556494.928833 -3.331760e-01
1164556494.928955 -3.554288e-01
1164556494.929077 -2.625498e-01
1164556494.929199 -1.833456e-01
1164556494.929321 -1.447580e-01
1164556494.929443 -8.110529e-02
1164556494.929565 3.147826e-02
1164556494.929688 1.255562e-01
1164556494.929810 2.342307e-01
1164556494.929932 3.001166e-01
1164556494.930054 3.581056e-01
1164556494.930176 3.095235e-01
1164556494.930298 1.881605e-01
1164556494.930420 7.197486e-02
1164556494.930542 2.041001e-02
1164556494.930664 -7.301235e-02
1164556494.930786 -2.244931e-01
1164556494.930908 -3.714480e-01
1164556494.931030 -4.151523e-01
1164556494.931152 -3.890499e-01
1164556494.931274 -2.884962e-01
1164556494.931396 -1.340686e-01
1164556494.931519 7.122784e-02
1164556494.931641 2.426367e-01
1164556494.931763 3.943061e-01
1164556494.931885 4.205540e-01
1164556494.932007 3.523788e-01
1164556494.932129 2.331494e-01
1164556494.932251 1.314457e-01
1164556494.932373 5.808893e-02
1164556494.932495 -2.740578e-03
1164556494.932617 -1.274683e-01
1164556494.932739 -2.910848e-01
1164556494.932861 -4.268086e-01
1164556494.932983 -4.302221e-01
1164556494.933105 -3.225717e-01
1164556494.933228 -1.450511e-01
1164556494.933350 9.871239e-03
1164556494.933472 1.321633e-01
1164556494.933594 1.969771e-01
1164556494.933716 2.783768e-01
1164556494.933838 3.162535e-01
1164556494.933960 3.302190e-01
1164556494.934082 3.031317e-01
1164556494.934204 1.749531e-01
1164556494.934326 -7.115520e-03
1164556494.934448 -1.098623e-01
1164556494.934570 -1.926244e-01
1164556494.934692 -3.053306e-01
1164556494.934814 -3.917550e-01
1164556494.934937 -3.154703e-01
1164556494.935059 -1.696881e-01
1164556494.935181 -4.420584e-02
1164556494.935303 3.131290e-02
1164556494.935425 1.078714e-01
1164556494.935547 1.514702e-01
1164556494.935669 2.108666e-01
1164556494.935791 2.090526e-01
1164556494.935913 1.918669e-01
1164556494.936035 1.820148e-01
1164556494.936157 1.890321e-01
1164556494.936279 1.050096e-01
1164556494.936401 3.674666e-03
1164556494.936523 -1.074480e-01
1164556494.936646 -2.212012e-01
1164556494.936768 -3.359521e-01
1164556494.936890 -3.452503e-01
1164556494.937012 -2.848328e-01
1164556494.937134 -1.448428e-01
1164556494.937256 1.292755e-03
1164556494.937378 1.376456e-01
1164556494.937500 2.265019e-01
1164556494.937622 2.625933e-01
1164556494.937744 2.325590e-01
1164556494.937866 2.103068e-01
1164556494.937988 1.325026e-01
1164556494.938110 3.860781e-02
1164556494.938232 -2.066067e-02
1164556494.938354 -3.401553e-02
1164556494.938477 -5.509003e-02
1164556494.938599 -8.374043e-02
1164556494.938721 -1.812744e-01
1164556494.938843 -2.550866e-01
1164556494.938965 -2.521805e-01
1164556494.939087 -1.571833e-01
1164556494.939209 -3.977418e-02
1164556494.939331 6.100377e-02
1164556494.939453 1.231353e-01
1164556494.939575 1.881518e-01
1164556494.939697 1.920486e-01
1164556494.939819 1.483384e-01
1164556494.939941 9.866004e-02
1164556494.940063 1.052599e-01
1164556494.940186 8.623242e-02
1164556494.940308 6.911744e-02
1164556494.940430 2.903054e-02
1164556494.940552 -6.647874e-02
1164556494.940674 -1.657874e-01
1164556494.940796 -2.376772e-01
1164556494.940918 -2.944257e-01
1164556494.941040 -2.464033e-01
1164556494.941162 -1.337719e-01
1164556494.941284 -1.281884e-02
1164556494.941406 6.035141e-02
1164556494.941528 1.421763e-01
1164556494.941650 2.170034e-01
1164556494.941772 2.572005e-01
1164556494.941895 2.306114e-01
1164556494.942017 2.033858e-01
1164556494.942139 1.485458e-01
1164556494.942261 7.849190e-02
1164556494.942383 -2.119873e-02
1164556494.942505 -1.448265e-01
1164556494.942627 -2.870848e-01
1164556494.942749 -3.575235e-01
1164556494.942871 -3.194596e-01
1164556494.942993 -1.850601e-01
1164556494.943115 -8.290298e-02
1164556494.943237 3.269863e-02
1164556494.943359 1.167102e-01
1164556494.943481 1.637619e-01
1164556494.943604 1.984746e-01
1164556494.943726 2.647684e-01
1164556494.943848 2.833049e-01
1164556494.943970 2.400102e-01
1164556494.944092 1.575683e-01
1164556494.944214 1.785643e-02
1164556494.944336 -1.455053e-01
1164556494.944458 -2.553004e-01
1164556494.944580 -3.229878e-01
1164556494.944702 -3.349455e-01
1164556494.944824 -2.736199e-01
1164556494.944946 -1.305863e-01
1164556494.945068 -1.025670e-03
1164556494.945190 1.116698e-01
1164556494.945312 1.988098e-01
1164556494.945435 2.508080e-01
1164556494.945557 2.286653e-01
1164556494.945679 1.694519e-01
1164556494.945801 1.104122e-01
1164556494.945923 6.177087e-02
1164556494.946045 -4.923310e-03
1164556494.946167 -4.590794e-02
1164556494.946289 -8.241620e-02
1164556494.946411 -1.039111e-01
1164556494.946533 -1.188243e-01
1164556494.946655 -1.345659e-01
1164556494.946777 -1.621069e-01
1164556494.946899 -1.343993e-01
1164556494.947021 -7.855383e-02
1164556494.947144 -1.847775e-02
1164556494.947266 1.599131e-02
1164556494.947388 6.852200e-02
1164556494.947510 1.396078e-01
1164556494.947632 2.022170e-01
1164556494.947754 2.006447e-01
1164556494.947876 1.867619e-01
1164556494.947998 1.506203e-01
1164556494.948120 7.127987e-02
1164556494.948242 -3.724301e-02
1164556494.948364 -1.572319e-01
1164556494.948486 -2.584567e-01
1164556494.948608 -2.520592e-01
1164556494.948730 -1.975237e-01
1164556494.948853 -1.456261e-01
1164556494.948975 -7.176451e-02
1164556494.949097 2.888443e-02
1164556494.949219 9.880531e-02
1164556494.949341 1.358124e-01
1164556494.949463 1.440252e-01
1164556494.949585 1.693554e-01
1164556494.949707 1.580922e-01
1164556494.949829 1.223487e-01
1164556494.949951 6.676548e-02
1164556494.950073 2.686046e-02
1164556494.950195 -8.674149e-03
1164556494.950317 -4.153158e-02
1164556494.950439 -1.050515e-01
1164556494.950562 -1.832748e-01
1164556494.950684 -2.194403e-01
1164556494.950806 -1.886802e-01
1164556494.950928 -1.408601e-01
1164556494.951050 -8.238451e-02
1164556494.951172 -5.407402e-03
1164556494.951294 8.983778e-02
1164556494.951416 1.418038e-01
1164556494.951538 2.079752e-01
1164556494.951660 2.733037e-01
1164556494.951782 2.717206e-01
1164556494.951904 2.171298e-01
1164556494.952026 7.519473e-02
1164556494.952148 -1.282299e-01
1164556494.952271 -2.223890e-01
1164556494.952393 -2.373913e-01
1164556494.952515 -2.148180e-01
1164556494.952637 -2.061544e-01
1164556494.952759 -1.704147e-01
1164556494.952881 -1.030073e-01
1164556494.953003 -3.702936e-03
1164556494.953125 6.666402e-02
1164556494.953247 1.220772e-01
1164556494.953369 1.671526e-01
1164556494.953491 2.293607e-01
1164556494.953613 2.410207e-01
1164556494.953735 1.858359e-01
1164556494.953857 1.151423e-01
1164556494.953979 7.283058e-02
1164556494.954102 -4.460368e-02
1164556494.954224 -1.913267e-01
1164556494.954346 -2.941813e-01
1164556494.954468 -3.095464e-01
1164556494.954590 -2.646543e-01
1164556494.954712 -1.386375e-01
1164556494.954834 1.773948e-02
1164556494.954956 1.289779e-01
1164556494.955078 1.534207e-01
1164556494.955200 1.695905e-01
1164556494.955322 1.820635e-01
1164556494.955444 1.564508e-01
1164556494.955566 1.024780e-01
1164556494.955688 2.301452e-02
1164556494.955811 -3.464111e-02
1164556494.955933 -1.240155e-02
1164556494.956055 -2.795173e-02
1164556494.956177 -7.165312e-02
1164556494.956299 -1.064747e-01
1164556494.956421 -9.860858e-02
1164556494.956543 -7.265886e-02
1164556494.956665 -5.475936e-02
1164556494.956787 -7.857158e-02
1164556494.956909 -8.542577e-02
1164556494.957031 -5.913340e-02
1164556494.957153 -1.591894e-02
1164556494.957275 6.828539e-02
1164556494.957397 1.812028e-01
1164556494.957520 2.116062e-01
1164556494.957642 1.600851e-01
1164556494.957764 1.153611e-01
1164556494.957886 1.191086e-01
1164556494.958008 8.162992e-02
1164556494.958130 -4.493315e-02
1164556494.958252 -2.004243e-01
1164556494.958374 -2.644499e-01
1164556494.958496 -2.352463e-01
1164556494.958618 -1.896914e-01
1164556494.958740 -1.272826e-01
1164556494.958862 -3.493238e-02
1164556494.958984 5.483116e-02
1164556494.959106 1.517660e-01
1164556494.959229 2.057611e-01
1164556494.959351 2.219782e-01
1164556494.959473 1.817159e-01
1164556494.959595 1.145856e-01
1164556494.959717 2.404387e-02
1164556494.959839 -3.777173e-02
1164556494.959961 -6.296646e-02
1164556494.960083 -8.826482e-02
1164556494.960205 -1.222407e-01
1164556494.960327 -1.112702e-01
1164556494.960449 -7.646273e-02
1164556494.960571 -6.243242e-02
1164556494.960693 -8.916514e-02
1164556494.960815 -9.127551e-02
1164556494.960938 -5.700418e-02
1164556494.961060 1.011333e-02
1164556494.961182 1.029637e-01
1164556494.961304 1.906238e-01
1164556494.961426 1.737399e-01
1164556494.961548 1.131487e-01
1164556494.961670 8.756221e-02
1164556494.961792 8.369197e-02
1164556494.961914 3.590509e-02
1164556494.962036 -3.966127e-02
1164556494.962158 -8.101408e-02
1164556494.962280 -8.876598e-02
1164556494.962402 -1.247673e-01
1164556494.962524 -1.960547e-01
1164556494.962646 -2.276226e-01
1164556494.962769 -1.600602e-01
1164556494.962891 -6.692974e-02
1164556494.963013 3.386341e-02
1164556494.963135 1.420543e-01
1164556494.963257 2.407661e-01
1164556494.963379 2.614329e-01
1164556494.963501 2.296909e-01
1164556494.963623 1.803003e-01
1164556494.963745 8.588346e-02
1164556494.963867 -4.633241e-02
1164556494.963989 -1.381994e-01
1164556494.964111 -1.733822e-01
1164556494.964233 -1.743160e-01
1164556494.964355 -1.855728e-01
1164556494.964478 -1.836131e-01
1164556494.964600 -1.522473e-01
1164556494.964722 -6.548218e-02
1164556494.964844 1.888586e-02
1164556494.964966 7.642159e-02
1164556494.965088 1.294285e-01
1164556494.965210 1.891640e-01
1164556494.965332 2.236269e-01
1164556494.965454 2.334784e-01
1164556494.965576 1.858824e-01
1164556494.965698 7.684543e-02
1164556494.965820 -5.806227e-02
1164556494.965942 -1.356444e-01
1164556494.966064 -1.961374e-01
1164556494.966187 -2.343307e-01
1164556494.966309 -2.190306e-01
1164556494.966431 -1.699658e-01
1164556494.966553 -1.174266e-01
1164556494.966675 -3.048060e-02
1164556494.966797 5.001211e-02
1164556494.966919 1.472367e-01
1164556494.967041 2.270054e-01
1164556494.967163 2.459026e-01
1164556494.967285 1.822841e-01
1164556494.967407 8.915855e-02
1164556494.967529 1.485622e-02
1164556494.967651 -1.853348e-02
1164556494.967773 -4.579743e-02
1164556494.967896 -6.996970e-02
1164556494.968018 -1.064135e-01
1164556494.968140 -1.453872e-01
1164556494.968262 -1.807670e-01
1164556494.968384 -1.645979e-01
1164556494.968506 -9.961280e-02
1164556494.968628 -3.439606e-02
1164556494.968750 4.243665e-02
1164556494.968872 1.343636e-01
1164556494.968994 1.851386e-01
1164556494.969116 2.021310e-01
1164556494.969238 1.367594e-01
1164556494.969360 3.999064e-02
1164556494.969482 -1.235822e-02
1164556494.969604 7.425564e-04
1164556494.969727 2.956293e-02
1164556494.969849 3.772616e-02
1164556494.969971 -6.419971e-02
1164556494.970093 -1.956762e-01
1164556494.970215 -2.430612e-01
1164556494.970337 -1.673976e-01
1164556494.970459 -6.162636e-02
1164556494.970581 1.254668e-02
1164556494.970703 5.279099e-02
1164556494.970825 8.702300e-02
1164556494.970947 1.089700e-01
1164556494.971069 1.277199e-01
1164556494.971191 1.250433e-01
1164556494.971313 9.814698e-02
1164556494.971436 5.008941e-02
1164556494.971558 2.039756e-02
1164556494.971680 2.142509e-02
1164556494.971802 2.569447e-02
1164556494.971924 -3.945189e-02
1164556494.972046 -1.395347e-01
1164556494.972168 -2.099222e-01
1164556494.972290 -2.007736e-01
1164556494.972412 -1.543188e-01
1164556494.972534 -6.227519e-02
1164556494.972656 4.500858e-02
1164556494.972778 1.174360e-01
1164556494.972900 1.365010e-01
1164556494.973022 1.439797e-01
1164556494.973145 1.367458e-01
1164556494.973267 1.338466e-01
1164556494.973389 1.297910e-01
1164556494.973511 9.091016e-02
1164556494.973633 -8.027339e-03
1164556494.973755 -1.121706e-01
1164556494.973877 -1.841187e-01
1164556494.973999 -2.146221e-01
1164556494.974121 -2.062684e-01
1164556494.974243 -1.177572e-01
1164556494.974365 -8.005470e-03
1164556494.974487 5.951215e-02
1164556494.974609 8.958067e-02
1164556494.974731 8.842117e-02
1164556494.974854 9.468735e-02
1164556494.974976 8.074543e-02
1164556494.975098 5.881817e-02
1164556494.975220 8.098551e-02
1164556494.975342 1.060029e-01
1164556494.975464 6.559328e-02
1164556494.975586 -2.817568e-02
1164556494.975708 -9.728191e-02
1164556494.975830 -1.160097e-01
1164556494.975952 -9.770590e-02
1164556494.976074 -8.293505e-02
1164556494.976196 -7.763261e-02
1164556494.976318 -7.218731e-02
1164556494.976440 -5.804452e-02
1164556494.976562 -2.003545e-02
1164556494.976685 5.912373e-02
1164556494.976807 1.176436e-01
1164556494.976929 1.232866e-01
1164556494.977051 1.244693e-01
1164556494.977173 1.134016e-01
1164556494.977295 5.147494e-02
1164556494.977417 -1.849811e-03
1164556494.977539 -3.615353e-02
1164556494.977661 -7.320522e-02
1164556494.977783 -1.100059e-01
1164556494.977905 -1.011057e-01
1164556494.978027 -5.178939e-02
1164556494.978149 -6.923543e-03
1164556494.978271 1.324586e-02
1164556494.978394 -1.523159e-02
1164556494.978516 -4.315559e-02
1164556494.978638 -2.897810e-02
1164556494.978760 -1.061572e-02
1164556494.978882 2.804906e-02
1164556494.979004 6.519487e-02
1164556494.979126 8.145608e-02
1164556494.979248 1.066494e-01
1164556494.979370 1.384839e-01
1164556494.979492 1.035878e-01
1164556494.979614 2.140237e-02
1164556494.979736 -5.521806e-02
1164556494.979858 -1.220014e-01
1164556494.979980 -1.639538e-01
1164556494.980103 -1.578029e-01
1164556494.980225 -1.206040e-01
1164556494.980347 -4.178635e-02
1164556494.980469 2.538286e-02
1164556494.980591 4.037731e-02
1164556494.980713 5.929509e-02
1164556494.980835 8.787886e-02
1164556494.980957 9.601269e-02
1164556494.981079 9.167724e-02
1164556494.981201 8.275691e-02
1164556494.981323 4.894851e-02
1164556494.981445 4.357041e-03
1164556494.981567 -9.445960e-03
1164556494.981689 -2.163505e-02
1164556494.981812 -5.511884e-02
1164556494.981934 -9.977771e-02
1164556494.982056 -1.072859e-01
1164556494.982178 -7.625408e-02
1164556494.982300 -4.378655e-02
1164556494.982422 -2.061685e-02
1164556494.982544 -1.203199e-02
1164556494.982666 -4.119095e-03
1164556494.982788 2.322869e-02
1164556494.982910 6.611956e-02
1164556494.983032 1.206295e-01
1164556494.983154 1.140770e-01
1164556494.983276 8.015380e-02
1164556494.983398 4.226512e-02
1164556494.983521 2.530882e-02
1164556494.983643 9.100941e-03
1164556494.983765 -1.880583e-02
1164556494.983887 -6.600109e-02
1164556494.984009 -9.318782e-02
1164556494.984131 -1.087249e-01
1164556494.984253 -1.242965e-01
1164556494.984375 -1.297510e-01
1164556494.984497 -8.525414e-02
1164556494.984619 -2.005092e-02
1164556494.984741 3.641409e-02
1164556494.984863 9.481400e-02
1164556494.984985 1.413989e-01
1164556494.985107 1.693531e-01
1164556494.985229 1.759316e-01
1164556494.985352 1.600020e-01
1164556494.985474 1.148346e-01
1164556494.985596 3.761562e-02
1164556494.985718 -6.968220e-02
1164556494.985840 -1.982775e-01
1164556494.985962 -2.857576e-01
1164556494.986084 -2.936288e-01
1164556494.986206 -2.087096e-01
1164556494.986328 -7.631653e-02
1164556494.986450 5.574272e-02
1164556494.986572 1.265861e-01
1164556494.986694 1.423580e-01
1164556494.986816 1.714310e-01
1164556494.986938 2.190880e-01
1164556494.987061 2.151935e-01
1164556494.987183 1.444132e-01
1164556494.987305 4.959383e-02
1164556494.987427 -5.347420e-02
1164556494.987549 -1.240324e-01
1164556494.987671 -1.790522e-01
1164556494.987793 -2.098176e-01
1164556494.987915 -1.914749e-01
1164556494.988037 -1.406330e-01
1164556494.988159 -8.798778e-02
1164556494.988281 -2.108354e-02
1164556494.988403 7.597142e-02
1164556494.988525 1.484027e-01
1164556494.988647 1.536461e-01
1164556494.988770 1.492841e-01
1164556494.988892 1.480133e-01
1164556494.989014 1.102417e-01
1164556494.989136 6.288187e-02
1164556494.989258 6.726660e-03
1164556494.989380 -5.265609e-02
1164556494.989502 -1.036914e-01
1164556494.989624 -1.315408e-01
1164556494.989746 -1.457638e-01
1164556494.989868 -1.630214e-01
1164556494.989990 -1.253562e-01
1164556494.990112 -1.763427e-02
1164556494.990234 3.920853e-02
1164556494.990356 7.004900e-02
1164556494.990479 1.091778e-01
1164556494.990601 1.230319e-01
1164556494.990723 9.639219e-02
1164556494.990845 5.164147e-02
1164556494.990967 4.236294e-02
1164556494.991089 3.294202e-02
1164556494.991211 -8.301555e-03
1164556494.991333 -2.003408e-02
1164556494.991455 -2.208689e-02
1164556494.991577 -4.132877e-02
1164556494.991699 -4.784734e-02
1164556494.991821 -7.896951e-02
1164556494.991943 -1.107908e-01
1164556494.992065 -7.029584e-02
1164556494.992188 -2.910418e-02
1164556494.992310 -1.899375e-02
1164556494.992432 1.638558e-02
1164556494.992554 5.249991e-02
1164556494.992676 6.143532e-02
1164556494.992798 7.049344e-02
1164556494.992920 7.972348e-02
1164556494.993042 8.115685e-02
1164556494.993164 9.599789e-02
1164556494.993286 9.226414e-02
1164556494.993408 4.089051e-02
1164556494.993530 -4.735230e-02
1164556494.993652 -1.306748e-01
1164556494.993774 -1.447353e-01
1164556494.993896 -1.142450e-01
1164556494.994019 -9.925830e-02
1164556494.994141 -9.611793e-02
1164556494.994263 -6.031136e-02
1164556494.994385 -2.305905e-02
1164556494.994507 -1.241596e-03
1164556494.994629 7.210885e-02
1164556494.994751 1.681945e-01
1164556494.994873 2.161652e-01
1164556494.994995 2.086748e-01
1164556494.995117 1.453856e-01
1164556494.995239 6.895594e-02
1164556494.995361 -9.631218e-03
1164556494.995483 -1.096220e-01
1164556494.995605 -2.057616e-01
1164556494.995728 -2.547284e-01
1164556494.995850 -2.379594e-01
1164556494.995972 -1.662494e-01
1164556494.996094 -5.583525e-02
1164556494.996216 5.351515e-02
1164556494.996338 1.249665e-01
1164556494.996460 1.695255e-01
1164556494.996582 1.667641e-01
1164556494.996704 1.412901e-01
1164556494.996826 1.119472e-01
1164556494.996948 8.438701e-02
1164556494.997070 6.190290e-02
1164556494.997192 6.765304e-03
1164556494.997314 -7.959612e-02
1164556494.997437 -1.386544e-01
1164556494.997559 -1.494220e-01
1164556494.997681 -1.124893e-01
1164556494.997803 -7.994877e-02
1164556494.997925 -8.034870e-02
1164556494.998047 -8.424001e-02
1164556494.998169 -5.201331e-02
1164556494.998291 -1.483531e-02
1164556494.998413 4.015602e-02
1164556494.998535 1.343997e-01
1164556494.998657 2.181331e-01
1164556494.998779 2.520572e-01
1164556494.998901 2.125292e-01
1164556494.999023 1.052308e-01
1164556494.999146 -1.679895e-02
1164556494.999268 -1.042410e-01
1164556494.999390 -1.958078e-01
1164556494.999512 -2.601501e-01
1164556494.999634 -2.451329e-01
1164556494.999756 -1.855322e-01
1164556494.999878 -1.002109e-01
1164556495.000000 7.150213e-03
1164556495.000122 1.261164e-01
1164556495.000244 2.083535e-01
1164556495.000366 1.923253e-01
1164556495.000488 1.516822e-01
1164556495.000610 1.258765e-01
1164556495.000732 8.506001e-02
1164556495.000854 3.224059e-02
1164556495.000977 -3.295468e-02
1164556495.001099 -8.228991e-02
1164556495.001221 -1.228237e-01
1164556495.001343 -1.691266e-01
1164556495.001465 -1.650603e-01
1164556495.001587 -8.764624e-02
1164556495.001709 1.241001e-02
1164556495.001831 4.349661e-02
1164556495.001953 2.780726e-02
1164556495.002075 1.877388e-02
1164556495.002197 2.972249e-02
1164556495.002319 7.006517e-02
1164556495.002441 1.063906e-01
1164556495.002563 1.092285e-01
1164556495.002686 8.083237e-02
1164556495.002808 2.324716e-02
1164556495.002930 -4.344123e-02
1164556495.003052 -6.460245e-02
1164556495.003174 -4.959979e-02
1164556495.003296 -5.847972e-02
1164556495.003418 -7.753254e-02
1164556495.003540 -6.102385e-02
1164556495.003662 -1.932785e-02
1164556495.003784 -2.385809e-04
1164556495.003906 -3.808886e-03
1164556495.004028 1.623135e-03
1164556495.004150 -4.296359e-04
1164556495.004272 6.317232e-03
1164556495.004395 3.280772e-02
1164556495.004517 6.173600e-02
1164556495.004639 9.134967e-02
1164556495.004761 1.083180e-01
1164556495.004883 6.764281e-02
1164556495.005005 -1.354703e-02
1164556495.005127 -6.841287e-02
1164556495.005249 -8.285247e-02
1164556495.005371 -8.264500e-02
1164556495.005493 -5.347186e-02
1164556495.005615 -2.190897e-02
1164556495.005737 -4.142940e-03
1164556495.005859 -5.980587e-03
1164556495.005981 -1.104174e-02
1164556495.006104 -1.937395e-02
1164556495.006226 -1.858826e-02
1164556495.006348 -1.940740e-03
1164556495.006470 3.365964e-02
1164556495.006592 7.385211e-02
1164556495.006714 8.304714e-02
1164556495.006836 8.547749e-02
1164556495.006958 8.287692e-02
1164556495.007080 3.948813e-02
1164556495.007202 -1.598267e-02
1164556495.007324 -6.497916e-02
1164556495.007446 -1.026051e-01
1164556495.007568 -1.143013e-01
1164556495.007690 -8.346548e-02
1164556495.007812 -3.249282e-02
1164556495.007935 -5.339396e-05
1164556495.008057 -2.127343e-02
1164556495.008179 -5.778488e-02
1164556495.008301 -2.323188e-02
1164556495.008423 7.504746e-02
1164556495.008545 1.443675e-01
1164556495.008667 1.368497e-01
1164556495.008789 1.049477e-01
1164556495.008911 7.143829e-02
1164556495.009033 4.657133e-02
1164556495.009155 6.382499e-03
1164556495.009277 -5.764998e-02
1164556495.009399 -1.219540e-01
1164556495.009521 -1.637402e-01
1164556495.009644 -1.568854e-01
1164556495.009766 -1.155946e-01
1164556495.009888 -7.371901e-02
1164556495.010010 -1.438498e-02
1164556495.010132 6.139732e-02
1164556495.010254 1.397539e-01
1164556495.010376 1.758521e-01
1164556495.010498 1.610010e-01
1164556495.010620 9.147582e-02
1164556495.010742 1.287552e-02
1164556495.010864 -1.022473e-02
1164556495.010986 -2.151787e-02
1164556495.011108 -4.624098e-02
1164556495.011230 -7.203745e-02
1164556495.011353 -9.639556e-02
1164556495.011475 -1.034981e-01
1164556495.011597 -7.512232e-02
1164556495.011719 -2.395210e-02
1164556495.011841 1.034759e-03
1164556495.011963 4.183054e-03
1164556495.012085 1.226367e-02
1164556495.012207 3.468443e-02
1164556495.012329 4.650493e-02
1164556495.012451 5.667752e-02
1164556495.012573 7.488590e-02
1164556495.012695 7.640863e-02
1164556495.012817 3.976294e-02
1164556495.012939 -1.941758e-02
